   100045  40.492041 -124.337996    19.031       -7.6        8.6       11.5     22.1     21.4     25.4 2021  8 26 18 32 24.440  0.00  11
   100046  40.491907 -124.337826    19.008        6.9       -6.3      -11.6     22.1     20.6     25.1 2021  8 26 19 24  2.720  0.00  11
   100064  40.491382 -124.334285    18.726      307.0      -64.6     -293.8     87.3     91.4     96.6 2021 12 20 21 52  7.440  0.00  11
   100066  40.491968 -124.337874    19.016        2.8        0.5       -3.5     24.2     20.5     26.5 2021 12 21 21 30 51.420  0.00  11
   100067  40.492008 -124.337826    19.017        6.9        5.0       -2.8     24.5     20.6     26.2 2021 12 21 12 55 53.380  0.00  11
   100068  40.492029 -124.337874    19.017        2.8        7.2       -2.5     25.1     22.0     24.1 2021 12 21 12 45 57.660  0.00  11
   100069  40.491919 -124.337882    19.010        2.1       -5.0      -10.0     23.7     20.4     25.2 2021 12 21 12 37 28.080  0.00  11
   100070  40.492000 -124.337817    19.016        7.6        4.1       -4.5     24.2     21.3     26.1 2021 12 21 13 17 10.920  0.00  11
   100072  40.492025 -124.338086    19.029      -15.2        6.8        9.1     27.3     21.0     23.0 2021 12 21 12 47 57.820  0.00  11
   100086  40.492041 -124.337956    19.027       -4.1        8.6        7.5     23.5     19.0     24.1 2021 12 22  5 15 45.380  0.00  11
   100092  40.491923 -124.337931    19.016       -2.1       -4.5       -3.8     24.5     20.7     26.8 2021 12 23 12 18 27.560  0.00  11
   100099  40.491968 -124.337834    19.012        6.2        0.5       -7.9     23.9     19.8     24.6 2021 12 26 10 40 33.820  0.00  11
   100101  40.492114 -124.337931    19.036       -2.1       16.7       16.5     24.2     22.6     27.3 2021 12 28 20 37  0.280  0.00  11
   100106  40.492000 -124.338037    19.024      -11.0        4.1        4.0     26.1     20.7     23.5 2021 12 31 19 14 39.200  0.00  11
   100107  40.491964 -124.338029    19.023      -10.3        0.0        2.7     25.5     21.8     23.6 2021 12 31 19 57 44.880  0.00  11
   100108  40.492049 -124.337866    19.023        3.4        9.5        3.5     25.2     22.2     24.0 2021 12 31 15  4  0.320  0.00  11
   100110  40.491886 -124.337972    19.009       -5.5       -8.6      -10.9     24.5     21.3     26.7 2021 12 31 20 59 57.000  0.00  11
   100114  40.492082 -124.337817    19.024        7.6       13.1        3.5     27.1     24.0     23.3 2021 12 31 23 29 55.280  0.00  11
   100115  40.491968 -124.338029    19.019      -10.3        0.5       -0.8     27.3     26.4     34.5 2021 12 31 21  9 58.240  0.00  11
   100116  40.491972 -124.338029    19.019      -10.3        0.9       -0.8     27.3     26.2     34.4 2021 12 31 21 35 51.300  0.00  11
   100117  40.492192 -124.337866    19.036        3.4       25.3       16.5     30.7     28.7     24.1 2021 12 31 20 55  7.260  0.00  11
   100120  40.492033 -124.338021    19.024       -9.7        7.7        3.9     25.9     26.1     35.0 2021 12 31 21 53 53.900  0.00  11
   100121  40.491956 -124.338127    19.025      -18.6       -0.9        4.6     30.2     26.7     26.7 2021 12 31 22 47 38.720  0.00  11
   100123  40.492163 -124.337850    19.036        4.8       22.1       15.5     29.5     27.1     25.1 2021 12 31 21 19 47.040  0.00  11
   100124  40.492167 -124.337744    19.033       13.8       22.6       13.4     33.5     31.2     28.9 2021 12 31 22 39 32.540  0.00  11
   100127  40.491992 -124.337939    19.017       -2.8        3.2       -2.6     23.5     19.8     25.1 2021 12 31 21 23 57.420  0.00  11
   100128  40.491960 -124.338094    19.020      -15.9       -0.5        0.4     27.5     27.9     36.6 2021 12 31 23 19 30.920  0.00  11
   100129  40.491964 -124.338086    19.020      -15.2        0.0        0.4     27.6     28.1     36.6 2021 12 31 21 37 52.420  0.00  11
   100134  40.492163 -124.337663    19.029       20.7       22.1        8.6     34.1     29.4     26.7 2021 12 31 21 16 16.260  0.00  11
   100143  40.492192 -124.337817    19.035        7.6       25.3       14.9     30.7     28.2     23.8 2021 12 31 20 59 17.960  0.00  11
   100148  40.492029 -124.337809    19.021        8.3        7.2        1.1     21.6     18.7     26.6 2021 12 31 21  8 19.840  0.00  11
   100178  40.492513 -124.337834    19.056        6.2       61.0       35.5     50.2     49.2     52.5 2021 12 31 21  3 45.720  0.00  11
   100182  40.492122 -124.337785    19.028       10.3       17.6        8.5     29.1     27.2     24.4 2022  1  1 11  0 43.600  0.00  11
   100185  40.491821 -124.337939    19.003       -2.8      -15.8      -17.2     30.3     24.6     24.1 2022  1  1 18 22 21.660  0.00  11
   100190  40.492183 -124.337752    19.028       13.1       24.4        7.7     31.5     30.1     25.0 2022  1  1  0 10 48.480  0.00  11
   100192  40.491956 -124.337956    19.015       -4.1       -0.9       -5.2     23.7     20.4     29.1 2022  1  1  0 27 55.780  0.00  11
   100204  40.492025 -124.337622    19.011       24.1        6.8       -8.8     33.8     32.7     34.3 2022  1  1 16 47 26.520  0.00  11
   100206  40.492159 -124.337809    19.034        8.3       21.7       13.8     31.7     29.9     28.5 2022  1  1 16 43 47.340  0.00  11
   100207  40.492163 -124.337801    19.034        9.0       22.1       14.3     32.8     30.7     29.1 2022  1  1  8 28  6.960  0.00  11
   100217  40.492163 -124.337817    19.035        7.6       22.1       14.8     32.5     29.5     28.2 2022  1  1  6 41  0.200  0.00  11
   100224  40.492216 -124.337834    19.027        6.2       28.0        6.5     40.0     35.3     44.4 2022  1  1 15  9 42.160  0.00  11
   100253  40.492004 -124.338078    19.029      -14.5        4.5        9.3     26.2     20.9     23.2 2022  1  2  2 34 13.020  0.00  11
   100259  40.492220 -124.337752    19.030       13.1       28.5       10.1     32.5     31.3     25.8 2022  1  2  3  0 10.440  0.00  11
   100304  40.491911 -124.337882    19.013        2.1       -5.9       -7.3     26.3     21.4     27.3 2022  1  6 12  5 41.240  0.00  11
   100308  40.492126 -124.337752    19.028       13.1       18.1        8.2     28.8     26.1     24.4 2022  1  6 20 13 30.520  0.00  11
   100314  40.492143 -124.337573    19.014       28.3       19.9       -6.0     38.2     35.6     27.3 2022  1  6  8 13  8.760  0.00  11
   100328  40.491821 -124.337655    19.000       21.4      -15.8      -20.5     25.8     26.6     30.4 2022  1  7  1 20 21.340  0.00  11
   100337  40.492098 -124.337801    19.029        9.0       14.9        9.2     29.6     27.1     28.4 2022  1  9 19 50 37.000  0.00  11
   100342  40.489506 -124.336401    18.902      127.6     -272.9     -117.6     64.5     82.3    103.0 2022  1  9 22  8 42.720  0.00  11
   100344  40.492188 -124.337646    19.023       22.1       24.9        3.4     34.6     31.6     28.0 2022  1 10  3 24 18.400  0.00  11
   100347  40.492049 -124.338062    19.035      -13.1        9.5       15.1     25.4     19.7     23.7 2022  1 11 16 49 23.060  0.00  11
   100350  40.492155 -124.337752    19.028       13.1       21.2        7.8     29.5     27.6     23.8 2022  1 13  3 20 48.560  0.00  11
   100353  40.492053 -124.337728    19.017       15.2        9.9       -3.0     30.2     28.4     26.6 2022  1 14  7 11 12.220  0.00  11
   100357  40.491911 -124.338151    19.020      -20.7       -5.9        0.1     31.7     28.5     28.3 2022  1 15  8 56 29.000  0.00  11
   100367  40.491813 -124.337988    19.006       -6.9      -16.7      -13.7     30.1     28.2     23.0 2022  1 18  3 51 51.180  0.00  11
   100375  40.491939 -124.337964    19.019       -4.8       -2.7       -0.6     27.3     20.1     26.4 2022  1 20  2 30 19.360  0.00  11
   100385  40.491862 -124.337907    19.007        0.0      -11.3      -12.8     27.5     22.2     26.5 2022  1 22  7 52  7.580  0.00  11
   100396  40.491943 -124.337826    19.015        6.9       -2.3       -4.6     24.7     23.0     31.0 2022  1 26  5 31  8.980  0.00  11
   100410  40.491862 -124.337964    19.009       -4.8      -11.3      -11.2     29.0     23.0     26.5 2022  1 28 14 42  3.420  0.00  11
   100411  40.492244 -124.337834    19.027        6.2       31.2        7.2     42.7     36.5     45.9 2022  1 28 15 13 34.140  0.00  11
   100413  40.491874 -124.338013    19.002       -9.0       -9.9      -18.1     29.9     28.2     42.5 2022  1 28 23 37 47.680  0.00  11
   100418  40.491874 -124.338053    19.018      -12.4       -9.9       -1.8     27.6     27.4     23.4 2022  1 30 14  9  6.460  0.00  11
   100424  40.491724 -124.338118    19.006      -17.9      -26.7      -14.1     42.9     34.4     26.9 2022  1 31  3 44  9.420  0.00  11
   100444  40.492025 -124.337712    19.014       16.6        6.8       -6.0     28.1     26.2     28.7 2022  2 12 11 58 56.260  0.00  11
   100446  40.491915 -124.338175    19.024      -22.8       -5.4        4.0     32.3     31.5     29.1 2022  2 13  7 26 59.800  0.00  11
   100462  40.492021 -124.337703    19.013       17.2        6.3       -7.1     28.4     27.1     29.2 2022  2 23  8 39 44.380  0.00  11
   100464  40.491960 -124.337907    19.020        0.0       -0.5        0.1     22.5     20.3     28.1 2022  2 24 10 51 31.540  0.00  11
   100470  40.491931 -124.338070    19.026      -13.8       -3.6        6.3     28.2     24.5     26.7 2022  3  1  0  4 49.940  0.00  11
   100477  40.492049 -124.337996    19.029       -7.6        9.5        9.1     24.3     18.6     23.3 2022  3 15 19 13 55.500  0.00  11
   100483  40.491939 -124.337948    19.012       -3.4       -2.7       -8.3     31.1     24.0     31.2 2022  3 23 22 33 50.700  0.00  11
   100492  40.492025 -124.337703    19.014       17.2        6.8       -5.9     28.8     26.6     29.0 2022  4  8 18 15 50.020  0.00  11
   100505  40.492021 -124.337817    19.022        7.6        6.3        1.9     27.0     24.8     32.1 2022  5 29  1 15 33.020  0.00  11
   100517  40.492314 -124.337622    19.033       24.1       38.9       12.8     42.9     38.7     36.5 2022  8 22 11 28 24.380  0.00  11
   100521  40.491931 -124.338021    19.021       -9.7       -3.6        1.2     27.1     23.6     24.6 2022 10  9  0 31 56.300  0.00  11
   110287  40.491984 -124.337923    19.020       -1.4        2.3       -0.3     23.3     20.3     23.0 2022 12 19 13 16 26.360  0.85  11
