   101493  40.325822 -124.367253    18.817      -65.0       14.5       27.0    283.2    412.1    281.2 2020  2 11  9 19 30.880  0.00  64
   101495  40.325814 -124.366699    18.764      -18.0       13.6      -25.7    314.2    421.9    291.2 2020  5  8 14 19  3.300  0.00  64
   101497  40.325602 -124.366431    18.783        4.8       -9.9       -7.1    216.8    314.5    234.3 2020  8 31 23 45 31.400  0.00  64
   101498  40.326506 -124.366960    18.818      -40.1       90.4       28.3    237.1    332.3    258.4 2020 10  2 17  4  0.640  0.00  64
   101499  40.325614 -124.366707    18.803      -18.7       -8.6       12.7    157.2    235.7    205.2 2021  1 10 20 29 48.820  0.00  64
   101502  40.325903 -124.366903    18.810      -35.3       23.5       20.2    200.3    297.0    210.6 2021  7  7  8 30 52.060  0.00  64
   101505  40.325924 -124.366829    18.802      -29.0       25.8       11.8    187.6    238.9    208.6 2021  9 16  6 39 23.680  0.00  64
   101507  40.326298 -124.367171    18.810      -58.1       67.3       19.9    263.9    322.1    283.1 2021 10  5  5  0 45.320  0.00  64
   101545  40.325671 -124.366659    18.795      -14.5       -2.3        5.2    187.7    231.5    183.2 2022  4 17 22 59 31.240  0.00  64
   101547  40.329814 -124.367407    18.803      -78.2      457.7       13.3    246.2    977.4    250.8 2022  5 16 11 54 22.560  0.00  64
   101549  40.326131 -124.366764    18.809      -23.5       48.8       19.2    215.2    304.8    186.1 2022  6 20  5 49 12.560  0.00  64
   101556  40.327389 -124.367163    18.812      -57.4      188.4       21.9    195.2    525.5    205.4 2022  9  1 16 52 14.460  0.00  64
   101559  40.324504 -124.365959    18.768       45.0     -131.9      -21.7    389.8    582.4    366.7 2022  9 17 21 37 56.320  0.00  64
   101560  40.324780 -124.366064    18.772       36.0     -101.2      -17.6    377.9    550.3    364.5 2022  9 17 20 44 21.300  0.00  64
   101563  40.326392 -124.366797    18.800      -26.3       77.7        9.6    205.7    338.8    231.9 2022  9 23  1  2 28.580  0.00  64
   110297  40.325537 -124.366235    18.782       21.4      -17.2       -7.5    179.9    242.9    194.3 2023  1  2 14 24 18.160  1.18  64
