   102177  40.297648 -124.478662    26.855     1292.6     1166.2     5736.5      6.6     20.4      5.2 2020  4  1 11 46 58.040  0.00   2
   102179  40.285201 -124.491886    25.467      168.2     -216.0     4347.7      4.0      9.1      5.6 2022  4 28 10 58 15.600  0.00   2
   102611  40.294108 -124.551831    23.205    -4929.0      773.1     2086.5      1.2      2.0      2.5 2020  1 28  5 11 32.240  0.00   2
   102614  40.294051 -124.551904    23.217    -4935.2      766.7     2098.6      1.4      2.1      2.6 2020  2 19  4 37 44.400  0.00   2
   102615  40.294128 -124.552059    23.134    -4948.4      775.3     2015.5      1.1      2.4      1.6 2020  3  2 21 56 10.200  0.00   2
   102616  40.294080 -124.551831    23.149    -4929.0      769.9     2029.9      0.9      2.0      1.5 2020  3 12 13 19 53.560  0.00   2
   102617  40.284334 -124.553524    23.072    -5073.3     -312.2     1953.5      1.7      6.0      2.8 2020  3 19  2  9 47.580  0.00   2
   102618  40.294092 -124.551896    23.143    -4934.5      771.3     2024.4      1.0      2.2      1.4 2020  3 24  8  3 36.860  0.00   2
   102619  40.295508 -124.551579    23.147    -4907.5      928.5     2027.7      1.5      2.3      1.9 2020  5  3 14  1 39.440  0.00   2
   102620  40.294023 -124.552132    23.141    -4954.6      763.6     2022.2      1.0      1.9      1.2 2020  5  8  2 59 28.200  0.00   2
   102621  40.293921 -124.551888    23.152    -4933.8      752.3     2032.7      1.0      2.2      1.6 2020  5 20  5 59 56.040  0.00   2
   102622  40.293998 -124.551953    23.141    -4939.4      760.9     2022.3      1.4      2.3      1.8 2020  5 25 11 34 11.100  0.00   2
   102623  40.293774 -124.551807    23.159    -4926.9      736.0     2040.6      0.9      2.2      1.5 2020  6 17  9 38  2.760  0.00   2
   102626  40.293848 -124.551929    23.145    -4937.3      744.2     2026.0      1.1      2.3      2.0 2020  7 30 14 15 55.420  0.00   2
   102627  40.294250 -124.551286    23.134    -4882.6      788.9     2015.4      1.2      1.7      1.4 2020  8  6  9 43  0.900  0.00   2
   102628  40.293791 -124.551839    23.151    -4929.7      737.8     2032.0      0.9      2.2      1.7 2020  8 12  9 16 12.860  0.00   2
   102629  40.293758 -124.551799    23.182    -4926.2      734.2     2063.4      1.8      3.4      2.3 2020  8 30 19 11 39.340  0.00   2
   102630  40.294071 -124.551400    23.142    -4892.3      769.0     2023.2      1.2      2.0      1.2 2020  9  4 12  2 45.620  0.00   2
   102631  40.294344 -124.552010    23.126    -4944.2      799.3     2006.8      1.5      2.9      2.1 2020  9 14  2 37 30.160  0.00   2
   102632  40.294328 -124.552100    23.123    -4951.8      797.5     2004.2      1.0      2.9      1.6 2020 10 22  1 28 26.760  0.00   2
   102633  40.293925 -124.551912    23.150    -4935.9      752.7     2030.9      1.1      2.5      1.6 2020 10 29  4 23 31.560  0.00   2
   102636  40.293880 -124.552010    23.142    -4944.2      747.8     2022.6      1.0      2.4      1.7 2020 11 12  0 59 20.320  0.00   2
   102637  40.294185 -124.551725    23.140    -4920.0      781.7     2020.8      0.9      2.0      1.6 2020 11 22  4 28 11.800  0.00   2
   102638  40.293921 -124.551774    23.185    -4924.2      752.3     2066.5      1.4      2.3      2.5 2020 11 24  4 43  2.220  0.00   2
   102640  40.290324 -124.552010    23.357    -4944.4      352.9     2237.8      1.3      2.2      1.6 2020 12 20 20 43  7.720  0.00   2
   102643  40.293742 -124.552043    23.159    -4947.0      732.4     2040.5      1.0      1.7      1.3 2021  4  2  8 21 40.740  0.00   2
   102644  40.293827 -124.551872    23.154    -4932.5      741.9     2034.8      0.9      2.0      1.3 2021  4  2 10  4 11.960  0.00   2
   102645  40.293156 -124.552824    23.167    -5013.4      667.3     2048.6      1.7      2.7      1.7 2021  4  2  8 33 31.360  0.00   2
   102646  40.293791 -124.552051    23.140    -4947.7      737.8     2021.0      1.3      2.5      2.0 2021  4  3  8 46 31.580  0.00   2
   102648  40.294458 -124.551864    23.126    -4931.7      811.9     2007.4      1.0      2.7      1.8 2021  4  4 22 47 31.720  0.00   2
   102649  40.293958 -124.551855    23.145    -4931.1      756.4     2026.2      0.8      1.9      1.3 2021  4  6 18 44  3.960  0.00   2
   102650  40.293896 -124.551872    23.145    -4932.5      749.6     2026.4      0.7      2.0      1.4 2021  4 16  7 34 37.420  0.00   2
   102652  40.293929 -124.551676    23.171    -4915.8      753.2     2051.8      1.5      3.3      2.1 2021  4 24 10 54 59.700  0.00   2
   102653  40.293416 -124.552816    23.152    -5012.7      696.3     2032.7      1.7      3.1      2.0 2021  5 11 10 53 45.640  0.00   2
   102654  40.293982 -124.551750    23.149    -4922.1      759.1     2030.3      0.9      1.8      1.2 2021  5 18  7  9  4.920  0.00   2
   102655  40.293937 -124.552547    23.128    -4989.9      754.1     2009.1      1.6      2.5      1.9 2021  6  5 23 47 43.440  0.00   2
   102656  40.293905 -124.552254    23.133    -4965.0      750.5     2014.3      1.2      1.9      1.8 2021  7 10 10 32  6.000  0.00   2
   102657  40.294055 -124.551652    23.135    -4913.8      767.2     2016.3      0.8      1.9      1.6 2021  7 10 10 35 55.320  0.00   2
   102658  40.294010 -124.551823    23.144    -4928.3      762.2     2025.5      0.8      1.6      1.2 2021  7 10 10 44 51.580  0.00   2
   102659  40.294511 -124.552010    23.115    -4944.2      817.8     1996.3      1.0      2.6      1.8 2021  7 10 11 32 17.980  0.00   2
   102660  40.294771 -124.552026    23.105    -4945.6      846.7     1986.5      1.3      3.3      2.3 2021  7 10 12 22  8.220  0.00   2
   102661  40.293998 -124.551904    23.143    -4935.2      760.9     2024.0      1.0      1.7      1.1 2021  7 11  0 11 56.640  0.00   2
   102662  40.293673 -124.551831    23.159    -4929.0      724.7     2040.4      1.3      2.9      1.7 2021  8 14  7 32 23.840  0.00   2
   102663  40.293913 -124.552214    23.141    -4961.5      751.4     2022.1      1.0      1.7      1.1 2021  8 17  5  4 32.220  0.00   2
   102664  40.293750 -124.552604    23.141    -4994.7      733.3     2022.5      1.1      2.6      1.7 2021 10 17 20 33  5.600  0.00   2
   102665  40.294100 -124.551489    23.138    -4899.9      772.2     2018.9      1.1      1.7      1.3 2021 11  4  7 34 53.420  0.00   2
   102666  40.294161 -124.551245    23.138    -4879.2      778.9     2019.5      1.3      1.9      1.5 2021 11 17  7 26 36.100  0.00   2
   102667  40.294039 -124.551579    23.140    -4907.5      765.4     2021.6      1.1      1.9      1.5 2021 12  3 14  3  8.220  0.00   2
   102669  40.294035 -124.551497    23.146    -4900.6      764.9     2026.7      1.2      1.7      1.0 2021 12 20 23 12 47.680  0.00   2
   102670  40.293884 -124.552018    23.149    -4944.9      748.2     2030.0      1.0      2.1      1.4 2021 12 21 19 14 52.560  0.00   2
   102671  40.293848 -124.551961    23.144    -4940.1      744.2     2025.3      0.9      2.3      1.3 2021 12 21  0  6 44.760  0.00   2
   102673  40.293994 -124.551758    23.150    -4922.8      760.4     2030.7      0.8      1.8      1.2 2021 12 26  0 58 31.020  0.00   2
   102674  40.294438 -124.552555    23.121    -4990.6      809.7     2002.0      1.4      1.9      2.4 2021 12 27 21 23 56.940  0.00   2
   102675  40.293949 -124.552051    23.143    -4947.7      755.5     2023.8      1.0      2.1      1.3 2021 12 28 23 42 32.980  0.00   2
   102677  40.294047 -124.552165    23.131    -4957.4      766.3     2012.3      1.2      2.6      1.8 2021 12 30 21 50 15.320  0.00   2
   102678  40.294010 -124.551774    23.148    -4924.2      762.2     2029.0      1.0      2.2      1.2 2021 12 31 23 44 46.660  0.00   2
   102679  40.293986 -124.551864    23.148    -4931.8      759.5     2028.7      1.1      2.0      1.2 2022  1  6 21 51 26.240  0.00   2
   102684  40.293445 -124.552482    23.128    -4984.4      699.4     2008.6      1.8      3.4      2.5 2022  2 12 18 43 42.940  0.00   2
   102685  40.293896 -124.551872    23.152    -4932.5      749.6     2033.1      0.9      2.0      1.8 2022  3  2 23 19 59.800  0.00   2
   102686  40.293677 -124.551855    23.168    -4931.1      725.2     2049.1      1.2      3.8      2.6 2022  3  2 16  8  3.180  0.00   2
   102687  40.294132 -124.551766    23.144    -4923.5      775.8     2025.6      1.1      2.4      1.6 2022  3  9 13 42 16.640  0.00   2
   102691  40.294039 -124.551937    23.133    -4938.0      765.4     2014.3      1.1      2.4      1.5 2022  5 18 18  7 36.080  0.00   2
   102692  40.293982 -124.552067    23.124    -4949.1      759.1     2005.6      1.1      2.8      2.0 2022  5 21 20  6 56.040  0.00   2
   102693  40.293982 -124.551896    23.148    -4934.5      759.1     2029.0      1.3      2.5      1.7 2022  6 20  7 39 31.020  0.00   2
   102694  40.294153 -124.551799    23.138    -4926.2      778.0     2018.8      1.0      2.6      1.7 2022  6 27  7 43 34.160  0.00   2
   102695  40.292765 -124.552075    23.116    -4949.8      624.0     1997.0      1.1      3.9      1.8 2022  7 18  1 42 42.840  0.00   2
   102696  40.294185 -124.551685    23.145    -4916.5      781.7     2026.4      1.1      2.1      2.0 2022  7 28  7 20 33.000  0.00   2
   102697  40.294071 -124.551725    23.137    -4920.0      769.0     2018.1      1.0      2.1      1.5 2022  8  2  3 23 52.420  0.00   2
   102698  40.294002 -124.551799    23.143    -4926.2      761.3     2024.3      1.2      2.0      1.6 2022  8 16 18 15 25.220  0.00   2
   102699  40.293970 -124.551839    23.146    -4929.7      757.7     2027.4      1.2      2.6      1.8 2022  9 16  6  1  5.000  0.00   2
   102700  40.294006 -124.551717    23.149    -4919.3      761.8     2029.8      1.1      2.1      1.6 2022  9 19  4 54 39.760  0.00   2
   102702  40.294071 -124.551953    23.143    -4939.4      769.0     2024.6      1.1      2.5      1.8 2022 10  5  5 11 18.160  0.00   2
   102705  40.294080 -124.552108    23.136    -4952.5      769.9     2017.4      1.1      2.1      1.3 2022 11  1  9 40 50.800  0.00   2
   102706  40.294059 -124.551717    23.146    -4919.3      767.6     2027.3      0.9      1.9      1.5 2022 11 27 18  0 57.680  0.00   2
   103181  40.284741 -124.469417    20.558     2078.9     -267.0     -560.5      1.2      2.8      1.8 2020  1 11  1 31 54.420  0.00   2
   103185  40.282719 -124.469906    20.431     2037.4     -491.6     -688.1      0.7      1.2      1.4 2020  3 20  0 26 38.040  0.00   2
   103189  40.290275 -124.468392    20.629     2166.0      347.5     -490.2      1.2      3.6      2.4 2020  5 27  2 48 16.160  0.00   2
   103193  40.282784 -124.469824    20.493     2044.3     -484.4     -625.5      1.1      1.9      2.5 2020  7 17 21 44  7.800  0.00   2
   103194  40.282581 -124.469792    20.472     2047.1     -506.9     -646.5      1.0      1.4      1.9 2020  8 11  2 18 34.020  0.00   2
   103195  40.282581 -124.470036    20.443     2026.3     -506.9     -676.1      0.6      1.2      1.5 2020  9  3 21 10 12.920  0.00   2
   103196  40.282564 -124.469930    20.478     2035.3     -508.8     -640.7      0.9      1.6      2.5 2020  9 30 18 18  5.760  0.00   2
   103197  40.282609 -124.470052    20.440     2024.9     -503.8     -678.9      0.8      1.3      1.9 2020 10 13 14 33 43.200  0.00   2
   103199  40.282935 -124.470028    20.433     2027.0     -467.6     -685.7      1.0      2.4      2.3 2020 11 26  8 19 30.520  0.00   2
   103201  40.282829 -124.469613    20.757     2062.3     -479.4     -362.2      1.2      1.6      3.5 2020 12 24  9 22 40.660  0.00   2
   103203  40.290861 -124.468351    20.625     2169.4      412.5     -493.6      1.4      3.2      1.8 2021  2 24 19 37  0.500  0.00   2
   103204  40.282617 -124.469897    20.466     2038.1     -502.9     -652.9      0.8      1.6      2.0 2021  3 22 10 31  8.140  0.00   2
   103206  40.282792 -124.470174    20.373     2014.5     -483.5     -746.2      0.8      1.2      2.1 2021  4 24  6 17 31.180  0.00   2
   103207  40.282275 -124.470345    20.548     2000.0     -540.8     -571.1      1.0      2.4      2.9 2021  5  2  8  9 31.120  0.00   2
   103210  40.282662 -124.470500    20.346     1986.8     -497.9     -773.3      1.2      1.5      2.4 2021  8  5 10 16 23.100  0.00   2
   103211  40.282678 -124.470101    20.404     2020.8     -496.1     -714.5      0.7      1.1      1.1 2021  9  5 23  3 58.160  0.00   2
   103213  40.284904 -124.469368    20.545     2083.0     -249.0     -573.4      1.2      3.8      2.0 2021 10  6  9  9 39.160  0.00   2
   103214  40.276359 -124.467936    20.435     2204.9    -1197.8     -683.4      6.8     16.6     10.0 2021 10 12 11 29  9.760  0.00   2
   103216  40.282800 -124.470036    20.440     2026.3     -482.5     -678.5      1.0      1.3      1.7 2021 11  1 12 14 16.760  0.00   2
   103218  40.282857 -124.470060    20.462     2024.2     -476.2     -656.4      1.4      2.7      2.5 2021 12 20 23 42 18.160  0.00   2
   103219  40.285152 -124.469067    20.589     2108.6     -221.4     -529.4      1.5      2.8      1.9 2021 12 21 19 53 20.860  0.00   2
   103220  40.285490 -124.469230    20.612     2094.8     -183.9     -506.7      1.3      2.6      2.0 2021 12 21  3 25  2.140  0.00   2
   103221  40.282874 -124.470369    20.417     1997.9     -474.4     -701.4      1.0      1.8      1.2 2021 12 22 23 56  7.680  0.00   2
   103222  40.282760 -124.469906    20.432     2037.4     -487.1     -686.6      0.8      1.5      1.5 2021 12 22 22 10  3.600  0.00   2
   103225  40.284827 -124.469442    20.540     2076.8     -257.5     -579.0      1.1      2.2      1.5 2021 12 22 13 50  2.900  0.00   2
   103227  40.283716 -124.469914    20.515     2036.7     -380.9     -603.6      1.0      2.5      1.3 2021 12 22  6 22 18.920  0.00   2
   103229  40.282756 -124.469792    20.403     2047.1     -487.5     -715.6      1.0      2.6      1.6 2021 12 23 10 36 56.360  0.00   2
   103232  40.282686 -124.470060    20.403     2024.2     -495.2     -715.7      0.6      1.3      1.1 2021 12 25  4 27 30.000  0.00   2
   103233  40.282719 -124.470028    20.412     2027.0     -491.6     -706.7      0.9      1.3      2.1 2021 12 25 13  7 17.660  0.00   2
   103235  40.282739 -124.469865    20.406     2040.8     -489.3     -712.9      0.8      1.2      1.1 2021 12 26 18 24 14.980  0.00   2
   103237  40.282410 -124.470557    20.387     1982.0     -525.9     -732.0      1.1      2.0      1.6 2021 12 27  3 19 14.140  0.00   2
   103238  40.282735 -124.470101    20.394     2020.8     -489.8     -724.9      0.7      1.4      1.2 2021 12 28 10 25 14.240  0.00   2
   103239  40.282642 -124.470426    20.328     1993.1     -500.2     -790.4      1.4      1.8      3.1 2021 12 29  5 39  1.000  0.00   2
   103241  40.282865 -124.469922    20.390     2036.0     -475.3     -728.4      0.9      1.6      1.7 2021 12 31 10 16 23.220  0.00   2
   103242  40.282686 -124.469963    20.435     2032.5     -495.2     -684.2      0.8      1.1      1.6 2022  1  6 15  3 53.600  0.00   2
   103246  40.282719 -124.469206    20.507     2096.9     -491.6     -611.6      1.5      1.9      2.9 2022  1  9 14 28 34.400  0.00   2
   103250  40.282727 -124.470288    20.395     2004.8     -490.7     -724.0      0.9      1.0      1.4 2022  1 12  6 38 12.400  0.00   2
   103252  40.282694 -124.470402    20.367     1995.2     -494.3     -751.5      1.0      1.6      2.0 2022  1 15 11  2 22.680  0.00   2
   103253  40.282670 -124.469987    20.389     2030.4     -497.0     -729.9      0.9      1.0      1.5 2022  1 15 11  7 24.280  0.00   2
   103254  40.283020 -124.469995    20.456     2029.7     -458.1     -662.4      1.1      1.7      2.1 2022  1 15 23 42 27.860  0.00   2
   103255  40.282690 -124.470199    20.420     2012.5     -494.7     -699.0      0.8      1.1      1.1 2022  1 20 23 35 26.640  0.00   2
   103256  40.283630 -124.469718    20.481     2053.3     -390.4     -638.3      0.9      2.1      1.1 2022  1 20  3 44 25.400  0.00   2
   103257  40.282678 -124.470280    20.440     2005.5     -496.1     -678.5      1.1      1.2      2.0 2022  1 21  4 17 37.100  0.00   2
   103258  40.284212 -124.469303    20.515     2088.6     -325.8     -604.1      0.7      3.1      1.2 2022  1 21  4 17  1.760  0.00   2
   103261  40.282711 -124.469873    20.423     2040.1     -492.5     -695.4      0.8      0.8      1.1 2022  1 30  5 20 41.160  0.00   2
   103262  40.282723 -124.469678    20.434     2056.7     -491.1     -684.4      1.1      1.1      1.9 2022  1 30 18 14 11.380  0.00   2
   103263  40.282715 -124.469954    20.411     2033.2     -492.0     -707.7      0.7      1.3      1.3 2022  2  6 18 14 29.480  0.00   2
   103264  40.284322 -124.469491    20.530     2072.6     -313.6     -588.5      0.7      2.9      1.1 2022  2 15  3  8 21.340  0.00   2
   103265  40.282699 -124.470264    20.410     2006.9     -493.8     -709.0      0.8      0.8      1.0 2022  2 24 22 57  5.460  0.00   2
   103266  40.282694 -124.470304    20.402     2003.5     -494.3     -717.2      0.9      1.2      1.4 2022  2 24  2  6 53.360  0.00   2
   103267  40.282849 -124.470329    20.351     2001.4     -477.1     -767.4      0.9      1.8      2.4 2022  2 24 18  1 21.640  0.00   2
   103269  40.282707 -124.469963    20.421     2032.5     -492.9     -697.9      0.7      1.2      1.2 2022  3 29 10 35 52.340  0.00   2
   103270  40.282983 -124.470093    20.415     2021.4     -462.2     -703.6      0.8      2.4      1.0 2022  3 29 19 58  7.480  0.00   2
   103271  40.282686 -124.470451    20.359     1991.0     -495.2     -759.4      1.2      2.3      2.4 2022  3 31 14 40 40.040  0.00   2
   103272  40.282768 -124.469865    20.427     2040.8     -486.2     -692.3      0.7      1.3      1.2 2022  4  3 21  3 27.520  0.00   2
   103273  40.282581 -124.470256    20.395     2007.6     -506.9     -723.8      0.9      1.9      1.3 2022  4 10 13  3 18.560  0.00   2
   103274  40.285091 -124.469800    20.583     2046.3     -228.2     -536.1      1.1      2.9      1.7 2022  4 10 20 53 45.920  0.00   2
   103277  40.282768 -124.469832    20.434     2043.6     -486.2     -685.0      0.8      1.8      1.7 2022  4 19 18 43 36.400  0.00   2
   103279  40.282707 -124.470068    20.383     2023.5     -492.9     -735.5      0.7      1.9      1.6 2022  5 12 18 20 44.500  0.00   2
   103281  40.282792 -124.470565    20.420     1981.3     -483.5     -699.1      1.3      1.8      1.5 2022  6  9 20  8 46.080  0.00   2
   103283  40.282735 -124.469759    20.414     2049.8     -489.8     -704.7      0.9      1.5      1.4 2022  6 12  6 17 47.260  0.00   2
   103284  40.282739 -124.469816    20.439     2045.0     -489.3     -679.4      0.9      1.2      1.7 2022  6 20  3  5 25.720  0.00   2
   103285  40.282694 -124.470321    20.441     2002.1     -494.3     -678.3      1.1      1.2      2.1 2022  7  4  4 24 56.900  0.00   2
   103286  40.282666 -124.470028    20.416     2027.0     -497.5     -703.3      0.9      1.7      1.6 2022  8 12  8 24  9.100  0.00   2
   103288  40.282642 -124.470223    20.411     2010.4     -500.2     -707.5      0.8      1.3      1.1 2022  8 16  4  0 36.260  0.00   2
   103291  40.282882 -124.469906    20.437     2037.4     -473.5     -681.7      0.7      1.4      1.6 2022  9  6 14 16 14.840  0.00   2
   103292  40.282674 -124.470085    20.429     2022.1     -496.6     -689.6      1.0      1.4      1.9 2022  9  8 13 25 43.220  0.00   2
   103293  40.282638 -124.470199    20.400     2012.5     -500.6     -718.5      0.7      1.4      1.3 2022  9 12  9 10 21.960  0.00   2
   103294  40.283431 -124.470060    20.445     2024.2     -412.5     -673.8      0.7      2.5      1.6 2022  9 13 19 13 50.120  0.00   2
   103295  40.282719 -124.469979    20.416     2031.1     -491.6     -703.1      0.8      1.4      1.8 2022 10  9 14 38 43.840  0.00   2
   103297  40.282743 -124.470109    20.373     2020.1     -488.9     -746.0      1.2      1.7      2.4 2022 11 10  3 49 21.340  0.00   2
   104536  40.274569 -124.515535    21.458    -1843.0    -1396.6      339.0      1.0      1.4      1.1 2020  1 23  2 46 22.320  0.00   2
   104538  40.274398 -124.516276    21.452    -1906.0    -1415.6      332.8      1.2      0.9      1.0 2020  1 24 12 58 18.420  0.00   2
   104539  40.274658 -124.516048    21.447    -1886.6    -1386.6      327.7      1.1      2.6      2.0 2020  3 15  0 55 54.180  0.00   2
   104540  40.275517 -124.515299    21.369    -1822.9    -1291.3      249.7      3.2      7.4      3.9 2020  3 19 13  2 23.120  0.00   2
   104541  40.274418 -124.516349    21.451    -1912.2    -1413.3      332.1      1.3      1.1      1.1 2020  4  4 12 55 14.960  0.00   2
   104542  40.285311 -124.519621    22.421    -2190.3     -203.8     1301.7      4.3      6.5      5.7 2020  8  9  3 24  1.340  0.00   2
   104543  40.274430 -124.513273    21.448    -1650.6    -1412.0      329.0      2.2      3.8      3.2 2020  8  9  0  0 42.000  0.00   2
   104544  40.280339 -124.514404    21.949    -1746.7     -755.9      830.0      6.1      7.1      8.9 2020  9  6 19 15 19.420  0.00   2
   104545  40.279057 -124.513281    21.896    -1651.3     -898.2      776.9      2.0      4.0      2.9 2020 11 20 23  5 37.000  0.00   2
   104546  40.274662 -124.515332    21.460    -1825.7    -1386.2      341.5      1.2      1.6      1.4 2020 12  8 19 50 59.440  0.00   2
   104547  40.274341 -124.515617    21.463    -1849.9    -1421.9      344.6      1.0      2.2      1.6 2021  1 13 20 27 55.860  0.00   2
   104548  40.274508 -124.515462    21.458    -1836.8    -1403.4      339.5      1.0      1.9      1.6 2021  1 23 18  7 58.980  0.00   2
   104549  40.274235 -124.516178    21.434    -1897.7    -1433.6      315.5      1.7      2.9      2.8 2021  2  4  8  4  6.380  0.00   2
   104550  40.274382 -124.516243    21.445    -1903.2    -1417.4      325.9      1.3      2.0      1.7 2021  2  8 10 42 43.860  0.00   2
   104552  40.281832 -124.516642    21.221    -1937.0     -590.1      102.3      2.6      7.3      4.2 2021  4 28  9 56 53.160  0.00   2
   104555  40.274829 -124.515910    21.463    -1874.8    -1367.7      344.2      1.2      3.3      1.6 2021  8 13  3  3 14.280  0.00   2
   104557  40.274447 -124.515934    21.456    -1876.9    -1410.1      337.4      0.8      1.6      1.2 2021 10 13  0 11 57.860  0.00   2
   104558  40.275667 -124.514144    21.374    -1724.7    -1274.6      255.0      1.4      6.1      2.2 2021 10 15 23 36  0.100  0.00   2
   104561  40.274158 -124.515088    21.426    -1805.0    -1442.2      307.5      1.6      2.7      2.0 2021 12 21  4 11 42.460  0.00   2
   104562  40.280872 -124.514380    21.321    -1744.7     -696.7      202.6      1.9      5.7      3.2 2021 12 21  5 27 13.340  0.00   2
   104563  40.274585 -124.515145    21.455    -1809.8    -1394.8      335.7      1.3      1.6      1.4 2021 12 21  9 54 44.140  0.00   2
   104565  40.275020 -124.515177    21.491    -1812.6    -1346.4      371.9      1.2      2.4      1.5 2021 12 21 14 32 11.280  0.00   2
   104566  40.274919 -124.515259    21.449    -1819.5    -1357.7      330.0      1.3      2.8      1.7 2021 12 21  7 49 38.600  0.00   2
   104567  40.282340 -124.515666    21.609    -1854.0     -533.6      489.9      3.0      8.7      4.8 2021 12 21  0 33 29.320  0.00   2
   104568  40.273848 -124.516675    21.467    -1939.9    -1476.6      348.4      1.4      4.5      2.8 2021 12 21  1 47 47.320  0.00   2
   104570  40.284562 -124.514429    21.266    -1748.8     -286.9      147.0      1.9      5.4      3.2 2021 12 30 17  2 59.560  0.00   2
   104571  40.274565 -124.514657    21.486    -1768.3    -1397.0      367.4      1.9      5.0      2.4 2022  5  5 19 58 40.140  0.00   2
   104572  40.275106 -124.515975    21.434    -1880.4    -1336.9      315.0      1.1      2.7      1.6 2022  8  5 21  2 56.680  0.00   2
   104573  40.274337 -124.516089    21.458    -1890.1    -1422.3      338.8      1.2      2.0      1.8 2022  8 29  3 47 27.200  0.00   2
   105449  40.292769 -124.436955    21.131     4839.1      624.4       12.4      1.5      3.6      2.5 2021  3 17 15 57 54.480  0.00   2
   105451  40.303194 -124.436239    21.395     4899.6     1782.0      276.3      2.9      6.4      3.3 2021  5 17  6 50 19.300  0.00   2
   105452  40.293705 -124.437199    21.304     4818.3      728.3      185.5      1.5      2.2      1.2 2021  7  2 13 42 25.360  0.00   2
   105453  40.296598 -124.435791    21.527     4937.9     1049.6      407.7      1.8      3.4      2.2 2021 12  8  7 47 53.400  0.00   2
   105454  40.295398 -124.435205    21.421     4987.8      916.3      302.2      1.9      3.3      2.2 2021 12 29  6  3 35.020  0.00   2
   105457  40.293717 -124.435832    21.226     4934.5      729.7      107.1      1.0      2.6      1.0 2022  1 23 11 56  1.960  0.00   2
   105458  40.292354 -124.437500    21.186     4792.7      578.3       66.7      1.5      2.6      1.7 2022  3  9  3 33  6.440  0.00   2
   106476  40.288147 -124.407699    19.087     7327.0      111.1    -2032.3      2.3      6.0      3.2 2020  7 19 19 36 15.700  0.00   2
   106480  40.286064 -124.407072    19.258     7380.4     -120.2    -1860.7      2.4      3.4      2.7 2021 12 23 18  0 27.860  0.00   2
   106481  40.284888 -124.407869    19.032     7312.7     -250.8    -2087.3      1.8      4.0      1.7 2021 12 25 23 44  7.480  0.00   2
   106485  40.286528 -124.407186    19.236     7370.7      -68.7    -1883.2      2.0      3.8      2.5 2022  9 22 22 11 56.160  0.00   2
   106486  40.287830 -124.406462    19.198     7432.2       75.9    -1920.6      2.7      4.8      2.3 2022 10 11  2 56 24.700  0.00   2
   106878  40.282463 -124.506950    19.838    -1112.8     -520.0    -1280.7      1.9      1.5      3.1 2020  2 26 13  0  8.000  0.00   2
   106879  40.302197 -124.504744    20.735     -925.1     1671.3     -384.2      3.2      6.7      3.9 2020  4 14 23 52 17.340  0.00   2
   106880  40.280562 -124.507373    19.632    -1148.8     -731.1    -1486.4      1.5      1.5      2.1 2020  4 17 10 28 54.000  0.00   2
   106881  40.300350 -124.499642    20.356     -491.3     1466.2     -762.5      3.1      6.5      3.9 2020  4 18 16 38 46.580  0.00   2
   106883  40.273751 -124.506974    20.397    -1115.0    -1487.4     -721.9      1.7      3.2      4.0 2021 10 23  3 13 39.120  0.00   2
   106884  40.283040 -124.509782    19.566    -1353.6     -455.9    -1553.1      1.8      2.9      2.2 2021 11 22 21 22  8.420  0.00   2
   106885  40.283329 -124.502466    20.045     -731.5     -423.8    -1073.5      6.8     13.6      8.3 2021 11 23  2  3 16.160  0.00   2
   106886  40.277169 -124.506535    19.637    -1077.6    -1107.9    -1482.0      1.6      3.6      2.5 2021 12 21  9  4 49.080  0.00   2
   106889  40.282259 -124.504451    19.762     -900.3     -542.6    -1356.9      3.3      2.6     14.8 2022  2  8 11  1 45.260  0.00   2
   106892  40.290715 -124.503996    19.465     -861.5      396.2    -1653.9      9.5     17.1     13.4 2022  8  6 16 32 20.620  0.00   2
   107666  40.302816 -124.440365    19.269     4548.8     1740.0    -1850.0      3.7      9.3      4.4 2021  5 17  9 39 49.060  0.00   2
   107667  40.306628 -124.440007    19.220     4579.1     2163.3    -1898.6      3.7      8.6      4.4 2021  5 19 23 39 44.980  0.00   2
   107671  40.319002 -124.433431    19.655     5137.7     3537.3    -1464.3      6.8     14.3      6.6 2021 11 28 16 37 45.460  0.00   2
   107935  40.294625 -124.376644    20.070     9967.3      830.5    -1048.5      2.4      5.1      2.7 2021  3 29  4  0 27.680  0.00   2
   107939  40.295573 -124.375936    20.173    10027.4      935.7     -946.3      2.8      4.7      2.1 2021  9 18  8 35 54.260  0.00   2
   107941  40.290645 -124.376245    19.998    10001.5      388.6    -1120.8      1.8      2.3      1.7 2021 12 20 21 56 11.700  0.00   2
   107943  40.291142 -124.375968    20.021    10025.0      443.7    -1097.7      1.7      2.8      1.5 2021 12 21  0 26 54.420  0.00   2
   107951  40.291687 -124.375130    20.087    10096.2      504.2    -1032.3      2.2      2.8      2.1 2022  1  3 23 35 36.380  0.00   2
   107952  40.291305 -124.375692    20.067    10048.5      461.8    -1051.6      1.4      2.6      1.3 2022  1 25  7 55 31.740  0.00   2
   107954  40.292029 -124.374927    20.153    10113.5      542.2     -965.7      2.4      3.4      1.7 2022  2  4 17 40 38.160  0.00   2
   107961  40.286047 -124.374235    20.140    10172.7     -122.0     -978.5      2.3      3.2      2.0 2022 10 29  4 15 37.520  0.00   2
   108411  40.324683 -124.468254    20.575     2177.2     4168.1     -543.7      6.1     31.5      6.3 2021  9  6  2 58 10.280  0.00   2
   108899  40.302323 -124.438167    18.492     4735.6     1685.3    -2627.1      7.1     12.1      9.1 2021 10 16 11  8 25.980  0.00   2
   109574  40.284347 -124.380314    19.069     9655.9     -310.9    -2049.6      1.4      1.9      1.6 2021 12 21 22  0 51.880  0.00   2
   109576  40.284444 -124.380404    19.030     9648.3     -300.0    -2089.0      1.8      2.5      1.5 2021 12 26 21 14 32.380  0.00   2
   109582  40.276790 -124.378312    18.989     9826.7    -1149.9    -2129.5      2.3      3.0      2.2 2022 11 22 14 25 33.480  0.00   2
   110137  40.246623 -124.452905    19.585     3484.0    -4499.7    -1534.1      5.0     12.6      8.7 2021 12 20 23 20 49.260  0.00   2
   110139  40.243323 -124.454997    18.185     3306.1    -4866.1    -2933.4      8.4     15.0      6.8 2021 12 21 15  1  2.380  0.00   2
   110141  40.254871 -124.457284    18.609     3111.4    -3583.9    -2509.5      7.3      9.2      6.9 2021 12 21  4 59 28.660  0.00   2
   110142  40.275236 -124.441081    21.823     4488.8    -1322.5      703.9      3.4      4.5      4.6 2021 12 22 19 22  7.720  0.00   2
   110143  40.275749 -124.441317    21.704     4468.7    -1265.6      585.0      3.4      4.4      4.5 2021 12 23 20 38  9.420  0.00   2
   110147  40.287219 -124.444539    22.074     4194.3        8.1      954.6      5.8      7.8      6.7 2022  1  5 17 45 31.500  0.00   2
   110148  40.307621 -124.431657    22.583     5289.0     2273.6     1464.5      5.1     13.5      4.3 2022  5  3  8 37 19.960  0.00   2
   110300  40.296391 -124.480884    25.888     1103.7     1026.5     4768.8      3.9     10.4      4.4 2023  3  9 12 50 51.480  1.40   2
   110304  40.294112 -124.551481    23.140    -4899.2      773.5     2021.2      1.0      2.1      1.6 2022 12 25 19 40 29.680  3.05   2
   110318  40.282764 -124.469743    20.396     2051.2     -486.6     -722.5      1.2      1.4      1.6 2023  2 20 13 18  3.960  1.48   2
   110345  40.274516 -124.515975    21.453    -1880.4    -1402.5      334.1      0.9      1.2      0.9 2023  5 22  8 39 15.920  1.61   2
   110372  40.294055 -124.434969    21.259     5007.9      767.2      140.2      1.8      3.2      1.7 2023  4  3 12 14 40.520  1.28   2
   110403  40.286544 -124.407235    19.173     7366.6      -66.9    -1946.1      2.2      3.5      2.4 2023  4  4 17 32 14.460  1.08   2
   110420  40.279610 -124.507178    19.836    -1132.2     -836.8    -1282.8      1.5      2.1      2.5 2023  2 17 14 36 10.720  2.81   2
   110446  40.312142 -124.432373    19.073     5227.9     2775.6    -2045.5      3.1      4.3      3.9 2023  5 13  1 27 17.920  1.13   2
   110461  40.294714 -124.471403    21.085     1909.9      840.4      -33.6      1.4      6.3      2.2 2023  4  9 11 53 23.790  0.91   2
   110465  40.291357 -124.375716    20.079    10046.4      467.6    -1040.0      1.6      1.9      1.4 2022 12 20  3  6 59.620  0.86   2
   110500  40.307760 -124.479036    19.833     1260.7     2288.9    -1286.2      4.6     15.2      4.9 2023  4  9 13 30 46.380  0.65   2
   110565  40.305074 -124.444385    19.576     4206.9     1990.7    -1542.8      2.9      6.2      2.2 2023  4  9 10 26 54.540  2.63   2
   110648  40.283724 -124.379500    19.098     9725.2     -380.0    -2020.6      2.0      2.7      1.6 2023  3 14 15 58 42.040  1.17   2
   110734  40.294678 -124.435897    23.243     4929.0      836.3     2124.0      5.1     10.2      4.3 2023  3 12 13 22 24.330  1.69   2
   110741  40.303337 -124.448844    19.782     3827.8     1797.8    -1337.3      2.4      4.1      2.2 2023  3 13 12 14 24.190  0.90   2
   110742  40.306978 -124.527604    25.274    -2868.7     2202.2     4154.9      3.4     10.8      8.7 2023  3 22 16  0 16.820  1.31   2
