   108663  40.489221 -124.339648    19.307      -53.8      -12.2      -22.4      4.4      3.9      4.0 2022  3  5 15  4 56.760  0.00  37
   108665  40.489225 -124.339779    19.306      -64.9      -11.7      -23.5      4.1      4.5      4.0 2022  3  5 14 13 15.560  0.00  37
   108670  40.489811 -124.339388    19.329      -31.7       53.3       -0.4      3.4      3.6      3.3 2022  3 18  2  2 21.140  0.00  37
   108671  40.489579 -124.339323    19.339      -26.2       27.6        9.4      2.6      3.1      2.7 2022  3 18  2 55 56.140  0.00  37
   108673  40.489535 -124.339876    19.288      -73.1       22.6      -40.9      3.5      2.6      4.2 2022  5 13 21 13  4.360  0.00  37
   108674  40.489347 -124.339876    19.259      -73.1        1.8      -70.4      4.6      3.5      4.4 2022  5 13 11  3  1.340  0.00  37
   108675  40.489368 -124.339958    19.324      -80.0        4.1       -4.9      4.5      2.5      3.4 2022  7  9 13 10 58.000  0.00  37
   108676  40.489262 -124.340031    19.310      -86.2       -7.7      -18.9      4.5      2.4      3.4 2022  7 19 14 43  3.060  0.00  37
   108678  40.489689 -124.339461    19.298      -37.9       39.8      -31.0      3.2      3.4      3.6 2022  7 24 16 37 15.260  0.00  37
   108680  40.489421 -124.339665    19.353      -55.2        9.9       23.2      2.6      2.5      3.6 2022  7 26  2 56 53.120  0.00  37
   108681  40.489587 -124.339551    19.283      -45.5       28.5      -46.4      2.9      3.6      3.7 2022  9 12  7 56 19.840  0.00  37
   108682  40.489368 -124.339722    19.293      -60.0        4.1      -36.0      2.8      2.6      4.4 2022  9 12 16 26 23.860  0.00  37
   108683  40.489718 -124.339657    19.318      -54.5       42.9      -11.7      3.1      3.6      3.9 2022  9 12  6 56 34.320  0.00  37
   108684  40.489591 -124.339673    19.278      -55.9       28.9      -51.0      3.1      3.8      4.1 2022  9 12  6 57 16.840  0.00  37
   108686  40.489510 -124.339469    19.309      -38.6       19.9      -19.9      3.5      3.5      2.8 2022  9 12  7  2 14.940  0.00  37
   108687  40.489832 -124.339697    19.314      -58.0       55.6      -15.7      3.5      3.5      3.8 2022  9 12  6 55 47.640  0.00  37
   108688  40.489128 -124.339811    19.328      -67.6      -22.6       -1.1      4.6      4.0      3.1 2022  9 12  7  0 41.780  0.00  37
   108689  40.489111 -124.339567    19.320      -46.9      -24.4       -9.7      3.5      3.7      3.7 2022  9 12  6 58 44.140  0.00  37
   108690  40.489449 -124.340063    19.260      -89.0       13.1      -69.6      4.6      3.2      4.9 2022  9 13 12  0  9.260  0.00  37
   108692  40.489498 -124.339893    19.310      -74.5       18.5      -19.4      3.2      2.5      4.4 2022  9 13 23 59 39.940  0.00  37
   108693  40.489636 -124.339429    19.277      -35.2       33.9      -52.8      3.2      3.8      3.4 2022  9 15  4 38 42.340  0.00  37
   108694  40.489689 -124.339608    19.270      -50.4       39.8      -58.9      2.2      3.4      4.8 2022  9 19 10 45 20.920  0.00  37
   108695  40.489555 -124.339648    19.303      -53.8       24.9      -26.3      2.7      2.8      3.6 2022 10 13  0  1 53.180  0.00  37
   108697  40.489653 -124.339600    19.313      -49.7       35.7      -16.4      3.2      3.7      4.1 2022 11 21 11  3 27.100  0.00  37
   108698  40.489555 -124.339412    19.298      -33.8       24.9      -31.1      3.8      4.2      4.7 2022 11 21  9 56 47.360  0.00  37
   108699  40.489746 -124.339779    19.280      -64.9       46.1      -49.9      3.0      3.7      4.5 2022 11 21 11 24 43.840  0.00  37
   108700  40.489624 -124.339616    19.318      -51.1       32.5      -11.6      3.4      3.5      3.1 2022 11 21 11  5 34.240  0.00  37
   108701  40.489766 -124.339486    19.285      -40.0       48.3      -44.6      4.0      4.4      4.9 2022 11 21 12  2 33.900  0.00  37
   108704  40.489522 -124.339844    19.276      -70.4       21.2      -53.2      4.0      2.9      4.6 2022 11 22  1 39 11.480  0.00  37
   108705  40.489473 -124.340015    19.316      -84.9       15.8      -13.1      3.9      2.9      4.0 2022 11 24  7 16 24.120  0.00  37
   108706  40.489620 -124.339510    19.339      -42.1       32.1        9.5      4.0      4.4      5.0 2022 11 27  8 29 21.460  0.00  37
   108707  40.489266 -124.339648    19.308      -53.8       -7.2      -21.1      2.6      3.0      4.1 2022 11 27  7 15  5.860  0.00  37
   110543  40.489042 -124.339331    19.380      -26.9      -32.1       50.7      2.8      2.9      3.1 2023  1 10 17 58 54.640  1.07  37
