   106728  40.457503 -124.270288    25.318       86.3       73.2      358.6     19.1     12.6     15.9 2020  3 18 22 39 56.960  0.00  17
   106731  40.458643 -124.271143    25.147       13.8      199.7      187.5     27.0     20.6     18.6 2020  4 28 22 46 41.280  0.00  17
   106736  40.454435 -124.279012    25.259     -653.7     -267.5      299.4     39.3     33.9     35.7 2020  9 13 12 45 25.840  0.00  17
   106739  40.461332 -124.270223    25.632       91.8      498.4      672.8     28.1     27.7     28.7 2021  3 17  1 49 22.520  0.00  17
   106742  40.456925 -124.268896    25.422      204.3        9.0      462.1     19.6     19.9     28.7 2021  6  9 13 49 49.100  0.00  17
   106743  40.456657 -124.260409    25.324      924.3      -20.8      364.1     37.5     17.9     21.4 2021  6 10 16 57 49.660  0.00  17
   106745  40.457149 -124.241268    26.009     2547.8       33.9     1049.7    232.0    112.1    121.1 2021  7 18 16 42 41.440  0.00  17
   106753  40.459155 -124.270866    25.455       37.3      256.6      494.9     21.3     19.7     14.8 2021 12 20 20 16 29.340  0.00  17
   106754  40.456262 -124.274748    25.430     -292.0      -64.6      470.7     18.9     20.1     15.5 2021 12 21  2 26  2.820  0.00  17
   106755  40.456921 -124.273022    25.285     -145.6        8.6      324.9     34.5     20.6     23.8 2021 12 21  3 30 46.600  0.00  17
   106756  40.461328 -124.260824    26.015      889.1      497.9     1054.9     47.7     30.7     32.5 2021 12 21 19  5 18.040  0.00  17
   106757  40.457694 -124.257756    25.488     1149.3       94.4      528.3     33.3     32.5     30.8 2021 12 21  1 43 20.320  0.00  17
   106758  40.454333 -124.270597    24.929       60.1     -278.8      -30.7     57.0     35.3     41.2 2021 12 21 21 41 57.480  0.00  17
   106760  40.457906 -124.268441    25.444      243.0      117.9      484.6     21.5     14.1     21.6 2021 12 21 23 39 48.460  0.00  17
   106761  40.457161 -124.277173    25.006     -497.7       35.2       46.1     32.2     17.1     27.7 2021 12 21  6 12 22.560  0.00  17
   106762  40.457218 -124.276888    25.036     -473.5       41.6       76.8     39.3     19.4     28.9 2021 12 21 13 12 47.980  0.00  17
   106765  40.459367 -124.272404    25.797      -93.2      280.1      837.4     25.2     43.1     27.6 2021 12 21  4 45 19.380  0.00  17
   106768  40.457882 -124.267358    25.570      334.8      115.2      610.5     25.2     17.7     29.8 2021 12 21  1 42  0.360  0.00  17
   106770  40.455892 -124.273340    25.316     -172.6     -105.7      356.4     21.9     21.0     23.6 2021 12 21 20  6 12.260  0.00  17
   106771  40.456112 -124.280078    25.421     -744.1      -81.3      461.7     30.2     23.3     18.2 2021 12 21  9 13 30.740  0.00  17
   106772  40.457633 -124.287345    25.031    -1360.5       87.7       71.9     33.9     18.6     27.9 2021 12 21  7  6 27.260  0.00  17
   106774  40.460616 -124.261711    25.806      813.8      418.9      846.9     34.7     35.8     21.2 2021 12 21  8  1 41.180  0.00  17
   106775  40.459526 -124.270361    25.333       80.1      297.8      373.7     20.1     22.3     16.2 2021 12 22 11 57 26.320  0.00  17
   106776  40.455823 -124.274666    25.416     -285.1     -113.4      456.8     19.8     22.5     17.0 2021 12 22 20 17 58.960  0.00  17
   106778  40.457284 -124.264705    25.773      559.8       48.8      813.5     43.4     30.6     38.3 2021 12 23  3 20 39.960  0.00  17
   106780  40.457992 -124.270174    25.280       95.9      127.4      320.7     19.9     16.9     17.5 2021 12 26 10  1 21.900  0.00  17
   106781  40.458244 -124.269417    25.278      160.1      155.4      318.0     18.5     20.8     15.9 2021 12 26 23 20 59.320  0.00  17
   106783  40.458419 -124.269849    25.359      123.6      174.9      399.0     21.3     20.7     16.8 2021 12 27  1  9 16.580  0.00  17
   106787  40.453451 -124.278646    25.700     -622.7     -376.8      739.9     31.8     35.7     18.8 2022  1  2 22  0  9.380  0.00  17
   106789  40.457601 -124.272591    25.259     -109.1       84.0      299.1     20.7     17.6     14.1 2022  1  2  4 53 31.180  0.00  17
   106790  40.460982 -124.263224    25.903      685.4      459.5      943.2     30.6     30.2     23.9 2022  1  2  8 17  5.880  0.00  17
   106793  40.454944 -124.274512    26.099     -272.0     -211.0     1139.0     35.7     40.6     35.6 2022  1 13 13 37 23.880  0.00  17
   106795  40.456437 -124.273462    25.001     -182.9      -45.2       41.2     43.9     20.5     20.8 2022  1 15 16 20  8.480  0.00  17
   106796  40.458301 -124.263371    25.279      673.0      161.8      319.6     28.8     18.5     15.4 2022  1 18  1  5 22.860  0.00  17
   106798  40.457784 -124.270915    25.243       33.1      104.4      283.1     19.6     20.1     14.7 2022  1 29 10 59 48.560  0.00  17
   106799  40.453308 -124.272168    24.855      -73.2     -392.6     -104.8     29.7     38.3     27.9 2022  1 30 22 25  8.500  0.00  17
   106801  40.453996 -124.274137    25.094     -240.2     -316.3      134.4     30.4     23.9     19.3 2022  2 25  4  3 34.000  0.00  17
   106803  40.457353 -124.271924    25.235      -52.5       56.5      275.8     19.5     18.9     15.2 2022  4 12  0 54 20.500  0.00  17
   106804  40.457503 -124.271696    25.286      -33.1       73.2      326.1     20.7     17.9     14.5 2022  4 15  9 43 42.080  0.00  17
   106807  40.462105 -124.269979    26.022      112.5      584.2     1062.0     40.7     22.4     24.5 2022  8 27  0 17 55.680  0.00  17
   106808  40.457312 -124.274471    25.294     -268.5       52.0      334.5     29.1     13.8     14.8 2022  9 12 11 16 51.400  0.00  17
   106809  40.451595 -124.277531    24.733     -528.1     -582.9     -226.9     35.3     33.3     20.8 2022 11  3 19 20 57.480  0.00  17
   106810  40.458138 -124.272575    25.336     -107.7      143.7      376.2     22.4     15.2     14.9 2022 11 17 18 30  3.780  0.00  17
   110130  40.458073 -124.272070    25.357      -64.9      136.5      397.8     16.5     16.3     16.6 2021 12 20 21 19 35.360  0.00  17
   110131  40.451603 -124.271200    24.531        9.0     -582.0     -429.0     28.2     13.6     21.5 2021 12 20 23 14 29.400  0.00  17
   110133  40.458240 -124.273324    25.420     -171.2      155.0      460.6     11.2     13.5     17.1 2021 12 23 18 20 46.720  0.00  17
   110134  40.457837 -124.276204    25.513     -415.5      110.2      553.5     15.8     14.3     13.9 2022  3  4 15 40 56.400  0.00  17
   110169  40.450350 -124.288086    21.966    -1423.4     -721.1    -2993.9     35.5     21.6     25.5 2021 12 21 17 40 43.880  0.00  17
   110170  40.450053 -124.281901    21.913     -898.8     -754.1    -3046.7     38.1     13.8     22.4 2021 12 21 17 46 54.000  0.00  17
   110171  40.448499 -124.272078    21.902      -65.6     -926.7    -3057.7    116.0     38.3     43.3 2021 12 21  0 56 54.660  0.00  17
   110172  40.447046 -124.291146    22.032    -1683.0    -1088.0    -2927.7     70.8     21.8     27.6 2021 12 21  9 29 42.380  0.00  17
   110173  40.450871 -124.290715    21.892    -1646.4     -663.3    -3067.9     28.7     25.7     24.9 2021 12 31  7 54 22.740  0.00  17
   110414  40.457751 -124.270239    25.278       90.4      100.8      318.6     14.0     12.4     15.7 2023  4 18  6 30 20.240  1.21  17
   110732  40.458419 -124.270825    25.480       40.7      174.9      520.3     11.3     11.5     15.3 2023  4 20  6 34 58.960  0.73  17
   110744  40.451953 -124.287614    21.864    -1383.4     -543.1    -3095.3     32.2     19.2     23.3 2022 12  6 14 13  7.240  1.22  17
