   101367  40.297843 -124.377515     8.695      -32.5       81.8      -24.8     33.3     57.4     47.4 2020  1  3 18 37 48.420  0.00  36
   101368  40.297823 -124.377531     8.681      -33.9       79.5      -39.1     33.6     57.9     51.3 2020  1  3 21  3 28.940  0.00  36
   101377  40.299833 -124.377979     9.136      -72.0      302.7      416.2     45.0     68.8     73.6 2020  1 25  4  5 34.620  0.00  36
   101379  40.297392 -124.377799     9.089      -56.7       31.6      369.2     51.4     48.7     51.8 2020  1 25  3 30 34.600  0.00  36
   101380  40.298185 -124.378312     9.119     -100.3      119.7      399.4     45.8     53.0     62.0 2020  1 25  4 10 12.200  0.00  36
   101382  40.298531 -124.378239     9.127      -94.1      158.1      406.5     43.4     57.4     65.5 2020  1 25  3 31 37.080  0.00  36
   101383  40.297046 -124.376904     8.721       19.4       -6.8        1.2     22.9     34.6     25.9 2020  2  6 17 51  9.320  0.00  36
   101389  40.297729 -124.377458     8.742      -27.7       69.1       22.2     28.5     31.2     32.9 2020  2  6 13 51  8.720  0.00  36
   101391  40.298523 -124.376839     8.746       24.9      157.2       26.0     38.2     41.7     40.5 2020  2  7  2 54 42.920  0.00  36
   101393  40.296855 -124.376986     8.713       12.5      -28.0       -7.1     23.4     42.0     40.1 2020  3  8 19 42 41.580  0.00  36
   101396  40.298421 -124.377490     8.849      -30.4      145.9      129.4     30.8     41.5     57.9 2020  3 20 23 44 12.400  0.00  36
   101398  40.297225 -124.377132     8.706        0.0       13.1      -13.6     26.4     46.7     29.7 2020  4  8  2  0 22.120  0.00  36
   101399  40.296757 -124.377002     8.706       11.1      -38.9      -14.3     24.2     44.6     27.5 2020  4 15 18 15 23.100  0.00  36
   101402  40.296920 -124.377026     8.706        9.0      -20.8      -13.6     26.6     44.9     30.3 2020  4 19  7 46 54.060  0.00  36
   101408  40.296883 -124.375741     8.659      118.3      -24.9      -60.8     36.4     60.6     53.3 2020  8  6  8 32 23.100  0.00  36
   101410  40.296814 -124.376978     8.681       13.1      -32.5      -39.3     24.8     46.0     39.8 2020  9  3  7 35 28.420  0.00  36
   101413  40.296305 -124.376790     8.695       29.1      -89.0      -24.6     24.3     43.4     53.0 2020 11 12  2 44 16.520  0.00  36
   101418  40.297237 -124.376807     8.696       27.7       14.5      -23.9     24.0     46.4     36.0 2021  3 31 23 59 38.480  0.00  36
   101423  40.296944 -124.377075     8.702        4.8      -18.1      -17.9     26.4     30.2     28.0 2021  5 18 12 40 20.440  0.00  36
   101424  40.297131 -124.377051     8.715        6.9        2.7       -5.3     25.1     46.4     38.7 2021  5 19 22 43 10.320  0.00  36
   101427  40.297038 -124.378003     9.089      -74.0       -7.7      369.5     52.0     46.0     48.7 2021  6 28  8 37 35.300  0.00  36
   101428  40.297367 -124.378003     9.086      -74.0       28.9      365.7     52.0     47.8     53.3 2021  6 28  7 55  0.760  0.00  36
   101430  40.298767 -124.377588     8.846      -38.7      184.3      125.8     31.2     42.2     81.1 2021  6 28  1 24 33.540  0.00  36
   101432  40.296903 -124.377100     8.667        2.8      -22.6      -53.2     26.3     38.2     36.2 2021  7 28 16  2 31.160  0.00  36
   101433  40.297078 -124.377051     8.673        6.9       -3.2      -46.9     27.1     26.2     34.3 2021  7 28 16  9  1.560  0.00  36
   101437  40.296871 -124.375391     8.501      148.1      -26.2     -219.4     39.8     81.8     66.3 2021 12 19 12 20 16.920  0.00  36
   101438  40.294613 -124.375732     8.523      119.0     -277.0     -197.2     57.3    103.9     86.2 2021 12 19 12 43 37.120  0.00  36
   101442  40.297705 -124.375627     8.567      128.0       66.4     -153.5     44.0     91.3     64.1 2022  2 24 22 19 12.180  0.00  36
   101444  40.297217 -124.377043     8.737        7.6       12.2       17.4     21.9     30.8     29.4 2022  4  5 23 58  3.860  0.00  36
   101445  40.297412 -124.377287     8.736      -13.1       33.9       15.5     23.9     33.5     37.0 2022  4  6 20 48 44.220  0.00  36
   101446  40.297758 -124.376172     8.760       81.6       72.3       40.0     43.4     82.6     77.0 2022  4  6 23 44 48.880  0.00  36
   101448  40.299552 -124.377401     9.060      -22.8      271.5      340.1     49.5     66.2     64.5 2022  5 29 22  5 22.560  0.00  36
   101452  40.297160 -124.377108     8.713        2.1        5.9       -7.0     25.5     45.8     40.2 2022  9 27 16 34 38.900  0.00  36
   110294  40.296729 -124.377116     8.711        1.4      -42.0       -9.4     20.7     34.3     27.7 2023  5 20  7 11  5.220  0.56  36
