   106507  40.499915 -124.329395    19.861       58.6        3.2      -39.5      1.2      1.0      1.3 2020  2 19  1  2 53.940  0.00  22
   106508  40.499910 -124.330119    19.896       -2.8        2.7       -4.2      0.4      0.4      0.7 2020  9  1  2  9  2.720  0.00  22
   106517  40.500033 -124.329224    19.862       73.1       16.3      -38.0      1.1      1.1      1.3 2021  5  3 15 57 28.900  0.00  22
   106518  40.499984 -124.329460    19.913       53.1       10.8       13.1      1.1      0.7      1.0 2021  5 26  5 55 13.280  0.00  22
   106520  40.500822 -124.329850    20.084       20.0      103.9      184.3      1.2      1.5      2.1 2021 11 16  9 19 34.180  0.00  22
   106523  40.499788 -124.330070    19.897        1.4      -10.8       -3.1      0.6      0.5      0.5 2021 12 20 20 13 34.280  0.00  22
   106524  40.499910 -124.330111    19.903       -2.1        2.7        2.6      0.6      0.5      0.7 2021 12 20 23 36 10.800  0.00  22
   106527  40.499931 -124.330086    19.901        0.0        5.0        1.4      0.6      0.5      0.8 2021 12 21 16 55 43.720  0.00  22
   106529  40.499910 -124.329956    19.899       11.0        2.7       -0.9      0.7      0.3      0.4 2021 12 22 13 48 19.960  0.00  22
   106532  40.499931 -124.330046    19.901        3.4        5.0        0.8      0.4      0.4      0.5 2021 12 31 10 42 27.260  0.00  22
   106533  40.499845 -124.330216    19.898      -11.0       -4.5       -1.7      0.6      0.5      0.6 2021 12 31  3 37 56.200  0.00  22
   106534  40.499854 -124.330200    19.893       -9.7       -3.6       -6.5      0.6      0.5      0.7 2021 12 31 21 34 28.140  0.00  22
   106536  40.499963 -124.330135    19.901       -4.1        8.6        0.5      0.5      0.4      0.6 2022  1  9 11 45 39.380  0.00  22
   106539  40.499943 -124.330119    19.901       -2.8        6.3        0.6      0.4      0.4      0.6 2022  1 21 14 11  2.100  0.00  22
   106541  40.499906 -124.330151    19.902       -5.5        2.3        2.4      0.5      0.4      0.6 2022  2  4  4 18 16.160  0.00  22
   106542  40.499906 -124.330151    19.901       -5.5        2.3        0.9      0.4      0.4      0.6 2022  2 10  0 57 15.920  0.00  22
   106546  40.499874 -124.330119    19.896       -2.8       -1.4       -3.9      0.4      0.3      0.5 2022  2 18 16 18 39.800  0.00  22
   106549  40.499931 -124.330119    19.905       -2.8        5.0        5.4      0.5      0.4      0.7 2022  2 26  1 58 19.200  0.00  22
   106552  40.499939 -124.330151    19.909       -5.5        5.9        9.0      0.5      0.4      0.6 2022  3 10 21 16 10.420  0.00  22
   106557  40.499959 -124.330054    19.910        2.8        8.1       10.0      0.6      0.4      0.6 2022  4  6  3 51 39.260  0.00  22
   106560  40.499833 -124.330225    19.888      -11.7       -5.9      -11.9      0.7      0.5      0.6 2022  4 18  8  0 40.700  0.00  22
   106561  40.499833 -124.330062    19.887        2.1       -5.9      -13.2      0.5      0.4      0.6 2022  4 21  7 33 54.460  0.00  22
   106566  40.499898 -124.330062    19.897        2.1        1.4       -2.5      0.4      0.3      0.5 2022  5  5 21 18  3.760  0.00  22
   106567  40.499915 -124.330143    19.903       -4.8        3.2        3.1      0.4      0.4      0.6 2022  5  5 17 13 44.200  0.00  22
   106569  40.499947 -124.330103    19.908       -1.4        6.8        8.4      0.4      0.4      0.6 2022  5  7 12 38 39.640  0.00  22
   106570  40.499862 -124.330086    19.892        0.0       -2.7       -7.8      0.4      0.3      0.5 2022  5  8  7 49 19.740  0.00  22
   106572  40.499882 -124.330062    19.895        2.1       -0.5       -4.6      0.4      0.3      0.5 2022  5 16  5 33 29.740  0.00  22
   106573  40.499874 -124.330054    19.897        2.8       -1.4       -2.6      0.4      0.4      0.5 2022  5 20 19 54 22.980  0.00  22
   106574  40.499837 -124.330160    19.900       -6.2       -5.4        0.2      0.6      0.5      0.5 2022  5 20 15 50 39.120  0.00  22
   106575  40.499841 -124.330046    19.886        3.4       -5.0      -14.4      0.5      0.4      0.6 2022  5 20 22 17 57.460  0.00  22
   106576  40.499898 -124.330127    19.901       -3.4        1.4        1.1      0.4      0.3      0.5 2022  5 20 18 39 27.940  0.00  22
   106579  40.499805 -124.330257    19.880      -14.5       -9.0      -20.2      0.8      0.6      0.8 2022  5 23 22 22 59.620  0.00  22
   106581  40.499813 -124.330062    19.888        2.1       -8.1      -12.3      0.5      0.5      0.6 2022  5 24 11 32  4.600  0.00  22
   106584  40.499858 -124.330103    19.893       -1.4       -3.2       -6.6      0.5      0.3      0.5 2022  6  6  1 43  9.260  0.00  22
   106585  40.499878 -124.330037    19.895        4.1       -0.9       -5.2      0.4      0.4      0.5 2022  6  8 21 52 21.420  0.00  22
   106586  40.499882 -124.330054    19.897        2.8       -0.5       -3.2      0.4      0.3      0.4 2022  6  8  8 31  1.680  0.00  22
   106591  40.500053 -124.329476    19.863       51.7       18.5      -37.3      1.4      1.2      1.3 2022  7  6 22 51 29.360  0.00  22
   106593  40.499866 -124.330046    19.892        3.4       -2.3       -7.6      0.7      0.5      0.7 2022  7 27 21  8 17.640  0.00  22
   106594  40.499935 -124.330200    19.909       -9.7        5.4        8.5      1.1      0.9      1.3 2022  8 22 16 15 52.900  0.00  22
   106599  40.499992 -124.330037    19.908        4.1       11.7        7.8      0.6      0.5      0.6 2022  9  4  8 51 58.480  0.00  22
   106601  40.499959 -124.330078    19.908        0.7        8.1        8.1      0.5      0.4      0.5 2022  9  7  3 58 19.820  0.00  22
   106603  40.499809 -124.330176    19.882       -7.6       -8.6      -18.2      0.5      0.6      0.8 2022  9 16 11 23 56.920  0.00  22
   106604  40.499845 -124.330176    19.902       -7.6       -4.5        1.6      0.5      0.5      0.5 2022  9 21 12 55 45.460  0.00  22
   106606  40.499788 -124.330298    19.885      -17.9      -10.8      -14.9      0.8      0.7      0.8 2022  9 30  2 48 59.280  0.00  22
   106607  40.499801 -124.330452    19.886      -31.0       -9.5      -14.5      0.9      0.7      0.8 2022 10  2 22 20 34.200  0.00  22
   106608  40.499854 -124.330160    19.897       -6.2       -3.6       -3.3      0.5      0.4      0.5 2022 10  9  3 35 32.100  0.00  22
   110407  40.499902 -124.330127    19.902       -3.4        1.8        2.2      0.4      0.3      0.5 2023  5 30  8 32 35.380  1.14  22
