   103444  40.380021 -124.311076    29.997       60.1      101.2       36.6    793.8    888.4    383.0 2020  1 13 20  0 48.700  0.00  35
   103445  40.379016 -124.311540    29.959       20.7      -10.4       -1.4    636.3    489.4    306.3 2020  1 17  9  4 28.060  0.00  35
   103446  40.381653 -124.312467    30.081      -58.0      282.4      121.2    756.2   1037.7    640.2 2020  2 15 13 19 42.000  0.00  35
   103448  40.379085 -124.313770    30.003     -168.6       -2.7       42.9    787.5    623.5    412.5 2020  3  9  6 29 22.020  0.00  35
   103449  40.379468 -124.311369    29.954       35.2       39.8       -5.9    517.9    546.6    282.0 2020  3 18 23 28 44.420  0.00  35
   103450  40.379960 -124.313395    30.009     -136.8       94.4       48.8    722.7    532.5    448.5 2020  3 19  0 16 10.640  0.00  35
   103451  40.378992 -124.311589    29.949       16.6      -13.1      -11.4    406.0    423.2    320.5 2020  3 19  2 22 37.140  0.00  35
   103456  40.378153 -124.310311    29.892      125.1     -106.2      -67.6    910.8    819.7    658.1 2020  9 20 22 11 49.360  0.00  35
   103458  40.379521 -124.310929    29.947       72.6       45.6      -13.5    574.2    564.2    339.5 2021  5 23 13 43 10.780  0.00  35
   103459  40.379293 -124.311735    29.962        4.1       20.3        2.1    400.9    394.5    277.3 2021  5 28  2  1 24.580  0.00  35
   103460  40.379447 -124.311914    29.981      -11.1       37.5       21.5    353.9    445.9    293.1 2021  5 29  0 44  3.080  0.00  35
   103462  40.379525 -124.312028    29.992      -20.7       46.1       31.7    461.5    598.2    332.2 2021  7 28  6 52 50.280  0.00  35
   103463  40.379553 -124.312484    29.989      -59.4       49.2       29.1    640.7    560.3    401.5 2021  7 28  6 55  0.800  0.00  35
   103464  40.379785 -124.310343    29.946      122.3       75.0      -14.2    720.6    643.6    293.6 2021  8  5  8  0 52.700  0.00  35
   103465  40.378475 -124.311442    29.919       29.0      -70.5      -41.1    760.1    613.9    448.6 2021  9 21 10 44 24.620  0.00  35
   103466  40.379045 -124.311751    29.960        2.8       -7.2       -0.2    391.3    430.0    286.2 2021 10 12 19 30 52.540  0.00  35
   103467  40.379049 -124.311751    29.963        2.8       -6.8        3.2    348.9    463.6    295.0 2021 11  1 23 30 58.980  0.00  35
   103468  40.379000 -124.311825    29.956       -3.5      -12.2       -4.1    457.7    426.0    292.0 2021 12 20 21 35  3.460  0.00  35
   103469  40.379138 -124.311711    29.961        6.2        3.2        1.3    355.1    437.6    292.6 2021 12 20 20 41 52.700  0.00  35
   103476  40.379195 -124.311759    29.965        2.1        9.5        5.1    367.6    414.1    280.4 2021 12 21  7 34 40.340  0.00  35
   103478  40.379439 -124.311930    29.982      -12.4       36.6       22.1    464.0    568.1    323.4 2021 12 21  2 24 30.100  0.00  35
   103481  40.379281 -124.310921    29.943       73.3       19.0      -17.1    600.6    544.5    358.3 2021 12 21 13 38 46.280  0.00  35
   103483  40.379073 -124.308252    29.866      299.9       -4.1      -93.7    971.9    860.8    488.0 2021 12 21 18  6 14.020  0.00  35
   103485  40.378996 -124.311678    29.964        9.0      -12.7        4.3    547.6    656.3    460.6 2021 12 21 12 55 44.420  0.00  35
   103487  40.380497 -124.312533    30.011      -63.6      154.1       51.1    577.1    649.0    446.9 2021 12 22 20 10 26.700  0.00  35
   103488  40.379395 -124.312240    29.978      -38.7       31.6       18.2    628.3    520.8    351.5 2021 12 24  1  7 26.940  0.00  35
   103490  40.379057 -124.311800    29.957       -1.4       -5.9       -2.7    402.3    398.4    283.8 2021 12 25 22 20 25.620  0.00  35
   103491  40.379260 -124.312044    29.980      -22.1       16.7       19.8    382.1    599.3    340.3 2022  1  1  8 26 24.020  0.00  35
   103494  40.379561 -124.312712    29.982      -78.8       50.2       22.3    784.7    624.3    399.2 2022  1  9 11 44 48.340  0.00  35
   103495  40.379407 -124.312207    29.985      -35.9       33.0       25.0    690.1    553.6    406.0 2022  1 15  9 42 46.520  0.00  35
   103496  40.380717 -124.308382    29.895      288.9      178.5      -65.3   1042.5   1071.3    418.2 2022  1 23 12 56  0.000  0.00  35
   103498  40.379097 -124.311922    29.962      -11.7       -1.4        2.0    427.1    428.4    266.6 2022  4  8 14 16 31.500  0.00  35
   103499  40.379264 -124.311865    29.967       -6.9       17.2        7.3    354.4    457.8    286.8 2022  5 22  8  2 34.980  0.00  35
   110322  40.378870 -124.311947    29.955      -13.8      -26.7       -4.7    401.3    430.9    282.3 2023  4 30  3 17 51.430  0.24  35
