   104513  40.405790 -124.347738    28.349     -960.3     1594.5     -438.3     20.8     14.3     20.3 2020  1 21  3  0 13.680  0.00  57
   104515  40.407076 -124.351082    28.562    -1244.3     1737.3     -225.2     12.2     11.9      8.7 2020  7 27  8 38 54.500  0.00  57
   104516  40.407943 -124.350659    28.593    -1208.3     1833.5     -194.4      5.7      7.0      5.0 2021  5  6 16  3 56.100  0.00  57
   104518  40.407178 -124.351139    28.571    -1249.1     1748.6     -216.4     13.0     11.3      7.7 2021  5 21  0  9 12.220  0.00  57
   104520  40.408529 -124.350684    28.622    -1210.4     1898.6     -165.0      7.5     11.2      7.3 2021 12 20 21 40 27.420  0.00  57
   104521  40.405050 -124.352010    28.714    -1323.0     1512.3      -73.2     19.0     17.4     19.6 2022  1  6  1  8 41.420  0.00  57
   104522  40.406767 -124.351131    28.572    -1248.4     1703.0     -215.7     10.9     13.3     11.0 2022  8 10  4 54 15.660  0.00  57
   108928  40.379439 -124.325732    28.956      908.0    -1331.6      168.8     10.3      9.4      8.8 2020  8 18  7 42 21.560  0.00  57
   108931  40.378507 -124.326017    28.929      883.8    -1435.0      141.6     14.2     17.8      9.6 2021 11  3  1  3 27.500  0.00  57
   108935  40.379569 -124.325863    28.901      896.9    -1317.1      113.2     12.2     11.7     12.6 2021 12 20 23 44 13.940  0.00  57
   108936  40.380005 -124.326034    28.957      882.4    -1268.7      169.3     10.1     11.7      9.6 2021 12 20 20 20  4.260  0.00  57
   108937  40.378764 -124.325765    28.929      905.2    -1406.6      142.0     13.4     16.6      8.7 2021 12 20 20 39 20.900  0.00  57
   108940  40.379179 -124.325187    28.884      954.3    -1360.5       96.1     13.6     25.6     13.0 2021 12 20 23 54 29.040  0.00  57
   108946  40.379956 -124.325627    28.916      917.0    -1274.2      128.6     14.6     18.7     11.9 2021 12 22  6 16 37.920  0.00  57
   108949  40.379838 -124.325863    28.947      896.9    -1287.3      160.0     10.2     11.5      9.3 2021 12 23 21 58  8.480  0.00  57
   108950  40.379154 -124.325928    28.940      891.4    -1363.2      153.1     10.7     11.5     10.0 2021 12 23 10 55 57.180  0.00  57
   108955  40.379830 -124.325049    28.886      966.0    -1288.2       98.3     12.6     15.0     17.3 2022  3  8 12 56 15.060  0.00  57
   110342  40.408663 -124.351514    28.598    -1280.9     1913.5     -189.7      6.7      7.5      5.1 2023  5 15 11 35 50.560  2.49  57
   110571  40.379411 -124.324878    28.949      980.5    -1334.7      161.4      9.4      5.9      9.0 2023  5 18 17 14 50.720  1.28  57
