   101367  40.297852 -124.377523     8.691      -33.2       82.7      -28.9     28.2     49.3     45.6 2020  1  3 18 37 48.420  0.00  36
   101368  40.297831 -124.377547     8.676      -35.3       80.4      -44.3     28.5     49.9     49.5 2020  1  3 21  3 28.940  0.00  36
   101377  40.300004 -124.378044     9.157      -77.5      321.7      436.7     40.9     63.1     67.3 2020  1 25  4  5 34.620  0.00  36
   101379  40.297408 -124.377832     9.100      -59.5       33.4      380.3     48.7     45.8     50.7 2020  1 25  3 30 34.600  0.00  36
   101380  40.298250 -124.378385     9.132     -106.6      127.0      412.0     42.5     50.0     58.8 2020  1 25  4 10 12.200  0.00  36
   101382  40.298617 -124.378304     9.141      -99.6      167.6      420.5     40.1     54.1     61.6 2020  1 25  3 31 37.080  0.00  36
   101383  40.297034 -124.376888     8.722       20.8       -8.1        1.6     18.5     34.9     21.3 2020  2  6 17 51  9.320  0.00  36
   101389  40.297758 -124.377482     8.742      -29.8       72.3       22.0     24.5     30.9     29.7 2020  2  6 13 51  8.720  0.00  36
   101391  40.298572 -124.376823     8.744       26.3      162.7       24.3     36.2     38.8     37.7 2020  2  7  2 54 42.920  0.00  36
   101393  40.296847 -124.376986     8.714       12.5      -28.9       -6.5     23.6     41.0     38.6 2020  3  8 19 42 41.580  0.00  36
   101396  40.298486 -124.377498     8.851      -31.1      153.2      131.3     25.8     36.2     51.4 2020  3 20 23 44 12.400  0.00  36
   101398  40.297233 -124.377132     8.705        0.0       14.0      -14.9     24.1     43.0     28.9 2020  4  8  2  0 22.120  0.00  36
   101399  40.296745 -124.377002     8.705       11.1      -40.2      -14.7     23.1     41.8     25.9 2020  4 15 18 15 23.100  0.00  36
   101402  40.296912 -124.377026     8.706        9.0      -21.7      -14.2     26.1     43.1     29.2 2020  4 19  7 46 54.060  0.00  36
   101408  40.296895 -124.375675     8.660      123.9      -23.5      -60.2     34.8     55.2     49.0 2020  8  6  8 32 23.100  0.00  36
   101410  40.296810 -124.376969     8.679       13.8      -33.0      -41.3     24.3     45.0     37.6 2020  9  3  7 35 28.420  0.00  36
   101413  40.296281 -124.376782     8.697       29.8      -91.7      -22.6     23.6     39.6     49.8 2020 11 12  2 44 16.520  0.00  36
   101418  40.297257 -124.376790     8.696       29.1       16.7      -24.4     23.9     40.9     32.9 2021  3 31 23 59 38.480  0.00  36
   101423  40.296932 -124.377075     8.701        4.8      -19.4      -18.9     23.6     30.3     24.9 2021  5 18 12 40 20.440  0.00  36
   101424  40.297135 -124.377051     8.714        6.9        3.2       -5.6     24.8     46.3     37.5 2021  5 19 22 43 10.320  0.00  36
   101427  40.297038 -124.378044     9.099      -77.5       -7.7      379.3     49.0     43.3     48.6 2021  6 28  8 37 35.300  0.00  36
   101428  40.297396 -124.378044     9.098      -77.5       32.1      377.6     49.0     44.5     52.4 2021  6 28  7 55  0.760  0.00  36
   101430  40.298828 -124.377588     8.841      -38.7      191.1      120.7     27.0     38.6     76.1 2021  6 28  1 24 33.540  0.00  36
   101432  40.296887 -124.377100     8.663        2.8      -24.4      -56.8     22.9     37.4     34.9 2021  7 28 16  2 31.160  0.00  36
   101433  40.297078 -124.377051     8.670        6.9       -3.2      -50.0     23.6     26.0     32.8 2021  7 28 16  9  1.560  0.00  36
   101437  40.296895 -124.375309     8.489      155.0      -23.5     -230.7     39.4     74.8     64.1 2021 12 19 12 20 16.920  0.00  36
   101438  40.294495 -124.375675     8.512      123.9     -290.1     -208.3     52.3     95.6     79.2 2021 12 19 12 43 37.120  0.00  36
   101442  40.297799 -124.375553     8.563      134.2       76.8     -157.1     43.0     85.0     61.5 2022  2 24 22 19 12.180  0.00  36
   101444  40.297213 -124.377035     8.738        8.3       11.7       18.3     17.3     31.4     24.8 2022  4  5 23 58  3.860  0.00  36
   101445  40.297380 -124.377279     8.733      -12.5       30.3       12.6     21.1     35.6     36.6 2022  4  6 20 48 44.220  0.00  36
   101446  40.297921 -124.376164     8.776       82.3       90.4       55.6     42.3     77.2     70.0 2022  4  6 23 44 48.880  0.00  36
   101448  40.299666 -124.377401     9.077      -22.8      284.2      357.5     46.7     63.3     61.8 2022  5 29 22  5 22.560  0.00  36
   101452  40.297160 -124.377108     8.712        2.1        5.9       -8.1     25.1     45.4     38.9 2022  9 27 16 34 38.900  0.00  36
   110294  40.296704 -124.377116     8.710        1.4      -44.7       -9.7     18.7     31.4     26.6 2023  5 20  7 11  5.220  0.56  36
