   104315  40.499910 -124.471509    28.796       -4.8      -31.6      -23.7     40.6     55.7     45.5 2020  2 29  6 32  4.220  0.00  44
   104316  40.499996 -124.471248    28.785       17.2      -22.1      -34.5     33.9     37.4     40.4 2020  2 29  5 10 55.440  0.00  44
   104318  40.499438 -124.471834    28.793      -32.4      -84.0      -27.2     57.9     94.5     67.5 2020  3  9  4  5 43.220  0.00  44
   104320  40.499601 -124.471069    28.723       32.4      -66.0      -97.0     35.1     51.7     46.1 2020  4  7 20 37 32.440  0.00  44
   104328  40.500598 -124.471688    28.880      -20.0       44.7       59.8     49.8     49.6     61.3 2020  8 25  0 14 44.680  0.00  44
   104329  40.499972 -124.471411    28.803        3.4      -24.9      -16.6     33.6     50.8     42.4 2021  2 18  7 41 28.860  0.00  44
   104331  40.499715 -124.472168    28.892      -60.7      -53.3       72.1     44.0     71.7     50.5 2021  5  8  9 20 14.780  0.00  44
   104335  40.499927 -124.471102    28.780       29.7      -29.8      -39.9     35.9     35.1     39.5 2021  7  4  9 17 56.000  0.00  44
   104338  40.501021 -124.472599    29.028      -97.3       91.7      207.7     69.9     63.4     73.2 2021  7  9  8 58 26.480  0.00  44
   104341  40.498275 -124.471126    28.774       27.6     -213.3      -46.1     70.1     61.9     85.2 2021  7 22 17  3 20.420  0.00  44
   104346  40.499878 -124.471411    28.801        3.4      -35.2      -19.4     35.5     39.3     41.6 2021  8 12 22  5 24.040  0.00  44
   104348  40.499963 -124.470776    28.749       57.3      -25.8      -71.2     42.3     50.5     37.8 2021  9  9 17 29 27.180  0.00  44
   104349  40.500024 -124.471216    28.779       20.0      -19.0      -40.7     33.8     37.4     41.2 2021  9 11  3 40  9.640  0.00  44
   104353  40.502954 -124.476172    29.333     -400.1      306.3      513.4     93.5     88.5    103.4 2021  9 25  2 26 47.460  0.00  44
   104355  40.499841 -124.472070    28.857      -52.4      -39.3       37.3     48.3     62.9     46.0 2021 10 31  6  6 24.240  0.00  44
   104356  40.499801 -124.472078    28.848      -53.1      -43.8       27.9     48.9     66.9     48.5 2021 10 31  6 11 51.880  0.00  44
   104357  40.500146 -124.471370    28.794        6.9       -5.4      -26.5     33.9     41.5     45.4 2021 11 20  7 24  9.400  0.00  44
   104358  40.499927 -124.471248    28.782       17.2      -29.8      -37.5     32.1     35.9     38.4 2021 12 18  9 25 32.000  0.00  44
   104359  40.500370 -124.471493    28.879       -3.4       19.4       58.7     58.3     41.6     45.2 2021 12 18 22 39 54.400  0.00  44
   104360  40.500065 -124.471200    28.802       21.4      -14.5      -18.4     39.8     37.0     43.3 2021 12 18  9  9 50.140  0.00  44
   104364  40.500822 -124.472225    28.953      -65.5       69.6      132.6     68.3     71.1     82.6 2021 12 20 21 52 57.420  0.00  44
   104365  40.500004 -124.470793    28.749       55.9      -21.2      -70.8     42.0     52.0     38.8 2021 12 20 20 20 46.040  0.00  44
   104368  40.499679 -124.472233    28.904      -66.2      -57.4       83.7     43.0     72.9     51.5 2022  1 18 19 57 40.240  0.00  44
   104369  40.499141 -124.471289    28.709       13.8     -117.0     -111.4     57.8     67.2     50.9 2022  1 23 14 14 28.080  0.00  44
   104370  40.500118 -124.470142    28.832      111.1       -8.6       12.3     73.6     71.2     80.6 2022  2 18  3 26 35.760  0.00  44
   104371  40.499752 -124.472095    28.886      -54.5      -49.3       66.4     47.1     49.8     62.0 2022  3  3  0 51 53.940  0.00  44
   104372  40.499845 -124.472428    28.877      -82.8      -38.9       57.4     60.0     81.9     50.0 2022  3 20 12  6 54.320  0.00  44
   104373  40.498112 -124.470443    28.560       85.5     -231.3     -260.3     81.7     96.3    101.6 2022  3 22 20 56 34.200  0.00  44
   110336  40.500228 -124.471257    28.793       16.6        3.6      -26.6     35.2     42.2     38.8 2022 12 22 20 56 54.800  1.39  44
