   103313  40.387142 -124.284676    30.566       67.0       15.8      -34.3     78.8    126.8     71.3 2020  2 15 13  9 35.880  0.00  41
   103314  40.387122 -124.284692    30.563       65.6       13.6      -36.5     66.1    131.2     76.3 2020  2 15 12 12 19.360  0.00  41
   103315  40.387207 -124.284896    30.612       48.4       23.0       12.1     81.2     77.1     46.0 2020  3 18 22 35 28.520  0.00  41
   103318  40.386934 -124.285767    30.593      -25.6       -7.2       -6.9     96.6     72.1     58.8 2021  3 24  9 30 55.440  0.00  41
   103319  40.386938 -124.285303    30.588       13.8       -6.8      -12.3     62.3     53.2     48.5 2021  8 17  5 27  3.920  0.00  41
   103320  40.386625 -124.283431    30.585      172.8      -41.6      -14.5    221.1     83.4     45.3 2021  9 14  9 59 47.740  0.00  41
   103322  40.385844 -124.276099    30.567      795.3     -128.3      -33.4    333.9    161.8     91.2 2021 11  3  0 28 20.280  0.00  41
   103323  40.386869 -124.286043    30.577      -49.1      -14.5      -22.9    146.4    101.6     61.1 2021 11  3  6 31 54.860  0.00  41
   103325  40.385950 -124.280404    30.575      429.8     -116.6      -25.3    464.8     90.4     49.9 2021 11 13  5 33 46.340  0.00  41
   103327  40.387594 -124.285221    30.635       20.7       66.0       35.1     76.1    113.5     71.4 2021 12 20 21 25  6.680  0.00  41
   103328  40.387272 -124.285181    30.623       24.2       30.3       22.7     73.3     78.4     58.4 2021 12 20 20 24 46.540  0.00  41
   103329  40.387386 -124.287956    30.621     -211.4       42.9       21.5    212.6     78.0     48.5 2021 12 20 20 56 50.100  0.00  41
   103330  40.385950 -124.287915    30.563     -208.0     -116.6      -37.0     92.1     72.0     47.8 2021 12 20 22 41  8.120  0.00  41
   103331  40.386910 -124.285539    30.592       -6.2       -9.9       -7.8     76.9     71.2     49.8 2021 12 21 20 23 41.540  0.00  41
   103332  40.386983 -124.285262    30.601       17.3       -1.8        0.9     89.8     70.5     49.9 2021 12 21  0  9 50.600  0.00  41
   103333  40.386898 -124.285376    30.580        7.6      -11.3      -20.4     88.7     34.3     76.0 2021 12 21  2 46  7.160  0.00  41
   103337  40.387467 -124.286727    30.619     -107.1       52.0       19.3    159.6     93.7     54.4 2021 12 21  4 41 45.900  0.00  41
   103341  40.387891 -124.287240    30.634     -150.6       99.0       33.5    129.8    107.5     79.4 2021 12 21  1 59 38.600  0.00  41
   103345  40.386292 -124.285417    30.577        4.1      -78.6      -22.6     61.4     83.5     45.0 2021 12 22 12  3 31.780  0.00  41
   103348  40.387630 -124.286849    30.627     -117.5       70.0       26.6    127.3    119.3     73.1 2021 12 25 13  9 17.400  0.00  41
   103349  40.389994 -124.282699    30.722      234.9      332.5      121.9   1332.2    248.1    139.8 2021 12 25  2 19 30.600  0.00  41
   103350  40.386926 -124.285400    30.608        5.5       -8.1        8.0     90.7     70.9     64.1 2021 12 26  4 29 53.280  0.00  41
   103353  40.387419 -124.286670    30.614     -102.3       46.5       13.7    161.9    120.2     69.4 2022  1  1 16 21 37.340  0.00  41
   103354  40.387398 -124.288200    30.602     -232.2       44.3        1.9    212.8     83.3     51.2 2022  1  7  0 16 26.240  0.00  41
   103356  40.387040 -124.285132    30.602       28.3        4.5        1.7     98.2     66.4     46.7 2022  1 20  8 13 37.120  0.00  41
   103361  40.387122 -124.285238    30.608       19.3       13.6        7.6     97.7     77.5     48.4 2022  4 25 14 43 53.920  0.00  41
   103363  40.387370 -124.285352    30.637        9.7       41.1       37.2     61.0    117.3     77.4 2022  5 15  0 24 23.100  0.00  41
   103366  40.386841 -124.285409    30.592        4.8      -17.6       -7.5     65.0     70.0     51.7 2022  6 29 19 18 19.300  0.00  41
   103367  40.387622 -124.280550    30.600      417.4       69.1        0.0    315.3    108.4     56.5 2022  8  2 13 46 54.320  0.00  41
   103369  40.386930 -124.285946    30.593      -40.8       -7.7       -7.0    128.7     69.4     44.9 2022  9  1 22 17 11.240  0.00  41
   103370  40.387777 -124.287923    30.580     -208.7       86.3      -19.8    486.7     91.1     50.1 2022 10 13  6  5 38.260  0.00  41
   110320  40.386898 -124.285449    30.600        1.4      -11.3       -0.1     57.9     61.0     43.6 2023  5  3 16 44 54.560  1.67  41
