   103511  40.416488 -124.635465    27.639       22.8      -25.8     -151.4      1.6      1.9      4.0 2020  5  7  4 53 23.220  0.00  19
   103516  40.416825 -124.635718    27.805        1.4       11.7       15.2      0.7      1.2      1.4 2020  6 21  2  0 47.320  0.00  19
   103523  40.416659 -124.635661    27.781        6.2       -6.8       -9.3      0.7      1.2      1.5 2020  8 20 22 23  4.640  0.00  19
   103526  40.416821 -124.635734    27.803        0.0       11.3       13.4      1.1      1.5      2.1 2020  8 31  6  6  1.700  0.00  19
   103527  40.416919 -124.635913    27.869      -15.2       22.1       79.3      1.2      1.9      2.3 2020  9  2 12 23  8.680  0.00  19
   103528  40.416626 -124.635677    27.784        4.8      -10.4       -6.3      0.7      1.2      1.4 2020  9 21 17 56 19.800  0.00  19
   103529  40.416720 -124.635645    27.784        7.6        0.0       -6.5      0.7      1.8      1.9 2020  9 23  9  0 29.540  0.00  19
   103531  40.416630 -124.635653    27.776        6.9       -9.9      -13.7      0.8      1.2      1.6 2020 10 10  1 19 51.240  0.00  19
   103532  40.416703 -124.635701    27.791        2.8       -1.8        0.8      0.7      1.1      1.4 2020 10 11 19 49 37.260  0.00  19
   103533  40.416728 -124.635710    27.794        2.1        0.9        4.1      0.7      1.1      1.5 2020 10 16  3  5  6.520  0.00  19
   103539  40.415946 -124.636060    27.881      -27.6      -85.8       91.1      1.5      3.0      2.8 2020 11 14  7 19 30.280  0.00  19
   103545  40.416850 -124.635669    27.786        5.5       14.5       -4.5      0.6      1.4      1.3 2020 12 29 22  2 25.740  0.00  19
   103546  40.416602 -124.635653    27.776        6.9      -13.1      -14.2      0.7      1.2      1.5 2021  1 21  2 49 11.860  0.00  19
   103547  40.416801 -124.635352    27.673       32.5        9.0     -116.6      1.6      2.4      3.4 2021  2  7 23 10 50.320  0.00  19
   103553  40.416793 -124.635701    27.802        2.8        8.1       12.3      0.8      1.3      1.5 2021  4  8  6 57 45.620  0.00  19
   103554  40.416842 -124.635750    27.814       -1.4       13.6       23.6      0.8      1.2      1.5 2021  4 12  6 17  4.740  0.00  19
   103555  40.416516 -124.635718    27.799        1.4      -22.6        9.0      0.6      1.4      1.4 2021  5  5 21 30  7.880  0.00  19
   103558  40.416752 -124.635718    27.797        1.4        3.6        6.5      0.8      1.2      1.4 2021  5 25  4  7 24.640  0.00  19
   103559  40.416667 -124.635742    27.796       -0.7       -5.9        6.3      0.8      1.8      1.6 2021  5 27 18  4 14.220  0.00  19
   103563  40.416752 -124.635710    27.795        2.1        3.6        5.4      0.7      1.2      1.4 2021  6 20 17 45  6.940  0.00  19
   103564  40.416711 -124.635718    27.793        1.4       -0.9        3.3      0.7      1.2      1.4 2021  6 22  6 39 12.360  0.00  19
   103566  40.416638 -124.635653    27.781        6.9       -9.0       -8.8      0.7      1.2      1.4 2021  7  3 23 13 39.300  0.00  19
   103567  40.416642 -124.635653    27.777        6.9       -8.6      -13.0      0.7      1.2      1.5 2021  7  9 19  5 46.580  0.00  19
   103568  40.417273 -124.635352    27.701       32.5       61.4      -89.4      1.5      2.8      2.7 2021  7 11 13 20 49.540  0.00  19
   103574  40.416781 -124.635669    27.794        5.5        6.8        4.3      0.7      1.8      1.8 2021  8  4 21 24 15.580  0.00  19
   103575  40.416663 -124.635734    27.802        0.0       -6.3       12.4      0.7      1.0      1.4 2021  8 13  6 10 27.160  0.00  19
   103580  40.416622 -124.635653    27.783        6.9      -10.8       -7.1      0.8      1.3      1.5 2021  9  5 15 20 51.120  0.00  19
   103581  40.416630 -124.635653    27.784        6.9       -9.9       -5.7      0.8      1.3      1.5 2021  9  5 18  6  2.080  0.00  19
   103588  40.416622 -124.635718    27.797        1.4      -10.8        7.3      0.6      1.0      1.2 2021 11 15 20 36 56.500  0.00  19
   103592  40.416394 -124.635783    27.812       -4.1      -36.1       21.9      0.8      1.8      1.4 2021 12 17  9 32 52.640  0.00  19
   103593  40.416793 -124.635734    27.802        0.0        8.1       12.5      0.8      1.3      1.4 2021 12 30  8 56 43.400  0.00  19
   103595  40.416785 -124.635734    27.806        0.0        7.2       16.2      0.9      1.4      1.6 2022  1 12  6  0 47.680  0.00  19
   103596  40.416117 -124.635335    27.637       33.8      -66.9     -152.9      2.3      3.8      4.3 2022  1 16 20 48 33.420  0.00  19
   103602  40.416703 -124.635701    27.791        2.8       -1.8        0.6      0.7      1.2      1.2 2022  2 13 14 34 37.180  0.00  19
   103603  40.416471 -124.635710    27.789        2.1      -27.6       -0.9      0.7      1.5      1.5 2022  2 18 10 30 45.580  0.00  19
   103604  40.416414 -124.635661    27.774        6.2      -33.9      -15.6      0.7      1.7      1.6 2022  2 18 10 29 22.700  0.00  19
   103610  40.416654 -124.635742    27.805       -0.7       -7.2       14.6      0.7      1.1      1.3 2022  3 11  2 27 42.400  0.00  19
   103612  40.416858 -124.635807    27.827       -6.2       15.4       37.1      1.3      2.1      2.1 2022  3 27 15 36 15.060  0.00  19
   103613  40.416797 -124.635758    27.806       -2.1        8.6       16.2      1.1      1.6      1.7 2022  3 27 14 10 14.080  0.00  19
   103614  40.416813 -124.635734    27.808        0.0       10.4       17.7      0.7      1.1      1.4 2022  4  5  7 42 15.200  0.00  19
   103616  40.416772 -124.635718    27.796        1.4        5.9        6.1      0.8      1.3      1.4 2022  4 10 20  1 33.680  0.00  19
   103617  40.415926 -124.635848    27.801       -9.7      -88.1       11.4      0.9      2.7      1.2 2022  4 10 11 29 25.840  0.00  19
   103619  40.416512 -124.635588    27.760       12.4      -23.0      -29.6      1.2      2.3      2.1 2022  4 16 11 33 57.200  0.00  19
   103621  40.416610 -124.635758    27.805       -2.1      -12.2       15.5      0.8      1.3      1.4 2022  4 26  2 38 32.820  0.00  19
   103627  40.416703 -124.635701    27.791        2.8       -1.8        0.6      0.7      1.2      1.3 2022  6 15 21 43 33.360  0.00  19
   103629  40.416720 -124.635742    27.806       -0.7        0.0       16.3      0.7      1.0      1.4 2022  6 28 22 40 13.060  0.00  19
   103633  40.416203 -124.635937    27.841      -17.3      -57.4       50.7      1.1      2.5      1.9 2022  7 21 10 58 56.360  0.00  19
   103635  40.416187 -124.636027    27.862      -24.9      -59.2       71.9      1.4      2.7      2.5 2022  7 21  9 41 45.700  0.00  19
   103638  40.417330 -124.635457    27.731       23.5       67.8      -59.0      1.3      3.0      2.1 2022  7 29  4 44  3.980  0.00  19
   103639  40.416659 -124.635669    27.786        5.5       -6.8       -3.9      0.7      1.2      1.3 2022  8  1 11 57 40.720  0.00  19
   103643  40.416610 -124.635661    27.776        6.2      -12.2      -14.3      0.8      1.3      1.5 2022  8 19  1 15 44.200  0.00  19
   103648  40.416602 -124.635677    27.781        4.8      -13.1       -9.0      0.6      1.1      1.3 2022  9 24 22  0 20.980  0.00  19
   103654  40.416691 -124.635669    27.775        5.5       -3.2      -15.0      0.8      1.6      1.5 2022 11 19 23 53 55.780  0.00  19
   103655  40.416675 -124.635669    27.787        5.5       -5.0       -2.8      0.7      1.3      1.3 2022 11 21  7 59 21.280  0.00  19
   110323  40.416756 -124.635693    27.790        3.5        4.1        0.2      0.6      1.0      1.2 2022 12 17 21 51 15.200  2.06  19
