   103299  40.300631 -124.440576    16.090     -301.0      601.8     4786.1     17.0     42.0     20.1 2020  1 11  8  9 53.220  0.00   3
   103302  40.318079 -124.439730    16.028     -229.0     2539.3     4724.1     31.9     55.1     39.6 2020  6 20  1 12  2.720  0.00   3
   103304  40.300285 -124.448128    14.880     -943.1      563.4     3576.2     24.3     87.0     40.4 2021  9  3 16 25 22.980  0.00   3
   103305  40.303149 -124.441846    16.177     -408.9      881.5     4872.7     17.8     35.5     25.1 2021 10 26 20 14 25.640  0.00   3
   103306  40.301493 -124.442049    16.490     -426.2      697.6     5185.3     21.1     52.1     33.6 2021 11 29  3 55 54.720  0.00   3
   103308  40.297624 -124.447591    14.928     -897.4      267.9     3623.5     22.1     36.5     39.4 2022  1 17  0 41 16.960  0.00   3
   103309  40.301432 -124.446785    15.902     -828.9      690.8     4597.4     21.8     32.6     29.2 2022  4 21 18 50  2.480  0.00   3
   103310  40.295451 -124.448934    15.301    -1011.6       26.7     3997.1     18.6     33.3     26.2 2022  6 13 23 51 29.320  0.00   3
   104529  40.273661 -124.451375    14.193    -1219.4    -2392.9     2889.0      8.6     19.4     14.6 2020  3 14  9  6 38.520  0.00   3
   104530  40.267330 -124.449756    14.712    -1081.7    -3095.9     3408.0      9.7     17.6     14.1 2020  7  5  7 46  8.620  0.00   3
   104531  40.280127 -124.452067    15.377    -1278.1    -1674.9     4072.9     17.9     40.8     24.2 2021  6 10 16  5 44.680  0.00   3
   104533  40.271684 -124.452083    14.278    -1279.6    -2612.5     2973.5      9.3     18.3     18.4 2022  4 17 20 31 47.720  0.00   3
   104534  40.271541 -124.453296    14.599    -1382.7    -2628.3     3294.5     11.8     15.4     23.1 2022  5 15  1 35 15.920  0.00   3
   104535  40.281685 -124.449463    15.203    -1056.7    -1501.9     3898.9     13.3     46.2     24.1 2022  9 24 21 28 45.640  0.00   3
   104693  40.292879 -124.468742     7.102    -2695.8     -258.9    -4202.6     14.7     28.3     28.6 2020  1 24  1 39  2.400  0.00   3
   104694  40.292688 -124.467025     8.257    -2549.8     -280.1    -3047.1     12.8     22.7     34.8 2020  2 21  1 12  7.100  0.00   3
   104696  40.290519 -124.464884     9.496    -2367.9     -521.0    -1808.7     24.8     52.6     98.7 2021  1  1 15 20 43.060  0.00   3
   104698  40.287297 -124.471126     7.240    -2898.7     -878.8    -4064.6     26.7     55.1     44.7 2021  5 16  2 25 38.800  0.00   3
   104703  40.305656 -124.466390     7.649    -2495.6     1159.8    -3655.2     23.0     49.1     44.2 2021  9 20 16 48 26.020  0.00   3
   104712  40.294592 -124.466561     8.136    -2510.4      -68.7    -3168.3     15.7     28.9     43.1 2022  8  6  8 20 30.200  0.00   3
   104713  40.291980 -124.467212     8.548    -2565.8     -358.7    -2756.6     10.0     28.2     22.2 2022  8  7  0 51 52.880  0.00   3
   104715  40.302551 -124.467000     8.381    -2547.6      815.1    -2923.3     20.4     39.4     32.5 2022  9 22  7  9 12.140  0.00   3
   104895  40.292013 -124.433700    10.256      283.7     -355.1    -1048.0     16.7     12.1     22.2 2021  1  2 20 59 55.420  0.00   3
   104900  40.289600 -124.435262     9.772      150.8     -623.1    -1532.1     20.1     23.2     26.7 2022  6 30 13 34 13.920  0.00   3
   105395  40.290393 -124.476196     9.981    -3329.7     -535.0    -1323.2     13.2     18.6     18.1 2020  2 27  1 53 26.280  0.00   3
   105396  40.290645 -124.475936     9.997    -3307.6     -506.9    -1307.5     13.2     23.4     15.7 2020  2 27  1  4 58.680  0.00   3
   105401  40.293319 -124.474097     9.975    -3151.1     -210.1    -1329.1     20.9     32.0     19.9 2021  5 27 20 55 42.820  0.00   3
   105402  40.288611 -124.475724     9.918    -3289.6     -732.9    -1385.7     13.0     16.1     19.0 2021 11  2 18 31 25.320  0.00   3
   105405  40.297001 -124.476001     9.802    -3312.9      198.8    -1501.9     16.7     37.6     23.7 2022  2  5 14  9 41.840  0.00   3
   105567  40.295968 -124.410254     9.080     2277.1       84.0    -2224.0      7.5     11.2      9.7 2020  2  6 20  4 39.780  0.00   3
   105568  40.295785 -124.410270     9.118     2275.8       63.7    -2186.3      7.3      9.5      8.8 2020  2  6 12 55 50.160  0.00   3
   105573  40.295646 -124.410042     9.194     2295.1       48.3    -2110.7      7.6     13.8     11.6 2020  2  6  9 49 16.800  0.00   3
   105578  40.294226 -124.409928     9.043     2304.9     -109.3    -2261.5     15.5     19.1     13.3 2020  2  6  8 23 41.280  0.00   3
   105580  40.293844 -124.409969     9.037     2301.4     -151.8    -2267.1     16.8     20.9     15.2 2020  2  6  8 22 33.120  0.00   3
   105582  40.296004 -124.410059     9.181     2293.8       88.1    -2122.8      9.4     11.9     11.3 2020  2  6  9 57 11.480  0.00   3
   105583  40.295549 -124.410132     9.155     2287.5       37.5    -2148.8      8.3     12.5     10.7 2020  2  6  8 34 54.000  0.00   3
   105586  40.298698 -124.409798     9.132     2315.8      387.2    -2172.0     18.0     22.8     13.9 2020  2  6 12  3  0.260  0.00   3
   105587  40.292371 -124.410368     8.931     2267.5     -315.4    -2373.2     16.1     29.1     19.6 2020  2  6  9 41 35.420  0.00   3
   105589  40.295508 -124.409741     9.214     2320.7       33.0    -2090.3      7.8     18.0     14.0 2020  2  6  8 20 25.240  0.00   3
   105590  40.296139 -124.409953     9.221     2302.7      103.0    -2083.1     11.8     12.0     15.1 2020  2  6 10  7 53.040  0.00   3
   105591  40.301758 -124.410303     9.106     2272.9      727.0    -2198.3     18.1     32.6     16.2 2020  2  6 15 55 41.420  0.00   3
   105592  40.292163 -124.410677     8.897     2241.2     -338.4    -2407.5     16.6     25.3     20.3 2020  2  6  9 51 27.520  0.00   3
   105594  40.299365 -124.412769     8.755     2063.3      461.3    -2549.0     13.7     30.9     20.1 2020  2  6  9 27 33.820  0.00   3
   105597  40.292936 -124.410970     8.924     2216.3     -252.6    -2380.0     16.7     24.4     18.1 2020  2  6  8 53 42.040  0.00   3
   105604  40.295158 -124.410327     9.087     2270.9       -5.9    -2217.2      7.5     11.1      9.1 2020  2  7  7 15 45.340  0.00   3
   105609  40.296383 -124.409806     9.130     2315.2      130.1    -2174.5      8.8     13.7     10.3 2020  4 19 12 52 19.420  0.00   3
   105610  40.299906 -124.410335     9.099     2270.2      521.4    -2205.6     14.4     26.8     12.4 2020  4 30  7 39 39.040  0.00   3
   105616  40.296293 -124.410189     9.126     2282.7      120.2    -2178.7      8.1     12.2     10.6 2020  8  4  3 15 29.880  0.00   3
   105617  40.295943 -124.410254     9.125     2277.1       81.3    -2179.5      8.4     15.2     10.9 2020  8  4  3 11 39.640  0.00   3
   105625  40.296277 -124.410400     9.093     2264.7      118.4    -2211.3      8.1     15.8     10.4 2020 10  5 20  6 31.680  0.00   3
   105626  40.294641 -124.410148     9.159     2286.2      -63.3    -2145.0     15.6     13.2     11.0 2020 10 17 13 13 57.540  0.00   3
   105632  40.288643 -124.411011     8.145     2212.9     -729.2    -3159.2     18.1     32.5     42.8 2020 11  6  0 35 33.340  0.00   3
   105636  40.294600 -124.409302     8.996     2358.1      -67.8    -2307.8     12.8     21.3     21.3 2020 11 22 18 48 25.880  0.00   3
   105639  40.292529 -124.410425     9.199     2262.7     -297.8    -2105.6     18.2     30.7     16.7 2021  1  8  0  5 36.980  0.00   3
   105643  40.292806 -124.410205     9.112     2281.4     -267.0    -2192.3     16.4     25.5     18.4 2021  1 14 18  3 40.280  0.00   3
   105647  40.303569 -124.410099     9.105     2290.2      928.0    -2199.1     19.4     38.6     19.5 2021  4  5  1 28  0.080  0.00   3
   105651  40.297217 -124.409814     9.201     2314.5      222.7    -2103.3     14.3     23.9     16.3 2021  4 25 19 33 56.380  0.00   3
   105652  40.295801 -124.410229     9.183     2279.2       65.5    -2121.6     11.3     16.2     13.0 2021  4 25 21 29  3.360  0.00   3
   105653  40.297050 -124.409961     9.169     2302.0      204.2    -2135.0     12.9     23.1     14.9 2021  4 25 19 57 12.780  0.00   3
   105655  40.295691 -124.410506     9.068     2255.7       53.3    -2236.5      9.1     13.7     10.1 2021  6 18  6 16 35.580  0.00   3
   105657  40.289058 -124.410417     9.195     2263.4     -683.2    -2109.4     17.0     45.2     15.7 2021  8 11  0 30 31.640  0.00   3
   105659  40.296362 -124.410050     9.068     2294.4      127.9    -2235.8      7.8     11.9     10.6 2021  8 18  4 22 52.080  0.00   3
   105660  40.296110 -124.410213     9.077     2280.6       99.9    -2227.0      7.0     10.7      9.1 2021  8 29 18  9 38.000  0.00   3
   105663  40.297636 -124.410449     9.021     2260.5      269.3    -2283.5     13.4     20.5     14.2 2021  9 23 10 13 37.280  0.00   3
   105664  40.296118 -124.410124     9.089     2288.2      100.8    -2215.2      8.7     11.6     10.7 2021 10  8 15 58 36.020  0.00   3
   105669  40.296065 -124.410522     9.081     2254.3       94.9    -2222.9      8.0      9.2     11.0 2022  1  7 21 32 16.160  0.00   3
   105670  40.285836 -124.410522     9.201     2254.5    -1041.0    -2102.8     21.6     41.4     21.1 2022  1 29 22 57 58.940  0.00   3
   105671  40.286251 -124.410295     9.193     2273.8     -994.9    -2111.7     21.7     40.7     21.2 2022  1 29 22 56 14.480  0.00   3
   105672  40.297937 -124.409757     9.217     2319.3      302.7    -2087.5     17.5     29.1     21.4 2022  2 19 21 35 38.840  0.00   3
   105673  40.298157 -124.410164     9.134     2284.7      327.1    -2170.1     14.9     25.1     14.2 2022  2 19 23 16 35.580  0.00   3
   105679  40.295247 -124.410099     9.143     2290.3        4.1    -2161.4     10.8     15.9     11.7 2022  4 25 10 16 52.960  0.00   3
   105680  40.296379 -124.410099     9.214     2290.3      129.7    -2089.8     12.9     12.9     15.4 2022  4 25  7 10 34.500  0.00   3
   105681  40.295394 -124.410246     9.139     2277.8       20.3    -2164.9     10.8     15.3     11.0 2022  4 25  7 16 11.420  0.00   3
   105684  40.295943 -124.409766     9.238     2318.7       81.3    -2066.2     20.2     14.8     21.0 2022  8 10 20 46 20.420  0.00   3
   105685  40.295496 -124.410107     9.099     2289.6       31.6    -2205.1     10.3      8.5      9.1 2022  9  2 17 54  0.080  0.00   3
   105686  40.296151 -124.409977     9.076     2300.7      104.4    -2227.8      7.0     12.1     10.1 2022  9 11  2 28 21.580  0.00   3
   105687  40.296236 -124.410042     9.081     2295.1      113.9    -2223.6      7.7     11.5     10.0 2022  9 11 12 26 35.060  0.00   3
   105688  40.296305 -124.410246     9.070     2277.8      121.5    -2233.7      7.3     11.5     10.0 2022  9 11  3 24  6.220  0.00   3
   105690  40.296334 -124.410360     9.053     2268.1      124.7    -2251.4      7.0     10.9     10.3 2022  9 24 15 21 42.660  0.00   3
   105691  40.295972 -124.410392     9.074     2265.4       84.5    -2229.9      7.2      9.1     10.1 2022  9 24 15 21 16.720  0.00   3
   105692  40.296090 -124.410539     9.080     2252.9       97.6    -2224.3      7.8     14.1     11.1 2022  9 24 21 44  3.460  0.00   3
   105694  40.294832 -124.410010     8.993     2297.9      -42.0    -2311.5     10.7     17.5     13.2 2022 11  8 22 47 56.820  0.00   3
   105696  40.294198 -124.410295     8.954     2273.7     -112.5    -2349.8     11.9     21.2     17.1 2022 11  8 17 35  8.240  0.00   3
   105697  40.294995 -124.410457     9.114     2259.9      -23.9    -2189.8      7.5     13.0     10.3 2022 11  8 18 59 51.840  0.00   3
   105699  40.295097 -124.410197     9.056     2282.0      -12.7    -2248.1     10.9     13.1     10.2 2022 11  9 12 22 28.280  0.00   3
   105700  40.295378 -124.410099     9.064     2290.3       18.5    -2240.0     10.7     11.1      9.6 2022 11 11  1 39  8.080  0.00   3
   105703  40.295780 -124.410164     9.142     2284.8       63.3    -2162.0      8.4     14.6     10.2 2022 11 19  3  3  9.960  0.00   3
   105704  40.296448 -124.410148     9.016     2286.1      137.4    -2288.2      9.1     17.3     13.7 2022 11 26 18 35 17.380  0.00   3
   105968  40.290393 -124.482886     8.748    -3898.5     -535.0    -2555.8     12.1     22.9     19.9 2020  7 20 10 55 41.360  0.00   3
   105969  40.291414 -124.482308     8.955    -3849.3     -421.6    -2349.5     12.2     18.7     21.9 2020  7 21  9 15 14.060  0.00   3
   105970  40.290092 -124.482788     9.077    -3890.2     -568.4    -2226.9     10.3     22.9     26.8 2020  7 21 21 15 11.400  0.00   3
   105971  40.290247 -124.482414     8.703    -3858.4     -551.2    -2601.4      9.8     23.5     21.8 2020  7 21 17 28  7.260  0.00   3
   105972  40.293551 -124.482088     8.408    -3830.6     -184.3    -2895.8     12.8     23.3     24.9 2020  7 23  2 34 15.900  0.00   3
   105974  40.291939 -124.482454     8.759    -3861.8     -363.3    -2545.1      9.8     16.1     21.0 2020  9 13  2 27 30.260  0.00   3
   105980  40.291500 -124.482080     8.848    -3830.0     -412.1    -2455.8      9.4     18.0     19.0 2021  4 30 22 52 27.680  0.00   3
   105981  40.291988 -124.483040     8.565    -3911.6     -357.8    -2739.4     21.8     36.8     45.1 2021  5 18 18 56 59.020  0.00   3
   105983  40.293937 -124.482080     8.793    -3829.9     -141.4    -2511.4      9.8     16.7     20.3 2021  7 16 12 23  3.900  0.00   3
   105985  40.290710 -124.483203     8.740    -3925.5     -499.7    -2564.6     13.1     25.7     19.2 2022  2 19 13 54 44.280  0.00   3
   105992  40.294690 -124.482210     8.770    -3840.9      -57.8    -2534.6     17.9     23.1     21.6 2022  4 15  0 12 22.780  0.00   3
   105994  40.292415 -124.482300     8.628    -3848.6     -310.4    -2676.1     11.3     17.9     23.7 2022  6 13  7  3 31.880  0.00   3
   106894  40.302059 -124.453434    12.609    -1394.2      760.4     1305.1     11.1     21.5     14.0 2020  3  9 15 21  5.000  0.00   3
   106901  40.303048 -124.452816    12.960    -1341.6      870.2     1656.2     15.5     24.2     22.7 2021  6  6  1 39 40.840  0.00   3
   106903  40.303442 -124.452848    12.950    -1344.3      914.0     1645.8     15.3     24.4     22.6 2022  1 24  1 49 57.800  0.00   3
   106905  40.299731 -124.452946    13.107    -1352.7      502.0     1802.4     11.2     31.4     15.6 2022  9  3 12  2 18.720  0.00   3
   106906  40.300399 -124.452743    12.866    -1335.4      576.1     1561.6      9.7     20.8     19.1 2022 11 15 19 56 24.360  0.00   3
   107733  40.298206 -124.436483    14.812       47.1      332.5     3507.5     18.4     26.1     31.5 2020  7 29 15 46 20.300  0.00   3
   107735  40.298926 -124.436117    14.679       78.2      412.5     3374.7     12.5     27.7     21.2 2020  9  4  2 42 39.160  0.00   3
   107737  40.300614 -124.436133    14.918       76.8      600.0     3613.8     13.6     33.9     23.6 2020  9 16  7 22  8.180  0.00   3
   107742  40.297599 -124.437264    14.295      -19.4      265.2     2990.3     14.2     45.7     63.1 2021  1 21 15  1 43.620  0.00   3
   107743  40.298918 -124.435295    14.767      148.1      411.6     3462.7     12.7     17.2     25.7 2021  2 10  9 13 35.100  0.00   3
   107745  40.297575 -124.435897    14.766       96.9      262.5     3461.5     16.1     25.4     30.2 2021  5  2 16 32  4.860  0.00   3
   107747  40.298315 -124.437549    14.580      -43.6      344.7     3275.4     14.1     16.5     23.3 2021  6 19  9  7 31.460  0.00   3
   107749  40.298661 -124.435750    14.849      109.3      383.1     3544.5     14.2     19.4     23.8 2021  8  4 16 55 19.760  0.00   3
   107750  40.298779 -124.436060    14.700       83.0      396.3     3395.6     12.9     25.0     22.4 2021  8  5 13 56 27.560  0.00   3
   107751  40.299373 -124.436784    14.902       21.4      462.2     3598.2     12.5     19.0     25.1 2021 10  4 13 30 54.640  0.00   3
   107754  40.296423 -124.437590    14.589      -47.1      134.6     3284.6     18.0     54.9     22.1 2021 11 29 17 37 32.460  0.00   3
   107755  40.298722 -124.435889    14.751       97.6      389.9     3446.9     13.5     17.0     23.2 2021 12 26  7 17 50.120  0.00   3
   107756  40.298364 -124.436125    14.675       77.5      350.2     3370.7     15.0     27.1     20.1 2021 12 28 17 48 55.620  0.00   3
   107758  40.293791 -124.437028    14.600        0.7     -157.7     3295.7     15.9     58.4     24.1 2022  1 22  0  4 57.400  0.00   3
   107760  40.300643 -124.435848    14.739      101.0      603.2     3435.3     15.1     28.3     20.0 2022  2  4 23 36 48.780  0.00   3
   107761  40.299788 -124.436759    14.929       23.5      508.3     3624.5     13.5     16.2     24.9 2022  2 10 11 52 51.360  0.00   3
   107764  40.298096 -124.436068    14.729       82.3      320.3     3424.8     14.3     21.8     22.9 2022  3 20 23 32 39.400  0.00   3
   107766  40.297188 -124.436182    14.734       72.7      219.6     3430.2     13.8     49.4     17.6 2022  3 28  2 57 46.540  0.00   3
   107767  40.298433 -124.436776    14.597       22.1      357.8     3293.0     13.1     17.1     23.1 2022  4  2 10 43 37.000  0.00   3
   107769  40.295719 -124.437321    14.637      -24.2       56.5     3333.2     13.3     49.9     21.8 2022  4 28 17 13  7.820  0.00   3
   107770  40.299097 -124.436361    14.897       57.4      431.5     3592.3     15.1     20.1     22.0 2022  5 13  1 16 48.300  0.00   3
   107772  40.298324 -124.435368    14.675      141.8      345.6     3370.5     14.3     18.8     23.4 2022  5 21 13 41 32.340  0.00   3
   107773  40.297624 -124.436304    14.691       62.3      267.9     3386.3     15.3     23.8     22.1 2022  5 22 19 28 25.500  0.00   3
   107774  40.299113 -124.434578    14.831      209.0      433.3     3526.9     14.3     20.0     23.0 2022  6 11 12 56  1.180  0.00   3
   107778  40.299007 -124.434880    14.771      183.4      421.6     3466.9     13.4     18.0     23.0 2022  7  7 10 44 49.700  0.00   3
   107780  40.297949 -124.436857    14.672       15.2      304.1     3368.2     16.1     28.9     21.7 2022  7 10 20 40 42.680  0.00   3
   107781  40.297656 -124.436523    14.717       43.6      271.5     3413.1     13.4     24.1     22.4 2022  7 17 22  5 39.680  0.00   3
   107782  40.299365 -124.435848    14.719      101.0      461.3     3415.0     14.6     16.8     25.1 2022  7 26 21 59  5.840  0.00   3
   107785  40.301233 -124.435620    14.851      120.4      668.7     3547.0     17.0     27.0     24.6 2022  8  7  7 26 12.620  0.00   3
   107786  40.298759 -124.436141    14.693       76.1      394.0     3388.3     13.7     17.2     24.2 2022  8  9  3 28 29.720  0.00   3
   107788  40.299459 -124.434692    14.905      199.3      471.7     3600.9     18.3     29.5     26.0 2022  8 14 16 35 40.980  0.00   3
   107792  40.308850 -124.438664    14.523     -138.4     1514.5     3218.5     10.6     64.5     23.3 2022  8 30 14  2  1.080  0.00   3
   107793  40.299703 -124.436979    14.913        4.8      498.8     3609.2     13.1     17.4     25.7 2022  9  6 17 29 43.260  0.00   3
   107795  40.298197 -124.436092    14.699       80.3      331.6     3394.7     14.3     28.1     21.9 2022 10  6  1 28  7.480  0.00   3
   107796  40.300439 -124.436442    14.819       50.5      580.6     3515.2     13.8     19.3     22.0 2022 10 21 12 57 48.880  0.00   3
   107797  40.298348 -124.436825    14.586       18.0      348.4     3281.5     15.9     18.9     25.8 2022 10 30  5  0 39.040  0.00   3
   107798  40.296497 -124.438021    14.879      -83.7      142.8     3575.3     13.5     29.1     35.8 2022 11  2 11  0 10.360  0.00   3
   107799  40.298185 -124.436613    14.672       36.0      330.3     3367.9     12.1     17.5     21.3 2022 11  5 13 55 55.220  0.00   3
   107804  40.299166 -124.435669    14.802      116.2      439.2     3497.4     14.7     18.5     24.2 2022 11 29  6 33  6.480  0.00   3
   108087  40.288562 -124.449878     9.741    -1091.9     -738.3    -1563.1     24.5     69.2     45.1 2020 11  2 19 25 14.760  0.00   3
   108098  40.302600 -124.450627     8.640    -1155.5      820.5    -2664.7     21.0     46.3     35.3 2022  7 31  9  3 31.640  0.00   3
   108101  40.306498 -124.450928     8.507    -1181.0     1253.4    -2797.5     22.7     46.1     33.0 2022  9 21 11  5 36.240  0.00   3
   108715  40.301310 -124.439453    11.645     -205.5      677.3      340.8     11.9     29.6     25.5 2020  6  7 18 13 58.060  0.00   3
   108716  40.301465 -124.442700    11.528     -481.6      694.5      224.2     12.3     18.6     22.6 2020  8 14 12 38 33.660  0.00   3
   108717  40.298844 -124.442188    11.854     -438.0      403.5      549.5      9.7     16.7     22.0 2021  5 18 12  5 50.720  0.00   3
   108718  40.300789 -124.441227    11.534     -356.3      619.5      229.3     15.4     30.9     26.7 2021  7 18 19 18 32.920  0.00   3
   108719  40.299011 -124.442611    12.035     -474.0      422.0      731.1     13.0     50.2     26.4 2022  2  3  9 12 34.820  0.00   3
   108720  40.299630 -124.442017    11.453     -423.5      490.7      148.9     13.8     25.8     25.8 2022 11 14  0 20 45.400  0.00   3
   108721  40.299837 -124.439893    11.611     -242.9      513.7      307.2     13.2     22.8     19.6 2022 11 15  3 39 49.740  0.00   3
   108722  40.295638 -124.442741    11.680     -485.0       47.4      376.1     13.9     38.8     13.2 2022 11 15  3 35 34.140  0.00   3
   108734  40.307381 -124.431104     8.677      504.4     1351.4    -2627.4     12.7     24.2     22.6 2020  6 14  9 19 55.660  0.00   3
   108737  40.306348 -124.432316     8.484      401.3     1236.6    -2820.3     10.0     20.9     19.3 2021  7  3  4  9  4.600  0.00   3
   108740  40.308264 -124.432113     8.426      418.6     1449.5    -2878.5      9.7     33.6     20.9 2021  8 20 23 51  4.580  0.00   3
   108741  40.308073 -124.432373     8.503      396.4     1428.2    -2801.0     10.6     33.8     24.7 2021  8 20 17 34 19.920  0.00   3
   108742  40.307625 -124.432072     8.534      422.0     1378.5    -2769.7     10.5     25.1     17.7 2021  8 20 21 38  4.660  0.00   3
   108745  40.308557 -124.432153     8.463      415.1     1482.0    -2840.8     10.1     21.3     23.0 2021  8 22 13  1 31.960  0.00   3
   108746  40.307857 -124.434033     7.943      255.3     1404.3    -3361.5     19.6     48.0     49.8 2021  9 20 22 54 47.060  0.00   3
   108747  40.306226 -124.432536     8.416      382.6     1223.1    -2888.2     11.9     25.0     21.8 2021 11 29 10 57 42.520  0.00   3
   108748  40.306238 -124.432259     8.641      406.1     1224.4    -2662.8      8.0     20.2     13.5 2021 11 29 19 42  7.460  0.00   3
   108906  40.275081 -124.492651     8.945    -4729.4    -2235.2    -2359.2      7.7     23.8     15.3 2020 11 25  7 46 37.480  0.00   3
   108908  40.276367 -124.492920     8.918    -4752.2    -2092.4    -2386.1      7.5     19.3     17.8 2022  9  2 10 39  0.760  0.00   3
   108911  40.277124 -124.493262     8.787    -4781.2    -2008.4    -2516.7      5.8     27.8     16.0 2022  9  3  0 18  5.460  0.00   3
   109091  40.280933 -124.403817    13.981     2824.8    -1585.5     2677.5     19.0     26.2     24.6 2021  1  4 22  6 23.820  0.00   3
   109092  40.280745 -124.402865    13.925     2905.7    -1606.2     2620.7     17.6     24.5     18.7 2021  1 23 22 32 45.160  0.00   3
   109093  40.277771 -124.406632    14.098     2585.4    -1936.5     2794.2     23.0     34.8     61.5 2021  5 29 22  7 48.900  0.00   3
   109094  40.278060 -124.406356    14.187     2608.9    -1904.4     2882.6     20.4     31.2     49.1 2021 12  5 19 33 15.380  0.00   3
   109634  40.296745 -124.445011    16.693     -678.1      170.3     5389.0     12.2     42.4     22.3 2021  8 20 12 43  0.920  0.00   3
   109759  40.285579 -124.479028    17.174    -3570.6    -1069.5     5870.2      9.4     22.4     13.9 2021  9 15 12 25 18.520  0.00   3
   109760  40.274760 -124.483813    15.752    -3977.8    -2270.9     4448.1      9.0     17.8     12.6 2021  9 17 18 39 17.700  0.00   3
   109763  40.274927 -124.480078    15.712    -3660.2    -2252.3     4408.0      8.0     25.1     11.0 2021 11  6 13  8 56.220  0.00   3
   109764  40.274943 -124.481405    15.875    -3773.0    -2250.5     4570.9      9.7     15.7     11.9 2021 11 19 21 25 30.120  0.00   3
   109765  40.286043 -124.477254    17.209    -3419.8    -1018.0     5905.2      7.8     15.1     12.2 2022  7 10 23 46 28.140  0.00   3
   109766  40.286747 -124.477401    17.241    -3432.2     -939.8     5936.9      8.0     14.8     11.9 2022  8 21  2 28 17.120  0.00   3
   109769  40.274467 -124.481462    15.891    -3777.9    -2303.4     4586.4      8.5     15.5     13.0 2022 11  7 22 22 57.180  0.00   3
   110319  40.298340 -124.444930    15.604     -671.2      347.5     4299.4     12.6     28.1     16.1 2023  4 23  3 48 36.540  1.34   3
   110343  40.299430 -124.406348    10.777     2609.2      468.5     -526.8     25.4     48.6     20.8 2023  2 27  0 14 11.430  1.57   3
   110344  40.271077 -124.452425    14.387    -1308.7    -2679.8     3082.6      9.1     13.0     16.3 2023  3 19  5 41 40.620  0.92   3
   110349  40.292383 -124.466064     8.433    -2468.2     -314.0    -2871.5     10.3     18.3     19.2 2023  4 14 19 20 25.080  1.57   3
   110353  40.290747 -124.432690    10.346      369.5     -495.7     -958.3     11.3     11.1     21.2 2023  5  2 13 44  6.040  1.79   3
   110369  40.288546 -124.475952    10.013    -3309.0     -740.1    -1290.9     12.4     16.0     24.2 2023  4  1  7 44 57.710  1.31   3
   110377  40.296041 -124.409473     9.101     2343.6       92.2    -2203.1      7.1      8.8      9.1 2023  5 20 23 47 40.440  1.10   3
   110383  40.291817 -124.482682     8.697    -3881.2     -376.8    -2607.7      9.4     14.6     17.6 2023  3  7 12 11 57.690  1.17   3
   110421  40.298796 -124.452743    12.803    -1335.4      398.1     1498.7     10.0     19.0     15.9 2023  2  3 10  4 53.380  1.07   3
   110450  40.298446 -124.436662    14.900       31.8      359.2     3596.2     11.7     16.8     18.6 2022 12  9  5  6 23.270  2.34   3
   110478  40.300557 -124.449748     8.953    -1080.8      593.7    -2350.8     20.3     36.4     28.6 2023  4 16 19 40  2.760  1.19   3
   110545  40.299040 -124.442855    11.846     -494.7      425.2      541.5      8.0     15.5     15.1 2023  1 26 19 34 22.320  1.51   3
   110548  40.307296 -124.435124     8.425      162.6     1341.9    -2879.4      6.7     16.8     14.6 2023  2 24 19 10 37.800  1.22   3
   110567  40.277425 -124.493831     8.885    -4829.6    -1974.9    -2419.0      5.9     20.1     11.8 2023  5 16 14 31 27.390  0.62   3
   110599  40.279834 -124.404305    14.108     2783.3    -1707.4     2803.3     15.0     23.1     29.4 2023  5 24 13 54 23.240  1.23   3
   110661  40.282133 -124.451652    15.495    -1242.8    -1452.2     4191.0     11.9     51.2     22.2 2023  3 20  2 26 25.420  1.09   3
   110696  40.275277 -124.482039    15.956    -3827.0    -2213.5     4651.8      7.5     14.3     11.3 2023  4 10  6 54  3.150  0.88   3
   110763  40.294979 -124.393441    12.966     3706.7      -25.8     1662.2     21.6     33.4     31.0 2023  2  8 10 13  5.860  1.00   3
