   105415  40.279801 -124.509204    18.690       -0.7        0.9        0.0      0.0      0.1      0.1 2020 10 14 15 34 41.400  0.00  67
   105416  40.279801 -124.509204    18.690       -0.7        0.9       -0.0      0.0      0.1      0.1 2021  4  1  8 19  1.020  0.00  67
   105417  40.279801 -124.509204    18.690       -0.7        0.9        0.0      0.1      0.2      0.1 2021  5 26 14 28  8.260  0.00  67
   105420  40.279801 -124.509204    18.690       -0.7        0.9        0.0      0.1      0.1      0.1 2021 11  1  8 47 28.700  0.00  67
   105423  40.279801 -124.509204    18.690       -0.7        0.9        0.0      0.1      0.3      0.2 2021 12 21 13 39 48.980  0.00  67
   105425  40.279801 -124.509204    18.690       -0.7        0.9        0.0      0.0      0.1      0.1 2021 12 29 15 42 35.260  0.00  67
   105426  40.279801 -124.509204    18.690       -0.7        0.9       -0.0      0.1      0.1      0.1 2021 12 29 15 33 22.240  0.00  67
   105431  40.279801 -124.509204    18.690       -0.7        0.9       -0.0      0.0      0.0      0.0 2022  2  7  7 47 12.980  0.00  67
   105432  40.279801 -124.509204    18.690       -0.7        0.9       -0.0      0.0      0.1      0.1 2022  2  7 14 35 53.840  0.00  67
   105435  40.279801 -124.509204    18.690       -0.7        0.9       -0.0      0.0      0.1      0.1 2022  5 14 19 48 33.060  0.00  67
   105436  40.279801 -124.509204    18.690       -0.7        0.9       -0.0      0.1      0.2      0.1 2022  5 14 20  5 32.740  0.00  67
   105438  40.279801 -124.509204    18.690       -0.7        0.9       -0.0      0.1      0.3      0.2 2022  8  1 20 28 59.300  0.00  67
   105440  40.279801 -124.509204    18.690       -0.7        0.9       -0.0      0.0      0.1      0.1 2022 11  5 20 49 14.100  0.00  67
   110371  40.279801 -124.509204    18.690       -0.7        0.9       -0.0      0.1      0.1      0.1 2023  3 11  3 37 51.890  1.01  67
