   106108  40.495789 -123.975464    20.742       36.6     -752.8     -149.2     42.7     36.5     33.0 2020  8  9  5 42 39.180  0.00  60
   106111  40.496102 -123.975260    20.768       53.8     -718.0     -122.9     43.8     38.8     33.0 2020 11 30  1 29 11.000  0.00  60
   106114  40.495549 -123.975895    20.736        0.0     -779.4     -155.2     43.6     37.2     52.0 2021  7 10  6 45  4.760  0.00  60
   106118  40.496436 -123.975562    20.774       28.3     -680.9     -117.4     52.0     46.2     49.5 2022  4 18 15 56 36.880  0.00  60
   106120  40.495785 -123.976237    20.728      -29.0     -753.2     -163.5     42.4     52.3     31.5 2022  9  7 20 48 18.260  0.00  60
   106122  40.493937 -123.978727    20.649     -240.1     -958.4     -242.3     69.2     67.8     66.3 2022 11 18  1 46 11.180  0.00  60
   108843  40.507166 -123.976261    20.965      -31.0      510.6       73.4     44.4     37.7     43.5 2020  6 30 18 24 45.540  0.00  60
   108845  40.507947 -123.975065    21.085       70.4      597.3      194.0     43.2     41.0     43.3 2021  6 25 11 47  3.720  0.00  60
   108846  40.507666 -123.975439    21.049       38.6      566.2      157.6     38.3     44.7     42.8 2021  6 29 14 49 28.900  0.00  60
   108847  40.507788 -123.975285    21.047       51.7      579.7      155.3     36.0     40.0     47.7 2021  7 12  8  6 52.460  0.00  60
   108848  40.507829 -123.975277    21.056       52.4      584.2      164.5     38.3     38.5     46.4 2021  7 31 15 40 27.060  0.00  60
   108850  40.508537 -123.974398    21.203      126.9      662.9      312.2     69.4     51.3     60.3 2022  1  7 22 34 42.920  0.00  60
   108851  40.507414 -123.976481    21.104      -49.7      538.1      212.6     63.0     33.5     80.5 2022  1 21 15 52 59.180  0.00  60
   108854  40.505485 -123.980461    20.931     -387.0      324.0       40.0    135.3     81.1     85.8 2022  7 26  5 20 28.200  0.00  60
   108855  40.507043 -123.976546    20.976      -55.2      497.0       85.3     44.2     39.8     45.2 2022 11 19 11 57  9.280  0.00  60
   110393  40.495894 -123.975130    20.747       64.8     -741.0     -144.1     41.6     32.1     32.6 2023  1  5 23 38  8.240  1.45  60
   110557  40.507109 -123.976318    20.959      -35.9      504.3       67.9     39.4     33.9     42.4 2023  1  2 17 21 40.040  1.10  60
