   108277  40.351270 -124.441504    23.921       -9.0       19.9       10.7     36.5     52.2     41.2 2020  4  4 18 49  5.200  0.00  48
   108278  40.350850 -124.441243    23.899       13.1      -26.7      -10.6     58.2     74.8     60.0 2020  4 26 15 58  8.820  0.00  48
   108285  40.350594 -124.441292    23.894        9.0      -55.1      -15.5     51.4     91.0     63.8 2020 12  3 22 40 43.620  0.00  48
   108286  40.350574 -124.441211    23.890       15.9      -57.4      -19.9     57.8     72.0     48.6 2021  3  7  5  2 46.960  0.00  48
   108287  40.350712 -124.441292    23.900        9.0      -42.0      -10.1     45.9     75.0     39.8 2021  3 20 23 16 13.640  0.00  48
   108291  40.350562 -124.441219    23.899       15.2      -58.7      -11.4     59.0     84.8     50.4 2021 10 30  8 35 33.380  0.00  48
   108292  40.350907 -124.441333    23.908        5.5      -20.3       -1.9     38.2     57.2     56.0 2021 11 23  8 36 50.640  0.00  48
   108294  40.350187 -124.441162    23.893       20.0     -100.3      -17.1     63.0    104.8     62.6 2021 11 24 17  1 30.540  0.00  48
   108296  40.351111 -124.441300    23.909        8.3        2.3       -1.3     50.5     93.9     60.2 2021 11 26 13 39 40.880  0.00  48
   108298  40.350252 -124.440820    23.892       49.1      -93.1      -17.8     69.3    113.9     64.0 2021 11 30 11 29  7.980  0.00  48
   108300  40.352157 -124.441618    23.965      -18.7      118.4       54.7     69.7    129.9    105.0 2021 12 20 20 51 25.720  0.00  48
   108306  40.351990 -124.441895    23.954      -42.2       99.9       43.7     95.7    137.0    118.1 2021 12 21 11 23 53.660  0.00  48
   108307  40.351042 -124.441390    23.908        0.7       -5.4       -2.3     28.4     54.5     35.7 2021 12 24 16 55 56.640  0.00  48
   108309  40.351217 -124.441431    23.919       -2.8       14.0        9.0     31.9     52.3     31.7 2022  1  3 21 39 26.840  0.00  48
   108310  40.350964 -124.441260    23.910       11.8      -14.0        0.1     50.9     72.6     78.1 2022  1  7 23 16 41.000  0.00  48
   108311  40.351229 -124.441471    23.919       -6.2       15.4        9.2     33.3     52.6     39.8 2022  1 17  6  4 37.860  0.00  48
   108313  40.351135 -124.441423    23.912       -2.1        5.0        2.1     32.9     50.8     35.7 2022  2  1  3 38 46.820  0.00  48
   108314  40.351025 -124.441463    23.909       -5.5       -7.2       -1.3     55.3     71.7     39.5 2022  2 12 15 14 50.440  0.00  48
   108315  40.351172 -124.441398    23.914        0.0        9.0        4.2     34.0     53.8     38.4 2022  3 14 17 54 18.940  0.00  48
   108318  40.351379 -124.441349    23.921        4.1       32.1       11.2     40.0     71.2     50.0 2022  3 25 11 39  6.360  0.00  48
   108320  40.350753 -124.441195    23.892       17.3      -37.5      -17.9     64.2     74.3     65.6 2022  5 24  3 56 56.760  0.00  48
   108321  40.351188 -124.441390    23.913        0.7       10.8        3.3     38.1     74.4     45.2 2022  6  2 23 18  2.840  0.00  48
   108324  40.351147 -124.441398    23.916        0.0        6.3        6.3     37.0     55.0     46.0 2022  9  1 16 10 18.720  0.00  48
   108325  40.350472 -124.441113    23.899       24.2      -68.7      -11.4     54.9     88.7     56.4 2022 10 16 16 42 42.900  0.00  48
   110491  40.351180 -124.441439    23.908       -3.5        9.9       -2.2     30.9     49.2     35.5 2023  4  1 22 38 24.960  0.87  48
