   102795  40.455514 -124.684342    26.606      -89.7     -239.9     1015.5      8.4     10.8     15.1 2020  1 13  5 54  9.180  0.00  29
   102796  40.459819 -124.683350    25.417       -5.5      238.1     -173.3      7.1      7.9     21.7 2020  2 29  7 15 32.820  0.00  29
   102799  40.456694 -124.684692    26.829     -119.4     -108.9     1238.7     10.0     14.0     25.5 2020  3 19  2 25 40.400  0.00  29
   102801  40.458484 -124.681624    23.775      140.8       89.9    -1815.3      6.0      6.7      7.1 2020  4 23 15 31 30.460  0.00  29
   102802  40.455929 -124.677384    22.760      500.5     -193.8    -2829.5     28.7     35.6     35.1 2020  5  9 10 28 13.200  0.00  29
   102803  40.454529 -124.684359    25.187      -91.1     -349.3     -402.5     10.8     16.8     32.0 2020  6  6 15 52 41.440  0.00  29
   102805  40.453910 -124.685042    26.331     -149.1     -417.9      741.1      8.6     14.0     24.9 2020 10 21 10  6  9.780  0.00  29
   102806  40.459273 -124.682910    25.238       31.8      177.6     -352.0      6.5     11.2     20.5 2020 11 20 21 51 21.400  0.00  29
   102808  40.455013 -124.685905    26.765     -222.3     -295.5     1174.6     10.6      7.3     34.1 2021  2 26  3 52 50.720  0.00  29
   102810  40.452271 -124.684635    25.937     -114.6     -600.0      347.4      9.3     14.0     28.7 2021  3 12  1 59 52.820  0.00  29
   102814  40.454513 -124.684269    26.266      -83.5     -351.1      675.8      9.0     13.7     16.7 2021  5 14 17 55 34.080  0.00  29
   102816  40.454883 -124.684229    25.296      -80.1     -310.0     -293.9      5.5     12.5     20.3 2021  7  2  3 22  6.040  0.00  29
   102817  40.460103 -124.682397    24.792       75.2      269.7     -797.5      6.0     11.6     28.5 2021  7  6 17  3 25.080  0.00  29
   102818  40.457861 -124.682926    24.699       30.4       20.8     -891.2      6.8     10.1     28.5 2021  7  6 17 38 37.180  0.00  29
   102819  40.457756 -124.683179    25.319        9.0        9.0     -271.1      4.8      8.1     17.7 2021  7 12  3 22 22.520  0.00  29
   102821  40.458809 -124.682894    24.677       33.1      126.1     -913.1      6.4     11.2     28.1 2021  7 27 13 33  6.200  0.00  29
   102824  40.455575 -124.684961    25.817     -142.2     -233.1      226.7      8.8     12.7     26.1 2021  9  2  0 10 43.380  0.00  29
   102825  40.454578 -124.684473    25.061     -100.8     -343.8     -528.6      7.7     13.9     32.7 2021  9  2 12 41 16.800  0.00  29
   102826  40.458134 -124.683024    25.411       22.1       51.1     -178.6      4.9      8.4     16.9 2021 10 27 22  1 36.760  0.00  29
   102827  40.453914 -124.684578    25.513     -109.8     -417.5      -76.7      6.0     13.8     17.6 2021 11 16  3 30 25.860  0.00  29
   102831  40.459351 -124.682804    24.845       40.7      186.2     -744.6      8.2     10.6     26.0 2022  2 25  5  5 50.620  0.00  29
   102832  40.459757 -124.683423    24.949      -11.7      231.3     -640.5      9.8      8.8     31.4 2022  3 12  9 57  9.340  0.00  29
   102834  40.457833 -124.683325    25.262       -3.5       17.6     -328.1      8.3     12.4     30.1 2022  4 23 21 41  5.660  0.00  29
   102835  40.454692 -124.684578    25.516     -109.8     -331.2      -74.5      8.5     17.5     27.4 2022  4 25 10 17 30.100  0.00  29
   102836  40.451367 -124.684863    26.050     -133.9     -700.3      459.7      8.9     12.6     27.4 2022  4 26 18 21  6.880  0.00  29
   102837  40.454517 -124.684041    25.212      -64.2     -350.6     -378.4     11.1     17.9     28.1 2022  4 29 21 52 16.440  0.00  29
   102838  40.458582 -124.683016    25.350       22.8      100.8     -239.5      7.3      7.2     20.3 2022  5  7 11 36  7.240  0.00  29
   102839  40.453467 -124.684302    25.375      -86.3     -467.2     -214.7      5.2     16.3     24.4 2022  5 26 17 57  8.800  0.00  29
   102840  40.458809 -124.682861    25.165       35.9      126.1     -424.9      6.5     10.4     19.4 2022  6 11 22 53 25.820  0.00  29
   102841  40.458830 -124.683122    25.427       13.8      128.3     -163.0      7.5      7.5     22.1 2022  6 12  8 44 32.260  0.00  29
   102842  40.458105 -124.683219    25.219        5.5       47.9     -370.7      5.8      8.8     19.4 2022  6 23 21 40 42.300  0.00  29
   102843  40.458838 -124.682959    25.506       27.6      129.2      -84.0      5.9     10.4     18.0 2022  7 28  1 50 12.780  0.00  29
   102844  40.457511 -124.683105    25.217       15.2      -18.1     -372.8      5.8      8.0     19.2 2022  7 28 20 49 41.480  0.00  29
   102847  40.456531 -124.685449    25.975     -183.6     -127.0      385.4     13.7     16.3     43.9 2022  9  3 19  0 25.420  0.00  29
   102849  40.453951 -124.684359    25.173      -91.1     -413.4     -417.3      5.9     13.7     21.8 2022  9 24 15 55 46.140  0.00  29
   102850  40.458972 -124.682943    25.228       29.0      144.1     -361.6      7.2      9.0     26.4 2022 10  9  0 29 47.680  0.00  29
   102852  40.455098 -124.684416    26.056      -96.0     -286.0      466.4     10.9     16.8     27.2 2022 11 11 22 43 19.680  0.00  29
   102853  40.459432 -124.683008    25.586       23.5      195.2       -4.0      6.8      9.9     21.2 2022 11 11 12  5 43.380  0.00  29
   102854  40.458191 -124.683179    24.465        9.0       57.4    -1124.5      5.8      9.2     41.7 2022 11 19 17  1  6.200  0.00  29
   102855  40.457572 -124.682878    25.797       34.5      -11.3      206.7     10.7     14.6     27.7 2022 11 29 18 59 55.780  0.00  29
   110306  40.458952 -124.682707    25.729       49.0      141.9      139.0      4.4      6.4     16.5 2023  4  5 22 10 57.780  1.92  29
