   100000  40.759102 -124.246289    17.013       -8.9       34.3       -7.1     33.3     55.9     36.2 2020  1  1  4 18 17.380  0.00  52
   100001  40.758781 -124.246200    17.017       -1.4       -1.4       -3.1     29.0     20.1     26.2 2020  1  3 12  6 10.660  0.00  52
   100002  40.758972 -124.246265    17.009       -6.9       19.9      -10.5     36.8     32.0     33.5 2020  1 10  5 38 39.760  0.00  52
   100003  40.758911 -124.245760    16.952       35.7       13.1      -67.5     43.6     27.3     65.9 2020  7  2 10 37 18.320  0.00  52
   100006  40.758862 -124.245760    16.966       35.7        7.7      -54.3     51.1     16.9     61.8 2020  8 26 17  5  7.560  0.00  52
   100008  40.759070 -124.246216    17.006       -2.7       30.7      -14.2     26.1     39.3     35.2 2021  2 26 17 10 55.880  0.00  52
   100009  40.758960 -124.246273    17.010       -7.6       18.5      -10.2     31.0     31.0     40.5 2021  8  4 13  4 50.340  0.00  52
   100010  40.757202 -124.245793    16.949       33.0     -176.7      -70.7     51.4     84.8     66.4 2021  8 31  4 21  7.080  0.00  52
   100012  40.756999 -124.245785    16.935       33.7     -199.3      -84.7     50.2     82.6     65.0 2021 10 14  9 39 56.740  0.00  52
   100017  40.758834 -124.246200    17.011       -1.4        4.5       -8.6     29.6     20.3     29.9 2022  7 21  0 22 10.260  0.00  52
   100018  40.758830 -124.246265    17.024       -6.9        4.1        3.9     20.9     16.7     30.5 2022  8  5 18 16 27.220  0.00  52
   100021  40.758842 -124.246273    17.023       -7.6        5.4        3.2     23.5     18.7     20.5 2022  8 21  7 16 43.100  0.00  52
   100022  40.758813 -124.246191    17.018       -0.7        2.3       -1.7     19.9     14.4     32.8 2022  8 24  0 39 13.140  0.00  52
   100023  40.758862 -124.246224    17.019       -3.4        7.7       -0.6     17.6     28.7     22.6 2022  8 26 13 46 28.200  0.00  52
   100028  40.758809 -124.246159    17.014        2.1        1.8       -5.5     26.8     14.7     28.2 2022  9 18  2 25 38.720  0.00  52
   100029  40.758842 -124.246232    17.020       -4.1        5.4       -0.4     18.2     18.7     27.4 2022  9 24  0 15 43.900  0.00  52
   100030  40.758822 -124.246175    17.015        0.7        3.2       -4.8     23.8     15.1     33.0 2022 10  1  3  9  7.860  0.00  52
   100031  40.758801 -124.246208    17.018       -2.1        0.9       -2.3     26.1     15.4     23.5 2022 10 16 12  4 20.320  0.00  52
   100032  40.758822 -124.246175    17.015        0.7        3.2       -4.9     23.9     15.1     33.2 2022 10 18  3 13  8.320  0.00  52
   100034  40.758862 -124.246265    17.023       -6.9        7.7        3.3     20.6     24.0     20.7 2022 10 25 11 16 30.760  0.00  52
   100036  40.758842 -124.246403    17.023      -18.6        5.4        3.2     38.0     26.7     20.1 2022 11 30 15  7  3.540  0.00  52
   110286  40.758797 -124.246240    17.034       -4.8        0.5       14.3     24.0     18.6     25.0 2023  5 27 14 43 32.110  1.31  52
