   108277  40.351274 -124.441512    23.921       -9.7       20.3       11.0     36.1     51.7     40.9 2020  4  4 18 49  5.200  0.00  48
   108278  40.350871 -124.441260    23.900       11.8      -24.4       -9.7     57.5     73.7     59.4 2020  4 26 15 58  8.820  0.00  48
   108285  40.350614 -124.441300    23.896        8.3      -52.9      -14.0     50.3     89.4     62.4 2020 12  3 22 40 43.620  0.00  48
   108286  40.350578 -124.441219    23.890       15.2      -56.9      -19.5     57.6     71.9     48.3 2021  3  7  5  2 46.960  0.00  48
   108287  40.350720 -124.441300    23.900        8.3      -41.1       -9.5     45.6     74.6     39.4 2021  3 20 23 16 13.640  0.00  48
   108291  40.350578 -124.441235    23.899       13.8      -56.9      -10.6     58.4     84.0     49.8 2021 10 30  8 35 33.380  0.00  48
   108292  40.350907 -124.441333    23.908        5.5      -20.3       -1.7     38.3     57.2     56.4 2021 11 23  8 36 50.640  0.00  48
   108294  40.350216 -124.441178    23.894       18.7      -97.1      -15.9     62.0    103.5     61.7 2021 11 24 17  1 30.540  0.00  48
   108296  40.351111 -124.441292    23.909        9.0        2.3       -1.4     50.0     93.4     59.7 2021 11 26 13 39 40.880  0.00  48
   108298  40.350293 -124.440837    23.894       47.7      -88.6      -16.2     68.9    112.0     63.3 2021 11 30 11 29  7.980  0.00  48
   108300  40.352116 -124.441602    23.962      -17.3      113.9       52.3     69.0    127.3    103.4 2021 12 20 20 51 25.720  0.00  48
   108306  40.351945 -124.441870    23.950      -40.1       94.9       39.8     93.3    133.6    115.1 2021 12 21 11 23 53.660  0.00  48
   108307  40.351038 -124.441390    23.908        0.7       -5.9       -2.4     28.2     53.8     35.3 2021 12 24 16 55 56.640  0.00  48
   108309  40.351221 -124.441431    23.919       -2.8       14.5        9.3     31.9     51.8     31.4 2022  1  3 21 39 26.840  0.00  48
   108310  40.350956 -124.441252    23.910       12.4      -14.9        0.0     50.1     71.0     77.5 2022  1  7 23 16 41.000  0.00  48
   108311  40.351233 -124.441471    23.919       -6.2       15.8        9.4     33.0     52.1     39.6 2022  1 17  6  4 37.860  0.00  48
   108313  40.351139 -124.441423    23.912       -2.1        5.4        2.2     32.6     50.3     35.3 2022  2  1  3 38 46.820  0.00  48
   108314  40.351021 -124.441471    23.909       -6.2       -7.7       -1.4     55.0     71.1     39.0 2022  2 12 15 14 50.440  0.00  48
   108315  40.351176 -124.441398    23.914        0.0        9.5        4.3     33.7     53.4     38.1 2022  3 14 17 54 18.940  0.00  48
   108318  40.351388 -124.441349    23.922        4.1       33.0       11.6     39.9     70.4     49.7 2022  3 25 11 39  6.360  0.00  48
   108320  40.350769 -124.441211    23.893       15.9      -35.7      -17.1     63.5     73.7     65.2 2022  5 24  3 56 56.760  0.00  48
   108321  40.351192 -124.441390    23.913        0.7       11.3        3.4     37.7     73.9     44.9 2022  6  2 23 18  2.840  0.00  48
   108324  40.351147 -124.441398    23.917        0.0        6.3        6.5     36.7     54.3     45.7 2022  9  1 16 10 18.720  0.00  48
   108325  40.350496 -124.441130    23.900       22.8      -66.0      -10.2     53.8     86.9     55.2 2022 10 16 16 42 42.900  0.00  48
   110491  40.351180 -124.441439    23.908       -3.5        9.9       -2.5     30.7     48.9     35.3 2023  4  1 22 38 24.960  0.87  48
