   108277  40.351176 -124.441447    23.914       -4.1        9.5        4.4      3.1      4.4      3.0 2020  4  4 18 49  5.200  0.00  48
   108278  40.350968 -124.441309    23.905        7.6      -13.6       -5.5      3.2      4.4      3.6 2020  4 26 15 58  8.820  0.00  48
   108285  40.350850 -124.441333    23.901        5.5      -26.7       -8.9      3.5      5.3      4.3 2020 12  3 22 40 43.620  0.00  48
   108286  40.350863 -124.441300    23.900        8.3      -25.3       -9.8      3.5      4.9      3.6 2021  3  7  5  2 46.960  0.00  48
   108287  40.350924 -124.441341    23.905        4.8      -18.5       -5.5      3.0      4.6      3.4 2021  3 20 23 16 13.640  0.00  48
   108291  40.350859 -124.441309    23.904        7.6      -25.8       -6.2      3.3      5.1      4.0 2021 10 30  8 35 33.380  0.00  48
   108292  40.351050 -124.441382    23.910        1.4       -4.5       -0.5      2.6      3.6      2.7 2021 11 23  8 36 50.640  0.00  48
   108294  40.350671 -124.441276    23.901       10.4      -46.5       -9.1      3.8      7.0      5.0 2021 11 24 17  1 30.540  0.00  48
   108296  40.351111 -124.441382    23.911        1.4        2.3        0.9      2.8      4.0      2.8 2021 11 26 13 39 40.880  0.00  48
   108298  40.350688 -124.441162    23.900       20.0      -44.7       -9.5      4.0      6.1      5.7 2021 11 30 11 29  7.980  0.00  48
   108300  40.351774 -124.441520    23.948      -10.4       75.9       37.9      5.9     11.3      7.8 2021 12 20 20 51 25.720  0.00  48
   108306  40.351839 -124.441821    23.964      -36.0       83.1       53.6      7.2      9.4      7.3 2021 12 21 11 23 53.660  0.00  48
   108307  40.351066 -124.441390    23.908        0.7       -2.7       -1.5      2.0      3.3      2.2 2021 12 24 16 55 56.640  0.00  48
   108309  40.351131 -124.441382    23.912        1.4        4.5        1.8      2.4      4.0      2.9 2022  1  3 21 39 26.840  0.00  48
   108310  40.351086 -124.441357    23.911        3.5       -0.5        1.4      2.9      3.7      3.2 2022  1  7 23 16 41.000  0.00  48
   108311  40.351156 -124.441423    23.913       -2.1        7.2        3.2      2.7      4.0      2.8 2022  1 17  6  4 37.860  0.00  48
   108313  40.351107 -124.441406    23.911       -0.7        1.8        0.7      2.2      3.5      2.5 2022  2  1  3 38 46.820  0.00  48
   108314  40.351062 -124.441414    23.909       -1.4       -3.2       -1.0      2.9      4.2      2.6 2022  2 12 15 14 50.440  0.00  48
   108315  40.351119 -124.441390    23.911        0.7        3.2        1.0      2.4      3.6      2.6 2022  3 14 17 54 18.940  0.00  48
   108318  40.351200 -124.441374    23.914        2.1       12.2        4.0      2.8      6.8      3.8 2022  3 25 11 39  6.360  0.00  48
   108320  40.350924 -124.441284    23.902        9.7      -18.5       -8.3      3.5      4.8      3.7 2022  5 24  3 56 56.760  0.00  48
   108321  40.351123 -124.441398    23.911        0.0        3.6        1.3      2.5      3.8      2.8 2022  6  2 23 18  2.840  0.00  48
   108324  40.351107 -124.441382    23.911        1.4        1.8        1.3      2.7      3.8      2.8 2022  9  1 16 10 18.720  0.00  48
   108325  40.350781 -124.441260    23.903       11.8      -34.3       -6.9      3.3      5.6      4.8 2022 10 16 16 42 42.900  0.00  48
   110491  40.351123 -124.441414    23.909       -1.4        3.6       -1.0      2.4      3.7      3.0 2023  4  1 22 38 24.960  0.87  48
