   100761  40.434497 -124.281258    27.307      -13.1       44.3       56.7     97.5     80.0    101.0 2020  3 19  0 21  8.520  0.00  58
   100762  40.433232 -124.279818    27.063      109.1      -96.2     -187.5    116.0    102.3    110.7 2020  5 26 11 54 20.560  0.00  58
   100770  40.434786 -124.281104    27.311        0.0       76.4       61.4     99.9     85.0     82.2 2021 12 20 20 40 27.840  0.00  58
   100771  40.433167 -124.284855    27.375     -318.3     -103.5      125.2    163.0    184.3    119.1 2021 12 20 21 13 37.940  0.00  58
   100772  40.435083 -124.286214    27.316     -433.6      109.3       66.3    235.2    152.1    168.8 2021 12 20 21 49  2.160  0.00  58
   100775  40.433492 -124.283960    27.431     -242.4      -67.3      181.0    127.2    153.0    114.8 2021 12 20 21 41 38.040  0.00  58
   100783  40.433724 -124.278857    27.226      190.6      -41.6      -23.7    131.5     96.7    101.9 2021 12 21  1 55  6.020  0.00  58
   100784  40.434208 -124.274862    27.134      529.6       12.2     -115.8    195.5    140.0    114.6 2021 12 21  9 44 18.020  0.00  58
   100786  40.434851 -124.283862    27.356     -234.1       83.6      106.4    130.9    104.3     95.6 2021 12 21 11 41 19.660  0.00  58
   100797  40.435364 -124.278613    27.220      211.3      140.5      -30.2    123.9    141.3    116.2 2021 12 21  2 14 36.240  0.00  58
   100798  40.434188 -124.273787    27.066      620.8        9.9     -183.9    193.2    179.7    150.0 2021 12 21  6 23 58.200  0.00  58
   100800  40.434635 -124.274227    26.915      583.5       59.6     -335.5    185.3    199.0    145.4 2021 12 22  8 41  9.420  0.00  58
   100805  40.433398 -124.281217    27.219       -9.7      -77.7      -31.1     85.0     96.8     86.0 2021 12 25 22 32 13.020  0.00  58
   100813  40.435400 -124.285750    27.496     -394.3      144.6      246.1    148.2    149.5    150.7 2022  1  2 19 41 12.580  0.00  58
   100814  40.434436 -124.284106    27.374     -254.8       37.5      124.1    137.0    109.9    106.5 2022  1  3 19 57 17.080  0.00  58
   100815  40.433626 -124.284131    27.368     -256.9      -52.4      117.8    151.8    142.9    126.9 2022  1  6  4  5  9.040  0.00  58
   100818  40.432841 -124.277051    27.112      343.9     -139.6     -138.4    210.7    156.4    184.8 2022  1 17 14  7  8.520  0.00  58
   100819  40.433643 -124.277718    27.210      287.3      -50.6      -40.1    118.8     88.1     93.0 2022  2 18  6 57  8.340  0.00  58
   110291  40.434082 -124.281551    27.246      -38.0       -1.8       -4.3     87.2     79.8     79.4 2023  3  8 12 49 37.420  0.96  58
