   109853  40.466797 -124.351807    20.360      -14.5       -0.5       -0.0      0.4      0.3      0.3 2021 12  7 21 33 47.900  0.00   9
   109854  40.466797 -124.351807    20.360      -14.5       -0.5        0.0      0.3      0.3      0.3 2021 12  7 21 45 53.560  0.00   9
   109855  40.466858 -124.351823    20.368      -15.9        6.3        8.3      0.4      0.3      0.4 2021 12  7 12 26 22.200  0.00   9
   109856  40.466797 -124.351807    20.360      -14.5       -0.5       -0.0      0.3      0.3      0.3 2021 12  7 22  4 32.880  0.00   9
   109857  40.466797 -124.351807    20.360      -14.5       -0.5       -0.0      0.3      0.3      0.3 2021 12  7 21 45 59.740  0.00   9
   109859  40.466878 -124.351807    20.368      -14.5        8.6        8.2      0.4      0.4      0.4 2021 12  7  9 58 27.360  0.00   9
   109860  40.466772 -124.351790    20.360      -13.1       -3.2       -0.4      0.3      0.3      0.3 2021 12  7  9 46 54.320  0.00   9
   109861  40.466801 -124.351807    20.360      -14.5        0.0        0.2      0.3      0.3      0.3 2021 12  7 12 54  1.480  0.00   9
   109863  40.466862 -124.351807    20.365      -14.5        6.8        5.2      0.3      0.3      0.3 2021 12  7  9 39  7.720  0.00   9
   109864  40.466829 -124.351823    20.364      -15.9        3.2        4.3      0.4      0.3      0.3 2021 12  8  2 22  9.140  0.00   9
   109865  40.466866 -124.351815    20.366      -15.2        7.2        5.9      0.4      0.3      0.4 2021 12  8  4 40 20.140  0.00   9
   109866  40.466801 -124.351807    20.360      -14.5        0.0        0.2      0.3      0.3      0.3 2021 12  8  7 30 43.740  0.00   9
   109868  40.466801 -124.351807    20.360      -14.5        0.0        0.2      0.3      0.3      0.3 2021 12 17  8 58 33.980  0.00   9
   109872  40.466724 -124.351758    20.355      -10.4       -8.6       -5.0      0.4      0.4      0.4 2021 12 22 13  9 47.400  0.00   9
   109873  40.466842 -124.351921    20.370      -24.2        4.5       10.1      0.5      0.4      0.5 2021 12 22 13  8 35.400  0.00   9
   109878  40.466797 -124.351921    20.364      -24.2       -0.5        4.2      0.5      0.4      0.4 2021 12 23 17 36 59.880  0.00   9
   109879  40.466874 -124.351799    20.363      -13.8        8.1        3.4      0.4      0.4      0.4 2021 12 31 21 13 47.340  0.00   9
   109880  40.466797 -124.351807    20.360      -14.5       -0.5        0.3      0.3      0.3      0.3 2021 12 31 23 22 15.200  0.00   9
   109881  40.466768 -124.352026    20.368      -33.1       -3.6        7.7      0.5      0.5      0.4 2021 12 31 21  1  5.380  0.00   9
   109882  40.466695 -124.351912    20.356      -23.5      -11.7       -4.2      0.6      0.4      0.3 2021 12 31 22 59 29.260  0.00   9
   109884  40.466801 -124.351864    20.359      -19.3        0.0       -1.3      0.5      0.3      0.3 2021 12 31 21 41 34.540  0.00   9
   109885  40.466789 -124.351790    20.359      -13.1       -1.4       -0.6      0.3      0.3      0.3 2021 12 31 23 22 35.980  0.00   9
   109886  40.466687 -124.351896    20.354      -22.1      -12.7       -6.0      0.5      0.4      0.4 2021 12 31 21 36 52.160  0.00   9
   109887  40.466984 -124.351717    20.353       -6.9       20.3       -7.2      0.6      0.5      0.3 2021 12 31 21 24 31.900  0.00   9
   109889  40.466919 -124.351782    20.370      -12.4       13.1       10.4      0.4      0.4      0.4 2021 12 31 22 23  2.420  0.00   9
   109890  40.466976 -124.351497    20.349       11.7       19.4      -10.9      0.7      0.6      0.5 2021 12 31 21 28 44.320  0.00   9
   109892  40.467061 -124.351652    20.350       -1.4       28.9       -9.8      0.7      0.7      0.4 2021 12 31 20 59  5.800  0.00   9
   109893  40.466947 -124.351636    20.374        0.0       16.3       14.0      0.6      0.4      0.5 2021 12 31 22 28 36.400  0.00   9
   109894  40.466951 -124.351766    20.380      -11.0       16.7       19.7      0.5      0.4      0.6 2021 12 31 21 34  9.240  0.00   9
   109897  40.466785 -124.351636    20.360        0.0       -1.8        0.2      0.4      0.4      0.5 2021 12 31 21 22  1.660  0.00   9
   109899  40.466687 -124.351619    20.352        1.4      -12.7       -7.6      0.5      0.5      0.6 2021 12 31 21 26 44.180  0.00   9
   109900  40.466829 -124.351782    20.369      -12.4        3.2        9.4      0.3      0.3      0.5 2021 12 31 21 29 28.380  0.00   9
   109901  40.466724 -124.351603    20.355        2.8       -8.6       -4.5      0.5      0.4      0.6 2021 12 31 23 16 10.100  0.00   9
   109902  40.466760 -124.351766    20.357      -11.0       -4.5       -3.1      0.5      0.3      0.3 2022  1  1  1 11 56.420  0.00   9
   109903  40.466736 -124.351750    20.353       -9.7       -7.2       -6.8      0.5      0.3      0.4 2022  1  1  3  7 56.580  0.00   9
   109904  40.466724 -124.351750    20.353       -9.7       -8.6       -7.1      0.6      0.3      0.4 2022  1  1  3 40 35.120  0.00   9
   109905  40.466752 -124.351758    20.356      -10.4       -5.4       -3.6      0.4      0.3      0.4 2022  1  1 14 50 36.380  0.00   9
   109906  40.466829 -124.351823    20.364      -15.9        3.2        4.2      0.4      0.3      0.3 2022  1  1  3 50 22.380  0.00   9
   109908  40.466895 -124.351904    20.370      -22.8       10.4        9.6      0.4      0.5      0.5 2022  1  1  4 33 10.400  0.00   9
   109909  40.466821 -124.351888    20.366      -21.4        2.3        5.7      0.4      0.3      0.4 2022  1  1  1 24 30.840  0.00   9
   109910  40.466756 -124.351782    20.358      -12.4       -5.0       -1.8      0.3      0.3      0.3 2022  1  1  9 34  2.580  0.00   9
   109912  40.466728 -124.351799    20.352      -13.8       -8.1       -7.8      0.4      0.4      0.4 2022  1  1  3 46 23.700  0.00   9
   109913  40.466813 -124.351937    20.370      -25.5        1.4        9.6      0.4      0.4      0.4 2022  1  1 22 49 28.940  0.00   9
   109914  40.466801 -124.351937    20.366      -25.5        0.0        6.0      0.5      0.4      0.4 2022  1  1  6 56 49.280  0.00   9
   109915  40.466886 -124.351929    20.376      -24.8        9.5       15.8      0.5      0.4      0.5 2022  1  1  7 51 46.140  0.00   9
   109920  40.466756 -124.351530    20.350        9.0       -5.0      -10.2      0.5      0.5      0.6 2022  1  1  8 39 32.480  0.00   9
   109921  40.466890 -124.351676    20.369       -3.5        9.9        8.7      0.4      0.4      0.5 2022  1  1  6 58 33.460  0.00   9
   109922  40.466882 -124.351717    20.355       -6.9        9.0       -5.3      0.5      0.4      0.3 2022  1  2  0 19 40.280  0.00   9
   109923  40.466797 -124.351807    20.360      -14.5       -0.5       -0.1      0.4      0.3      0.3 2022  1  2  7  8 33.280  0.00   9
   109927  40.466789 -124.351758    20.358      -10.4       -1.4       -2.2      0.4      0.3      0.3 2022  1  2  8 17 45.540  0.00   9
   109929  40.466972 -124.351693    20.350       -4.8       19.0       -9.8      0.7      0.6      0.5 2022  1  2  5  0 24.040  0.00   9
   109930  40.466606 -124.351733    20.353       -8.3      -21.7       -7.5      0.6      0.6      0.7 2022  1  2  5 38  1.540  0.00   9
   109931  40.466597 -124.351603    20.348        2.8      -22.6      -11.7      0.6      0.6      0.7 2022  1  2  5  2 12.340  0.00   9
   109932  40.466585 -124.351611    20.344        2.1      -23.9      -16.1      0.6      0.6      0.7 2022  1  2  3 23  3.540  0.00   9
   109933  40.466520 -124.351603    20.344        2.8      -31.2      -16.2      0.7      0.7      0.8 2022  1  2  5  1  2.520  0.00   9
   109935  40.466833 -124.351815    20.363      -15.2        3.6        2.6      0.3      0.3      0.3 2022  1  5 18 56  2.500  0.00   9
   109936  40.466801 -124.351807    20.360      -14.5        0.0        0.1      0.3      0.3      0.3 2022  1  5 19  1 24.180  0.00   9
   109938  40.466797 -124.351929    20.366      -24.8       -0.5        5.6      0.5      0.4      0.4 2022  1  5 21 32  2.160  0.00   9
   109939  40.466838 -124.351815    20.362      -15.2        4.1        2.2      0.3      0.3      0.3 2022  1  6  0 11 27.980  0.00   9
   109940  40.466854 -124.351937    20.371      -25.5        5.9       10.9      0.5      0.4      0.4 2022  1  7 20  6 20.120  0.00   9
   109943  40.466992 -124.351506    20.351       11.0       21.2       -9.1      0.7      0.6      0.4 2022  1 11  1 26 21.100  0.00   9
   109945  40.466838 -124.351660    20.359       -2.1        4.1       -1.4      0.4      0.3      0.3 2022  1 15 18  5 10.660  0.00   9
   109947  40.466671 -124.349740    20.349      160.8      -14.5      -11.2      1.7      0.9      1.1 2022  1 17 14 27 17.180  0.00   9
   109951  40.466805 -124.351750    20.358       -9.7        0.5       -2.3      0.4      0.3      0.3 2022  1 27 20 10 53.880  0.00   9
   109952  40.466724 -124.351742    20.352       -9.0       -8.6       -7.6      0.4      0.4      0.4 2022  1 27 22 44  4.980  0.00   9
   109953  40.466850 -124.351953    20.368      -26.9        5.4        8.5      0.4      0.5      0.5 2022  1 27 22 52 11.360  0.00   9
   109954  40.466886 -124.351733    20.359       -8.3        9.5       -1.2      0.4      0.4      0.3 2022  1 27 17 34 18.060  0.00   9
   109955  40.466801 -124.351904    20.366      -22.8        0.0        5.7      0.4      0.4      0.4 2022  1 27 21 47 50.600  0.00   9
   109956  40.466838 -124.351807    20.355      -14.5        4.1       -4.6      0.5      0.3      0.3 2022  1 27 22 16 34.500  0.00   9
   109957  40.466797 -124.351807    20.360      -14.5       -0.5        0.0      0.3      0.3      0.3 2022  1 27 23  0 31.100  0.00   9
   109958  40.466821 -124.351750    20.358       -9.7        2.3       -2.4      0.5      0.3      0.3 2022  1 27 21 32 52.980  0.00   9
   109960  40.466789 -124.351945    20.366      -26.2       -1.4        5.9      0.4      0.4      0.4 2022  1 27 22  9  2.920  0.00   9
   109961  40.466911 -124.351888    20.369      -21.4       12.2        9.1      0.5      0.5      0.5 2022  1 27 18 33 32.900  0.00   9
   109962  40.466870 -124.351921    20.371      -24.2        7.7       11.5      0.5      0.5      0.6 2022  1 27 22  8  2.040  0.00   9
   109963  40.466752 -124.351758    20.358      -10.4       -5.4       -2.3      0.3      0.3      0.4 2022  1 27 23 14 21.180  0.00   9
   109964  40.466866 -124.351904    20.371      -22.8        7.2       11.4      0.4      0.4      0.4 2022  1 27 22 20 13.740  0.00   9
   109965  40.466797 -124.351807    20.360      -14.5       -0.5       -0.0      0.3      0.3      0.3 2022  1 27 22 12 45.840  0.00   9
   109983  40.466781 -124.351896    20.363      -22.1       -2.3        3.1      0.4      0.4      0.3 2022  1 28  0 34 32.560  0.00   9
   109984  40.466752 -124.351921    20.364      -24.2       -5.4        4.4      0.4      0.4      0.3 2022  1 28  3 12  7.440  0.00   9
   109985  40.466870 -124.351855    20.362      -18.6        7.7        1.6      0.4      0.4      0.3 2022  1 28  0 44 42.720  0.00   9
   109988  40.466768 -124.351921    20.364      -24.2       -3.6        3.5      0.5      0.4      0.3 2022  1 28  0 27 15.380  0.00   9
   109995  40.466805 -124.351693    20.356       -4.8        0.5       -3.9      0.3      0.3      0.3 2022  1 28  4 41 54.380  0.00   9
   109997  40.466793 -124.351929    20.366      -24.8       -0.9        6.2      0.5      0.4      0.4 2022  1 28  1 21 59.360  0.00   9
   110019  40.466846 -124.351799    20.366      -13.8        5.0        6.1      0.3      0.3      0.4 2022  2 14  4 28  7.640  0.00   9
   110023  40.466988 -124.351709    20.360       -6.2       20.8        0.2      0.6      0.5      0.4 2022  2 23  9 20  4.900  0.00   9
   110025  40.466833 -124.351790    20.366      -13.1        3.6        6.3      0.4      0.3      0.4 2022  2 27 18 36 21.460  0.00   9
   110027  40.467057 -124.351562    20.359        6.2       28.5       -1.0      0.7      0.6      0.4 2022  3  1  7 32 41.360  0.00   9
   110030  40.467114 -124.351416    20.355       18.6       34.8       -4.8      0.8      0.7      0.3 2022  3 12  3  5 59.020  0.00   9
   110037  40.466951 -124.351807    20.375      -14.5       16.7       15.4      0.4      0.5      0.5 2022  4 15  4  5 28.260  0.00   9
   110041  40.466862 -124.351782    20.368      -12.4        6.8        7.7      0.4      0.3      0.4 2022  4 23 19 30 21.100  0.00   9
   110043  40.466858 -124.351774    20.368      -11.7        6.3        7.6      0.4      0.3      0.4 2022  5 10 21 12 24.720  0.00   9
   110044  40.466870 -124.351636    20.366        0.0        7.7        5.7      0.4      0.3      0.4 2022  5 14 20 49  1.740  0.00   9
   110045  40.466980 -124.351693    20.357       -4.8       19.9       -3.5      0.6      0.5      0.3 2022  5 17  9 54 28.320  0.00   9
   110046  40.466805 -124.351929    20.369      -24.8        0.5        8.6      0.4      0.4      0.4 2022  5 19  9 26 51.460  0.00   9
   110049  40.466976 -124.351457    20.347       15.2       19.4      -13.2      0.7      0.6      0.5 2022  5 25  3 19  0.820  0.00   9
   110063  40.467053 -124.351538    20.353        8.3       28.0       -7.4      0.7      0.7      0.4 2022  6 27 22 32  8.600  0.00   9
   110065  40.466862 -124.351799    20.368      -13.8        6.8        8.2      0.4      0.3      0.4 2022  6 29  5 19 51.560  0.00   9
   110067  40.466838 -124.351636    20.364        0.0        4.1        3.6      0.4      0.3      0.4 2022  6 29  4  5 54.560  0.00   9
   110069  40.466976 -124.351660    20.358       -2.1       19.4       -1.7      0.6      0.5      0.3 2022  7  7  0 41 12.360  0.00   9
   110072  40.467033 -124.351392    20.345       20.7       25.8      -15.4      0.8      0.7      0.5 2022  7 21 12 44 21.120  0.00   9
   110073  40.467065 -124.351562    20.355        6.2       29.4       -5.0      0.7      0.6      0.3 2022  7 21 16 18 58.860  0.00   9
   110082  40.466715 -124.351929    20.361      -24.8       -9.5        0.9      0.5      0.5      0.3 2022 10 11  8 11 57.980  0.00   9
   110085  40.466829 -124.351636    20.359        0.0        3.2       -0.9      0.4      0.3      0.4 2022 10 18 11  2 57.480  0.00   9
   110719  40.466760 -124.351823    20.359      -15.9       -4.5       -0.5      0.4      0.3      0.3 2022 12 20 14 12 46.630  1.30   9
