   104838  40.291557 -124.388550    21.287       78.2      -16.7      -82.6    356.5    279.2    516.4 2020  1 25 14 20 47.820  0.00  34
   104839  40.291610 -124.388615    21.302       72.7      -10.8      -68.1    350.4    262.1    466.6 2020  1 25 14 22 23.940  0.00  34
   104842  40.291516 -124.388159    21.254      111.4      -21.2     -116.5    389.0    322.1    567.9 2020  3 13 13 44 40.320  0.00  34
   104843  40.294112 -124.388965    21.327       42.9      267.0      -43.4    265.0    732.7    237.9 2020  5 23 16 19  5.400  0.00  34
   104844  40.296228 -124.388859    21.319       51.9      502.0      -51.5    434.9   1115.8    265.8 2020  5 24 12  7 13.140  0.00  34
   104845  40.291467 -124.389510    21.372       -3.5      -26.7        1.9    182.9    341.6    156.3 2020  6  5 12  0 20.420  0.00  34
   104848  40.291549 -124.388306    21.271       99.0      -17.6      -99.4    373.2    306.1    567.6 2020 12 25 11 55 38.020  0.00  34
   104849  40.291585 -124.388314    21.274       98.3      -13.6      -96.4    365.3    293.4    554.8 2020 12 25 14 25 57.040  0.00  34
   104850  40.291508 -124.388436    21.274       87.9      -22.1      -96.4    365.0    282.5    660.3 2021  1 13 10  0 21.440  0.00  34
   104851  40.291736 -124.389396    21.359        6.2        3.2      -10.6    178.2    306.9    217.0 2021  2  5 11 24  9.360  0.00  34
   104854  40.291296 -124.389437    21.368        2.8      -45.6       -1.6    187.9    395.3    165.8 2021  9 17  3 49 29.860  0.00  34
   104855  40.291553 -124.389681    21.379      -18.0      -17.2        9.5    265.1    398.3    196.5 2021 10 23 10 36 54.840  0.00  34
   104857  40.291386 -124.389372    21.366        8.3      -35.7       -3.9    215.4    290.1    192.3 2021 11 10 22 12  7.100  0.00  34
   104858  40.293038 -124.389421    21.355        4.2      147.7      -15.4    337.7    696.0    290.6 2021 11 17 11 58 34.440  0.00  34
   104859  40.291943 -124.389640    21.371      -14.5       26.2        1.4    199.2    264.2    215.7 2021 12 20 22 16 24.420  0.00  34
   104862  40.291711 -124.389535    21.370       -5.5        0.5        0.5    200.3    307.8    161.2 2021 12 21  0  0 44.500  0.00  34
   104863  40.291650 -124.389608    21.373      -11.8       -6.3        3.3    199.0    246.2    147.8 2021 12 21  7 32  7.940  0.00  34
   104864  40.291589 -124.389567    21.373       -8.3      -13.1        3.2    214.1    268.4    166.7 2021 12 21  7 32 38.440  0.00  34
   104866  40.291691 -124.389478    21.369       -0.7       -1.8       -1.0    195.4    313.3    161.3 2021 12 21 13 12 35.900  0.00  34
   104868  40.291646 -124.389583    21.377       -9.7       -6.8        6.6    189.7    336.4    161.7 2021 12 21  7 35 40.760  0.00  34
   104869  40.291992 -124.389526    21.371       -4.8       31.6        0.5    185.0    298.5    155.3 2021 12 21  5 59 26.840  0.00  34
   104870  40.291459 -124.389469    21.368        0.0      -27.6       -2.3    194.6    345.2    158.5 2021 12 21  2 41 56.780  0.00  34
   104872  40.291781 -124.390544    21.440      -91.3        8.1       70.4    419.0    379.2    330.3 2021 12 21  5 35 36.300  0.00  34
   104874  40.292322 -124.389111    21.349       30.4       68.2      -21.1    343.2    500.9    291.9 2021 12 21 13 40 27.300  0.00  34
   104875  40.291337 -124.389510    21.377       -3.5      -41.1        6.9    182.8    377.6    181.6 2021 12 22  2 25 36.120  0.00  34
   104876  40.291390 -124.389543    21.375       -6.2      -35.2        4.9    211.6    333.8    174.8 2021 12 22  4 43 41.600  0.00  34
   104878  40.291520 -124.389543    21.375       -6.2      -20.8        4.6    199.1    356.2    199.2 2021 12 23 13 23  2.200  0.00  34
   104881  40.291793 -124.389478    21.370       -0.7        9.5        0.1    178.1    274.1    171.6 2021 12 31 17  4  4.900  0.00  34
   104884  40.291663 -124.389486    21.372       -1.4       -5.0        1.9    176.1    307.1    157.8 2022  1 28 17 21 49.780  0.00  34
   104885  40.291777 -124.389502    21.373       -2.8        7.7        2.6    204.2    368.3    177.4 2022  1 28 15 57 19.160  0.00  34
   104886  40.291927 -124.389429    21.369        3.5       24.4       -0.8    182.5    268.3    161.4 2022  1 28 15 48 35.980  0.00  34
   104888  40.291520 -124.389583    21.373       -9.7      -20.8        3.3    209.2    315.3    163.6 2022  2 22  1 59 45.720  0.00  34
   104889  40.291976 -124.389567    21.370       -8.3       29.8       -0.2    196.1    318.3    194.1 2022  9  2 17 28 49.180  0.00  34
   110352  40.291760 -124.389640    21.373      -14.5        5.9        3.1    184.7    189.4    171.3 2023  3 28  2 26 28.480  2.85  34
