   103511  40.416435 -124.635465    27.560       22.8      -31.6     -230.0     59.7     78.8    203.9 2020  5  7  4 53 23.220  0.00  19
   103516  40.416911 -124.635726    27.812        0.7       21.2       22.4     41.8     64.2     87.1 2020  6 21  2  0 47.320  0.00  19
   103523  40.416536 -124.635579    27.755       13.1      -20.3      -34.6     51.6     83.2    106.4 2020  8 20 22 23  4.640  0.00  19
   103526  40.417183 -124.635897    27.849      -13.8       51.5       58.5     93.2    131.3    188.9 2020  8 31  6  6  1.700  0.00  19
   103527  40.417151 -124.635986    27.895      -21.4       47.9      104.7     51.4    111.0     89.0 2020  9  2 12 23  8.680  0.00  19
   103528  40.416589 -124.635677    27.784        4.8      -14.5       -6.2     44.1     73.3     91.0 2020  9 21 17 56 19.800  0.00  19
   103529  40.416512 -124.635490    27.743       20.7      -23.0      -46.9     64.6    137.8    157.5 2020  9 23  9  0 29.540  0.00  19
   103531  40.416622 -124.635636    27.773        8.3      -10.8      -17.2     44.7     72.5     91.1 2020 10 10  1 19 51.240  0.00  19
   103532  40.416720 -124.635701    27.793        2.8        0.0        3.4     46.2     73.9     94.9 2020 10 11 19 49 37.260  0.00  19
   103533  40.416793 -124.635742    27.804       -0.7        8.1       14.3     54.5     82.3    111.3 2020 10 16  3  5  6.520  0.00  19
   103539  40.415369 -124.636393    27.966      -55.9     -150.0      176.2     98.2    200.9    193.0 2020 11 14  7 19 30.280  0.00  19
   103545  40.416956 -124.635636    27.779        8.3       26.2      -11.5     41.4     80.4     83.7 2020 12 29 22  2 25.740  0.00  19
   103546  40.416573 -124.635636    27.775        8.3      -16.3      -15.5     42.1     71.8     89.3 2021  1 21  2 49 11.860  0.00  19
   103547  40.416813 -124.634945    27.530       67.0       10.4     -260.4     81.8    152.2    177.6 2021  2  7 23 10 50.320  0.00  19
   103553  40.416862 -124.635701    27.811        2.8       15.8       20.7     48.3     76.3     97.2 2021  4  8  6 57 45.620  0.00  19
   103554  40.416951 -124.635767    27.826       -2.8       25.8       36.0     43.4     69.1     89.5 2021  4 12  6 17  4.740  0.00  19
   103555  40.416353 -124.635693    27.793        3.5      -40.7        2.6     41.8     88.1     91.9 2021  5  5 21 30  7.880  0.00  19
   103558  40.416793 -124.635734    27.801        0.0        8.1       11.2     49.1     78.2     89.9 2021  5 25  4  7 24.640  0.00  19
   103559  40.416728 -124.635905    27.826      -14.5        0.9       36.5     71.6    154.7    147.7 2021  5 27 18  4 14.220  0.00  19
   103563  40.416797 -124.635726    27.800        0.7        8.6        9.6     45.8     77.0     86.9 2021  6 20 17 45  6.940  0.00  19
   103564  40.416748 -124.635758    27.802       -2.1        3.2       12.5     51.5     91.3    101.1 2021  6 22  6 39 12.360  0.00  19
   103566  40.416630 -124.635636    27.780        8.3       -9.9       -9.9     44.7     74.6     85.2 2021  7  3 23 13 39.300  0.00  19
   103567  40.416638 -124.635645    27.773        7.6       -9.0      -16.7     43.7     73.9     90.2 2021  7  9 19  5 46.580  0.00  19
   103568  40.417733 -124.635034    27.611       59.4      112.5     -179.3    100.3    187.2    179.3 2021  7 11 13 20 49.540  0.00  19
   103574  40.416663 -124.635498    27.770       20.0       -6.3      -19.6     63.3    140.9    155.5 2021  8  4 21 24 15.580  0.00  19
   103575  40.416589 -124.635710    27.793        2.1      -14.5        2.9     45.9     66.6     91.8 2021  8 13  6 10 27.160  0.00  19
   103580  40.416602 -124.635645    27.784        7.6      -13.1       -5.8     46.8     78.2     87.6 2021  9  5 15 20 51.120  0.00  19
   103581  40.416610 -124.635645    27.786        7.6      -12.2       -4.4     48.5     76.2     87.0 2021  9  5 18  6  2.080  0.00  19
   103588  40.416569 -124.635734    27.803        0.0      -16.7       13.4     41.6     61.7     79.5 2021 11 15 20 36 56.500  0.00  19
   103592  40.416130 -124.635840    27.827       -9.0      -65.5       37.5     49.2    117.5     83.7 2021 12 17  9 32 52.640  0.00  19
   103593  40.416809 -124.635742    27.801       -0.7        9.9       11.3     46.2     78.2     85.1 2021 12 30  8 56 43.400  0.00  19
   103595  40.416833 -124.635758    27.817       -2.1       12.7       27.1     50.3     80.5     91.5 2022  1 12  6  0 47.680  0.00  19
   103596  40.415120 -124.634733    27.399       85.0     -177.6     -390.8    139.5    242.0    264.5 2022  1 16 20 48 33.420  0.00  19
   103602  40.416724 -124.635701    27.792        2.8        0.5        2.4     45.8     80.5     83.0 2022  2 13 14 34 37.180  0.00  19
   103603  40.416235 -124.635661    27.769        6.2      -53.8      -21.0     51.1    112.6    108.0 2022  2 18 10 30 45.580  0.00  19
   103604  40.416125 -124.635588    27.745       12.4      -66.0      -45.0     57.4    118.1    119.2 2022  2 18 10 29 22.700  0.00  19
   103610  40.416654 -124.635775    27.816       -3.5       -7.2       25.8     45.8     66.6     84.7 2022  3 11  2 27 42.400  0.00  19
   103612  40.417057 -124.635954    27.880      -18.6       37.5       89.9     84.2    141.0    135.7 2022  3 27 15 36 15.060  0.00  19
   103613  40.416951 -124.635864    27.836      -11.1       25.8       45.7     75.2    121.0    116.7 2022  3 27 14 10 14.080  0.00  19
   103614  40.416899 -124.635750    27.816       -1.4       19.9       26.3     42.4     62.3     80.4 2022  4  5  7 42 15.200  0.00  19
   103616  40.416854 -124.635742    27.801       -0.7       14.9       10.6     48.8     82.9     90.6 2022  4 10 20  1 33.680  0.00  19
   103617  40.415308 -124.635954    27.808      -18.6     -156.8       17.9     62.9    169.5     78.1 2022  4 10 11 29 25.840  0.00  19
   103619  40.416150 -124.635384    27.708       29.7      -63.3      -81.9     79.7    153.6    137.7 2022  4 16 11 33 57.200  0.00  19
   103621  40.416679 -124.635872    27.830      -11.7       -4.5       39.9     61.0     85.9    124.7 2022  4 26  2 38 32.820  0.00  19
   103627  40.416720 -124.635710    27.793        2.1        0.0        2.8     48.1     78.3     87.8 2022  6 15 21 43 33.360  0.00  19
   103629  40.416720 -124.635767    27.817       -2.8        0.0       26.6     43.3     62.0     82.6 2022  6 28 22 40 13.060  0.00  19
   103633  40.415853 -124.636198    27.897      -39.4      -96.2      106.8     79.6    176.6    137.3 2022  7 21 10 58 56.360  0.00  19
   103635  40.415902 -124.636353    27.933      -52.5      -90.8      142.5     92.7    175.5    168.5 2022  7 21  9 41 45.700  0.00  19
   103638  40.417493 -124.635107    27.629       53.2       85.8     -160.8    102.9    193.7    176.8 2022  7 29  4 44  3.980  0.00  19
   103639  40.416667 -124.635669    27.788        5.5       -5.9       -2.4     43.1     80.4     83.9 2022  8  1 11 57 40.720  0.00  19
   103643  40.416589 -124.635653    27.769        6.9      -14.5      -20.7     47.7     78.4     90.0 2022  8 19  1 15 44.200  0.00  19
   103648  40.416545 -124.635669    27.779        5.5      -19.4      -10.8     39.8     60.9     78.3 2022  9 24 22  0 20.980  0.00  19
   103654  40.416573 -124.635604    27.737       11.1      -16.3      -53.1     66.4    111.4    109.0 2022 11 19 23 53 55.780  0.00  19
   103655  40.416695 -124.635669    27.790        5.5       -2.7       -0.3     47.2     85.0     84.6 2022 11 21  7 59 21.280  0.00  19
   110323  40.416801 -124.635693    27.794        3.5        9.0        4.4     42.2     65.4     80.7 2022 12 17 21 51 15.200  2.06  19
