   102182  40.446232 -124.654370    25.033       -8.3      -54.7     -186.9      1.9      2.8      8.0 2020  1 15 17 42 30.720  0.00  10
   102184  40.448405 -124.652271    25.028      169.8      186.6     -191.7      5.5      7.2     24.9 2020  1 17  0 45  9.680  0.00  10
   102188  40.446065 -124.654069    25.531       17.3      -73.2      310.8      2.4      2.4      8.3 2020  1 21  4 20 43.480  0.00  10
   102200  40.449430 -124.651294    22.476      252.7      300.5    -2743.6      7.3      9.5      9.0 2020  3 19  5 35 45.780  0.00  10
   102205  40.446566 -124.654248    25.549        2.1      -17.6      329.1      1.6      2.5      9.5 2020  3 30 12 52 56.680  0.00  10
   102210  40.448218 -124.653385    25.539       75.3      165.8      319.1      5.0      5.1     18.7 2020  4 19 20 24 43.340  0.00  10
   102212  40.454948 -124.650871    23.806      288.6      913.2    -1413.9      2.7      7.5      3.3 2020  4 23 16 58 36.620  0.00  10
   102228  40.447066 -124.654224    25.642        4.1       38.0      422.1      2.9      3.2      9.9 2020  6  6 17 33 56.240  0.00  10
   102230  40.444173 -124.654793    25.281      -44.2     -283.3       61.1      4.2      6.1     12.6 2020  6  8  6 32 15.660  0.00  10
   102238  40.445076 -124.654549    25.225      -23.5     -183.0        5.3      3.9      4.9     14.3 2020  6 26 15 28 13.260  0.00  10
   102242  40.434049 -124.657731    26.008     -293.4    -1407.5      787.7      5.3      7.7     15.7 2020  7  2  9 45 28.780  0.00  10
   102243  40.452096 -124.652913    25.725      115.3      596.4      505.0      4.3      9.5      7.0 2020  7  4 10 27 11.180  0.00  10
   102245  40.446680 -124.654126    25.518       12.4       -5.0      298.2      2.0      2.3      8.3 2020  7 15 14 48 38.640  0.00  10
   102246  40.443978 -124.654679    25.468      -34.5     -305.0      248.4      2.4      3.7      9.4 2020  7 15  6 44  5.980  0.00  10
   102248  40.448482 -124.653939    24.914       28.3      195.2     -305.6      2.4      3.8     10.6 2020  7 19 18 15 35.580  0.00  10
   102251  40.448372 -124.654215    25.270        4.8      183.0       50.5      4.5      5.5      9.0 2020  7 24 17 25 56.900  0.00  10
   102255  40.443949 -124.654997    24.982      -61.4     -308.2     -238.0      5.1      7.6     20.0 2020  8  9  8 20 35.060  0.00  10
   102264  40.449919 -124.653174    25.266       93.2      354.7       45.6      2.2      4.1      7.2 2020  8 30  7 38 46.020  0.00  10
   102266  40.446493 -124.653979    25.531       24.9      -25.8      310.5      2.4      2.4      8.7 2020  9  9 23 36 32.240  0.00  10
   102267  40.446891 -124.654077    25.495       16.6       18.5      274.7      2.0      2.5      8.4 2020  9 10  0 16 17.420  0.00  10
   102268  40.444014 -124.654801    25.171      -44.9     -300.9      -48.8      1.7      3.7      8.3 2020  9 10  3 19 24.240  0.00  10
   102270  40.446362 -124.654167    24.845        9.0      -40.2     -375.2      4.2      6.3     18.5 2020  9 18  0 58 33.740  0.00  10
   102277  40.442778 -124.654972    25.004      -59.4     -438.3     -216.1      4.7      9.5     13.2 2020 10 12 19 25 13.660  0.00  10
   102279  40.453719 -124.652002    25.260      192.6      776.7       40.5      3.8      9.1     12.2 2020 10 14  1 51 41.000  0.00  10
   102282  40.448189 -124.653646    25.568       53.2      162.7      347.6      4.5      4.9     15.4 2020 10 21  8 40 43.180  0.00  10
   102283  40.445357 -124.655916    25.548     -139.5     -151.8      327.7      3.7      4.3     13.2 2020 10 24 23  4 54.880  0.00  10
   102285  40.446277 -124.654159    25.404        9.7      -49.7      184.5      2.8      2.6      9.9 2020 11  1 13 18 54.340  0.00  10
   102294  40.444222 -124.654842    25.841      -48.3     -277.9      621.0      2.4      3.7      7.7 2020 11 14  6 37 54.500  0.00  10
   102301  40.449866 -124.653442    25.644       70.4      348.8      424.1      5.3      8.1     16.7 2020 12  1 22 12 47.360  0.00  10
   102303  40.445968 -124.654045    24.591       19.3      -84.0     -629.1      3.0      3.1     15.7 2020 12  5 11 45  1.180  0.00  10
   102322  40.443990 -124.657340    26.961     -260.3     -303.6     1740.6      5.8     11.3     10.6 2021  3 12  0 34 57.040  0.00  10
   102324  40.443713 -124.654207    24.457        5.5     -334.4     -762.6      4.4      6.6     26.4 2021  3 12  1 21 53.360  0.00  10
   102333  40.447233 -124.654338    24.929       -5.5       56.5     -291.1      2.1      3.0     11.9 2021  4  2 13 31 56.200  0.00  10
   102336  40.444967 -124.654842    24.810      -48.3     -195.2     -409.8      4.2      6.0     17.2 2021  4 10 16 40 38.080  0.00  10
   102338  40.446155 -124.654346    24.959       -6.2      -63.3     -261.1      2.1      3.0     11.9 2021  4 16  5 33 23.300  0.00  10
   102340  40.445654 -124.654411    25.107      -11.7     -118.8     -113.0      2.1      3.7      9.2 2021  4 16  5 35 19.500  0.00  10
   102344  40.445024 -124.655632    25.534     -115.3     -188.9      313.8      6.3      7.2     23.1 2021  5  4 21 50 51.440  0.00  10
   102345  40.444071 -124.656714    26.795     -207.1     -294.6     1575.3      2.6      4.1      6.9 2021  5  4 21 38 56.240  0.00  10
   102355  40.446179 -124.653890    25.541       32.4      -60.5      321.5      3.8      2.8      7.9 2021  5 30  0 32 40.240  0.00  10
   102360  40.449056 -124.650163    23.410      348.6      258.9    -1810.3      9.2      6.5     11.5 2021  6 12 12 22 59.900  0.00  10
   102362  40.450419 -124.653442    25.268       70.4      410.3       47.8      3.6      4.9     11.5 2021  6 24 19 30 18.060  0.00  10
   102371  40.447294 -124.654289    25.552       -1.4       63.3      332.5      3.2      2.5     10.1 2021  7 21 12 26  5.200  0.00  10
   102372  40.447201 -124.654289    25.488       -1.4       52.9      267.6      2.0      2.4      7.0 2021  7 21 11 22 14.200  0.00  10
   102373  40.444861 -124.653752    25.337       44.2     -206.9      117.1      2.4      4.5     14.2 2021  7 21 11 54 55.820  0.00  10
   102384  40.448043 -124.654313    25.543       -3.5      146.4      322.6      1.8      2.4      5.8 2021  9  8  2 16  1.420  0.00  10
   102385  40.445475 -124.654427    24.959      -13.1     -138.7     -260.7      3.0      4.2     12.9 2021  9  9 12 37 57.360  0.00  10
   102387  40.446346 -124.654289    25.006       -1.4      -42.0     -214.1      2.3      3.0     10.6 2021  9 10  1  1 31.200  0.00  10
   102388  40.447306 -124.654321    25.377       -4.1       64.6      157.3      2.4      2.5      6.8 2021  9 15  6 30 53.620  0.00  10
   102390  40.445105 -124.654557    25.038      -24.2     -179.8     -181.9      4.5      5.6     16.6 2021 10  4  4 32 17.280  0.00  10
   102392  40.446765 -124.654329    25.640       -4.8        4.5      420.3      2.4      2.3      8.7 2021 10 18  2 39 39.300  0.00  10
   102393  40.445915 -124.654305    24.916       -2.8      -89.9     -304.2      3.2      3.7     14.0 2021 10 23 14 44 14.460  0.00  10
   102399  40.448629 -124.653817    25.558       38.7      211.5      338.2      3.8      5.3     11.3 2021 11 10  9 26 40.460  0.00  10
   102404  40.448779 -124.649097    23.328      439.1      228.2    -1891.5      5.8      7.5      7.1 2021 11 13  7 46 30.500  0.00  10
   102408  40.446265 -124.654102    25.026       14.5      -51.1     -193.8      2.9      3.1      9.3 2021 11 30  5 12 25.660  0.00  10
   102410  40.447319 -124.654077    25.125       16.6       66.0      -95.1      2.5      3.5      7.2 2021 12  1 15  9 27.140  0.00  10
   102414  40.446431 -124.654297    24.785       -2.1      -32.5     -435.0      3.1      3.6     16.0 2021 12 11 10  9 36.640  0.00  10
   102418  40.446261 -124.654207    25.184        5.5      -51.5      -36.3      2.5      2.3      8.8 2022  1  6 20 31  6.480  0.00  10
   102422  40.446175 -124.654093    25.026       15.2      -61.0     -194.1      3.0      2.9     10.5 2022  1 16 20  3 25.640  0.00  10
   102423  40.446818 -124.654232    24.564        3.5       10.4     -655.8      2.7      2.7     15.2 2022  1 16 23 26 59.440  0.00  10
   102424  40.446171 -124.654207    24.773        5.5      -61.4     -446.6      2.6      3.2      9.5 2022  1 16 23 21 31.880  0.00  10
   102425  40.446082 -124.654232    25.029        3.5      -71.4     -190.9      3.7      3.9     11.8 2022  1 16 23 34 44.500  0.00  10
   102429  40.448311 -124.653890    25.511       32.4      176.2      290.6      3.1      4.1      9.2 2022  2 11  7 42  4.820  0.00  10
   102437  40.446521 -124.654167    25.343        9.0      -22.6      122.9      3.1      2.7      8.3 2022  3 26  2  8 37.740  0.00  10
   102439  40.447770 -124.654183    25.610        7.6      116.1      389.5      3.5      4.0     10.9 2022  3 26  3 20 55.020  0.00  10
   102441  40.448604 -124.651416    23.829      242.3      208.7    -1390.9      7.5      9.5      9.6 2022  3 27  9  2  0.020  0.00  10
   102452  40.438753 -124.656079    25.184     -153.3     -885.1      -35.5      3.7      8.3     10.9 2022  5 19  4 59 54.560  0.00  10
   102456  40.445707 -124.654346    25.523       -6.2     -113.0      303.5      2.2      2.9      8.4 2022  5 26 14 46 51.040  0.00  10
   102460  40.447445 -124.654175    25.302        8.3       80.0       81.8      4.0      4.0     12.2 2022  6  4 18 39 40.820  0.00  10
   102461  40.447526 -124.654232    25.672        3.5       89.0      451.7      4.2      4.3     13.3 2022  6  4 18 37 39.740  0.00  10
   102462  40.446602 -124.654110    24.224       13.8      -13.6     -995.7      2.7      2.5     27.9 2022  6  7  7 42  2.260  0.00  10
   102467  40.447225 -124.654215    24.892        4.8       55.6     -327.8      3.4      4.7     12.5 2022  6 29 15 43 49.420  0.00  10
   102478  40.453239 -124.652979    25.422      109.8      723.4      201.8      6.0      8.5     17.5 2022  7 28  0 49 37.560  0.00  10
   102479  40.444552 -124.654891    24.309      -52.5     -241.3     -910.8      4.7      7.0     25.5 2022  8  1 11 26 14.540  0.00  10
   102480  40.445695 -124.654728    23.830      -38.7     -114.3    -1389.9      6.3     17.6      8.3 2022  8  1 11 14 15.880  0.00  10
   102484  40.447697 -124.654036    25.232       20.0      108.0       12.2      3.0      4.4      7.9 2022  9  2 22 28 11.020  0.00  10
   102487  40.446244 -124.654240    24.678        2.8      -53.3     -541.9      2.4      3.2     14.9 2022  9 13 10 25 13.400  0.00  10
   102488  40.446842 -124.654167    25.410        9.0       13.1      190.1      2.1      2.4      7.6 2022  9 15 10 27 10.840  0.00  10
   102495  40.447770 -124.654167    25.565        9.0      116.1      345.5      3.7      4.5     11.2 2022 10  2 19 19 28.360  0.00  10
   102497  40.445435 -124.654541    25.177      -22.8     -143.2      -42.6      4.4      6.4     12.7 2022 10  7 21 58 55.180  0.00  10
   102498  40.448336 -124.653328    25.261       80.1      178.9       40.6      4.9      6.3     15.0 2022 10  8 23 33 52.300  0.00  10
   102502  40.445744 -124.654118    25.271       13.1     -108.9       51.4      2.1      2.6      9.6 2022 10 22  7  6 12.100  0.00  10
   102504  40.446460 -124.654012    25.455       22.1      -29.4      234.6      3.9      2.7      8.1 2022 11  8  8 25 11.960  0.00  10
   102510  40.449390 -124.652368    23.934      161.5      296.0    -1286.0      5.7      5.8      7.1 2022 11 22 13 37 11.000  0.00  10
   110301  40.446602 -124.654313    25.282       -3.5      -13.6       61.8      1.7      2.0      5.6 2023  5 20  8 26 59.420  1.66  10
