   107373  40.473246 -124.492961    16.977        1.4        5.4        7.1     13.7     20.5     31.1 2020  4 14  6 23  7.000  0.00  45
   107379  40.473222 -124.492969    16.977        0.7        2.7        7.2     14.7     14.5     24.7 2020  6 15  1 46 51.580  0.00  45
   107387  40.473230 -124.493009    16.980       -2.8        3.6       10.0     10.9     17.4     28.3 2020  7 27  4 46 34.380  0.00  45
   107392  40.473283 -124.492985    16.992       -0.7        9.5       21.9     16.0     21.0     31.7 2020  8 30 19  4 40.040  0.00  45
   107394  40.473230 -124.492961    16.978        1.4        3.6        7.7     13.9     15.7     26.4 2020  9  3 10 23 36.500  0.00  45
   107395  40.473214 -124.492887    16.955        7.6        1.8      -14.8     21.3     33.9     55.9 2020  9 29 12 22 30.880  0.00  45
   107400  40.473181 -124.492936    16.954        3.5       -1.8      -15.7     16.8     24.5     43.2 2020 11 24 20 36 18.500  0.00  45
   107408  40.473193 -124.492952    16.961        2.1       -0.5       -8.8     15.1     21.4     37.9 2021  2 19 15 52  7.820  0.00  45
   107410  40.473263 -124.492977    16.982        0.0        7.2       11.6     12.1     21.4     29.8 2021  3  7 10 35 31.160  0.00  45
   107414  40.473263 -124.493018    16.991       -3.5        7.2       20.5     13.0     19.1     34.4 2021  4 25 18 54 25.160  0.00  45
   107415  40.473185 -124.492944    16.962        2.8       -1.4       -7.9     15.3     19.9     32.0 2021  4 28  6 32 18.440  0.00  45
   107416  40.473246 -124.493018    16.983       -3.5        5.4       13.4     13.9     20.3     34.3 2021  5  3  2  6 28.960  0.00  45
   107417  40.473263 -124.492961    16.982        1.4        7.2       11.6     14.4     21.0     27.9 2021  5 30 11 37 49.540  0.00  45
   107421  40.473226 -124.493009    16.979       -2.8        3.2        9.2     10.4     16.9     27.6 2021  7 18 15  2 20.760  0.00  45
   107422  40.473197 -124.492969    16.967        0.7        0.0       -2.7     11.2     13.2     21.6 2021  7 18 15 31 52.420  0.00  45
   107423  40.473250 -124.493026    16.984       -4.1        5.9       14.4     13.3     17.8     30.2 2021  7 27 13 51 30.020  0.00  45
   107424  40.473193 -124.492952    16.965        2.1       -0.5       -5.0     14.1     17.9     28.5 2021  7 30  0 23  4.580  0.00  45
   107425  40.473218 -124.492993    16.973       -1.4        2.3        3.4      9.4     15.6     26.6 2021  7 31  8 31  9.420  0.00  45
   107427  40.473258 -124.492969    16.982        0.7        6.8       12.2     13.7     19.3     27.4 2021  8 22  9 57 36.520  0.00  45
   107431  40.473214 -124.492985    16.972       -0.7        1.8        1.9     10.8     14.9     27.1 2021  8 28 18 49 43.480  0.00  45
   107433  40.473263 -124.492985    16.983       -0.7        7.2       12.7     12.0     21.2     29.7 2021  9 26  9 56 24.080  0.00  45
   107439  40.473238 -124.493018    16.983       -3.5        4.5       13.0     13.8     19.9     36.4 2021 12  4  2 17  7.060  0.00  45
   107440  40.473246 -124.492944    16.978        2.8        5.4        7.7     17.0     24.4     34.3 2021 12 29 22  3  1.540  0.00  45
   107445  40.473263 -124.493026    16.991       -4.1        7.2       20.6     13.0     18.7     33.7 2022  2 13  8 35 50.880  0.00  45
   107453  40.473185 -124.492944    16.962        2.8       -1.4       -7.9     15.2     19.7     31.8 2022  5  5 12 32 31.180  0.00  45
   107460  40.473218 -124.492993    16.973       -1.4        2.3        3.5     10.8     15.0     27.3 2022 10  5 16 12 57.180  0.00  45
   107461  40.473263 -124.493026    16.991       -4.1        7.2       21.1     13.3     18.9     34.2 2022 10 18  5 42 38.700  0.00  45
   110437  40.473173 -124.493009    16.964       -2.8       -2.7       -6.4     11.2     15.9     25.3 2023  2 22  3  3 18.930  1.24  45
