   102177  40.296501 -124.478711    26.856     1288.4     1038.7     5736.7      1.9      6.6      1.5 2020  4  1 11 46 58.040  0.00   2
   102179  40.285262 -124.491935    25.436      164.0     -209.2     4316.8      1.7      4.0      2.5 2022  4 28 10 58 15.600  0.00   2
   102611  40.294112 -124.551855    23.198    -4931.1      773.5     2079.4      0.6      1.0      0.8 2020  1 28  5 11 32.240  0.00   2
   102614  40.294084 -124.551945    23.210    -4938.7      770.4     2091.1      0.6      0.9      0.9 2020  2 19  4 37 44.400  0.00   2
   102615  40.294214 -124.552035    23.134    -4946.3      784.8     2015.2      0.4      1.1      0.7 2020  3  2 21 56 10.200  0.00   2
   102616  40.294010 -124.551815    23.145    -4927.6      762.2     2026.0      0.5      1.0      0.8 2020  3 12 13 19 53.560  0.00   2
   102617  40.284452 -124.553548    23.093    -5075.4     -299.1     1973.9      0.6      1.4      1.4 2020  3 19  2  9 47.580  0.00   2
   102618  40.294019 -124.551872    23.143    -4932.5      763.1     2024.2      0.4      0.9      0.7 2020  3 24  8  3 36.860  0.00   2
   102619  40.295447 -124.551554    23.143    -4905.4      921.7     2023.8      0.8      1.2      0.9 2020  5  3 14  1 39.440  0.00   2
   102620  40.294047 -124.552100    23.144    -4951.8      766.3     2024.7      0.5      0.9      0.5 2020  5  8  2 59 28.200  0.00   2
   102621  40.293937 -124.551872    23.146    -4932.5      754.1     2027.4      0.4      0.9      0.6 2020  5 20  5 59 56.040  0.00   2
   102622  40.294002 -124.551953    23.141    -4939.4      761.3     2022.4      0.5      1.2      0.8 2020  5 25 11 34 11.100  0.00   2
   102623  40.293909 -124.551807    23.149    -4926.9      750.9     2030.1      0.4      1.2      0.8 2020  6 17  9 38  2.760  0.00   2
   102626  40.293909 -124.551921    23.145    -4936.6      750.9     2026.4      0.5      1.3      1.0 2020  7 30 14 15 55.420  0.00   2
   102627  40.294210 -124.551359    23.141    -4888.9      784.4     2022.4      0.6      1.0      0.6 2020  8  6  9 43  0.900  0.00   2
   102628  40.293917 -124.551847    23.147    -4930.4      751.8     2028.0      0.4      1.0      0.7 2020  8 12  9 16 12.860  0.00   2
   102629  40.293848 -124.551774    23.162    -4924.2      744.2     2042.8      0.8      1.6      1.2 2020  8 30 19 11 39.340  0.00   2
   102630  40.294096 -124.551449    23.143    -4896.5      771.7     2023.8      0.6      0.9      0.6 2020  9  4 12  2 45.620  0.00   2
   102631  40.294189 -124.551986    23.134    -4942.1      782.1     2015.5      0.5      1.2      0.7 2020  9 14  2 37 30.160  0.00   2
   102632  40.294303 -124.552067    23.131    -4949.1      794.8     2012.3      0.5      1.4      0.7 2020 10 22  1 28 26.760  0.00   2
   102633  40.293962 -124.551880    23.145    -4933.1      756.8     2026.0      0.4      0.9      0.6 2020 10 29  4 23 31.560  0.00   2
   102636  40.293921 -124.551994    23.143    -4942.8      752.3     2024.2      0.4      0.8      0.6 2020 11 12  0 59 20.320  0.00   2
   102637  40.294088 -124.551709    23.141    -4918.6      770.8     2022.5      0.4      0.9      0.6 2020 11 22  4 28 11.800  0.00   2
   102638  40.293974 -124.551733    23.164    -4920.7      758.2     2045.4      0.7      1.0      1.3 2020 11 24  4 43  2.220  0.00   2
   102640  40.290214 -124.552026    23.372    -4945.7      340.7     2252.8      0.7      1.4      1.1 2020 12 20 20 43  7.720  0.00   2
   102643  40.293831 -124.552010    23.153    -4944.2      742.3     2033.8      0.5      0.9      0.6 2021  4  2  8 21 40.740  0.00   2
   102644  40.293933 -124.551855    23.147    -4931.1      753.6     2028.2      0.5      1.1      0.7 2021  4  2 10  4 11.960  0.00   2
   102645  40.293115 -124.552783    23.152    -5010.0      662.8     2032.8      0.9      1.5      1.0 2021  4  2  8 33 31.360  0.00   2
   102646  40.293876 -124.552051    23.143    -4947.7      747.3     2023.7      0.6      1.0      0.8 2021  4  3  8 46 31.580  0.00   2
   102648  40.294316 -124.551839    23.130    -4929.7      796.1     2011.0      0.3      1.1      0.7 2021  4  4 22 47 31.720  0.00   2
   102649  40.293978 -124.551864    23.144    -4931.8      758.6     2024.7      0.4      0.8      0.5 2021  4  6 18 44  3.960  0.00   2
   102650  40.293966 -124.551872    23.144    -4932.5      757.3     2025.5      0.4      0.9      0.6 2021  4 16  7 34 37.420  0.00   2
   102652  40.294014 -124.551660    23.155    -4914.5      762.7     2036.0      0.6      1.6      1.0 2021  4 24 10 54 59.700  0.00   2
   102653  40.293388 -124.552751    23.139    -5007.2      693.1     2020.0      0.9      1.5      1.0 2021  5 11 10 53 45.640  0.00   2
   102654  40.294010 -124.551750    23.145    -4922.1      762.2     2026.0      0.4      0.8      0.6 2021  5 18  7  9  4.920  0.00   2
   102655  40.293941 -124.552482    23.133    -4984.4      754.5     2013.6      0.8      0.9      0.5 2021  6  5 23 47 43.440  0.00   2
   102656  40.293917 -124.552197    23.140    -4960.1      751.8     2021.4      0.6      0.8      0.7 2021  7 10 10 32  6.000  0.00   2
   102657  40.294043 -124.551685    23.142    -4916.5      765.8     2023.4      0.4      0.7      0.6 2021  7 10 10 35 55.320  0.00   2
   102658  40.294002 -124.551815    23.144    -4927.6      761.3     2025.0      0.4      0.7      0.5 2021  7 10 10 44 51.580  0.00   2
   102659  40.294389 -124.551986    23.121    -4942.1      804.2     2002.3      0.5      1.0      0.7 2021  7 10 11 32 17.980  0.00   2
   102660  40.294527 -124.551994    23.116    -4942.8      819.6     1997.1      0.5      1.5      1.0 2021  7 10 12 22  8.220  0.00   2
   102661  40.293994 -124.551904    23.142    -4935.2      760.4     2023.6      0.4      0.8      0.5 2021  7 11  0 11 56.640  0.00   2
   102662  40.293844 -124.551872    23.148    -4932.5      743.7     2029.6      0.6      1.5      1.0 2021  8 14  7 32 23.840  0.00   2
   102663  40.293929 -124.552173    23.141    -4958.1      753.2     2021.8      0.5      0.8      0.5 2021  8 17  5  4 32.220  0.00   2
   102664  40.293892 -124.552604    23.140    -4994.7      749.1     2020.8      0.4      1.1      0.7 2021 10 17 20 33  5.600  0.00   2
   102665  40.294059 -124.551538    23.143    -4904.1      767.6     2024.5      0.5      0.8      0.5 2021 11  4  7 34 53.420  0.00   2
   102666  40.294100 -124.551335    23.144    -4886.8      772.2     2025.4      0.7      0.9      0.6 2021 11 17  7 26 36.100  0.00   2
   102667  40.294023 -124.551628    23.144    -4911.7      763.6     2025.5      0.4      0.7      0.5 2021 12  3 14  3  8.220  0.00   2
   102669  40.294043 -124.551546    23.145    -4904.8      765.8     2026.1      0.5      0.7      0.4 2021 12 20 23 12 47.680  0.00   2
   102670  40.293953 -124.552002    23.144    -4943.5      755.9     2025.4      0.4      1.0      0.7 2021 12 21 19 14 52.560  0.00   2
   102671  40.293868 -124.551961    23.143    -4940.1      746.4     2024.2      0.6      0.9      0.6 2021 12 21  0  6 44.760  0.00   2
   102673  40.293998 -124.551758    23.146    -4922.8      760.9     2026.6      0.4      1.0      0.6 2021 12 26  0 58 31.020  0.00   2
   102674  40.294177 -124.552515    23.133    -4987.1      780.8     2014.4      0.4      1.5      1.0 2021 12 27 21 23 56.940  0.00   2
   102675  40.293921 -124.552026    23.142    -4945.6      752.3     2023.3      0.5      1.0      0.6 2021 12 28 23 42 32.980  0.00   2
   102677  40.294002 -124.552140    23.139    -4955.3      761.3     2020.4      0.5      1.0      0.7 2021 12 30 21 50 15.320  0.00   2
   102678  40.294010 -124.551774    23.145    -4924.2      762.2     2026.2      0.4      0.9      0.5 2021 12 31 23 44 46.660  0.00   2
   102679  40.294002 -124.551839    23.145    -4929.7      761.3     2025.8      0.5      0.9      0.6 2022  1  6 21 51 26.240  0.00   2
   102684  40.293604 -124.552507    23.136    -4986.4      717.0     2017.6      0.9      1.3      0.9 2022  2 12 18 43 42.940  0.00   2
   102685  40.293966 -124.551855    23.146    -4931.1      757.3     2027.1      0.4      1.0      0.7 2022  3  2 23 19 59.800  0.00   2
   102686  40.293909 -124.551847    23.148    -4930.4      750.9     2029.6      0.5      1.8      1.2 2022  3  2 16  8  3.180  0.00   2
   102687  40.294055 -124.551758    23.143    -4922.8      767.2     2024.3      0.4      0.8      0.5 2022  3  9 13 42 16.640  0.00   2
   102691  40.294014 -124.551945    23.141    -4938.7      762.7     2021.8      0.4      1.0      0.6 2022  5 18 18  7 36.080  0.00   2
   102692  40.293994 -124.552059    23.138    -4948.4      760.4     2019.1      0.6      1.2      0.8 2022  5 21 20  6 56.040  0.00   2
   102693  40.293958 -124.551864    23.145    -4931.8      756.4     2025.7      0.5      1.1      0.8 2022  6 20  7 39 31.020  0.00   2
   102694  40.294055 -124.551782    23.142    -4924.8      767.2     2023.1      0.5      1.2      0.6 2022  6 27  7 43 34.160  0.00   2
   102695  40.293152 -124.552026    23.129    -4945.6      666.9     2010.1      0.5      1.9      0.8 2022  7 18  1 42 42.840  0.00   2
   102696  40.294084 -124.551676    23.143    -4915.8      770.4     2024.1      0.5      0.9      0.8 2022  7 28  7 20 33.000  0.00   2
   102697  40.294023 -124.551750    23.143    -4922.1      763.6     2023.8      0.4      0.8      0.6 2022  8  2  3 23 52.420  0.00   2
   102698  40.294010 -124.551799    23.144    -4926.2      762.2     2025.2      0.6      0.9      0.5 2022  8 16 18 15 25.220  0.00   2
   102699  40.293982 -124.551839    23.144    -4929.7      759.1     2025.0      0.5      1.0      0.5 2022  9 16  6  1  5.000  0.00   2
   102700  40.294002 -124.551709    23.145    -4918.6      761.3     2026.2      0.5      0.9      0.6 2022  9 19  4 54 39.760  0.00   2
   102702  40.293982 -124.551912    23.142    -4935.9      759.1     2023.6      0.5      1.2      0.9 2022 10  5  5 11 18.160  0.00   2
   102705  40.294071 -124.552059    23.139    -4948.4      769.0     2020.2      0.6      1.0      0.6 2022 11  1  9 40 50.800  0.00   2
   102706  40.294031 -124.551725    23.144    -4920.0      764.5     2025.0      0.4      0.9      0.7 2022 11 27 18  0 57.680  0.00   2
   103181  40.284530 -124.469417    20.556     2078.9     -290.5     -563.2      0.7      1.5      0.9 2020  1 11  1 31 54.420  0.00   2
   103185  40.282711 -124.469930    20.423     2035.3     -492.5     -695.9      0.4      0.5      0.7 2020  3 20  0 26 38.040  0.00   2
   103189  40.289799 -124.468376    20.644     2167.4      294.6     -474.7      0.7      1.9      1.2 2020  5 27  2 48 16.160  0.00   2
   103193  40.282694 -124.469865    20.476     2040.8     -494.3     -642.5      0.5      1.2      1.2 2020  7 17 21 44  7.800  0.00   2
   103194  40.282601 -124.469824    20.461     2044.3     -504.7     -658.2      0.5      0.7      0.9 2020  8 11  2 18 34.020  0.00   2
   103195  40.282633 -124.470036    20.434     2026.3     -501.1     -684.8      0.3      0.6      0.8 2020  9  3 21 10 12.920  0.00   2
   103196  40.282609 -124.469963    20.456     2032.5     -503.8     -662.9      0.5      0.7      1.3 2020  9 30 18 18  5.760  0.00   2
   103197  40.282662 -124.470068    20.426     2023.5     -497.9     -693.2      0.4      0.6      0.9 2020 10 13 14 33 43.200  0.00   2
   103199  40.282780 -124.470060    20.421     2024.2     -484.8     -697.9      0.5      1.0      1.1 2020 11 26  8 19 30.520  0.00   2
   103201  40.283044 -124.469588    20.727     2064.4     -455.4     -391.5      0.5      1.8      1.2 2020 12 24  9 22 40.660  0.00   2
   103203  40.290641 -124.468359    20.640     2168.7      388.1     -478.5      0.9      2.1      1.3 2021  2 24 19 37  0.500  0.00   2
   103204  40.282625 -124.469930    20.449     2035.3     -502.0     -670.1      0.4      0.8      1.0 2021  3 22 10 31  8.140  0.00   2
   103206  40.282760 -124.470142    20.389     2017.3     -487.1     -729.9      0.4      0.6      1.1 2021  4 24  6 17 31.180  0.00   2
   103207  40.282292 -124.470329    20.539     2001.4     -539.0     -579.6      0.8      1.0      1.3 2021  5  2  8  9 31.120  0.00   2
   103210  40.282703 -124.470418    20.371     1993.8     -493.4     -747.5      0.6      0.8      1.2 2021  8  5 10 16 23.100  0.00   2
   103211  40.282703 -124.470101    20.408     2020.8     -493.4     -710.7      0.3      0.5      0.5 2021  9  5 23  3 58.160  0.00   2
   103213  40.284599 -124.469377    20.545     2082.3     -282.8     -573.7      0.6      1.9      1.0 2021 10  6  9  9 39.160  0.00   2
   103214  40.272347 -124.467057    20.537     2279.8    -1643.3     -581.8      2.5      6.2      4.4 2021 10 12 11 29  9.760  0.00   2
   103216  40.282760 -124.470060    20.432     2024.2     -487.1     -687.3      0.5      0.6      0.9 2021 11  1 12 14 16.760  0.00   2
   103218  40.282768 -124.470076    20.444     2022.8     -486.2     -675.1      0.6      1.1      1.2 2021 12 20 23 42 18.160  0.00   2
   103219  40.284819 -124.469067    20.583     2108.6     -258.4     -536.2      0.8      2.0      1.0 2021 12 21 19 53 20.860  0.00   2
   103220  40.285291 -124.469246    20.610     2093.4     -206.0     -508.4      0.6      1.3      1.0 2021 12 21  3 25  2.140  0.00   2
   103221  40.282796 -124.470337    20.416     2000.7     -483.0     -703.0      0.5      0.8      0.7 2021 12 22 23 56  7.680  0.00   2
   103222  40.282727 -124.469938    20.423     2034.6     -490.7     -695.9      0.4      0.7      0.7 2021 12 22 22 10  3.600  0.00   2
   103225  40.284631 -124.469450    20.536     2076.1     -279.2     -582.9      0.6      1.1      0.8 2021 12 22 13 50  2.900  0.00   2
   103227  40.283594 -124.469865    20.511     2040.8     -394.4     -608.3      0.6      0.9      0.7 2021 12 22  6 22 18.920  0.00   2
   103229  40.282833 -124.469800    20.410     2046.4     -478.9     -709.2      0.5      1.1      0.7 2021 12 23 10 36 56.360  0.00   2
   103232  40.282711 -124.470060    20.408     2024.2     -492.5     -711.2      0.4      0.7      0.6 2021 12 25  4 27 30.000  0.00   2
   103233  40.282727 -124.470028    20.410     2027.0     -490.7     -708.6      0.4      0.6      0.9 2021 12 25 13  7 17.660  0.00   2
   103235  40.282751 -124.469881    20.410     2039.4     -488.0     -708.6      0.4      0.4      0.5 2021 12 26 18 24 14.980  0.00   2
   103237  40.282503 -124.470516    20.396     1985.5     -515.5     -722.5      0.6      1.0      0.8 2021 12 27  3 19 14.140  0.00   2
   103238  40.282674 -124.470093    20.399     2021.5     -496.6     -719.8      0.3      0.6      0.6 2021 12 28 10 25 14.240  0.00   2
   103239  40.282743 -124.470321    20.368     2002.1     -488.9     -750.8      0.7      1.2      1.5 2021 12 29  5 39  1.000  0.00   2
   103241  40.282833 -124.469930    20.400     2035.3     -478.9     -719.1      0.5      0.8      0.8 2021 12 31 10 16 23.220  0.00   2
   103242  40.282711 -124.469995    20.425     2029.8     -492.5     -694.3      0.3      0.5      0.8 2022  1  6 15  3 53.600  0.00   2
   103246  40.282613 -124.469328    20.472     2086.5     -503.3     -646.6      0.7      1.3      1.2 2022  1  9 14 28 34.400  0.00   2
   103250  40.282711 -124.470247    20.404     2008.3     -492.5     -715.0      0.4      0.6      0.7 2022  1 12  6 38 12.400  0.00   2
   103252  40.282719 -124.470345    20.386     2000.0     -491.6     -732.5      0.5      0.8      0.9 2022  1 15 11  2 22.680  0.00   2
   103253  40.282670 -124.469979    20.399     2031.1     -497.0     -720.2      0.4      0.7      0.7 2022  1 15 11  7 24.280  0.00   2
   103254  40.282910 -124.470028    20.445     2027.0     -470.3     -674.0      0.6      0.9      1.1 2022  1 15 23 42 27.860  0.00   2
   103255  40.282711 -124.470182    20.419     2013.8     -492.5     -700.3      0.5      0.5      0.6 2022  1 20 23 35 26.640  0.00   2
   103256  40.283549 -124.469718    20.478     2053.3     -399.4     -641.3      0.5      1.0      0.6 2022  1 20  3 44 25.400  0.00   2
   103257  40.282666 -124.470288    20.427     2004.8     -497.5     -692.2      0.5      0.6      1.0 2022  1 21  4 17 37.100  0.00   2
   103258  40.283956 -124.469312    20.518     2087.9     -354.2     -600.7      0.4      1.4      0.6 2022  1 21  4 17  1.760  0.00   2
   103261  40.282719 -124.469906    20.419     2037.4     -491.6     -699.8      0.4      0.4      0.5 2022  1 30  5 20 41.160  0.00   2
   103262  40.282731 -124.469751    20.422     2050.5     -490.2     -696.8      0.5      0.6      0.9 2022  1 30 18 14 11.380  0.00   2
   103263  40.282707 -124.469963    20.413     2032.5     -492.9     -706.1      0.3      0.5      0.6 2022  2  6 18 14 29.480  0.00   2
   103264  40.284111 -124.469482    20.530     2073.3     -337.1     -589.0      0.5      1.3      0.7 2022  2 15  3  8 21.340  0.00   2
   103265  40.282699 -124.470239    20.411     2009.0     -493.8     -707.6      0.4      0.5      0.5 2022  2 24 22 57  5.460  0.00   2
   103266  40.282694 -124.470264    20.407     2006.9     -494.3     -711.6      0.4      0.4      0.6 2022  2 24  2  6 53.360  0.00   2
   103267  40.282784 -124.470288    20.373     2004.8     -484.4     -746.0      0.5      1.0      1.2 2022  2 24 18  1 21.640  0.00   2
   103269  40.282715 -124.469979    20.417     2031.1     -492.0     -702.3      0.4      0.6      0.6 2022  3 29 10 35 52.340  0.00   2
   103270  40.282833 -124.470101    20.416     2020.8     -478.9     -702.5      0.4      1.1      0.5 2022  3 29 19 58  7.480  0.00   2
   103271  40.282690 -124.470353    20.385     1999.3     -494.7     -733.7      0.6      1.1      1.2 2022  3 31 14 40 40.040  0.00   2
   103272  40.282743 -124.469889    20.424     2038.8     -488.9     -695.4      0.4      0.7      0.6 2022  4  3 21  3 27.520  0.00   2
   103273  40.282670 -124.470215    20.404     2011.1     -497.0     -715.3      0.5      0.8      0.6 2022  4 10 13  3 18.560  0.00   2
   103274  40.284798 -124.469759    20.577     2049.8     -260.7     -541.5      0.7      1.4      0.9 2022  4 10 20 53 45.920  0.00   2
   103277  40.282727 -124.469865    20.426     2040.8     -490.7     -693.3      0.4      0.9      0.8 2022  4 19 18 43 36.400  0.00   2
   103279  40.282625 -124.470068    20.391     2023.5     -502.0     -727.8      0.4      0.9      0.8 2022  5 12 18 20 44.500  0.00   2
   103281  40.282735 -124.470524    20.413     1984.8     -489.8     -705.6      0.6      1.0      0.9 2022  6  9 20  8 46.080  0.00   2
   103283  40.282735 -124.469767    20.410     2049.1     -489.8     -708.4      0.3      0.5      0.5 2022  6 12  6 17 47.260  0.00   2
   103284  40.282719 -124.469865    20.427     2040.8     -491.6     -691.6      0.4      0.6      0.8 2022  6 20  3  5 25.720  0.00   2
   103285  40.282674 -124.470321    20.424     2002.1     -496.6     -695.0      0.6      0.6      1.1 2022  7  4  4 24 56.900  0.00   2
   103286  40.282694 -124.470028    20.414     2027.0     -494.3     -704.4      0.4      0.6      0.6 2022  8 12  8 24  9.100  0.00   2
   103288  40.282690 -124.470207    20.411     2011.8     -494.7     -707.6      0.4      0.6      0.6 2022  8 16  4  0 36.260  0.00   2
   103291  40.282817 -124.469930    20.428     2035.3     -480.7     -691.2      0.4      0.6      0.8 2022  9  6 14 16 14.840  0.00   2
   103292  40.282694 -124.470101    20.419     2020.8     -494.3     -700.0      0.4      0.7      0.9 2022  9  8 13 25 43.220  0.00   2
   103293  40.282682 -124.470174    20.407     2014.5     -495.7     -711.8      0.4      0.6      0.6 2022  9 12  9 10 21.960  0.00   2
   103294  40.283183 -124.470068    20.441     2023.5     -440.1     -678.0      0.3      1.2      0.8 2022  9 13 19 13 50.120  0.00   2
   103295  40.282723 -124.469995    20.413     2029.8     -491.1     -705.6      0.3      0.5      0.8 2022 10  9 14 38 43.840  0.00   2
   103297  40.282760 -124.470052    20.397     2024.9     -487.1     -722.3      0.6      0.8      1.2 2022 11 10  3 49 21.340  0.00   2
   104536  40.274536 -124.515527    21.459    -1842.3    -1400.2      340.4      0.5      0.8      0.6 2020  1 23  2 46 22.320  0.00   2
   104538  40.274422 -124.516227    21.450    -1901.8    -1412.9      331.3      0.6      0.6      0.6 2020  1 24 12 58 18.420  0.00   2
   104539  40.274536 -124.515999    21.450    -1882.5    -1400.2      331.1      0.5      1.1      0.9 2020  3 15  0 55 54.180  0.00   2
   104540  40.274906 -124.515194    21.366    -1813.9    -1359.1      246.7      0.7      2.4      0.6 2020  3 19 13  2 23.120  0.00   2
   104541  40.274426 -124.516292    21.450    -1907.4    -1412.4      330.9      0.6      0.5      0.6 2020  4  4 12 55 14.960  0.00   2
   104542  40.284713 -124.519303    22.341    -2163.3     -270.2     1222.4      2.0      2.9      2.6 2020  8  9  3 24  1.340  0.00   2
   104543  40.274198 -124.513306    21.435    -1653.4    -1437.7      316.4      1.0      1.7      1.3 2020  8  9  0  0 42.000  0.00   2
   104544  40.280111 -124.514217    22.007    -1730.8     -781.2      887.8      1.6      1.6      2.3 2020  9  6 19 15 19.420  0.00   2
   104545  40.278756 -124.513273    21.886    -1650.6     -931.7      767.5      0.7      1.9      1.1 2020 11 20 23  5 37.000  0.00   2
   104546  40.274605 -124.515365    21.461    -1828.5    -1392.5      342.3      0.6      0.9      0.8 2020 12  8 19 50 59.440  0.00   2
   104547  40.274438 -124.515674    21.460    -1854.8    -1411.0      341.4      0.5      0.9      0.6 2021  1 13 20 27 55.860  0.00   2
   104548  40.274512 -124.515487    21.460    -1838.9    -1402.9      340.9      0.5      0.8      0.7 2021  1 23 18  7 58.980  0.00   2
   104549  40.274398 -124.516235    21.442    -1902.5    -1415.6      323.0      0.7      1.2      1.3 2021  2  4  8  4  6.380  0.00   2
   104550  40.274447 -124.516235    21.446    -1902.5    -1410.1      327.3      0.6      0.9      0.8 2021  2  8 10 42 43.860  0.00   2
   104552  40.281466 -124.516536    21.267    -1928.0     -630.7      148.1      0.8      1.9      1.9 2021  4 28  9 56 53.160  0.00   2
   104555  40.274646 -124.515885    21.457    -1872.8    -1388.0      338.6      0.5      1.8      0.7 2021  8 13  3  3 14.280  0.00   2
   104557  40.274487 -124.515918    21.454    -1875.5    -1405.6      335.6      0.4      0.6      0.5 2021 10 13  0 11 57.860  0.00   2
   104558  40.274866 -124.514168    21.374    -1726.7    -1363.6      255.1      0.5      1.9      0.9 2021 10 15 23 36  0.100  0.00   2
   104561  40.273950 -124.515096    21.436    -1805.6    -1465.3      317.5      0.8      1.9      1.0 2021 12 21  4 11 42.460  0.00   2
   104562  40.280827 -124.514380    21.320    -1744.7     -701.7      201.3      0.9      2.7      1.5 2021 12 21  5 27 13.340  0.00   2
   104563  40.274573 -124.515186    21.452    -1813.3    -1396.1      332.9      0.7      0.6      0.6 2021 12 21  9 54 44.140  0.00   2
   104565  40.274792 -124.515218    21.482    -1816.0    -1371.7      363.6      0.6      1.4      0.8 2021 12 21 14 32 11.280  0.00   2
   104566  40.274719 -124.515283    21.456    -1821.6    -1379.9      337.3      0.7      1.4      0.8 2021 12 21  7 49 38.600  0.00   2
   104567  40.282699 -124.515715    21.616    -1858.1     -493.8      497.1      1.5      4.2      2.3 2021 12 21  0 33 29.320  0.00   2
   104568  40.274288 -124.516732    21.449    -1944.8    -1427.8      330.3      0.5      2.0      1.3 2021 12 21  1 47 47.320  0.00   2
   104570  40.284627 -124.514437    21.269    -1749.5     -279.7      149.9      0.5      1.4      0.8 2021 12 30 17  2 59.560  0.00   2
   104571  40.273844 -124.514714    21.493    -1773.1    -1477.0      374.5      0.9      3.3      1.1 2022  5  5 19 58 40.140  0.00   2
   104572  40.274833 -124.515942    21.442    -1877.6    -1367.2      323.6      0.5      1.4      0.8 2022  8  5 21  2 56.680  0.00   2
   104573  40.274422 -124.516073    21.453    -1888.7    -1412.9      334.4      0.6      0.9      0.8 2022  8 29  3 47 27.200  0.00   2
   105449  40.292745 -124.436979    21.161     4837.0      621.7       42.3      0.8      1.8      1.5 2021  3 17 15 57 54.480  0.00   2
   105451  40.303385 -124.436255    21.392     4898.2     1803.2      273.2      0.7      1.7      1.0 2021  5 17  6 50 19.300  0.00   2
   105452  40.293624 -124.437158    21.302     4821.8      719.3      183.3      0.6      1.8      0.6 2021  7  2 13 42 25.360  0.00   2
   105453  40.296830 -124.435824    21.521     4935.1     1075.3      402.6      0.9      2.7      1.0 2021 12  8  7 47 53.400  0.00   2
   105454  40.295247 -124.435189    21.423     4989.2      899.6      303.9      0.8      1.7      0.9 2021 12 29  6  3 35.020  0.00   2
   105457  40.293612 -124.435824    21.226     4935.2      717.9      107.2      0.6      1.8      0.6 2022  1 23 11 56  1.960  0.00   2
   105458  40.292322 -124.437516    21.190     4791.3      574.7       70.9      0.6      1.3      0.7 2022  3  9  3 33  6.440  0.00   2
   106476  40.288033 -124.407690    19.082     7327.7       98.5    -2036.7      1.1      2.6      1.5 2020  7 19 19 36 15.700  0.00   2
   106480  40.286153 -124.407235    19.236     7366.6     -110.2    -1883.0      1.2      1.9      1.4 2021 12 23 18  0 27.860  0.00   2
   106481  40.285087 -124.407853    19.030     7314.0     -228.6    -2088.7      1.0      2.2      1.0 2021 12 25 23 44  7.480  0.00   2
   106485  40.286283 -124.407202    19.225     7369.3      -95.8    -1893.8      1.0      2.3      1.2 2022  9 22 22 11 56.160  0.00   2
   106486  40.287146 -124.406405    19.185     7437.1        0.0    -1934.2      1.3      2.6      1.1 2022 10 11  2 56 24.700  0.00   2
   106878  40.282463 -124.506942    19.837    -1112.1     -520.0    -1282.0      1.0      0.8      1.6 2020  2 26 13  0  8.000  0.00   2
   106879  40.302132 -124.504818    20.729     -931.4     1664.1     -390.2      1.4      3.1      1.7 2020  4 14 23 52 17.340  0.00   2
   106880  40.280530 -124.507454    19.631    -1155.7     -734.7    -1487.4      0.7      0.8      1.0 2020  4 17 10 28 54.000  0.00   2
   106881  40.300663 -124.499618    20.368     -489.2     1501.0     -750.7      1.4      3.3      1.8 2020  4 18 16 38 46.580  0.00   2
   106883  40.273918 -124.507015    20.411    -1118.4    -1468.9     -708.0      0.5      1.1      1.1 2021 10 23  3 13 39.120  0.00   2
   106884  40.282898 -124.509798    19.571    -1355.0     -471.7    -1548.0      1.0      1.4      1.3 2021 11 22 21 22  8.420  0.00   2
   106885  40.280855 -124.502441    19.986     -729.4     -698.5    -1133.3      1.5      4.7      2.1 2021 11 23  2  3 16.160  0.00   2
   106886  40.277250 -124.506494    19.648    -1074.1    -1098.8    -1470.9      0.9      1.5      1.3 2021 12 21  9  4 49.080  0.00   2
   106889  40.282292 -124.504378    19.747     -894.1     -539.0    -1371.5      1.5      1.2      2.5 2022  2  8 11  1 45.260  0.00   2
   106892  40.285559 -124.502694    19.590     -750.8     -176.2    -1528.8      2.4      6.1      4.4 2022  8  6 16 32 20.620  0.00   2
   107666  40.303015 -124.440373    19.270     4548.1     1762.1    -1848.6      1.8      4.4      2.1 2021  5 17  9 39 49.060  0.00   2
   107667  40.306689 -124.440015    19.222     4578.4     2170.1    -1896.7      1.8      4.1      2.1 2021  5 19 23 39 44.980  0.00   2
   107671  40.322485 -124.431795    19.713     5276.7     3924.1    -1405.7      3.6      5.7      3.1 2021 11 28 16 37 45.460  0.00   2
   107935  40.294934 -124.376652    20.064     9966.6      864.8    -1054.7      0.9      2.0      1.0 2021  3 29  4  0 27.680  0.00   2
   107939  40.295638 -124.376009    20.169    10021.2      943.0     -950.4      1.1      1.8      0.8 2021  9 18  8 35 54.260  0.00   2
   107941  40.290625 -124.376245    20.005    10001.5      386.3    -1114.3      0.9      1.3      0.7 2021 12 20 21 56 11.700  0.00   2
   107943  40.291032 -124.375928    20.028    10028.4      431.5    -1090.9      0.7      1.4      0.7 2021 12 21  0 26 54.420  0.00   2
   107951  40.291695 -124.375171    20.080    10092.7      505.1    -1038.9      0.9      1.9      0.9 2022  1  3 23 35 36.380  0.00   2
   107952  40.291309 -124.375684    20.071    10049.2      462.2    -1048.3      0.6      1.1      0.6 2022  1 25  7 55 31.740  0.00   2
   107954  40.292358 -124.374951    20.147    10111.4      578.8     -971.4      0.9      1.9      0.8 2022  2  4 17 40 38.160  0.00   2
   107961  40.286080 -124.374422    20.128    10156.8     -118.4     -990.7      1.3      2.2      1.2 2022 10 29  4 15 37.520  0.00   2
   108411  40.316715 -124.468449    20.593     2160.7     3283.4     -525.8      2.7     26.6      2.8 2021  9  6  2 58 10.280  0.00   2
   108899  40.302030 -124.436711    18.658     4859.5     1652.8    -2461.1      3.1      4.8      4.0 2021 10 16 11  8 25.980  0.00   2
   109574  40.284607 -124.380265    19.084     9660.1     -281.9    -2035.2      0.9      1.4      0.9 2021 12 21 22  0 51.880  0.00   2
   109576  40.284635 -124.380420    19.037     9646.9     -278.8    -2081.5      0.8      1.4      0.7 2021 12 26 21 14 32.380  0.00   2
   109582  40.276880 -124.378459    18.976     9814.2    -1140.0    -2143.4      1.2      2.0      1.2 2022 11 22 14 25 33.480  0.00   2
   110137  40.249654 -124.452783    19.718     3494.3    -4163.1    -1400.8      2.4      5.6      4.5 2021 12 20 23 20 49.260  0.00   2
   110139  40.248035 -124.453890    18.233     3400.2    -4342.9    -2885.9      3.9      6.7      3.3 2021 12 21 15  1  2.380  0.00   2
   110141  40.256030 -124.459806    18.762     2896.8    -3455.1    -2357.2      3.6      4.2      3.4 2021 12 21  4 59 28.660  0.00   2
   110142  40.275297 -124.441048    21.818     4491.6    -1315.7      699.0      1.4      1.9      1.9 2021 12 22 19 22  7.720  0.00   2
   110143  40.275671 -124.441374    21.713     4463.9    -1274.1      594.0      1.4      1.9      1.9 2021 12 23 20 38  9.420  0.00   2
   110147  40.286401 -124.445898    21.956     4078.8      -82.7      837.1      2.6      2.4      2.6 2022  1  5 17 45 31.500  0.00   2
   110148  40.307231 -124.431600    22.581     5293.8     2230.2     1462.4      2.2      5.6      1.8 2022  5  3  8 37 19.960  0.00   2
   110300  40.296476 -124.480827    25.898     1108.5     1036.0     4778.9      1.8      4.2      1.9 2023  3  9 12 50 51.480  1.40   2
   110304  40.294051 -124.551514    23.144    -4902.0      766.7     2025.3      0.5      0.9      0.6 2022 12 25 19 40 29.680  3.05   2
   110318  40.282764 -124.469775    20.405     2048.4     -486.6     -713.4      0.7      0.6      0.8 2023  2 20 13 18  3.960  1.48   2
   110345  40.274500 -124.515951    21.452    -1878.3    -1404.3      333.5      0.4      0.5      0.4 2023  5 22  8 39 15.920  1.61   2
   110372  40.294185 -124.434993    21.257     5005.8      781.7      137.7      0.7      2.0      0.8 2023  4  3 12 14 40.520  1.28   2
   110403  40.286597 -124.407121    19.177     7376.2      -61.0    -1941.7      1.0      1.9      1.1 2023  4  4 17 32 14.460  1.08   2
   110420  40.279675 -124.507284    19.817    -1141.2     -829.5    -1301.6      0.9      1.2      1.3 2023  2 17 14 36 10.720  2.81   2
   110446  40.312048 -124.432389    19.074     5226.5     2765.2    -2044.6      1.5      2.4      1.9 2023  5 13  1 27 17.920  1.13   2
   110461  40.293685 -124.471354    21.103     1914.0      726.1      -15.7      0.7      2.6      0.9 2023  4  9 11 53 23.790  0.91   2
   110465  40.291329 -124.375692    20.080    10048.5      464.5    -1038.6      0.6      1.1      0.6 2022 12 20  3  6 59.620  0.86   2
   110500  40.306722 -124.479191    19.847     1247.5     2173.7    -1271.7      2.1      6.7      2.3 2023  4  9 13 30 46.380  0.65   2
   110565  40.304773 -124.444312    19.573     4213.2     1957.3    -1546.3      1.8      4.0      1.4 2023  4  9 10 26 54.540  2.63   2
   110648  40.283533 -124.379557    19.090     9720.3     -401.2    -2029.3      0.8      1.1      0.7 2023  3 14 15 58 42.040  1.17   2
   110734  40.294674 -124.435897    23.241     4929.0      835.9     2122.6      2.1      4.3      1.8 2023  3 12 13 22 24.330  1.69   2
   110741  40.302706 -124.448869    19.773     3825.7     1727.8    -1345.7      1.2      2.1      1.3 2023  3 13 12 14 24.190  0.90   2
   110742  40.306242 -124.527547    25.230    -2863.9     2120.4     4111.2      1.5      2.8      3.6 2023  3 22 16  0 16.820  1.31   2
