   101367  40.297864 -124.377547     8.683      -35.3       84.0      -37.2     25.9     45.4     40.3 2020  1  3 18 37 48.420  0.00  36
   101368  40.297843 -124.377572     8.665      -37.4       81.8      -54.7     26.2     46.2     43.9 2020  1  3 21  3 28.940  0.00  36
   101377  40.300305 -124.378141     9.191      -85.8      355.1      471.0     34.8     52.2     55.3 2020  1 25  4  5 34.620  0.00  36
   101379  40.297453 -124.377897     9.122      -65.0       38.4      402.0     43.6     40.1     46.0 2020  1 25  3 30 34.600  0.00  36
   101380  40.298376 -124.378507     9.154     -116.9      141.0      434.2     35.8     42.2     49.3 2020  1 25  4 10 12.200  0.00  36
   101382  40.298779 -124.378418     9.165     -109.3      185.7      444.7     33.4     45.5     51.4 2020  1 25  3 31 37.080  0.00  36
   101383  40.297005 -124.376872     8.722       22.1      -11.3        2.3     18.2     30.6     21.2 2020  2  6 17 51  9.320  0.00  36
   101389  40.297807 -124.377507     8.741      -31.8       77.7       20.9     22.5     26.5     26.7 2020  2  6 13 51  8.720  0.00  36
   101391  40.298653 -124.376790     8.741       29.1      171.7       20.6     31.8     33.9     29.6 2020  2  7  2 54 42.920  0.00  36
   101393  40.296830 -124.376978     8.715       13.1      -30.7       -5.4     20.1     35.3     34.1 2020  3  8 19 42 41.580  0.00  36
   101396  40.298596 -124.377507     8.853      -31.8      165.4      132.7     23.2     32.4     47.3 2020  3 20 23 44 12.400  0.00  36
   101398  40.297245 -124.377132     8.703        0.0       15.4      -17.4     21.5     38.2     25.0 2020  4  8  2  0 22.120  0.00  36
   101399  40.296729 -124.377002     8.705       11.1      -42.0      -15.5     20.4     37.1     23.5 2020  4 15 18 15 23.100  0.00  36
   101402  40.296903 -124.377018     8.705        9.7      -22.6      -15.4     22.8     37.8     25.5 2020  4 19  7 46 54.060  0.00  36
   101408  40.296928 -124.375562     8.662      133.5      -19.9      -57.9     29.8     48.0     43.6 2020  8  6  8 32 23.100  0.00  36
   101410  40.296802 -124.376969     8.675       13.8      -33.9      -44.9     21.1     39.3     33.3 2020  9  3  7 35 28.420  0.00  36
   101413  40.296240 -124.376766     8.702       31.1      -96.2      -18.0     20.6     35.3     45.6 2020 11 12  2 44 16.520  0.00  36
   101418  40.297298 -124.376766     8.695       31.1       21.2      -25.1     20.6     37.7     29.8 2021  3 31 23 59 38.480  0.00  36
   101423  40.296908 -124.377083     8.699        4.2      -22.1      -20.8     21.7     26.7     23.3 2021  5 18 12 40 20.440  0.00  36
   101424  40.297144 -124.377043     8.714        7.6        4.1       -6.4     21.1     39.8     32.2 2021  5 19 22 43 10.320  0.00  36
   101427  40.297058 -124.378133     9.119      -85.1       -5.4      398.7     43.4     37.9     45.2 2021  6 28  8 37 35.300  0.00  36
   101428  40.297453 -124.378141     9.120      -85.8       38.4      400.1     42.9     36.6     46.2 2021  6 28  7 55  0.760  0.00  36
   101430  40.298942 -124.377588     8.830      -38.7      203.8      109.9     25.1     36.0     71.8 2021  6 28  1 24 33.540  0.00  36
   101432  40.296859 -124.377116     8.656        1.4      -27.6      -63.6     21.0     32.5     31.3 2021  7 28 16  2 31.160  0.00  36
   101433  40.297083 -124.377059     8.664        6.2       -2.7      -55.9     21.9     23.0     29.3 2021  7 28 16  9  1.560  0.00  36
   101437  40.296944 -124.375171     8.468      166.8      -18.1     -251.6     32.3     63.4     54.5 2021 12 19 12 20 16.920  0.00  36
   101438  40.294299 -124.375578     8.492      132.2     -311.8     -228.0     45.4     83.8     69.6 2021 12 19 12 43 37.120  0.00  36
   101442  40.297970 -124.375407     8.555      146.7       95.8     -165.0     37.1     74.4     55.9 2022  2 24 22 19 12.180  0.00  36
   101444  40.297201 -124.377026     8.740        9.0       10.4       20.0     16.7     27.2     24.2 2022  4  5 23 58  3.860  0.00  36
   101445  40.297319 -124.377254     8.728      -10.4       23.5        7.9     18.8     30.5     31.6 2022  4  6 20 48 44.220  0.00  36
   101446  40.298254 -124.376164     8.807       82.3      127.4       87.3     39.6     69.6     61.9 2022  4  6 23 44 48.880  0.00  36
   101448  40.299935 -124.377458     9.113      -27.7      314.0      393.1     37.9     56.1     58.1 2022  5 29 22  5 22.560  0.00  36
   101452  40.297160 -124.377100     8.710        2.8        5.9      -10.2     21.4     38.6     33.5 2022  9 27 16 34 38.900  0.00  36
   110294  40.296659 -124.377116     8.710        1.4      -49.7      -10.3     16.7     27.3     23.6 2023  5 20  7 11  5.220  0.56  36
