   103313  40.387142 -124.284782    30.572       58.0       15.8      -28.0    428.5    348.7    332.3 2020  2 15 13  9 35.880  0.00  41
   103314  40.387130 -124.284790    30.571       57.4       14.5      -29.4    422.1    354.5    334.8 2020  2 15 12 12 19.360  0.00  41
   103315  40.387231 -124.284985    30.614       40.8       25.8       13.7    373.6    312.5    213.5 2020  3 18 22 35 28.520  0.00  41
   103318  40.386951 -124.285701    30.595      -20.0       -5.4       -5.0    339.1    331.0    253.0 2021  3 24  9 30 55.440  0.00  41
   103319  40.386959 -124.285352    30.591        9.7       -4.5       -9.2    302.9    248.6    218.5 2021  8 17  5 27  3.920  0.00  41
   103320  40.386625 -124.283960    30.586      127.8      -41.6      -14.3    497.2    445.6    240.0 2021  9 14  9 59 47.740  0.00  41
   103322  40.385494 -124.281999    30.554      294.4     -167.2      -45.9    692.5    475.1    364.7 2021 11  3  0 28 20.280  0.00  41
   103323  40.386882 -124.285872    30.582      -34.5      -13.1      -17.9    520.2    384.3    251.9 2021 11  3  6 31 54.860  0.00  41
   103325  40.385970 -124.280900    30.575      387.7     -114.3      -24.7    846.3    449.3    276.0 2021 11 13  5 33 46.340  0.00  41
   103327  40.387793 -124.285335    30.646       11.1       88.1       45.9    501.7    680.6    348.1 2021 12 20 21 25  6.680  0.00  41
   103328  40.387390 -124.285319    30.630       12.4       43.4       29.5    604.8    577.4    313.7 2021 12 20 20 24 46.540  0.00  41
   103329  40.387488 -124.288184    30.626     -230.8       54.2       26.3    754.3    355.3    191.1 2021 12 20 20 56 50.100  0.00  41
   103330  40.385986 -124.288013    30.564     -216.3     -112.5      -35.6    812.0    546.4    259.7 2021 12 20 22 41  8.120  0.00  41
   103331  40.386930 -124.285522    30.594       -4.8       -7.7       -6.0    357.6    354.9    235.9 2021 12 21 20 23 41.540  0.00  41
   103332  40.386987 -124.285335    30.600       11.1       -1.4        0.4    303.0    321.0    225.8 2021 12 21  0  9 50.600  0.00  41
   103333  40.386918 -124.285335    30.576       11.1       -9.0      -24.4    563.3    203.5    228.3 2021 12 21  2 46  7.160  0.00  41
   103337  40.387626 -124.286377    30.626      -77.4       69.6       25.6   1090.5    450.4    271.5 2021 12 21  4 41 45.900  0.00  41
   103341  40.387805 -124.286947    30.632     -125.8       89.5       31.5    402.6    409.2    270.4 2021 12 21  1 59 38.600  0.00  41
   103345  40.386336 -124.285425    30.579        3.5      -73.6      -21.1    339.0    416.7    226.3 2021 12 22 12  3 31.780  0.00  41
   103348  40.387561 -124.286580    30.623      -94.7       62.4       23.5    339.8    386.4    240.5 2021 12 25 13  9 17.400  0.00  41
   103349  40.390845 -124.296916    30.752     -972.2      427.0      152.1   1112.3    768.0    488.9 2021 12 25  2 19 30.600  0.00  41
   103350  40.386943 -124.285433    30.605        2.8       -6.3        5.1    269.5    205.4    204.7 2021 12 26  4 29 53.280  0.00  41
   103353  40.387341 -124.286385    30.611      -78.1       38.0       11.0    420.2    334.4    198.6 2022  1  1 16 21 37.340  0.00  41
   103354  40.387528 -124.288298    30.608     -240.5       58.7        7.9    749.1    312.4    212.1 2022  1  7  0 16 26.240  0.00  41
   103356  40.387032 -124.285229    30.601       20.0        3.6        1.2    288.0    229.6    193.6 2022  1 20  8 13 37.120  0.00  41
   103361  40.387101 -124.285319    30.606       12.4       11.3        6.1    268.4    292.2    184.8 2022  4 25 14 43 53.920  0.00  41
   103363  40.387565 -124.285392    30.649        6.2       62.8       49.5    570.7    713.0    363.7 2022  5 15  0 24 23.100  0.00  41
   103366  40.386882 -124.285425    30.595        3.5      -13.1       -5.4    315.5    328.1    214.7 2022  6 29 19 18 19.300  0.00  41
   103367  40.387553 -124.281649    30.602      324.1       61.4        2.0    817.7    355.6    205.0 2022  8  2 13 46 54.320  0.00  41
   103369  40.386959 -124.285832    30.595      -31.1       -4.5       -4.6    413.4    322.4    208.7 2022  9  1 22 17 11.240  0.00  41
   103370  40.387756 -124.287354    30.580     -160.3       84.0      -20.4    633.8    435.3    239.1 2022 10 13  6  5 38.260  0.00  41
   110320  40.386877 -124.285433    30.598        2.8      -13.6       -2.1    270.7    253.3    192.8 2023  5  3 16 44 54.560  1.67  41
