   107012  40.449703 -124.509513    19.778       53.2       30.3     -162.4     19.3     59.9     55.0 2020  3 13 20 49 46.760  0.00  20
   107018  40.449858 -124.510522    19.957      -32.4       47.4       17.2     35.3     41.1     43.4 2020  3 16 15  0 15.800  0.00  20
   107019  40.450480 -124.510775    20.135      -53.8      116.6      194.6     26.3     27.3     54.4 2020  3 19  5 28 35.140  0.00  20
   107025  40.449333 -124.509985    19.864       13.1      -10.8      -75.5     35.4     40.3     62.0 2020  4 13 16 19 31.580  0.00  20
   107026  40.449402 -124.509302    19.697       71.1       -3.2     -242.6     21.8     72.1     47.7 2020  4 13 15 50 34.720  0.00  20
   107027  40.449247 -124.509904    19.849       20.0      -20.3      -90.9     36.1     41.1     61.5 2020  4 13 19 50 27.360  0.00  20
   107028  40.449565 -124.512402    20.295     -191.9       14.9      354.7     33.9     36.1     65.9 2020  4 14 17  8 38.280  0.00  20
   107033  40.449186 -124.509831    19.791       26.2      -27.1     -148.6     39.0     44.2     64.1 2020  4 18  4 37 30.240  0.00  20
   107036  40.449170 -124.509831    19.803       26.2      -28.9     -137.4     27.6     30.8     40.7 2020  4 20  0 18 25.620  0.00  20
   107039  40.449276 -124.509928    19.716       17.9      -17.2     -223.5     38.5     43.8     67.3 2020  4 22  4  6 12.460  0.00  20
   107041  40.450024 -124.510669    19.884      -44.9       66.0      -55.8     57.0     66.4     70.5 2020  4 23 14 12 34.780  0.00  20
   107046  40.449239 -124.509880    19.744       22.1      -21.2     -195.6     34.7     39.3     57.4 2020  5 11  2 24 50.380  0.00  20
   107047  40.449272 -124.509904    19.734       20.0      -17.6     -205.5     36.6     41.4     61.9 2020  5 15  1  9 24.220  0.00  20
   107074  40.449532 -124.510181    19.963       -3.5       11.3       22.7     16.8     22.6     27.8 2020  6 26 21 11 31.440  0.00  20
   107076  40.449548 -124.510238    19.969       -8.3       13.1       29.4     18.1     20.1     34.3 2020  6 26 21 41 55.120  0.00  20
   107085  40.449402 -124.510075    19.934        5.5       -3.2       -5.6     17.4     23.6     29.8 2020  7  3 12 39 44.800  0.00  20
   107090  40.449459 -124.510221    19.967       -6.9        3.2       27.3     19.3     20.6     39.8 2020  7  5  5 27 39.000  0.00  20
   107091  40.449479 -124.510124    19.950        1.4        5.4        9.6     17.6     28.0     29.9 2020  7  5 22 14 38.140  0.00  20
   107097  40.449402 -124.510099    19.938        3.5       -3.2       -2.2     19.6     22.0     29.7 2020  7 13 15 22 48.300  0.00  20
   107104  40.449447 -124.510156    19.955       -1.4        1.8       14.5     19.1     20.6     35.4 2020  7 24 15 25  2.280  0.00  20
   107107  40.449589 -124.510262    19.976      -10.4       17.6       35.6     18.0     20.7     31.3 2020  7 26 17 32 18.560  0.00  20
   107108  40.449447 -124.510042    19.934        8.3        1.8       -6.3     19.0     33.7     29.2 2020  7 29 23 21 13.380  0.00  20
   107109  40.449593 -124.510099    19.934        3.5       18.1       -5.5     20.8     32.2     37.2 2020  7 30  0 33 38.560  0.00  20
   107110  40.449447 -124.510132    19.944        0.7        1.8        4.3     19.0     23.0     29.7 2020  7 31 15 58 31.680  0.00  20
   107112  40.449504 -124.510164    19.955       -2.1        8.1       14.9     17.4     20.5     35.9 2020  8 21  3 38  0.900  0.00  20
   107113  40.448934 -124.510295    19.997      -13.1      -55.1       58.5     26.4     34.8     39.0 2020  8 22  8 28 36.020  0.00  20
   107117  40.449605 -124.510026    19.917        9.7       19.4      -23.4     19.0     37.2     32.7 2020  9  5 22 11 56.180  0.00  20
   107122  40.449377 -124.510205    19.967       -5.5       -5.9       27.0     19.4     30.6     27.9 2020 10 21 11 51 21.820  0.00  20
   107125  40.449300 -124.509985    19.917       13.1      -14.5      -22.9     17.4     25.4     31.5 2020 12 11 12 11 46.140  0.00  20
   107129  40.449382 -124.510091    19.933        4.1       -5.4       -7.1     18.9     20.6     29.6 2020 12 29  1 47 27.420  0.00  20
   107140  40.449158 -124.510156    19.946       -1.4      -30.3        6.1     24.0     37.9     29.9 2021  6  8  0 28 30.380  0.00  20
   107142  40.449418 -124.510116    19.939        2.1       -1.4       -1.4     21.1     23.7     26.8 2021  6  9 13 25 38.980  0.00  20
   107144  40.449487 -124.510164    19.949       -2.1        6.3        8.9     19.7     26.2     25.7 2021  6 10 12 39 30.160  0.00  20
   107146  40.450085 -124.510791    19.993      -55.2       72.7       53.3     22.8     26.8     65.8 2021  6 15  3  3 59.900  0.00  20
   107147  40.449463 -124.510148    19.956       -0.7        3.6       16.0     18.0     20.8     28.0 2021  6 22 21 20 11.860  0.00  20
   107148  40.449504 -124.510164    19.959       -2.1        8.1       19.1     16.0     17.7     26.2 2021  6 23 21 32 51.880  0.00  20
   107150  40.449333 -124.510164    19.944       -2.1      -10.8        3.8     25.7     26.4     25.5 2021  6 26  5  4 28.020  0.00  20
   107153  40.449337 -124.510221    19.947       -6.9      -10.4        7.3     22.7     32.3     34.0 2021  8 22  8 46 23.040  0.00  20
   107155  40.449345 -124.510221    19.951       -6.9       -9.5       10.6     22.6     32.3     31.1 2021  8 30  9 39 56.700  0.00  20
   107156  40.449170 -124.510173    19.943       -2.8      -28.9        3.3     28.5     38.6     27.7 2021  8 30  7 17 22.420  0.00  20
   107158  40.449211 -124.510286    19.985      -12.4      -24.4       45.4     22.8     20.6     26.1 2021  9  3  9 32  4.260  0.00  20
   107160  40.449174 -124.510099    19.944        3.5      -28.5        4.1     20.6     35.8     34.6 2021  9 13  8  1 39.740  0.00  20
   107162  40.449463 -124.510140    19.955        0.0        3.6       15.0     17.7     20.9     27.9 2021  9 14 18 20 35.760  0.00  20
   107165  40.449443 -124.510132    19.959        0.7        1.4       19.4     17.6     22.2     39.5 2021  9 14 23 19 12.780  0.00  20
   107168  40.449463 -124.510148    19.956       -0.7        3.6       16.4     18.0     20.8     28.4 2021  9 22 20 32 26.380  0.00  20
   107170  40.449455 -124.510156    19.960       -1.4        2.7       19.5     17.8     20.0     37.5 2021 10  8  8  3 23.660  0.00  20
   107171  40.449459 -124.510140    19.958        0.0        3.2       18.2     18.6     21.0     30.2 2021 11 14 20 50 55.920  0.00  20
   107178  40.449276 -124.509969    19.897       14.5      -17.2      -43.2     23.6     27.9     38.5 2022 11 27 18 31 58.100  0.00  20
   110425  40.449422 -124.510067    19.965        6.2       -0.9       25.1     17.4     18.5     25.3 2023  4 20 17 48 59.220  0.86  20
