   100045  40.492041 -124.338029    19.034      -10.3        8.6       14.1     11.9     13.3     15.6 2021  8 26 18 32 24.440  0.00  11
   100046  40.491878 -124.337809    19.006        8.3       -9.5      -14.2     12.1     10.7     14.3 2021  8 26 19 24  2.720  0.00  11
   100064  40.491223 -124.333618    18.672      363.6      -82.2     -348.5     35.6     30.2     33.6 2021 12 20 21 52  7.440  0.00  11
   100066  40.491939 -124.337858    19.014        4.1       -2.7       -6.4     14.5     12.5     16.9 2021 12 21 21 30 51.420  0.00  11
   100067  40.491992 -124.337801    19.015        9.0        3.2       -5.2     13.9     11.9     16.1 2021 12 21 12 55 53.380  0.00  11
   100068  40.492041 -124.337850    19.014        4.8        8.6       -6.4     14.2     12.9     13.7 2021 12 21 12 45 57.660  0.00  11
   100069  40.491886 -124.337874    19.006        2.8       -8.6      -13.6     13.6     11.6     15.1 2021 12 21 12 37 28.080  0.00  11
   100070  40.491980 -124.337785    19.013       10.3        1.8       -7.4     14.0     12.3     16.1 2021 12 21 13 17 10.920  0.00  11
   100072  40.491996 -124.338159    19.027      -21.4        3.6        6.8     15.0     13.6     12.3 2021 12 21 12 47 57.820  0.00  11
   100086  40.492037 -124.337956    19.027       -4.1        8.1        7.2     12.2     10.3     13.3 2021 12 22  5 15 45.380  0.00  11
   100092  40.491882 -124.337931    19.013       -2.1       -9.0       -6.7     14.6     12.5     17.0 2021 12 23 12 18 27.560  0.00  11
   100099  40.491951 -124.337817    19.009        7.6       -1.4      -10.6     13.0     10.9     14.2 2021 12 26 10 40 33.820  0.00  11
   100101  40.492139 -124.337891    19.040        1.4       19.4       19.8     12.9     12.3     15.7 2021 12 28 20 37  0.280  0.00  11
   100106  40.491976 -124.338102    19.022      -16.6        1.4        2.4     14.3     13.3     13.0 2021 12 31 19 14 39.200  0.00  11
   100107  40.491931 -124.338094    19.022      -15.9       -3.6        1.8     14.1     13.6     13.3 2021 12 31 19 57 44.880  0.00  11
   100108  40.492061 -124.337826    19.022        6.9       10.8        1.5     14.1     12.3     12.9 2021 12 31 15  4  0.320  0.00  11
   100110  40.491858 -124.338029    19.006      -10.3      -11.7      -14.4     13.5     13.8     15.2 2021 12 31 20 59 57.000  0.00  11
   100114  40.492122 -124.337752    19.024       13.1       17.6        4.2     15.3     13.8     12.6 2021 12 31 23 29 55.280  0.00  11
   100115  40.491960 -124.338135    19.018      -19.3       -0.5       -2.3     16.4     18.2     21.9 2021 12 31 21  9 58.240  0.00  11
   100116  40.491964 -124.338127    19.018      -18.6        0.0       -2.2     16.4     18.0     22.0 2021 12 31 21 35 51.300  0.00  11
   100117  40.492269 -124.337785    19.038       10.3       33.9       17.5     18.0     16.7     13.3 2021 12 31 20 55  7.260  0.00  11
   100120  40.492053 -124.338102    19.025      -16.6        9.9        4.8     16.0     17.9     22.6 2021 12 31 21 53 53.900  0.00  11
   100121  40.491903 -124.338249    19.022      -29.0       -6.8        2.2     17.5     17.2     15.8 2021 12 31 22 47 38.720  0.00  11
   100123  40.492212 -124.337760    19.037       12.4       27.6       16.5     17.0     15.4     14.0 2021 12 31 21 19 47.040  0.00  11
   100124  40.492232 -124.337606    19.036       25.5       29.8       15.7     19.8     18.0     16.9 2021 12 31 22 39 32.540  0.00  11
   100127  40.491976 -124.337972    19.013       -5.5        1.4       -6.7     12.5     12.8     13.7 2021 12 31 21 23 57.420  0.00  11
   100128  40.491968 -124.338200    19.020      -24.8        0.5        0.3     16.8     18.8     23.3 2021 12 31 23 19 30.920  0.00  11
   100129  40.491968 -124.338192    19.021      -24.1        0.5        0.5     17.0     19.2     23.7 2021 12 31 21 37 52.420  0.00  11
   100134  40.492228 -124.337524    19.031       32.4       29.4       11.4     19.8     16.9     15.2 2021 12 31 21 16 16.260  0.00  11
   100143  40.492265 -124.337728    19.037       15.2       33.4       16.6     17.9     16.5     13.3 2021 12 31 20 59 17.960  0.00  11
   100148  40.492021 -124.337793    19.021        9.7        6.3        1.0     11.4     11.1     15.5 2021 12 31 21  8 19.840  0.00  11
   100178  40.492782 -124.337671    19.065       20.0       90.8       45.2     25.1     26.3     24.1 2021 12 31 21  3 45.720  0.00  11
   100182  40.492171 -124.337695    19.029       17.9       23.0        9.3     16.6     15.4     13.2 2022  1  1 11  0 43.600  0.00  11
   100185  40.491744 -124.338021    18.997       -9.7      -24.4      -23.0     17.4     15.1     12.8 2022  1  1 18 22 21.660  0.00  11
   100190  40.492273 -124.337663    19.028       20.7       34.3        8.2     18.4     17.6     14.3 2022  1  1  0 10 48.480  0.00  11
   100192  40.491960 -124.338005    19.012       -8.3       -0.5       -8.3     12.4     13.3     17.2 2022  1  1  0 27 55.780  0.00  11
   100204  40.492053 -124.337467    19.008       37.3        9.9      -11.8     20.6     19.3     21.9 2022  1  1 16 47 26.520  0.00  11
   100206  40.492220 -124.337679    19.035       19.3       28.5       15.2     18.5     16.9     16.6 2022  1  1 16 43 47.340  0.00  11
   100207  40.492224 -124.337671    19.036       20.0       28.9       16.3     19.2     17.4     17.1 2022  1  1  8 28  6.960  0.00  11
   100217  40.492220 -124.337687    19.036       18.6       28.5       16.5     19.0     16.7     16.4 2022  1  1  6 41  0.200  0.00  11
   100224  40.492354 -124.337777    19.030       11.0       43.4        9.9     22.8     21.3     26.4 2022  1  1 15  9 42.160  0.00  11
   100253  40.491976 -124.338143    19.028      -20.0        1.4        8.4     14.3     12.8     12.3 2022  1  2  2 34 13.020  0.00  11
   100259  40.492314 -124.337655    19.031       21.4       38.9       10.5     18.8     18.0     14.1 2022  1  2  3  0 10.440  0.00  11
   100304  40.491862 -124.337891    19.009        1.4      -11.3      -11.5     15.2     12.7     16.6 2022  1  6 12  5 41.240  0.00  11
   100308  40.492179 -124.337663    19.030       20.7       23.9        9.7     16.3     14.9     13.1 2022  1  6 20 13 30.520  0.00  11
   100314  40.492265 -124.337410    19.014       42.1       33.4       -5.6     22.9     20.8     15.7 2022  1  6  8 13  8.760  0.00  11
   100328  40.491813 -124.337590    19.005       26.9      -16.7      -15.4     13.3     15.1     17.4 2022  1  7  1 20 21.340  0.00  11
   100337  40.492126 -124.337695    19.028       17.9       18.1        8.2     17.5     15.8     17.5 2022  1  9 19 50 37.000  0.00  11
   100342  40.487423 -124.335506    18.781      203.5     -504.3     -239.1     59.1    132.7    109.5 2022  1  9 22  8 42.720  0.00  11
   100344  40.492293 -124.337533    19.025       31.7       36.6        5.4     20.3     18.6     16.6 2022  1 10  3 24 18.400  0.00  11
   100347  40.492029 -124.338110    19.035      -17.2        7.2       15.1     13.4     11.8     12.9 2022  1 11 16 49 23.060  0.00  11
   100350  40.492212 -124.337655    19.028       21.4       27.6        8.5     16.9     15.7     13.0 2022  1 13  3 20 48.560  0.00  11
   100353  40.492090 -124.337622    19.015       24.1       14.0       -4.8     17.8     16.1     15.3 2022  1 14  7 11 12.220  0.00  11
   100357  40.491850 -124.338298    19.017      -33.1      -12.7       -2.8     18.9     18.5     17.0 2022  1 15  8 56 29.000  0.00  11
   100367  40.491724 -124.338094    19.003      -15.9      -26.7      -17.3     17.6     17.3     12.4 2022  1 18  3 51 51.180  0.00  11
   100375  40.491899 -124.338029    19.019      -10.3       -7.2       -0.9     16.3     11.5     15.3 2022  1 20  2 30 19.360  0.00  11
   100385  40.491801 -124.337931    19.002       -2.1      -18.1      -18.1     16.3     14.1     16.9 2022  1 22  7 52  7.580  0.00  11
   100396  40.491927 -124.337769    19.014       11.7       -4.1       -5.6     15.0     13.3     19.1 2022  1 26  5 31  8.980  0.00  11
   100410  40.491797 -124.338005    19.003       -8.3      -18.5      -17.0     17.1     14.7     17.0 2022  1 28 14 42  3.420  0.00  11
   100411  40.492395 -124.337785    19.031       10.3       47.9       10.8     24.6     22.3     28.1 2022  1 28 15 13 34.140  0.00  11
   100413  40.491874 -124.338151    18.997      -20.7       -9.9      -23.1     19.1     20.5     26.5 2022  1 28 23 37 47.680  0.00  11
   100418  40.491805 -124.338151    19.017      -20.7      -17.6       -2.7     16.7     17.1     14.3 2022  1 30 14  9  6.460  0.00  11
   100424  40.491585 -124.338306    18.999      -33.8      -42.0      -20.7     27.3     21.6     17.5 2022  1 31  3 44  9.420  0.00  11
   100444  40.492033 -124.337614    19.011       24.8        7.7       -9.2     17.1     15.7     18.4 2022  2 12 11 58 56.260  0.00  11
   100446  40.491850 -124.338338    19.024      -36.6      -12.7        4.0     19.6     20.3     18.5 2022  2 13  7 26 59.800  0.00  11
   100462  40.492033 -124.337598    19.009       26.2        7.7      -10.8     17.4     16.3     18.8 2022  2 23  8 39 44.380  0.00  11
   100464  40.491923 -124.337907    19.020        0.0       -4.5        0.4     12.3     10.5     16.8 2022  2 24 10 51 31.540  0.00  11
   100470  40.491862 -124.338151    19.026      -20.7      -11.3        5.6     16.6     14.2     15.9 2022  3  1  0  4 49.940  0.00  11
   100477  40.492041 -124.338021    19.029       -9.7        8.6        9.0     12.6     11.5     12.9 2022  3 15 19 13 55.500  0.00  11
   100483  40.491947 -124.338037    19.009      -11.0       -1.8      -11.2     16.0     13.9     19.9 2022  3 23 22 33 50.700  0.00  11
   100492  40.492037 -124.337606    19.011       25.5        8.1       -9.0     17.5     16.1     18.8 2022  4  8 18 15 50.020  0.00  11
   100505  40.492013 -124.337744    19.021       13.8        5.4        0.6     16.7     14.9     20.4 2022  5 29  1 15 33.020  0.00  11
   100517  40.492485 -124.337467    19.041       37.3       57.8       21.1     26.0     23.9     23.5 2022  8 22 11 28 24.380  0.00  11
   100521  40.491870 -124.338102    19.020      -16.6      -10.4        0.5     15.7     14.0     14.1 2022 10  9  0 31 56.300  0.00  11
   110287  40.491976 -124.337939    19.021       -2.8        1.4        0.6     11.7     10.6     11.9 2022 12 19 13 16 26.360  0.85  11
