   102182  40.446558 -124.654199    25.169        6.2      -18.5      -50.8     14.8     25.6     43.4 2020  1 15 17 42 30.720  0.00  10
   102184  40.446952 -124.653475    24.755       67.7       25.3     -464.8     32.2     46.8    123.9 2020  1 17  0 45  9.680  0.00  10
   102188  40.446529 -124.654183    25.246        7.6      -21.7       26.4     16.2     35.9     49.5 2020  1 21  4 20 43.480  0.00  10
   102200  40.446688 -124.654175    22.333        8.3       -4.1    -2886.6     56.8     69.1    352.7 2020  3 19  5 35 45.780  0.00  10
   102205  40.446676 -124.654224    25.283        4.1       -5.4       62.9     15.5     49.5     71.1 2020  3 30 12 52 56.680  0.00  10
   102210  40.446903 -124.653727    24.995       46.3       19.9     -224.6     27.0     37.3     92.7 2020  4 19 20 24 43.340  0.00  10
   102212  40.449434 -124.653052    24.450      103.6      300.9     -770.3     53.2    104.0    190.9 2020  4 23 16 58 36.620  0.00  10
   102228  40.446794 -124.654175    25.279        8.3        7.7       59.0     15.9     21.5     60.4 2020  6  6 17 33 56.240  0.00  10
   102230  40.446200 -124.654492    25.351      -18.6      -58.3      130.8     23.0     39.0     65.6 2020  6  8  6 32 15.660  0.00  10
   102234  40.449984 -124.652865    24.592      119.4      361.9     -628.5     39.3     79.8     95.2 2020  6 17 14 55 44.060  0.00  10
   102238  40.446395 -124.654460    25.380      -15.9      -36.6      160.4     23.3     39.4     71.9 2020  6 26 15 28 13.260  0.00  10
   102242  40.442574 -124.655754    26.026     -125.7     -460.9      806.0     44.0    100.6    120.5 2020  7  2  9 45 28.780  0.00  10
   102243  40.447445 -124.653377    24.906       75.9       80.0     -314.3     37.2     53.8    125.9 2020  7  4 10 27 11.180  0.00  10
   102245  40.446733 -124.654199    25.274        6.2        0.9       54.1     14.8     25.1     50.5 2020  7 15 14 48 38.640  0.00  10
   102246  40.445821 -124.654411    25.288      -11.7     -100.3       67.6     23.9     59.5     70.8 2020  7 15  6 44  5.980  0.00  10
   102248  40.447188 -124.654045    25.136       19.3       51.5      -83.6     15.6     34.9     50.2 2020  7 19 18 15 35.580  0.00  10
   102251  40.447021 -124.654069    25.131       17.3       33.0      -88.7     21.9     30.8     55.9 2020  7 24 17 25 56.900  0.00  10
   102255  40.446305 -124.654631    25.431      -30.4      -46.5      211.2     26.6     42.1     91.0 2020  8  9  8 20 35.060  0.00  10
   102264  40.447725 -124.653743    25.093       44.9      111.2     -127.4     32.5     63.6    102.3 2020  8 30  7 38 46.020  0.00  10
   102266  40.446659 -124.654150    25.240       10.4       -7.2       20.2     15.1     27.0     51.4 2020  9  9 23 36 32.240  0.00  10
   102267  40.446790 -124.654167    25.254        9.0        7.2       34.0     15.0     35.2     48.1 2020  9 10  0 16 17.420  0.00  10
   102268  40.445821 -124.654411    25.272      -11.7     -100.3       52.2     22.5     59.8     70.0 2020  9 10  3 19 24.240  0.00  10
   102270  40.446696 -124.654215    25.190        4.8       -3.2      -30.4     15.0     22.7     60.9 2020  9 18  0 58 33.740  0.00  10
   102277  40.446281 -124.654728    25.470      -38.7      -49.3      249.7     33.8     52.7     93.1 2020 10 12 19 25 13.660  0.00  10
   102279  40.448674 -124.653467    25.025       68.3      216.4     -195.1     27.6     63.5     71.7 2020 10 14  1 51 41.000  0.00  10
   102282  40.447058 -124.653792    25.055       40.7       37.1     -165.4     28.3     40.6     94.6 2020 10 21  8 40 43.180  0.00  10
   102283  40.446729 -124.654834    25.551      -47.6        0.5      331.2     31.9     45.5    116.5 2020 10 24 23  4 54.880  0.00  10
   102285  40.446574 -124.654142    25.192       11.0      -16.7      -27.7     23.2     48.1     76.2 2020 11  1 13 18 54.340  0.00  10
   102294  40.445972 -124.654533    25.466      -22.1      -83.6      246.0     30.8     59.1     97.9 2020 11 14  6 37 54.500  0.00  10
   102301  40.447119 -124.653630    24.890       54.5       43.8     -330.3     29.2     45.0    100.7 2020 12  1 22 12 47.360  0.00  10
   102303  40.446480 -124.654167    25.127        9.0      -27.1      -92.5     17.1     41.7     61.9 2020 12  5 11 45  1.180  0.00  10
   102322  40.446521 -124.655322    26.248      -89.1      -22.6     1028.0     53.2     76.1    145.0 2021  3 12  0 34 57.040  0.00  10
   102324  40.446521 -124.654517    25.472      -20.7      -22.6      252.0     40.4     71.9    153.0 2021  3 12  1 21 53.360  0.00  10
   102333  40.446879 -124.654272    25.265        0.0       17.2       45.4     14.4     21.6     60.1 2021  4  2 13 31 56.200  0.00  10
   102336  40.446525 -124.654606    25.475      -28.3      -22.1      255.0     23.9     36.6     95.5 2021  4 10 16 40 38.080  0.00  10
   102338  40.446590 -124.654272    25.241        0.0      -14.9       20.6     15.7     31.7     59.7 2021  4 16  5 33 23.300  0.00  10
   102340  40.446440 -124.654248    25.212        2.1      -31.6       -7.6     15.0     29.3     52.9 2021  4 16  5 35 19.500  0.00  10
   102344  40.446667 -124.654777    25.663      -42.8       -6.3      443.5     32.2     49.8    107.4 2021  5  4 21 50 51.440  0.00  10
   102345  40.446395 -124.655094    25.981      -69.7      -36.6      761.4     42.7     64.7    123.9 2021  5  4 21 38 56.240  0.00  10
   102355  40.446611 -124.654224    25.310        4.1      -12.7       89.5     20.2     32.3     54.7 2021  5 30  0 32 40.240  0.00  10
   102360  40.447213 -124.653442    24.338       70.4       54.2     -881.7     36.0     48.5    113.2 2021  6 12 12 22 59.900  0.00  10
   102362  40.447725 -124.653735    24.920       45.6      111.2     -300.1     24.8     50.4     84.6 2021  6 24 19 30 18.060  0.00  10
   102371  40.446867 -124.654142    25.202       11.0       15.8      -18.0     15.9     30.9     60.1 2021  7 21 12 26  5.200  0.00  10
   102372  40.446891 -124.654224    25.298        4.1       18.5       78.4     17.4     32.1     55.2 2021  7 21 11 22 14.200  0.00  10
   102373  40.446273 -124.654110    25.142       13.8      -50.2      -77.9     18.9     30.3     87.1 2021  7 21 11 54 55.820  0.00  10
   102384  40.447209 -124.654281    25.425       -0.7       53.8      204.7     25.3     51.1     93.4 2021  9  8  2 16  1.420  0.00  10
   102385  40.446411 -124.654272    25.200        0.0      -34.8      -19.6     16.8     29.7     56.3 2021  9  9 12 37 57.360  0.00  10
   102387  40.446647 -124.654248    25.212        2.1       -8.6       -8.2     15.3     24.1     57.1 2021  9 10  1  1 31.200  0.00  10
   102388  40.446920 -124.654215    25.269        4.8       21.7       49.2     16.5     35.2     54.0 2021  9 15  6 30 53.620  0.00  10
   102390  40.446476 -124.654451    25.350      -15.2      -27.6      129.7     23.0     34.7     77.1 2021 10  4  4 32 17.280  0.00  10
   102392  40.446798 -124.654264    25.340        0.7        8.1      119.8     16.1     26.5     58.3 2021 10 18  2 39 39.300  0.00  10
   102393  40.446537 -124.654248    25.197        2.1      -20.8      -22.7     17.1     25.2     58.8 2021 10 23 14 44 14.460  0.00  10
   102399  40.447164 -124.653963    25.147       26.2       48.8      -72.6     18.6     34.2     68.5 2021 11 10  9 26 40.460  0.00  10
   102404  40.447229 -124.653263    24.277       85.6       56.0     -943.0     42.7     53.1    138.0 2021 11 13  7 46 30.500  0.00  10
   102408  40.446611 -124.654191    25.176        6.9      -12.7      -44.2     16.4     21.3     54.9 2021 11 30  5 12 25.660  0.00  10
   102410  40.446802 -124.654118    25.155       13.1        8.6      -65.2     14.5     23.0     46.4 2021 12  1 15  9 27.140  0.00  10
   102414  40.446712 -124.654305    25.236       -2.8       -1.4       16.2     17.9     27.6     73.7 2021 12 11 10  9 36.640  0.00  10
   102418  40.446566 -124.654207    25.212        5.5      -17.6       -8.2     16.2     48.6     46.7 2022  1  6 20 31  6.480  0.00  10
   102422  40.446574 -124.654183    25.179        7.6      -16.7      -40.9     16.5     25.9     54.5 2022  1 16 20  3 25.640  0.00  10
   102423  40.446672 -124.654142    25.093       11.0       -5.9     -126.6     15.1     21.8     61.4 2022  1 16 23 26 59.440  0.00  10
   102424  40.446582 -124.654240    25.171        2.8      -15.8      -48.7     17.9     32.2     66.6 2022  1 16 23 21 31.880  0.00  10
   102425  40.446647 -124.654289    25.243       -1.4       -8.6       23.2     19.3     24.8     65.6 2022  1 16 23 34 44.500  0.00  10
   102429  40.447156 -124.654053    25.227       18.6       47.9        6.9     15.0     31.4     51.5 2022  2 11  7 42  4.820  0.00  10
   102437  40.446724 -124.654272    25.301        0.0        0.0       80.6     18.3     28.4     55.6 2022  3 26  2  8 37.740  0.00  10
   102439  40.446981 -124.654142    25.265       11.0       28.5       45.0     16.8     26.0     61.0 2022  3 26  3 20 55.020  0.00  10
   102441  40.446973 -124.653198    24.700       91.1       27.6     -520.4     36.8     53.6    133.2 2022  3 27  9  2  0.020  0.00  10
   102452  40.444836 -124.655192    25.525      -78.0     -209.7      304.6     38.2     73.1    106.3 2022  5 19  4 59 54.560  0.00  10
   102456  40.446460 -124.654256    25.270        1.4      -29.4       49.9     16.3     32.6     50.3 2022  5 26 14 46 51.040  0.00  10
   102460  40.446794 -124.654045    25.110       19.3        7.7     -109.5     19.3     25.2     60.4 2022  6  4 18 39 40.820  0.00  10
   102461  40.446871 -124.654093    25.234       15.2       16.3       14.4     19.9     25.4     69.4 2022  6  4 18 37 39.740  0.00  10
   102462  40.446651 -124.654175    25.110        8.3       -8.1     -109.7     18.1     42.4     66.4 2022  6  7  7 42  2.260  0.00  10
   102467  40.446745 -124.654159    25.150        9.7        2.3      -70.1     18.6     24.1     62.9 2022  6 29 15 43 49.420  0.00  10
   102478  40.448368 -124.653247    24.788       87.0      182.5     -431.9     41.3     66.3    103.4 2022  7 28  0 49 37.560  0.00  10
   102479  40.446501 -124.654687    25.383      -35.2      -24.9      162.6     29.0     43.7    115.0 2022  8  1 11 26 14.540  0.00  10
   102480  40.446464 -124.654590    25.304      -26.9      -28.9       83.7     27.3     42.1    111.9 2022  8  1 11 14 15.880  0.00  10
   102484  40.446883 -124.654110    25.181       13.8       17.6      -39.1     16.4     26.6     48.4 2022  9  2 22 28 11.020  0.00  10
   102487  40.446558 -124.654207    25.136        5.5      -18.5      -83.7     15.5     31.4     62.6 2022  9 13 10 25 13.400  0.00  10
   102488  40.446757 -124.654167    25.228        9.0        3.6        8.0     14.3     35.0     43.6 2022  9 15 10 27 10.840  0.00  10
   102495  40.446940 -124.654159    25.269        9.7       23.9       48.8     18.3     26.8     59.8 2022 10  2 19 19 28.360  0.00  10
   102497  40.446737 -124.654525    25.522      -21.4        1.4      302.2     24.4     37.2     90.0 2022 10  7 21 58 55.180  0.00  10
   102498  40.446765 -124.653743    24.946       44.9        4.5     -273.6     29.1     41.9     91.4 2022 10  8 23 33 52.300  0.00  10
   102502  40.446370 -124.654142    25.114       11.0      -39.3     -105.6     21.7     47.1     76.0 2022 10 22  7  6 12.100  0.00  10
   102504  40.446688 -124.654256    25.314        1.4       -4.1       94.1     23.0     38.3     72.1 2022 11  8  8 25 11.960  0.00  10
   102510  40.447103 -124.653507    24.600       64.9       42.0     -619.7     30.9     45.7    105.9 2022 11 22 13 37 11.000  0.00  10
   110301  40.446639 -124.654215    25.226        4.8       -9.5        6.4     13.6     25.8     42.3 2023  5 20  8 26 59.420  1.66  10
