   105504  40.296061 -124.397087     8.137        2.1       39.8       27.4     15.5     11.5     21.1 2020  2  6  8 39 18.320  0.00  72
   105505  40.295703 -124.397144     8.133       -2.8        0.0       22.8     14.7     14.3     20.2 2020  2  6 11 33 20.940  0.00  72
   105506  40.295947 -124.397681     8.301      -48.4       27.1      190.5     14.4     21.8     51.5 2020  2  6 11 35 41.960  0.00  72
   105515  40.296045 -124.397038     8.117        6.2       38.0        6.5     13.0     22.5     19.2 2021  6  3 12 20 24.160  0.00  72
   105519  40.296041 -124.396989     8.092       10.4       37.5      -18.2     15.6     24.0     23.5 2021  8  1 14  0 36.000  0.00  72
   105544  40.296733 -124.396883     8.113       19.4      114.3        2.7     11.7     17.1     17.1 2022  2 20 15 29 37.960  0.00  72
   105560  40.295569 -124.396997     8.102        9.7      -14.9       -8.0     14.0     31.1     21.7 2022  9 24  2 36 23.560  0.00  72
   105562  40.295903 -124.396899     8.112       18.0       22.1        2.5     13.9     15.7     24.0 2022 11  8 18 37  6.880  0.00  72
   105563  40.296228 -124.396826     8.114       24.2       58.3        3.7     14.4     21.6     26.7 2022 11  9  1 33 51.080  0.00  72
   110376  40.295317 -124.397176     8.095       -5.5      -42.9      -14.9     10.4     18.1     16.9 2023  4  1 12 56 24.620  0.61  72
