   104399  40.351693 -124.280444    23.928     1049.4    -1009.8    -3060.3      9.1     13.1      4.3 2021  6 15  4 44 44.800  0.00  26
   104401  40.353638 -124.279508    23.884     1128.9     -793.9    -3104.7      5.9     11.4      4.1 2021  8 29  1 56 52.440  0.00  26
   104403  40.355802 -124.278923    23.843     1178.7     -553.5    -3145.6      9.9      5.9      4.0 2021 12 20 21  4 59.220  0.00  26
   104405  40.353076 -124.279631    23.884     1118.5     -856.2    -3104.0      5.7      8.1      5.9 2021 12 20 20 53 33.680  0.00  26
   104406  40.354887 -124.272599    23.981     1715.8     -655.2    -3007.3     20.3      6.1      8.4 2021 12 20 20 26 28.100  0.00  26
   104407  40.354911 -124.276790    23.866     1359.8     -652.4    -3122.1      9.8     12.2      5.6 2021 12 20 21 31 11.760  0.00  26
   104410  40.354045 -124.278687    23.898     1198.7     -748.7    -3090.5      7.4      5.2      4.5 2021 12 21  0  8 11.860  0.00  26
   104411  40.355831 -124.277620    23.866     1289.3     -550.3    -3122.5      6.2      4.9      4.6 2021 12 21 19 31 39.840  0.00  26
   104412  40.356173 -124.275529    23.903     1466.9     -512.4    -3085.3      9.9      3.6      4.4 2021 12 21 11 59  9.720  0.00  26
   104413  40.353772 -124.279256    23.851     1150.3     -779.0    -3137.0      8.0      8.3      6.0 2021 12 22  8  8 37.840  0.00  26
   104420  40.354016 -124.279085    23.915     1164.8     -751.8    -3073.6      5.5     12.7      5.1 2022  1 14  0 17 25.780  0.00  26
   104421  40.354407 -124.277913    23.775     1264.4     -708.5    -3213.8      8.1      5.4      6.8 2022  1 14  4 26 58.700  0.00  26
   104423  40.359119 -124.282414    23.978      882.1     -185.3    -3010.0     14.5     17.3      9.6 2022  1 26 22 58 55.500  0.00  26
   104426  40.355127 -124.279541    23.839     1126.1     -628.5    -3149.0      7.5      6.9      4.4 2022 11 19 20 44  5.320  0.00  26
   107213  40.340377 -124.295581    27.641     -236.4    -2266.4      653.1     11.7     14.6     10.5 2020  3 23  6 34  8.940  0.00  26
   107215  40.342635 -124.293604    27.587      -68.4    -2015.6      598.4     16.9     16.2      9.4 2021 12  1  3 23 46.460  0.00  26
   107219  40.335010 -124.298128    27.637     -452.9    -2862.3      648.4     15.8     15.7      7.4 2021 12 24 22 23 25.560  0.00  26
   107222  40.334347 -124.300854    27.774     -684.5    -2936.0      785.5     16.3     22.1     11.4 2022  1  1 10 24 30.560  0.00  26
   107224  40.353817 -124.295890    27.749     -262.7     -774.0      760.8     13.4     19.8     10.1 2022  1 17  7 33 11.240  0.00  26
   107232  40.372412 -124.307544    29.432    -1252.5     1290.9     2443.4      5.9      7.0      4.3 2021  3 11 20  6  4.280  0.00  26
   107235  40.372542 -124.308569    29.416    -1339.6     1305.3     2427.3      7.5      7.4      4.5 2021 11  3  5 58  4.920  0.00  26
   107243  40.371476 -124.308138    29.434    -1302.9     1187.0     2445.7      7.6      7.6      4.8 2021 12 20 23 27 36.080  0.00  26
   107244  40.371700 -124.308219    29.428    -1309.8     1211.8     2439.5      7.1      6.6      3.9 2021 12 20 20 50 16.880  0.00  26
   107245  40.372990 -124.306934    29.429    -1200.6     1355.0     2440.4      7.4      9.6      4.4 2021 12 20 23 41 45.320  0.00  26
   107246  40.373088 -124.308472    29.430    -1331.3     1365.9     2441.4      7.6      7.9      6.2 2021 12 20 20 17 10.900  0.00  26
   107247  40.372909 -124.309058    29.432    -1381.0     1346.0     2443.7      9.6     10.1      5.1 2021 12 20 21 11 30.880  0.00  26
   107254  40.371973 -124.308561    29.426    -1338.9     1242.1     2438.0      8.4      7.1      5.0 2021 12 21 18  1 23.800  0.00  26
   107256  40.373934 -124.306592    29.399    -1171.6     1459.9     2410.3      7.5     11.0      5.3 2021 12 21  7 25 52.440  0.00  26
   107257  40.370854 -124.313265    29.692    -1738.4     1117.8     2703.2     13.3     21.6     11.4 2021 12 21  2 34 43.280  0.00  26
   107258  40.373739 -124.306274    29.421    -1144.6     1438.2     2432.9     12.5      9.0      5.7 2021 12 21 13  6 14.120  0.00  26
   107260  40.372522 -124.308512    29.435    -1334.7     1303.1     2446.1      8.1      7.4      3.9 2021 12 23 19 15  5.580  0.00  26
   107262  40.371830 -124.308553    29.435    -1338.2     1226.3     2447.0      7.2      5.2      4.9 2021 12 24 12 38 47.180  0.00  26
   107267  40.374487 -124.308032    29.468    -1293.9     1521.3     2479.4      8.9     15.0     10.2 2021 12 26  2 14 54.480  0.00  26
   107272  40.373319 -124.306055    29.405    -1126.0     1391.6     2416.2      8.6     11.6      4.9 2022  1  2 13 57 49.500  0.00  26
   107274  40.373263 -124.310693    29.611    -1520.0     1385.3     2622.3     13.9     14.1     13.6 2022  1 15 12 26  6.380  0.00  26
   107277  40.371908 -124.308122    29.435    -1301.5     1234.9     2446.1      8.6      7.1      4.7 2022  7  1  1 40 55.500  0.00  26
   107280  40.371757 -124.307869    29.424    -1280.1     1218.1     2436.0      9.3      7.5      4.9 2022  7 16 23 34 14.380  0.00  26
   109841  40.365027 -124.268937    25.681     2026.7      470.8    -1307.8     22.8      6.2     10.8 2021 12 21  1 16 23.360  0.00  26
   109842  40.360575 -124.269181    25.856     2006.1      -23.5    -1132.4      9.7      7.7      8.1 2021 12 23  3 36 15.740  0.00  26
   109843  40.359347 -124.263420    25.725     2495.5     -159.9    -1263.9      5.3      8.3      7.4 2021 12 31 10  3  5.180  0.00  26
   110338  40.353296 -124.279508    23.823     1128.9     -831.8    -3165.1      3.8      6.1      3.6 2022 12 19 23 29  6.160  1.05  26
   110427  40.340145 -124.293848    27.668      -89.2    -2292.1      679.7     10.8     13.7      7.3 2022 12 25  7 31 55.070  0.83  26
   110428  40.371379 -124.308431    29.435    -1327.8     1176.1     2446.7      5.9      5.3      4.2 2023  4 29  3  1 22.660  0.62  26
   110713  40.359159 -124.265291    25.788     2336.5     -180.7    -1200.5      5.4      5.3      6.2 2022 12 12  1  4 54.750  2.37  26
