   105726  40.376860 -124.252132    26.385      201.1     -469.9     -915.9     13.5     22.4     12.9 2020  4  8  8 21 58.120  0.00  14
   105730  40.376701 -124.250968    26.407      299.9     -487.5     -893.9      8.8      9.0      7.6 2020  8 18 23 54 39.920  0.00  14
   105732  40.389543 -124.253044    26.670      123.7      938.5     -631.0      9.6     41.4     10.9 2020 12 18 23 41 26.600  0.00  14
   105733  40.385221 -124.244295    26.149      866.6      458.6    -1152.4     25.0     33.3     24.4 2021  3 13  9 16 42.120  0.00  14
   105734  40.386731 -124.248006    26.416      551.4      626.2     -885.5     16.9     21.5     15.0 2021  3 28 18 51 39.620  0.00  14
   105739  40.370532 -124.259538    26.489     -427.8    -1172.5     -812.1     16.6     21.1      8.8 2021  8 26  7 46  5.300  0.00  14
   105740  40.376392 -124.250448    26.449      344.2     -521.9     -852.5     13.5     13.9      9.3 2021 11  3  0 24 55.500  0.00  14
   105742  40.376782 -124.249902    26.403      390.5     -478.5     -898.0      9.3     10.9     12.8 2021 11  3  0 56  1.640  0.00  14
   105743  40.378927 -124.247103    26.344      628.2     -240.4     -956.7     14.8     14.1     10.3 2021 11  3  7 36 58.280  0.00  14
   105744  40.361552 -124.252295    26.087      187.3    -2169.7    -1214.6     16.6     31.8     15.1 2021 11  3  4 55 54.820  0.00  14
   105745  40.377657 -124.250537    26.330      336.6     -381.3     -971.0     15.0     17.7     11.3 2021 11  3  3 50 44.720  0.00  14
   105747  40.377026 -124.247795    26.247      569.4     -451.4    -1054.2     24.0     19.5     14.0 2021 11  3  2 39 53.560  0.00  14
   105749  40.380131 -124.239282    26.033     1292.3     -106.6    -1268.2     18.7     12.6     16.2 2021 11  3  2 37 16.800  0.00  14
   105750  40.375684 -124.250138    26.441      370.4     -600.5     -860.4     12.7     12.6      9.4 2021 11  3  0 41 54.400  0.00  14
   105751  40.376774 -124.250448    26.399      344.2     -479.4     -902.1      9.5      9.6     10.7 2021 11  3  0 39 12.580  0.00  14
   105752  40.378035 -124.250822    26.384      312.4     -339.3     -917.6     14.6     18.7      8.9 2021 11  3  0 34 13.400  0.00  14
   105754  40.377043 -124.248966    26.386      469.9     -449.6     -914.9     13.3     11.0      7.3 2021 11  3  0 32  6.680  0.00  14
   105757  40.376233 -124.250464    26.425      342.8     -539.5     -875.8     12.2     11.3     10.1 2021 11  4  7 12  1.600  0.00  14
   105762  40.376265 -124.249813    26.577      398.1     -535.9     -723.9     13.2     34.3     10.1 2021 11 11 13 42 18.820  0.00  14
   105763  40.378068 -124.252563    26.351      164.5     -335.7     -950.6     17.1     19.7     12.7 2021 12 20 22  5 44.360  0.00  14
   105764  40.368958 -124.258675    26.616     -354.5    -1347.4     -684.9     14.4     22.9      9.4 2021 12 20 21 35 24.780  0.00  14
   105765  40.372542 -124.255298    26.224      -67.7     -949.3    -1077.5     13.1      9.6      8.9 2021 12 20 20 32  9.520  0.00  14
   105768  40.375700 -124.246867    26.331      648.2     -598.7     -970.6     23.0     24.7     17.4 2021 12 21  6 11 58.360  0.00  14
   105769  40.375720 -124.248267    25.921      529.4     -596.4    -1380.3     17.9     33.2     13.8 2021 12 21  7 56 43.800  0.00  14
   105772  40.380953 -124.253459    26.559       88.5      -15.4     -742.1     18.5     22.2     14.8 2021 12 21  0 19 42.020  0.00  14
   105774  40.389022 -124.255811    26.942     -111.3      880.6     -359.5     14.8     16.3     13.8 2021 12 21 20 50 48.500  0.00  14
   105775  40.380933 -124.243205    26.243      959.2      -17.6    -1058.2     16.4     23.2     10.6 2021 12 22  3 33 33.340  0.00  14
   105777  40.382821 -124.250301    26.313      356.6      192.0     -988.5     16.2     15.2     15.7 2021 12 22 18 39 56.880  0.00  14
   105778  40.378735 -124.252979    26.379      129.2     -261.6     -922.0     14.3     27.4     15.9 2021 12 22  3  7 48.260  0.00  14
   105780  40.375875 -124.252311    26.384      185.9     -579.2     -916.8      9.2      9.5      7.2 2021 12 24  3 24 30.240  0.00  14
   105782  40.388086 -124.251978    26.594      214.2      776.7     -706.8     19.1     27.7     18.8 2021 12 24 10 12  5.420  0.00  14
   105784  40.371541 -124.251839    26.309      226.0    -1060.4     -992.7     11.6     25.8     10.9 2021 12 25 17 31 35.020  0.00  14
   105787  40.371338 -124.256925    26.539     -206.0    -1083.0     -761.8     12.5     19.2      8.7 2021 12 26 19 40 33.940  0.00  14
   105789  40.378796 -124.248779    26.182      485.8     -254.8    -1119.2     16.7     41.4     15.9 2021 12 29 23 58 51.860  0.00  14
   105791  40.370414 -124.254069    26.275       36.6    -1185.6    -1025.9     17.5     19.6     14.3 2022  1  4 13 16 11.840  0.00  14
   105793  40.376103 -124.252100    26.398      203.9     -553.9     -903.2      9.2      9.4      7.3 2022  1  9  0 23 57.200  0.00  14
   105794  40.375798 -124.251733    26.417      235.0     -587.8     -883.8     11.6     12.3      8.6 2022  1  9  0 25 32.700  0.00  14
   105796  40.376156 -124.252360    26.394      181.8     -548.1     -906.9      8.9      9.1      7.3 2022  1 26 19 43 31.500  0.00  14
   105798  40.372632 -124.251782    26.490      230.8     -939.4     -811.2     10.6     17.4     12.1 2022  2  6 19 27 40.580  0.00  14
   105802  40.370365 -124.256722    26.579     -188.7    -1191.0     -722.7     12.2     21.6     12.5 2022  3 23  1 53 21.540  0.00  14
   107897  40.400533 -124.264364    28.454     -837.4     2158.9     1152.9     22.3     15.5     14.3 2020  6 13 20  4 41.920  0.00  14
   107899  40.396631 -124.261532    28.182     -597.0     1725.5      881.0      8.2      8.6      7.1 2021 11  3 20 34 30.060  0.00  14
   107900  40.396606 -124.260579    28.180     -516.2     1722.8      878.5      9.4      8.5      8.1 2021 11  3  5 51 50.700  0.00  14
   107907  40.396847 -124.260824    28.172     -536.9     1749.5      871.1     15.3     16.1     13.9 2021 12 21  5  6 47.280  0.00  14
   107910  40.397087 -124.261442    28.220     -589.4     1776.2      918.8     15.5     10.2     11.5 2021 12 27  0 40 32.520  0.00  14
   107911  40.397103 -124.263892    28.213     -797.4     1778.0      912.0     14.7     10.5      9.5 2021 12 29 17 56  6.640  0.00  14
   107912  40.401587 -124.262061    28.229     -641.9     2275.9      928.2     25.6     12.7     16.5 2022  1  4  6 25 11.060  0.00  14
   107914  40.397030 -124.261328    28.168     -579.7     1769.8      867.2     12.0     13.2      7.8 2022  1 18  8 29 53.180  0.00  14
   107915  40.397953 -124.280013    28.513    -2166.2     1872.4     1211.4     34.4     33.0     23.5 2022  1 20 19 35 45.720  0.00  14
   107916  40.395512 -124.263965    28.176     -803.6     1601.3      875.2     20.4     12.6      8.7 2022  3 10 19 43 36.080  0.00  14
   107917  40.397587 -124.259790    28.142     -449.1     1831.7      841.3     18.1     10.6      7.1 2022  3 21 15 45 36.680  0.00  14
   107919  40.397933 -124.261637    28.149     -606.0     1870.1      847.7     12.5     16.4     10.0 2022  4 28 16 18 59.900  0.00  14
   107920  40.397070 -124.261060    28.173     -556.9     1774.3      872.2     10.8     11.3      7.3 2022  4 30 20 33  4.260  0.00  14
   107922  40.398149 -124.261279    28.205     -575.6     1894.1      903.6     16.9      9.0      6.3 2022  7  3 16 44 36.540  0.00  14
   107924  40.398006 -124.260441    28.214     -504.4     1878.3      912.5     16.2      8.3      6.7 2022  7 19  9 28  3.620  0.00  14
   107925  40.396525 -124.261646    28.178     -606.7     1713.8      876.8      9.3     10.3      5.9 2022  8 20 18 57 36.780  0.00  14
   108010  40.368445 -124.255029    29.981      -44.9    -1404.3     2680.1     14.2      8.9     11.2 2020  4  7 16 19 13.760  0.00  14
   108011  40.369417 -124.259302    30.207     -407.8    -1296.3     2906.1     14.9     12.1     12.8 2021  5 20  8  1 14.180  0.00  14
   108012  40.366345 -124.255265    30.227      -65.0    -1637.4     2926.1     24.7     22.9     12.1 2021  6  9 14 43 15.220  0.00  14
   108013  40.370667 -124.252539    30.152      166.6    -1157.6     2850.5     30.8     13.3     11.3 2021  7 19  0 53 28.240  0.00  14
   108019  40.367273 -124.254964    30.104      -39.4    -1534.4     2802.7     17.3     13.0     11.8 2021 11  3  6 42 52.940  0.00  14
   108021  40.376257 -124.261410    30.139     -586.7     -536.8     2838.1     17.6     24.4     13.3 2021 12 21  2 47 39.000  0.00  14
   108024  40.375232 -124.269727    30.093    -1293.0     -650.6     2791.6     33.3     20.8     14.9 2022  1  7  2 30  4.920  0.00  14
   110380  40.375944 -124.251473    26.393      257.1     -571.6     -907.8      9.0      8.9      7.3 2022 12 26  3 17 37.280  0.86  14
   110463  40.398857 -124.261873    28.187     -626.0     1972.7      885.9      7.7      6.5      5.4 2023  5 18 12 50 14.940  1.05  14
   110471  40.367013 -124.251636    30.108      243.3    -1563.3     2806.7     14.0      7.7     11.2 2023  3 30 14 41 33.470  1.24  14
