   103991  40.298328 -124.338924     9.641    -2541.1    -1641.9     -158.0     90.3     91.6     68.9 2020  1 17  9 45 59.140  0.00  47
   103993  40.298409 -124.339364     9.628    -2578.4    -1632.9     -170.4     68.2     80.1     65.6 2020  5 10  3 42 52.940  0.00  47
   103994  40.299015 -124.339388     9.617    -2580.5    -1565.6     -182.2     75.4     65.9     83.1 2020  5 10  5 35 35.000  0.00  47
   103998  40.298751 -124.340210     9.689    -2650.4    -1594.9     -109.7     61.6     91.8     92.1 2020  9 14  9  1 19.540  0.00  47
   104000  40.298547 -124.340820     9.680    -2702.3    -1617.5     -119.1     59.4     96.8     61.5 2021  3 25  0  8 59.680  0.00  47
   104002  40.299243 -124.340592     9.669    -2682.9    -1540.3     -129.5     67.0     90.3     64.4 2021  8 22  5 40 15.640  0.00  47
   104004  40.299845 -124.340373     9.679    -2664.2    -1473.4     -119.5     54.0     86.1     61.6 2021  9  4  3 28 39.640  0.00  47
   104007  40.298718 -124.340275     9.667    -2655.9    -1598.6     -131.4     58.2     89.2     56.7 2022  5 10 23 26 29.780  0.00  47
   104008  40.298136 -124.340706     9.670    -2692.6    -1663.2     -128.4     50.2    115.5     78.0 2022  5 30  7 25 58.420  0.00  47
   104010  40.298857 -124.340120     9.693    -2642.8    -1583.2     -105.8     90.7    137.4    104.3 2022  6 28  1 22 18.540  0.00  47
   104011  40.298128 -124.339787     9.657    -2614.4    -1664.1     -142.3     54.8     61.0     49.1 2022 10 19 21 53 36.280  0.00  47
   106813  40.294189 -124.330379     9.488    -1814.7    -2101.4     -310.9     66.6    115.6     71.7 2020  3 17  5 56 19.560  0.00  47
   106827  40.293437 -124.330550     9.436    -1829.3    -2185.0     -362.8     47.3     68.3     66.5 2022  2 25  5 29 56.100  0.00  47
   106830  40.293066 -124.330697     9.436    -1841.7    -2226.1     -363.1     51.5     65.7     58.1 2022  7  5 15 16 47.800  0.00  47
   106831  40.294320 -124.330404     9.490    -1816.8    -2087.0     -309.0     58.5     55.4     62.7 2022  8 21 21 28 41.340  0.00  47
   106832  40.293420 -124.330558     9.470    -1830.0    -2186.8     -328.6     52.2     80.5     59.3 2022  8 21 21 40 11.720  0.00  47
   106834  40.293665 -124.330208     9.392    -1800.2    -2159.7     -407.1     70.0     87.6     85.0 2022 10 20 17 49 27.620  0.00  47
   107004  40.333870 -124.210791     7.115     8349.6     2304.8    -2683.7     46.0     56.4     38.7 2022  3  4 18 57 23.080  0.00  47
   107006  40.333443 -124.211401     7.129     8297.7     2257.3    -2669.8     35.9     48.7     36.7 2022 10 10 12 43 31.860  0.00  47
   108402  40.380062 -124.250667    12.702     4958.8     7433.9     2903.5     50.7     96.2     90.2 2022 10  8 11 13  1.020  0.00  47
   108407  40.380212 -124.250317    12.715     4988.5     7450.6     2916.2     68.2     77.7     72.3 2022 11 12 15 29 41.060  0.00  47
   110332  40.298853 -124.340487     9.626    -2673.9    -1583.7     -172.7     41.6     40.9     42.3 2023  3 12 10 38 34.580  0.73  47
   110415  40.294763 -124.330192     9.549    -1798.8    -2037.7     -249.6     52.9     49.8     49.4 2023  3 15 21 22 18.100  1.02  47
   110424  40.333504 -124.211100     7.126     8323.3     2264.1    -2672.5     31.9     40.6     27.8 2023  5  3  7 32 56.730  0.50  47
   110499  40.379333 -124.251188    12.641     4914.6     7353.0     2842.6     73.5    105.6    100.1 2023  3 19 16 35 12.330  0.73  47
   110740  40.349089 -124.248934    12.259     5107.2     3994.6     2460.8    191.2    213.6    167.7 2023  2  1  5  8 29.030  0.91  47
