   100045  40.492045 -124.337996    19.031       -7.6        9.0       11.3     23.5     22.6     26.8 2021  8 26 18 32 24.440  0.00  11
   100046  40.491919 -124.337834    19.010        6.2       -5.0      -10.0     23.3     21.8     26.3 2021  8 26 19 24  2.720  0.00  11
   100064  40.491447 -124.334587    18.751      281.5      -57.4     -269.1     91.6     96.0    101.4 2021 12 20 21 52  7.440  0.00  11
   100066  40.491980 -124.337882    19.018        2.1        1.8       -1.8     25.6     21.8     27.9 2021 12 21 21 30 51.420  0.00  11
   100067  40.492017 -124.337842    19.019        5.5        5.9       -1.2     25.9     21.6     27.4 2021 12 21 12 55 53.380  0.00  11
   100068  40.492033 -124.337891    19.019        1.4        7.7       -0.8     26.5     23.2     25.3 2021 12 21 12 45 57.660  0.00  11
   100069  40.491931 -124.337891    19.012        1.4       -3.6       -8.2     25.0     21.5     26.4 2021 12 21 12 37 28.080  0.00  11
   100070  40.492008 -124.337834    19.017        6.2        5.0       -2.7     25.5     22.4     27.3 2021 12 21 13 17 10.920  0.00  11
   100072  40.492033 -124.338078    19.030      -14.5        7.7       10.2     28.8     21.9     24.2 2021 12 21 12 47 57.820  0.00  11
   100086  40.492045 -124.337964    19.028       -4.8        9.0        8.3     24.9     20.0     25.3 2021 12 22  5 15 45.380  0.00  11
   100092  40.491939 -124.337939    19.018       -2.8       -2.7       -2.0     25.9     21.8     28.2 2021 12 23 12 18 27.560  0.00  11
   100099  40.491980 -124.337850    19.014        4.8        1.8       -6.2     25.2     20.8     25.8 2021 12 26 10 40 33.820  0.00  11
   100101  40.492114 -124.337948    19.037       -3.4       16.7       16.5     25.6     23.9     28.7 2021 12 28 20 37  0.280  0.00  11
   100106  40.492008 -124.338029    19.025      -10.3        5.0        4.8     27.6     21.6     24.8 2021 12 31 19 14 39.200  0.00  11
   100107  40.491972 -124.338013    19.023       -9.0        0.9        3.3     26.9     22.7     24.7 2021 12 31 19 57 44.880  0.00  11
   100108  40.492053 -124.337882    19.025        2.1        9.9        4.8     26.6     23.3     25.2 2021 12 31 15  4  0.320  0.00  11
   100110  40.491895 -124.337956    19.010       -4.1       -7.7       -9.8     25.8     22.2     28.0 2021 12 31 20 59 57.000  0.00  11
   100114  40.492078 -124.337834    19.024        6.2       12.7        4.0     28.7     25.3     24.5 2021 12 31 23 29 55.280  0.00  11
   100115  40.491968 -124.338013    19.019       -9.0        0.5       -0.8     28.8     27.8     36.2 2021 12 31 21  9 58.240  0.00  11
   100116  40.491968 -124.338005    19.019       -8.3        0.5       -0.9     28.7     27.4     36.0 2021 12 31 21 35 51.300  0.00  11
   100117  40.492183 -124.337882    19.037        2.1       24.4       16.8     32.4     30.2     25.3 2021 12 31 20 55  7.260  0.00  11
   100120  40.492025 -124.338005    19.023       -8.3        6.8        3.2     27.5     27.6     36.9 2021 12 31 21 53 53.900  0.00  11
   100121  40.491968 -124.338110    19.025      -17.2        0.5        5.3     31.9     28.0     28.1 2021 12 31 22 47 38.720  0.00  11
   100123  40.492159 -124.337866    19.036        3.4       21.7       16.1     31.1     28.6     26.4 2021 12 31 21 19 47.040  0.00  11
   100124  40.492163 -124.337777    19.034       11.0       22.1       14.0     35.2     32.8     30.3 2021 12 31 22 39 32.540  0.00  11
   100127  40.492000 -124.337939    19.019       -2.8        4.1       -1.2     24.8     20.7     26.4 2021 12 31 21 23 57.420  0.00  11
   100128  40.491960 -124.338070    19.020      -13.8       -0.5       -0.2     28.9     29.1     38.3 2021 12 31 23 19 30.920  0.00  11
   100129  40.491956 -124.338062    19.020      -13.1       -0.9       -0.3     28.9     29.3     38.2 2021 12 31 21 37 52.420  0.00  11
   100134  40.492151 -124.337695    19.029       17.9       20.8        8.7     35.9     30.9     28.1 2021 12 31 21 16 16.260  0.00  11
   100143  40.492179 -124.337842    19.035        5.5       23.9       15.1     32.3     29.6     25.1 2021 12 31 20 59 17.960  0.00  11
   100148  40.492037 -124.337817    19.022        7.6        8.1        2.0     22.9     19.6     27.9 2021 12 31 21  8 19.840  0.00  11
   100178  40.492440 -124.337842    19.050        5.5       52.9       30.3     52.7     51.6     55.0 2021 12 31 21  3 45.720  0.00  11
   100182  40.492118 -124.337809    19.029        8.3       17.2        9.1     30.7     28.7     25.6 2022  1  1 11  0 43.600  0.00  11
   100185  40.491842 -124.337931    19.005       -2.1      -13.6      -15.1     31.9     25.7     25.3 2022  1  1 18 22 21.660  0.00  11
   100190  40.492171 -124.337777    19.028       11.0       23.0        7.9     33.2     31.7     26.2 2022  1  1  0 10 48.480  0.00  11
   100192  40.491956 -124.337956    19.016       -4.1       -0.9       -4.4     25.2     21.5     30.6 2022  1  1  0 27 55.780  0.00  11
   100204  40.492029 -124.337671    19.014       20.0        7.2       -6.4     35.5     34.5     36.0 2022  1  1 16 47 26.520  0.00  11
   100206  40.492155 -124.337842    19.035        5.5       21.2       14.6     33.3     31.4     29.8 2022  1  1 16 43 47.340  0.00  11
   100207  40.492159 -124.337834    19.035        6.2       21.7       15.1     34.5     32.3     30.6 2022  1  1  8 28  6.960  0.00  11
   100217  40.492159 -124.337850    19.036        4.8       21.7       15.5     34.1     31.0     29.6 2022  1  1  6 41  0.200  0.00  11
   100224  40.492183 -124.337834    19.024        6.2       24.4        4.4     42.1     37.2     46.7 2022  1  1 15  9 42.160  0.00  11
   100253  40.492013 -124.338070    19.030      -13.8        5.4       10.0     27.8     21.9     24.4 2022  1  2  2 34 13.020  0.00  11
   100259  40.492204 -124.337777    19.030       11.0       26.7       10.3     34.2     32.9     27.0 2022  1  2  3  0 10.440  0.00  11
   100304  40.491931 -124.337891    19.015        1.4       -3.6       -5.2     27.7     22.5     28.6 2022  1  6 12  5 41.240  0.00  11
   100308  40.492118 -124.337777    19.028       11.0       17.2        8.5     30.3     27.5     25.7 2022  1  6 20 13 30.520  0.00  11
   100314  40.492122 -124.337614    19.014       24.8       17.6       -5.6     40.2     37.5     28.6 2022  1  6  8 13  8.760  0.00  11
   100328  40.491821 -124.337671    18.999       20.0      -15.8      -21.2     27.2     27.9     31.9 2022  1  7  1 20 21.340  0.00  11
   100337  40.492098 -124.337834    19.031        6.2       14.9       10.5     31.1     28.7     29.9 2022  1  9 19 50 37.000  0.00  11
   100342  40.489547 -124.336540    18.895      115.9     -268.4     -125.5     67.7     85.9    108.3 2022  1  9 22  8 42.720  0.00  11
   100344  40.492171 -124.337671    19.023       20.0       23.0        3.2     36.4     33.2     29.3 2022  1 10  3 24 18.400  0.00  11
   100347  40.492057 -124.338053    19.036      -12.4       10.4       15.6     26.9     20.6     24.9 2022  1 11 16 49 23.060  0.00  11
   100350  40.492147 -124.337777    19.028       11.0       20.3        8.3     31.1     29.0     25.1 2022  1 13  3 20 48.560  0.00  11
   100353  40.492053 -124.337760    19.019       12.4        9.9       -1.4     31.7     29.8     27.8 2022  1 14  7 11 12.220  0.00  11
   100357  40.491923 -124.338127    19.021      -18.6       -4.5        0.7     33.3     29.8     29.7 2022  1 15  8 56 29.000  0.00  11
   100367  40.491833 -124.337972    19.008       -5.5      -14.5      -12.3     31.7     29.6     24.2 2022  1 18  3 51 51.180  0.00  11
   100375  40.491951 -124.337956    19.020       -4.1       -1.4        0.2     28.7     21.1     27.7 2022  1 20  2 30 19.360  0.00  11
   100385  40.491882 -124.337907    19.009        0.0       -9.0      -10.5     29.0     23.2     27.8 2022  1 22  7 52  7.580  0.00  11
   100396  40.491956 -124.337850    19.017        4.8       -0.9       -3.1     26.0     24.3     32.4 2022  1 26  5 31  8.980  0.00  11
   100410  40.491882 -124.337964    19.011       -4.8       -9.0       -8.9     30.5     24.0     27.8 2022  1 28 14 42  3.420  0.00  11
   100411  40.492204 -124.337834    19.025        6.2       26.7        4.8     44.9     38.4     48.1 2022  1 28 15 13 34.140  0.00  11
   100413  40.491874 -124.337988    19.002       -6.9       -9.9      -17.7     31.5     29.4     44.9 2022  1 28 23 37 47.680  0.00  11
   100418  40.491890 -124.338045    19.019      -11.7       -8.1       -1.2     29.0     28.8     24.6 2022  1 30 14  9  6.460  0.00  11
   100424  40.491760 -124.338086    19.008      -15.2      -22.6      -11.8     44.8     36.1     28.2 2022  1 31  3 44  9.420  0.00  11
   100444  40.492029 -124.337744    19.016       13.8        7.2       -4.0     29.5     27.5     30.1 2022  2 12 11 58 56.260  0.00  11
   100446  40.491927 -124.338151    19.024      -20.7       -4.1        3.9     33.9     33.1     30.6 2022  2 13  7 26 59.800  0.00  11
   100462  40.492025 -124.337736    19.015       14.5        6.8       -5.0     29.8     28.5     30.6 2022  2 23  8 39 44.380  0.00  11
   100464  40.491972 -124.337915    19.021       -0.7        0.9        1.1     23.9     21.5     29.4 2022  2 24 10 51 31.540  0.00  11
   100470  40.491947 -124.338062    19.027      -13.1       -1.8        7.2     29.8     25.8     28.0 2022  3  1  0  4 49.940  0.00  11
   100477  40.492053 -124.337996    19.030       -7.6        9.9        9.8     25.7     19.5     24.4 2022  3 15 19 13 55.500  0.00  11
   100483  40.491939 -124.337931    19.012       -2.1       -2.7       -7.9     33.5     25.6     32.4 2022  3 23 22 33 50.700  0.00  11
   100492  40.492029 -124.337736    19.016       14.5        7.2       -4.0     30.3     28.0     30.5 2022  4  8 18 15 50.020  0.00  11
   100505  40.492029 -124.337850    19.024        4.8        7.2        3.6     28.5     26.2     33.6 2022  5 29  1 15 33.020  0.00  11
   100517  40.492277 -124.337646    19.031       22.1       34.8       10.6     45.0     40.8     38.5 2022  8 22 11 28 24.380  0.00  11
   100521  40.491943 -124.338013    19.022       -9.0       -2.3        2.1     28.5     24.7     25.7 2022 10  9  0 31 56.300  0.00  11
   110287  40.491980 -124.337915    19.019       -0.7        1.8       -1.2     24.7     21.5     24.1 2022 12 19 13 16 26.360  0.85  11
