   105071  40.303182 -124.599634    17.676      -77.5    -1333.3     -133.7     14.3     29.6     25.2 2020  1 29  8 12 18.900  0.00  13
   105074  40.316634 -124.599552    17.649      -70.6      160.4     -161.1      8.9     15.9     14.3 2020  2 26  9 21 18.840  0.00  13
   105075  40.313676 -124.601839    17.848     -264.9     -168.1       37.5      9.2     18.9     19.0 2020  2 27  1 15 34.260  0.00  13
   105078  40.314445 -124.597656    18.450       90.6      -82.7      641.0      7.8     20.3     23.7 2020  5  8 11 57 20.220  0.00  13
   105080  40.316097 -124.598999    17.829      -23.5      100.8       18.6      6.0      9.5      9.2 2020  5 26 11 17 44.720  0.00  13
   105081  40.315299 -124.598812    17.994       -7.6       12.2      184.1      6.7      8.9      8.0 2020  6  1 13  3 56.500  0.00  13
   105082  40.309684 -124.597135    17.589      134.9     -611.3     -220.6      7.0     15.6     16.3 2020  6  1 17 15 14.660  0.00  13
   105086  40.315922 -124.601050    17.916     -197.8       81.3      105.6     10.1     17.4     19.2 2020  7 18  0 25 23.860  0.00  13
   105088  40.315597 -124.599325    17.855      -51.2       45.2       45.4      6.9      9.5      9.4 2020  8  9  0  4 25.560  0.00  13
   105092  40.313969 -124.598828    18.026       -9.0     -135.5      216.5      6.6     16.8     16.8 2020 10 16 15 25 53.420  0.00  13
   105093  40.320581 -124.598079    18.565       54.6      598.7      755.1      5.4     14.0     18.9 2020 10 30  5 24 53.820  0.00  13
   105094  40.315442 -124.599308    17.882      -49.8       28.0       71.6      6.7     12.0     11.3 2020 12 12 14 36 59.760  0.00  13
   105097  40.315470 -124.598120    17.799       51.2       31.2      -11.3      9.9     19.4     19.1 2020 12 31 10 57 26.340  0.00  13
   105098  40.314376 -124.601245    17.911     -214.4      -90.4      101.2      8.1     16.5     14.9 2021  1  5  1  7 30.180  0.00  13
   105100  40.315788 -124.599805    17.853      -92.0       66.4       42.6      4.1      7.7      7.7 2021  1 21  1 51 43.340  0.00  13
   105101  40.315796 -124.599414    17.877      -58.8       67.3       67.1      6.3     11.5     11.6 2021  1 22  3 18 43.280  0.00  13
   105102  40.315592 -124.599715    17.867      -84.4       44.7       57.2      6.0     10.9     10.3 2021  1 29 17 49 54.300  0.00  13
   105105  40.315287 -124.599552    17.848      -70.6       10.8       38.5      5.0      8.8      8.4 2021  3 10 21 27  1.460  0.00  13
   105107  40.316048 -124.598071    17.962       55.3       95.3      152.5     10.9     20.1     21.2 2021  3 31  8 30 48.680  0.00  13
   105109  40.314718 -124.599268    17.807      -46.3      -52.4       -3.4      7.7      8.7      8.5 2021  4  2 12 52 12.100  0.00  13
   105111  40.315755 -124.599536    17.857      -69.2       62.8       47.0      6.3     12.7     12.8 2021  4  2 10 30 49.520  0.00  13
   105112  40.316016 -124.599316    17.911      -50.5       91.7      101.2      5.2      9.0      8.5 2021  4  2  9 31 22.380  0.00  13
   105115  40.307454 -124.596688    16.997      172.9     -858.9     -812.5      4.2      7.5      7.4 2021  4  5 20 34 12.380  0.00  13
   105116  40.313900 -124.594775    17.884      335.5     -143.2       73.8      7.6     19.8     18.1 2021  4  5 20 27 26.720  0.00  13
   105119  40.315828 -124.599601    17.862      -74.7       70.9       52.4      5.6     11.7     11.7 2021  4  8  4 25 20.800  0.00  13
   105120  40.314884 -124.599186    17.765      -39.4      -33.9      -45.0      6.1      8.5      8.4 2021  4 10  1  0 55.380  0.00  13
   105122  40.318823 -124.594027    17.443      399.1      403.5     -367.4      4.5     16.7     18.0 2021  4 19  5 59 54.500  0.00  13
   105123  40.314897 -124.599300    17.794      -49.1      -32.5      -16.1      7.1      8.4      8.0 2021  5 14 18 13 50.280  0.00  13
   105128  40.311544 -124.599666    17.769      -80.2     -404.8      -41.0     10.1     17.0     17.7 2021  6 30 20 36 48.360  0.00  13
   105129  40.314095 -124.599154    17.705      -36.7     -121.5     -105.3     10.3     15.8     15.9 2021  7  1 17 16 11.740  0.00  13
   105132  40.314836 -124.597388    17.789      113.4      -39.3      -21.2      7.1     14.6     14.8 2021  7 25  3 57 32.920  0.00  13
   105135  40.316874 -124.599259    17.908      -45.7      187.1       98.1      6.5     15.6     12.5 2021  7 25  8 29 37.560  0.00  13
   105139  40.314494 -124.599146    18.158      -36.0      -77.3      347.6      7.5      9.8     22.8 2021 10 11 11 30 59.120  0.00  13
   105140  40.318095 -124.599561    17.932      -71.2      322.6      121.9     11.8     20.9     21.0 2021 10 12 13 13 42.500  0.00  13
   105141  40.315275 -124.599137    17.830      -35.3        9.5       19.7      7.2      8.4      8.6 2021 10 28 16 43 57.220  0.00  13
   105143  40.318258 -124.600374    17.374     -140.4      340.7     -435.6     12.8     32.9     27.7 2021 11 29 13 22  6.720  0.00  13
   105146  40.315426 -124.598079    17.768       54.6       26.2      -42.3     11.2     12.1     11.6 2021 12 20 20 47 48.480  0.00  13
   105150  40.316593 -124.599976    17.849     -106.5      155.9       38.9      7.0     15.0     14.4 2021 12 20 20 12 39.500  0.00  13
   105152  40.314286 -124.599259    17.838      -45.7     -100.3       28.3      7.3     10.4      8.1 2021 12 21  3 12 38.340  0.00  13
   105153  40.314351 -124.599056    17.916      -28.4      -93.1      105.9      7.3     11.7      9.4 2021 12 21  5 15 42.340  0.00  13
   105154  40.313985 -124.599219    17.918      -42.2     -133.7      108.3      8.1      7.9      7.5 2021 12 21  7 16 24.500  0.00  13
   105159  40.314933 -124.596411    19.294      196.5      -28.5     1484.0      7.8     27.3     21.0 2021 12 21  4 35 57.500  0.00  13
   105161  40.315544 -124.598560    18.389       13.8       39.3      578.9      6.5     16.4     18.2 2021 12 21 13  1 26.020  0.00  13
   105162  40.315483 -124.599284    17.845      -47.7       32.5       35.1      4.1      8.7      8.1 2021 12 21  6 56 17.600  0.00  13
   105163  40.311104 -124.596281    18.919      207.5     -453.6     1109.3      6.8     18.0     27.4 2021 12 21  9  3 55.100  0.00  13
   105166  40.321847 -124.597021    18.579      144.6      739.2      769.0      6.4     12.8     19.1 2021 12 21  3 48  2.300  0.00  13
   105168  40.324491 -124.597550    20.131       99.6     1032.9     2320.5      8.9     18.4     13.9 2021 12 21  1 10 38.460  0.00  13
   105171  40.315422 -124.599170    17.684      -38.0       25.8     -125.8      5.8      8.2     10.0 2021 12 22  6  5  7.120  0.00  13
   105175  40.317065 -124.595540    17.686      270.5      208.3     -124.1      6.0     10.9     10.5 2021 12 22 18 18 17.240  0.00  13
   105177  40.312984 -124.599211    17.692      -41.5     -244.9     -117.6     10.4     16.6     16.6 2021 12 23  1  8 40.000  0.00  13
   105178  40.316081 -124.599438    17.870      -60.9       98.9       60.0      8.1     10.1     10.6 2021 12 23 19 27  9.040  0.00  13
   105179  40.316484 -124.599772    17.896      -89.2      143.7       86.4      9.0     10.1     10.5 2021 12 23 19  4 46.800  0.00  13
   105180  40.314860 -124.599797    17.845      -91.3      -36.6       34.5      7.2     12.1     11.4 2021 12 23 15 40 53.880  0.00  13
   105183  40.318701 -124.593937    17.466      406.7      389.9     -344.2      4.7     18.1     19.7 2021 12 23  3 31 30.920  0.00  13
   105185  40.314425 -124.599292    17.857      -48.4      -84.9       47.3      4.8     10.4      8.8 2021 12 24 14 22 29.520  0.00  13
   105188  40.314018 -124.599097    17.553      -31.8     -130.1     -257.3      5.6      8.4      9.3 2021 12 24  2 49 14.440  0.00  13
   105190  40.315503 -124.593555    17.603      439.2       34.8     -206.6      7.0     13.6     13.7 2021 12 26  7 28 10.580  0.00  13
   105192  40.312594 -124.594653    19.375      345.9     -288.3     1564.8      4.7     26.1     21.8 2021 12 27  2 21 46.320  0.00  13
   105196  40.314303 -124.599235    17.443      -43.6      -98.5     -366.7      8.2     15.3     18.4 2021 12 30 13 35 31.280  0.00  13
   105199  40.302820 -124.598315    17.890       34.6    -1373.6       80.1      3.6     24.6     22.5 2021 12 31 14 50 18.080  0.00  13
   105201  40.314449 -124.597038    18.597      143.2      -82.2      787.0      4.9     11.3     16.7 2022  1  1 10 17 59.220  0.00  13
   105205  40.311678 -124.598617    17.830        9.0     -389.9       19.8     10.0     24.7     22.0 2022  1 10 15 39 12.420  0.00  13
   105206  40.316573 -124.601953    17.743     -274.6      153.6      -66.7      9.4     15.3     16.4 2022  1 14  4 41 49.780  0.00  13
   105207  40.317419 -124.600130    17.900     -119.7      247.6       89.8     10.0     27.2     19.4 2022  1 15  7 19 33.280  0.00  13
   105209  40.315161 -124.599487    17.910      -65.0       -3.2      100.2      6.4     11.9     10.0 2022  1 23  8 23 12.840  0.00  13
   105213  40.313879 -124.599650    17.636      -78.9     -145.5     -174.4      5.2      7.3      7.0 2022  2 21 19 46 57.280  0.00  13
   105216  40.314229 -124.599455    17.787      -62.3     -106.6      -23.1      4.3      8.9      6.6 2022  4 21  9  0 55.420  0.00  13
   105219  40.307633 -124.600090    17.531     -116.2     -839.0     -278.8     12.5     39.3     26.6 2022  6  3 20 46  6.960  0.00  13
   105220  40.323714 -124.599349    17.818      -53.3      946.6        7.8     12.3     31.6     25.3 2022  6 29 23 58 10.920  0.00  13
   105223  40.305363 -124.600350    17.672     -138.4    -1091.2     -138.3     15.3     28.3     29.3 2022  9 23  3  2 49.440  0.00  13
   110360  40.315092 -124.599007    17.745      -24.2      -10.8      -65.4      4.2      7.9      7.5 2022 12 31  1  9 23.440  1.24  13
