   101025  40.471574 -124.704785    26.132      -58.0     -226.4      411.8      5.2     12.2     15.8 2020  1  9  2 10 32.160  0.00  16
   101029  40.472620 -124.704826    26.199      -61.4     -110.2      479.4      7.0     10.2     19.1 2020  1 30 12  6 18.720  0.00  16
   101032  40.471440 -124.704858    26.030      -64.2     -241.3      310.4      5.3     13.9     21.0 2020  2 19  1  9 23.420  0.00  16
   101040  40.469979 -124.704557    25.274      -38.6     -403.5     -446.3      8.8     10.5     35.6 2020  3 19 10 33 49.980  0.00  16
   101042  40.470072 -124.704875    25.634      -65.6     -393.1      -86.0      8.8     14.4     32.6 2020  4  2  6 24  8.960  0.00  16
   101043  40.471106 -124.704614    26.067      -43.5     -278.3      346.6      7.0      7.7     26.0 2020  4  2 10  0 17.140  0.00  16
   101047  40.470610 -124.704435    23.882      -28.3     -333.5    -1838.4     10.0     16.8     12.1 2020  4 13  9 56 35.420  0.00  16
   101054  40.471163 -124.704980    26.212      -74.5     -272.0      491.7      7.0      9.8     25.2 2020  6 21 11 58 10.560  0.00  16
   101061  40.479850 -124.702865    25.424      104.9      692.7     -296.4      6.6     14.1     24.7 2020  8 16  0 16 42.400  0.00  16
   101065  40.480278 -124.702840    25.552      107.0      740.1     -167.8     16.5     33.4     59.0 2020  9  7 15 31 22.240  0.00  16
   101072  40.472396 -124.704801    26.259      -59.4     -135.1      538.6      5.7     10.1     21.6 2020 10  6  9 36 10.120  0.00  16
   101073  40.477384 -124.699406    23.161      398.2      418.9    -2559.3     11.6     16.9     15.2 2020 10  8 18 44  2.720  0.00  16
   101079  40.473779 -124.704362    25.302      -22.1       18.5     -418.4     10.5     12.2     34.8 2020 10 29  3 49 47.440  0.00  16
   101083  40.480322 -124.700952    23.851      267.1      745.1    -1868.6     15.3     20.1     19.4 2020 11 30  8  6 26.060  0.00  16
   101089  40.477905 -124.703459    25.742       54.5      476.7       22.4     11.3     13.1     29.6 2021  1 16 10  6 18.420  0.00  16
   101107  40.472827 -124.704541    26.031      -37.3      -87.2      310.7      6.6     12.8     19.3 2021  4 17 21 25 11.280  0.00  16
   101111  40.471708 -124.704639    26.321      -45.5     -211.5      601.4      7.2     11.6     23.6 2021  4 28  8  7  0.040  0.00  16
   101135  40.475350 -124.703735    25.858       31.1      192.9      138.2      7.5     12.2     21.7 2021  6 30  8 56 58.780  0.00  16
   101136  40.480595 -124.702246    25.920      157.3      775.4      199.9      8.4      9.8     25.1 2021  6 30  8 56 43.620  0.00  16
   101140  40.471960 -124.704818    26.051      -60.7     -183.4      331.1      5.8     10.4     16.7 2021  7  4 12 13 12.060  0.00  16
   101144  40.480729 -124.701799    24.354      195.3      790.3    -1366.0     14.7     23.7    111.2 2021  7 13 21 30  4.080  0.00  16
   101147  40.476453 -124.703337    25.871       64.9      315.4      151.4      8.1     12.3     27.5 2021  7 17  8 12 38.380  0.00  16
   101150  40.471012 -124.705062    26.436      -81.4     -288.7      715.8      8.3     12.6     25.9 2021  7 29  9  7  0.860  0.00  16
   101152  40.471305 -124.704810    26.078      -60.0     -256.2      358.0      7.1     12.1     26.1 2021  7 30 15 20 25.540  0.00  16
   101160  40.476115 -124.703516    25.823       49.7      277.9      103.2      8.0     13.4     24.1 2021  8 22 12 36 17.700  0.00  16
   101166  40.474528 -124.703963    25.770       11.7      101.7       50.5      6.9     12.9     18.1 2021  8 29 11 49 24.320  0.00  16
   101170  40.471305 -124.704671    26.091      -48.3     -256.2      370.8      4.9     12.6     16.5 2021  9  7 12  8 27.780  0.00  16
   101171  40.471761 -124.704655    25.894      -46.9     -205.6      173.8      5.6     13.0     16.6 2021  9  7 12  6 36.340  0.00  16
   101173  40.481946 -124.699870    23.848      358.8      925.4    -1871.7     13.7     21.2     17.5 2021  9 12  8 46  7.140  0.00  16
   101179  40.472213 -124.704541    26.233      -37.3     -155.4      513.4      5.5     12.3     31.0 2021  9 19  4 12 22.100  0.00  16
   101181  40.473002 -124.704769    26.089      -56.6      -67.8      369.4      8.0      8.9     17.7 2021  9 21 10 15 40.980  0.00  16
   101183  40.476815 -124.703564    25.940       45.5      355.6      220.2      9.7     16.7     29.8 2021  9 25 21 15 37.720  0.00  16
   101190  40.471330 -124.704785    26.014      -58.0     -253.5      294.0      5.4     11.9     18.2 2021 10  4  3 56 50.020  0.00  16
   101191  40.471379 -124.704810    25.979      -60.0     -248.1      259.4      6.0     11.9     15.5 2021 10  4  4 17 38.960  0.00  16
   101196  40.470439 -124.704932    26.008      -70.4     -352.4      288.2      7.3     14.6     24.4 2021 10 17 20 21 35.000  0.00  16
   101210  40.471549 -124.704744    25.926      -54.5     -229.1      206.2      6.7     15.4     17.3 2021 11  9 16 33 24.060  0.00  16
   101217  40.478475 -124.703206    25.841       75.9      539.9      121.5      8.1     16.9     23.3 2021 11 22  2 33 37.140  0.00  16
   101218  40.475456 -124.703621    25.570       40.7      204.7     -149.8      7.2     13.5     20.8 2021 11 27 16 59  2.420  0.00  16
   101224  40.480648 -124.701774    24.473      197.4      781.2    -1247.4     15.1     24.2     99.7 2022  1  6 20 34 23.120  0.00  16
   101225  40.478784 -124.703019    25.561       91.8      574.3     -158.7     13.3     20.4     40.6 2022  1  6 13  0 38.860  0.00  16
   101229  40.477405 -124.703190    25.652       77.3      421.1      -68.1     13.1     20.9     41.8 2022  1 18  9 17 28.400  0.00  16
   101230  40.478719 -124.702922    25.698      100.1      567.1      -22.2     10.7     26.5     27.7 2022  1 19  9 33 28.680  0.00  16
   101234  40.477787 -124.703117    25.458       83.5      463.6     -262.0     11.5     18.7     36.7 2022  1 23  8 46  6.580  0.00  16
   101238  40.471204 -124.704826    25.958      -61.4     -267.5      238.2      5.6     12.1     16.2 2022  2  7 21 40 32.580  0.00  16
   101243  40.473503 -124.704191    25.703       -7.6      -12.2      -17.0      6.7      9.8     19.9 2022  2 12 23 29 19.340  0.00  16
   101256  40.474475 -124.703760    25.646       29.0       95.8      -73.9     10.9     12.8     29.1 2022  3  3  4 20 48.040  0.00  16
   101257  40.480245 -124.702490    25.873      136.6      736.5      153.3      7.3      9.1     21.8 2022  3  4  5 28 44.660  0.00  16
   101282  40.479895 -124.702653    25.736      122.8      697.6       15.8      6.7      8.5     22.0 2022  5 15 23 29  2.560  0.00  16
   101302  40.474552 -124.703898    25.535       17.3      104.4     -184.5     10.6     12.4     21.1 2022  7  4 22 56 22.600  0.00  16
   101304  40.470007 -124.705314    26.089     -102.8     -400.3      368.7      9.8     14.6     16.5 2022  7  8 17  2 27.980  0.00  16
   101314  40.471073 -124.704891    25.981      -66.9     -281.9      260.9      5.8     13.1     17.3 2022  8  1  0 11 32.320  0.00  16
   101320  40.471712 -124.704801    26.391      -59.4     -211.0      670.8      6.8      9.9     22.5 2022  8 11  5 13 26.080  0.00  16
   101323  40.467985 -124.707153    26.988     -258.8     -624.9     1268.3      8.8     10.7     30.1 2022  8 17  5 39  0.840  0.00  16
   101326  40.472782 -124.704810    26.000      -60.0      -92.2      279.9      8.8      8.2     17.2 2022  8 26 22 29 24.400  0.00  16
   101327  40.473226 -124.704419    25.970      -26.9      -42.9      250.2      7.0     11.6     19.9 2022  8 26 17 35 25.260  0.00  16
   101335  40.480684 -124.702572    25.709      129.7      785.3      -11.3      8.8     21.3     28.7 2022  9 23 13  1 57.720  0.00  16
   101336  40.473275 -124.704508    26.006      -34.5      -37.5      286.0      5.6      9.6     15.5 2022  9 23 16 53 35.540  0.00  16
   101346  40.472164 -124.704915    26.150      -69.0     -160.9      430.3      6.3     10.2     16.9 2022 10  9 21 44 27.480  0.00  16
   101361  40.472990 -124.705314    26.458     -102.8      -69.1      737.8      8.2     10.4     17.2 2022 11 16  7 56 54.320  0.00  16
   101366  40.473360 -124.704443    25.787      -29.0      -28.0       66.7      7.6     13.5     19.5 2022 11 30 11 22 20.400  0.00  16
   110293  40.471484 -124.704606    25.842      -42.8     -236.3      122.0      5.1      7.7     16.5 2023  3 19 12 29 14.650  1.61  16
