   104481  40.456169 -124.593042    14.816     1614.1     1942.0    -1278.8   2239.2   2645.3   5066.8 2020  3 18 23  8 26.040  0.00  33
   104487  40.456287 -124.593302    14.849     1592.0     1955.1    -1246.3   2290.8   2940.5   4930.0 2020 10  8  1 55 57.720  0.00  33
   104490  40.456295 -124.592936    14.889     1623.1     1956.0    -1206.1   3044.7   3811.7   9850.5 2021  5  6 21 17  8.520  0.00  33
   104492  40.456458 -124.593644    14.901     1563.0     1974.1    -1193.8   1949.2   3313.8   4254.5 2021  5 22 23 14 19.040  0.00  33
   104497  40.456177 -124.593229    14.846     1598.2     1942.9    -1249.1   2818.3   3448.9   4081.5 2021  9 11  3  0 21.140  0.00  33
   104498  40.455981 -124.593099    14.974     1609.3     1921.2    -1120.9   2175.2   3214.1   3842.0 2021  9 11  3  1  4.800  0.00  33
   104499  40.456181 -124.592993    14.852     1618.3     1943.3    -1243.2   2401.4   2865.4   6038.3 2021 11 16  9  0 22.520  0.00  33
   104500  40.456812 -124.593823    15.002     1547.8     2013.4    -1092.8   2308.8   3517.3   4545.0 2021 12 10 12 25 58.640  0.00  33
   104501  40.456217 -124.593221    14.828     1598.9     1947.4    -1267.2   2350.8   2911.1   6151.5 2021 12 10 12 35 52.640  0.00  33
   104502  40.456441 -124.593498    14.986     1575.4     1972.3    -1108.4   2240.6   3518.5   3984.1 2021 12 20 12 11 43.960  0.00  33
   104507  40.455981 -124.593058    14.987     1612.7     1921.2    -1107.4   2194.9   3258.0   3846.6 2022 11 12 18 19 26.940  0.00  33
   104508  40.456970 -124.593921    15.065     1539.5     2031.0    -1030.0   2128.3   3583.6   4634.5 2022 11 13 22 28 58.880  0.00  33
   108030  40.433085 -124.581519    19.505     2592.1     -621.3     3409.8   3837.3   6119.3   8252.3 2020  3 20  4 57 46.360  0.00  33
   108034  40.433508 -124.581567    20.455     2588.0     -574.3     4360.1   3609.7   6155.6  11049.7 2020  4 18  6  9 25.600  0.00  33
   108040  40.433101 -124.581616    19.562     2583.8     -619.5     3467.0   4689.2   6838.0   9979.5 2022  5 14  3 53 43.320  0.00  33
   108050  40.433073 -124.581535    19.506     2590.8     -622.6     3411.4   3841.0   6126.1   8261.0 2022  9 25  5 36 43.760  0.00  33
   109018  40.421118 -124.623372    15.863     -959.2    -1950.1     -232.2   2495.5   2412.4   3635.1 2020  9 11 21 15 56.120  0.00  33
   109019  40.420292 -124.622689    15.858     -901.2    -2041.8     -236.7   2990.7   6737.7   5960.5 2020  9 11 21 24 14.140  0.00  33
   109020  40.420337 -124.622770    15.908     -908.1    -2036.9     -187.0   3723.4   6414.2   5757.7 2021  7 18  4  2  8.360  0.00  33
   109021  40.423714 -124.624072    15.939    -1018.6    -1661.9     -155.4   2313.6   3844.5   3966.7 2022  1  6 16 11 51.780  0.00  33
   109022  40.423201 -124.623910    15.970    -1004.7    -1718.8     -124.5   2117.1   4012.4   3453.8 2022  1  7  3 48 25.000  0.00  33
   109023  40.422241 -124.624032    15.808    -1015.1    -1825.4     -286.6   3656.3   3798.8   4650.2 2022  7 28 23 32 44.180  0.00  33
   109024  40.421802 -124.623283    15.980     -951.6    -1874.2     -115.0   2162.6   3377.0   2372.4 2022  9  3  4 53  8.380  0.00  33
   109025  40.420789 -124.622917    15.981     -920.5    -1986.7     -113.9   5170.7   8119.6   8458.8 2022  9 26 20 40 26.760  0.00  33
   109026  40.422131 -124.622567    15.834     -890.8    -1837.6     -260.5   2640.1   4514.9   4391.1 2022 11  8 12 31 51.720  0.00  33
   109720  40.432511 -124.663525    11.354    -4366.0     -685.0    -4740.7   3415.6   5248.0  15019.4 2021  7 23  3 43  1.120  0.00  33
   109721  40.429533 -124.662793    16.115    -4304.0    -1015.7       19.9   3267.3   5359.1  10711.6 2021  8 25 13 34 37.400  0.00  33
   109722  40.429761 -124.662191    15.768    -4252.9     -990.4     -327.1   3001.5   5720.3   7729.1 2022  5 16 16 24 49.400  0.00  33
   109723  40.431352 -124.663241    15.908    -4341.9     -813.8     -186.6   3457.7   5739.3  12725.5 2022  5 16 16 26 37.480  0.00  33
   109724  40.431624 -124.663289     9.888    -4346.0     -783.5    -6206.8   3050.4   5062.9  17626.2 2022  8  4 14 31 46.620  0.00  33
   110340  40.457190 -124.594059    14.848     1527.8     2055.4    -1246.7   2205.5   3457.2   4701.4 2023  5 28 21 51 34.820  1.43  33
   110473  40.433521 -124.581348    20.003     2606.6     -572.9     3908.1   3421.5   5205.4   8346.5 2022 12 29 18 28  9.820  1.32  33
   110585  40.423079 -124.624105    15.914    -1021.3    -1732.3     -180.9   2334.5   4239.2   3757.0 2023  1 23  1 44 26.910  2.18  33
   110680  40.429700 -124.661418    16.760    -4187.3     -997.2      665.0   3261.0   5648.6   5884.5 2022 12 20 19 17  5.280  2.32  33
   110800  40.437476 -124.581502    17.797     2593.4     -133.7     1701.8   3405.4   6449.8   7890.1 2023  4  2 19 37 29.680  0.86  33
