   106632  40.271326 -124.547355     3.793      -14.5     -329.8      -57.4      1.8      7.6      3.7 2020  2 22  5 52 18.180  0.00  38
   106633  40.274084 -124.547184     3.828        0.0      -23.5      -22.1      1.7      2.4      3.5 2020  3  1 20 25 24.240  0.00  38
   106634  40.275326 -124.546159     4.066       87.2      114.3      216.2      5.8     19.5      9.9 2020  5  3 13 38 18.400  0.00  38
   106635  40.275090 -124.547030     3.834       13.2       88.1      -15.5      2.2     10.0      3.5 2020  5  4 19  6 10.540  0.00  38
   106636  40.274524 -124.547184     3.795        0.0       25.3      -54.7      1.7      3.0      3.7 2020  5  4  9 42 44.380  0.00  38
   106637  40.274670 -124.547225     3.796       -3.5       41.6      -53.9      2.5      3.0      2.9 2020  5  4  8 13 22.220  0.00  38
   106638  40.274007 -124.547030     3.781       13.2      -32.1      -69.1      1.7      2.7      2.7 2020  5  4 15 33  2.520  0.00  38
   106640  40.274837 -124.547257     3.787       -6.2       60.1      -62.7      2.2      5.5      3.9 2020  5  4  8 38 58.940  0.00  38
   106642  40.274862 -124.547225     3.799       -3.5       62.8      -51.5      2.7      3.2      3.2 2020  5  4  8 24 12.120  0.00  38
   106643  40.274792 -124.547209     3.776       -2.1       55.1      -73.9      2.5      5.1      4.1 2020  5  4  8 47  1.720  0.00  38
   106644  40.275041 -124.547119     3.803        5.5       82.7      -47.0      2.9      9.2      4.8 2020  5  5  2 52 18.880  0.00  38
   106647  40.281783 -124.546908     3.816       23.5      831.4      -34.0      3.0     18.1      4.2 2020  5  5  1 48 19.700  0.00  38
   106648  40.274748 -124.547160     3.783        2.1       50.2      -67.2      2.4      6.1      4.0 2020  5  5  9 53 47.400  0.00  38
   106651  40.273669 -124.547298     3.819       -9.7      -69.6      -30.8      1.7      3.1      3.2 2021  1  5 21 56  2.340  0.00  38
   106653  40.273844 -124.547209     3.848       -2.1      -50.2       -2.3      1.8      2.5      2.9 2021  7 10  7 24 38.580  0.00  38
   106654  40.274141 -124.547282     3.830       -8.3      -17.2      -20.3      1.8      2.5      3.0 2021  7 10 11 51 45.900  0.00  38
   106655  40.273669 -124.547266     3.833       -6.9      -69.6      -17.2      1.6      3.2      2.8 2021  7 10 19  3 50.340  0.00  38
   106656  40.275342 -124.547339     3.833      -13.2      116.1      -17.2      1.8      8.3      3.3 2021  7 11 22 33 51.940  0.00  38
   106657  40.273690 -124.548071     3.706      -75.4      -67.3     -144.2      6.2      7.5      7.5 2021  7 15 19  8 47.300  0.00  38
   106658  40.273494 -124.547078     3.824        9.0      -89.0      -26.2      2.5      4.3      4.0 2021  7 15 13  0 48.340  0.00  38
   106659  40.278979 -124.547762     3.666      -49.1      520.0     -184.1      3.2      9.8      4.4 2021  8 25 19 10 39.080  0.00  38
   106660  40.274190 -124.547257     3.859       -6.2      -11.7        9.1      2.4      2.8      3.5 2021 11  5  3 58 28.600  0.00  38
   106661  40.273507 -124.547298     3.845       -9.7      -87.7       -4.6      2.3      3.1      3.2 2021 11  5  3 59 39.640  0.00  38
   106662  40.273914 -124.547249     3.851       -5.5      -42.5        1.3      1.7      2.8      3.1 2021 11  5  5 28  9.100  0.00  38
   106663  40.274345 -124.547355     3.824      -14.5        5.4      -26.2      1.7      3.4      3.6 2021 11  7  2 53 22.060  0.00  38
   106664  40.276001 -124.547396     3.807      -18.0      189.3      -42.9      3.3      5.8      3.3 2022  1 13  2 40 39.500  0.00  38
   106665  40.273905 -124.547176     3.842        0.7      -43.4       -7.8      2.0      4.3      2.9 2022  1 15 23 23  0.380  0.00  38
   106666  40.273954 -124.547274     3.835       -7.6      -38.0      -15.1      1.7      3.8      2.9 2022  5  3  9 12 19.780  0.00  38
   106669  40.274101 -124.547298     3.838       -9.7      -21.7      -12.4      1.8      3.3      3.2 2022  5  4 12 40 45.580  0.00  38
   106672  40.273576 -124.547290     3.823       -9.0      -80.0      -26.9      1.6      3.8      2.7 2022  5  5 14 31 49.800  0.00  38
   106673  40.274202 -124.547282     3.838       -8.3      -10.4      -11.9      1.8      3.5      3.2 2022  5 10 12  8 48.400  0.00  38
   106674  40.272343 -124.546875     3.781       26.3     -216.9      -69.3      3.0      6.7      4.2 2022  7 11  7 17 29.200  0.00  38
   106675  40.270325 -124.546037     3.640       97.6     -441.0     -210.3      3.0      8.7      5.6 2022  8 17  6 48 39.560  0.00  38
   110411  40.273808 -124.547388     3.860      -17.3      -54.2        9.9      1.3      2.9      2.2 2022 12 21 19 45 27.080  1.81  38
