   108189  40.446647 -124.513062    19.581        5.5       -5.9       -9.1      2.1      3.5      3.7 2020  3 27 13 34 19.020  0.00  39
   108190  40.446655 -124.513062    19.581        5.5       -5.0       -8.7      2.1      2.8      3.5 2020  3 28 10 12 16.960  0.00  39
   108191  40.446631 -124.513053    19.572        6.2       -7.7      -18.1      2.5      3.9      4.9 2020  4 10  1 35 50.980  0.00  39
   108192  40.446708 -124.513102    19.591        2.1        0.9        1.2      1.4      1.9      2.4 2020  6 23  3 29 24.020  0.00  39
   108194  40.446700 -124.513086    19.588        3.5        0.0       -2.2      1.3      2.1      2.4 2020  7 11 16 58 31.400  0.00  39
   108197  40.446704 -124.513102    19.591        2.1        0.5        0.8      2.0      2.4      3.7 2020  9 14 16 46 33.180  0.00  39
   108200  40.446704 -124.513102    19.591        2.1        0.5        0.8      1.3      1.9      2.5 2020 10 26  4 23 33.540  0.00  39
   108202  40.446712 -124.513102    19.592        2.1        1.4        1.8      1.4      2.3      2.8 2020 12 16 23 23  1.620  0.00  39
   108203  40.446700 -124.513094    19.590        2.8        0.0       -0.4      1.3      2.4      2.6 2020 12 17 22 23 47.820  0.00  39
   108205  40.446704 -124.513102    19.591        2.1        0.5        0.6      1.5      1.7      2.3 2020 12 22 19 31 24.840  0.00  39
   108206  40.446667 -124.513078    19.582        4.1       -3.6       -8.3      1.7      3.5      3.6 2020 12 29 12 34  8.260  0.00  39
   108207  40.446712 -124.513102    19.591        2.1        1.4        0.8      1.2      2.9      2.8 2020 12 29 12 51  3.280  0.00  39
   108208  40.446663 -124.513086    19.583        3.5       -4.1       -7.3      1.5      2.9      3.4 2020 12 29 12 51 15.880  0.00  39
   108209  40.446700 -124.513094    19.589        2.8        0.0       -0.6      1.2      2.1      2.4 2020 12 31 14 30  9.560  0.00  39
   108210  40.446724 -124.513094    19.591        2.8        2.7        0.7      1.8      4.3      3.0 2021  1  1 17 23 28.080  0.00  39
   108211  40.446724 -124.513102    19.593        2.1        2.7        3.2      1.7      2.8      3.1 2021  1  2  0 53 59.600  0.00  39
   108212  40.446688 -124.513086    19.585        3.5       -1.4       -5.1      1.6      3.6      3.1 2021  1  3 13 46 28.400  0.00  39
   108215  40.446700 -124.513094    19.590        2.8        0.0       -0.4      1.2      2.5      2.7 2021  1 29 12 17 19.180  0.00  39
   108219  40.446684 -124.513086    19.585        3.5       -1.8       -4.8      1.3      2.8      3.1 2021  3 17  5  8 35.880  0.00  39
   108220  40.446712 -124.513110    19.592        1.4        1.4        2.3      1.5      2.0      2.7 2021  4  6 16  5 23.180  0.00  39
   108221  40.446708 -124.513102    19.591        2.1        0.9        1.1      1.4      2.1      2.7 2021  4  7 21 22 43.000  0.00  39
   108223  40.446696 -124.513094    19.589        2.8       -0.5       -0.7      1.2      1.7      2.1 2021  4 12  8 34 11.060  0.00  39
   108226  40.446692 -124.513094    19.589        2.8       -0.9       -1.3      1.2      1.6      2.3 2021  4 27 23 51 32.640  0.00  39
   108229  40.446704 -124.513094    19.590        2.8        0.5        0.3      1.5      2.4      2.5 2021  6 17  6 25 14.280  0.00  39
   108231  40.446712 -124.513102    19.592        2.1        1.4        1.8      1.7      2.1      2.7 2021  9 26 19 36 49.140  0.00  39
   108232  40.446708 -124.513094    19.591        2.8        0.9        0.9      1.4      2.1      2.4 2021 10 18 20 27 11.000  0.00  39
   108233  40.446501 -124.513078    19.559        4.1      -22.1      -31.3      3.9      6.7      9.0 2021 12 22 21 36 58.160  0.00  39
   108234  40.446696 -124.513094    19.589        2.8       -0.5       -0.8      1.3      1.6      2.1 2022  1 19 11 39 48.020  0.00  39
   108235  40.446692 -124.513094    19.589        2.8       -0.9       -0.9      1.3      1.6      2.1 2022  3 20 20 28  9.780  0.00  39
   108236  40.446708 -124.513094    19.591        2.8        0.9        1.3      1.6      2.1      2.3 2022  3 23 10  7 40.400  0.00  39
   108238  40.446692 -124.513094    19.587        2.8       -0.9       -2.7      1.2      1.5      2.2 2022  9  3 19 35 51.900  0.00  39
   110485  40.446708 -124.513110    19.592        1.4        0.9        1.7      1.2      1.6      2.1 2023  4  8 11 17 36.020  1.06  39
