   107300  40.713098 -124.395500    24.461       -0.7        0.0        1.3     14.4     21.1     52.7 2020 10 29 13 32  8.460  0.00  59
   107302  40.713139 -124.395516    24.455       -2.1        4.5       -5.4     16.2     20.3     35.9 2021  2  5 18 58 22.480  0.00  59
   107304  40.713159 -124.395435    24.364        4.8        6.8      -96.2     22.0     23.3     91.3 2021  2 10 18 39  4.720  0.00  59
   107305  40.713167 -124.395475    24.409        1.4        7.7      -50.8     15.4     29.6     67.2 2021  3 27 19 44 22.840  0.00  59
   107309  40.713131 -124.395483    24.445        0.7        3.6      -14.7     14.4     15.2     53.1 2021  7  1  7 49  4.920  0.00  59
   107310  40.713123 -124.395459    24.404        2.8        2.7      -56.1     18.8     15.8     71.7 2021  7 28 13 54 34.920  0.00  59
   107312  40.713114 -124.395492    24.439        0.0        1.8      -21.1     12.0     17.0     50.4 2021  9  4  2 51 43.760  0.00  59
   107313  40.713127 -124.395516    24.474       -2.1        3.2       13.8     13.3     16.0     49.3 2021  9  4  3 54 10.000  0.00  59
   107314  40.713143 -124.395443    24.379        4.1        5.0      -81.2     19.8     21.5     80.3 2021  9  7  3 43 11.160  0.00  59
   107316  40.713098 -124.395475    24.423        1.4        0.0      -37.0     22.9     15.4     80.0 2021 11 11  4 40 22.120  0.00  59
   107319  40.713094 -124.395524    24.490       -2.8       -0.5       29.6     13.9     23.6     50.6 2021 11 25 19  7 42.260  0.00  59
   107321  40.713151 -124.395508    24.454       -1.4        5.9       -6.0     15.4     19.4     35.0 2022  1  7  1 27 28.780  0.00  59
   107322  40.713143 -124.395459    24.402        2.8        5.0      -57.7     23.1     19.9     85.4 2022  3 25 15 49 48.380  0.00  59
   107323  40.713090 -124.395532    24.491       -3.4       -0.9       31.2     15.4     21.9     53.2 2022  5  3  0 18 12.600  0.00  59
   107326  40.713143 -124.395516    24.477       -2.1        5.0       17.5     17.6     20.2     59.1 2022  6 28  9 36 18.380  0.00  59
   107332  40.713155 -124.395500    24.439       -0.7        6.3      -20.8     17.4     28.8     87.0 2022 11 14 17 38 58.600  0.00  59
   110430  40.713074 -124.395508    24.470       -1.4       -2.7        9.6     14.2     15.4     37.2 2023  4 18  9 17 19.780  1.42  59
