   106108  40.495785 -123.975456    20.743       37.3     -753.2     -148.3     46.4     40.1     35.4 2020  8  9  5 42 39.180  0.00  60
   106111  40.496126 -123.975244    20.771       55.2     -715.3     -120.2     45.3     41.3     35.1 2020 11 30  1 29 11.000  0.00  60
   106114  40.495553 -123.975920    20.738       -2.1     -779.0     -153.3     44.1     42.3     50.5 2021  7 10  6 45  4.760  0.00  60
   106118  40.496493 -123.975586    20.773       26.2     -674.6     -118.1     51.0     44.7     48.9 2022  4 18 15 56 36.880  0.00  60
   106120  40.495821 -123.976278    20.729      -32.4     -749.2     -162.0     45.3     53.7     34.6 2022  9  7 20 48 18.260  0.00  60
   106122  40.493778 -123.978963    20.648     -260.1     -976.0     -242.9     65.8     67.3     64.4 2022 11 18  1 46 11.180  0.00  60
   108843  40.507149 -123.976278    20.961      -32.4      508.8       69.8     38.3     31.5     39.9 2020  6 30 18 24 45.540  0.00  60
   108845  40.507959 -123.975049    21.089       71.7      598.7      197.3     38.6     36.9     38.5 2021  6 25 11 47  3.720  0.00  60
   108846  40.507658 -123.975439    21.050       38.6      565.3      158.8     33.0     41.5     39.6 2021  6 29 14 49 28.900  0.00  60
   108847  40.507792 -123.975260    21.046       53.8      580.2      155.3     30.0     36.3     44.7 2021  7 12  8  6 52.460  0.00  60
   108848  40.507837 -123.975260    21.056       53.8      585.1      165.2     32.8     34.3     43.2 2021  7 31 15 40 27.060  0.00  60
   108850  40.508594 -123.974365    21.218      129.7      669.2      326.9     64.1     46.0     55.3 2022  1  7 22 34 42.920  0.00  60
   108851  40.507402 -123.976562    21.115      -56.6      536.8      223.7     59.3     28.9     75.5 2022  1 21 15 52 59.180  0.00  60
   108854  40.505237 -123.981291    20.932     -457.3      296.4       40.4    136.3     84.0     86.9 2022  7 26  5 20 28.200  0.00  60
   108855  40.507023 -123.976587    20.975      -58.6      494.8       83.5     38.2     33.1     40.7 2022 11 19 11 57  9.280  0.00  60
   110393  40.495890 -123.975090    20.746       68.3     -741.5     -145.2     43.8     37.6     35.4 2023  1  5 23 38  8.240  1.45  60
   110557  40.507113 -123.976302    20.957      -34.5      504.7       65.9     34.7     28.6     39.8 2023  1  2 17 21 40.040  1.10  60
