   108433  40.748779 -124.234049    12.463     7408.6     2014.8     3028.3     17.6     11.7     21.6 2020 11 21  6 25 35.720  0.00  46
   108434  40.748779 -124.234074    12.463     7406.5     2014.8     3028.9     18.2     11.8     21.5 2020 11 21  7 26  9.440  0.00  46
   108435  40.748873 -124.236125    12.341     7233.3     2025.2     2906.5     30.5     11.3     24.6 2021  9 18  9  5  3.000  0.00  46
   108436  40.748853 -124.234888    12.370     7337.8     2023.0     2935.7     30.5     10.3     20.7 2022  1 18 23 24  5.960  0.00  46
   108437  40.748848 -124.234912    12.371     7335.7     2022.5     2936.9     30.7     10.3     20.8 2022  1 18 23 25  2.140  0.00  46
   108438  40.748381 -124.232812    12.601     7513.1     1970.6     3166.9     39.6     16.8     31.1 2022  1 19 20 33 45.540  0.00  46
   108439  40.748714 -124.231974    12.455     7583.9     2007.6     3021.2     36.1     13.0     25.4 2022  1 19 21 29 33.980  0.00  46
   108440  40.748580 -124.230900    12.408     7674.6     1992.7     2973.4     42.6     12.8     28.8 2022  1 20  0  6 19.720  0.00  46
   108960  40.735946 -124.292074     4.765     2507.8      589.7    -4669.5      9.5     15.2     22.3 2020  8 22  2 46 34.640  0.00  46
   108961  40.737231 -124.292008     5.570     2513.3      732.5    -3864.0     16.2      8.4     15.2 2022  9 24 17  8 17.940  0.00  46
   110222  40.721147 -124.380819     7.178    -4989.4    -1053.7    -2256.3     13.3     12.0     19.5 2022  6  5  8 26 45.400  0.00  46
   110223  40.721122 -124.380542     7.229    -4966.0    -1056.4    -2205.3     12.1     12.1      9.9 2022  6  5  8 51 54.180  0.00  46
   110224  40.720927 -124.380786     7.244    -4986.6    -1078.1    -2190.0     12.6     14.0     14.2 2022  6  5  8 28 25.100  0.00  46
   110227  40.720667 -124.380607     7.231    -4971.5    -1107.1    -2202.8     13.5     12.4     17.2 2022  6 20  0 19 17.960  0.00  46
   110230  40.735303 -124.370052     9.858    -4079.3      518.3      424.1     25.0     14.3     22.7 2022  5  5 20 40 11.140  0.00  46
   110236  40.704944 -124.372160     8.655    -4258.3    -2853.0     -779.0     10.3      5.9     10.4 2022  8  7  6 28 12.440  0.00  46
   110238  40.704940 -124.372144     8.659    -4257.0    -2853.5     -775.3     10.0      6.1     10.4 2022 11  2  8  1 19.400  0.00  46
   110239  40.704940 -124.372160     8.658    -4258.3    -2853.5     -776.7      9.9      6.0     10.4 2022 11  3 13 46 28.020  0.00  46
   110240  40.704993 -124.372355     8.647    -4274.8    -2847.6     -787.4     11.3      6.8     13.1 2022 11 16  6 47 46.300  0.00  46
   110241  40.705005 -124.372380     8.640    -4276.9    -2846.3     -794.3     11.9      7.2     12.7 2022 11 30  8 33 59.080  0.00  46
   110502  40.748698 -124.236214    12.296     7225.8     2005.8     2861.4     20.3      9.6     18.9 2022 12 23 17 30 27.280  1.15  46
   110573  40.737378 -124.294312     5.782     2318.7      748.7    -3652.5      9.9      7.8     13.2 2023  5 22 19  5 30.020  1.30  46
   110777  40.720984 -124.380436     7.393    -4957.0    -1071.8    -2041.2     12.0     10.9     12.4 2023  3 23  6  3  8.580  1.25  46
   110779  40.734652 -124.373283    10.005    -4352.3      446.0      570.7     24.8     14.3     26.1 2023  1 12 21  3 16.120  1.83  46
   110784  40.705054 -124.371704     8.702    -4219.8    -2840.8     -731.9     10.0      5.9     10.6 2022 12 20  0 57 24.410  1.03  46
