   108663  40.489274 -124.339535    19.316      -44.2       -6.3      -13.4      4.8      4.0      3.9 2022  3  5 15  4 56.760  0.00  37
   108665  40.489266 -124.339705    19.317      -58.6       -7.2      -12.0      4.7      5.1      4.6 2022  3  5 14 13 15.560  0.00  37
   108670  40.489681 -124.339421    19.336      -34.5       38.9        6.6      4.2      4.6      4.6 2022  3 18  2  2 21.140  0.00  37
   108671  40.489518 -124.339380    19.339      -31.0       20.8        9.9      3.6      4.1      4.3 2022  3 18  2 55 56.140  0.00  37
   108673  40.489498 -124.339754    19.311      -62.8       18.5      -18.6      3.9      2.8      4.7 2022  5 13 21 13  4.360  0.00  37
   108674  40.489319 -124.339648    19.282      -53.8       -1.4      -47.0      5.0      3.9      4.8 2022  5 13 11  3  1.340  0.00  37
   108675  40.489355 -124.339762    19.326      -63.5        2.7       -3.8      5.1      2.8      3.9 2022  7  9 13 10 58.000  0.00  37
   108676  40.489290 -124.339795    19.317      -66.2       -4.5      -12.4      5.1      2.6      3.4 2022  7 19 14 43  3.060  0.00  37
   108678  40.489555 -124.339429    19.312      -35.2       24.9      -17.7      3.7      3.8      3.9 2022  7 24 16 37 15.260  0.00  37
   108680  40.489441 -124.339632    19.351      -52.4       12.2       21.6      4.1      4.3      5.3 2022  7 26  2 56 53.120  0.00  37
   108681  40.489453 -124.339510    19.299      -42.1       13.6      -30.0      3.4      4.0      3.9 2022  9 12  7 56 19.840  0.00  37
   108682  40.489400 -124.339640    19.312      -53.1        7.7      -17.2      3.5      3.5      5.3 2022  9 12 16 26 23.860  0.00  37
   108683  40.489644 -124.339640    19.328      -53.1       34.8       -1.4      3.5      3.9      4.1 2022  9 12  6 56 34.320  0.00  37
   108684  40.489498 -124.339583    19.300      -48.3       18.5      -29.3      3.4      4.1      4.4 2022  9 12  6 57 16.840  0.00  37
   108686  40.489412 -124.339412    19.314      -33.8        9.0      -15.5      4.0      3.9      3.0 2022  9 12  7  2 14.940  0.00  37
   108687  40.489705 -124.339648    19.332      -53.8       41.6        2.2      3.9      4.1      4.4 2022  9 12  6 55 47.640  0.00  37
   108688  40.489189 -124.339681    19.326      -56.6      -15.8       -3.1      5.2      4.3      3.2 2022  9 12  7  0 41.780  0.00  37
   108689  40.489128 -124.339494    19.312      -40.7      -22.6      -17.6      4.0      4.0      4.0 2022  9 12  6 58 44.140  0.00  37
   108690  40.489433 -124.339868    19.291      -72.4       11.3      -38.6      5.1      3.2      5.3 2022  9 13 12  0  9.260  0.00  37
   108692  40.489478 -124.339762    19.324      -63.5       16.3       -5.9      6.5      5.7      7.0 2022  9 13 23 59 39.940  0.00  37
   108693  40.489478 -124.339396    19.292      -32.4       16.3      -37.3      3.9      4.3      4.1 2022  9 15  4 38 42.340  0.00  37
   108694  40.489591 -124.339575    19.300      -47.6       28.9      -29.2      2.5      3.8      5.2 2022  9 19 10 45 20.920  0.00  37
   108695  40.489482 -124.339575    19.314      -47.6       16.7      -15.4      3.3      3.3      4.1 2022 10 13  0  1 53.180  0.00  37
   108697  40.489567 -124.339583    19.322      -48.3       26.2       -7.0      3.5      3.9      4.1 2022 11 21 11  3 27.100  0.00  37
   108698  40.489461 -124.339388    19.305      -31.7       14.5      -24.7      3.9      4.2      4.5 2022 11 21  9 56 47.360  0.00  37
   108699  40.489632 -124.339714    19.308      -59.3       33.4      -21.9      3.3      4.0      4.8 2022 11 21 11 24 43.840  0.00  37
   108700  40.489502 -124.339575    19.325      -47.6       19.0       -4.0      4.0      3.9      3.6 2022 11 21 11  5 34.240  0.00  37
   108701  40.489612 -124.339445    19.304      -36.6       31.2      -25.0      4.1      4.2      4.5 2022 11 21 12  2 33.900  0.00  37
   108704  40.489490 -124.339697    19.301      -58.0       17.6      -28.1      4.5      3.0      5.0 2022 11 22  1 39 11.480  0.00  37
   108705  40.489502 -124.339884    19.332      -73.8       19.0        3.0      4.7      3.5      4.9 2022 11 24  7 16 24.120  0.00  37
   108706  40.489571 -124.339502    19.338      -41.4       26.7        9.0      5.7      6.6      7.7 2022 11 27  8 29 21.460  0.00  37
   108707  40.489152 -124.339657    19.312      -54.5      -19.9      -17.4      3.5      4.3      5.0 2022 11 27  7 15  5.860  0.00  37
   110543  40.489107 -124.339396    19.368      -32.4      -24.9       38.1      3.1      3.2      3.5 2023  1 10 17 58 54.640  1.07  37
