   100000  40.759033 -124.246297    17.016       -9.6       26.7       -3.5    130.1    169.5    171.1 2020  1  1  4 18 17.380  0.00  52
   100001  40.758777 -124.246208    17.018       -2.1       -1.8       -2.0    128.6     82.2    135.5 2020  1  3 12  6 10.660  0.00  52
   100002  40.758944 -124.246265    17.013       -6.9       16.7       -7.1    126.0    125.4    146.8 2020  1 10  5 38 39.760  0.00  52
   100003  40.758899 -124.245850    16.969       28.2       11.7      -50.7    169.8    103.2    216.9 2020  7  2 10 37 18.320  0.00  52
   100006  40.758850 -124.245874    16.980       26.1        6.3      -39.9    158.8     67.9    192.5 2020  8 26 17  5  7.560  0.00  52
   100008  40.759021 -124.246232    17.011       -4.1       25.3       -9.1    126.5    158.9    170.9 2021  2 26 17 10 55.880  0.00  52
   100009  40.758927 -124.246281    17.014       -8.2       14.9       -6.2    125.2    116.5    133.6 2021  8  4 13  4 50.340  0.00  52
   100010  40.757487 -124.245744    16.942       37.1     -145.0      -78.5    304.2    344.5    212.9 2021  8 31  4 21  7.080  0.00  52
   100012  40.757296 -124.245736    16.930       37.8     -166.3      -90.0    301.6    387.3    257.5 2021 10 14  9 39 56.740  0.00  52
   100017  40.758818 -124.246191    17.014       -0.7        2.7       -6.4    126.8     78.5    135.3 2022  7 21  0 22 10.260  0.00  52
   100018  40.758818 -124.246240    17.022       -4.8        2.7        2.3    134.8     61.1    142.8 2022  8  5 18 16 27.220  0.00  52
   100021  40.758826 -124.246248    17.022       -5.5        3.6        1.9    139.6     80.0    132.9 2022  8 21  7 16 43.100  0.00  52
   100022  40.758805 -124.246191    17.019       -0.7        1.4       -0.8    124.0     58.7    125.3 2022  8 24  0 39 13.140  0.00  52
   100023  40.758842 -124.246216    17.020       -2.7        5.4       -0.3    137.9     92.1    138.3 2022  8 26 13 46 28.200  0.00  52
   100028  40.758805 -124.246167    17.016        1.4        1.4       -4.1    129.9     57.0    140.2 2022  9 18  2 25 38.720  0.00  52
   100029  40.758826 -124.246224    17.020       -3.4        3.6       -0.2    132.1     76.7    120.4 2022  9 24  0 15 43.900  0.00  52
   100030  40.758813 -124.246183    17.017        0.0        2.3       -3.2    131.0     62.0    172.7 2022 10  1  3  9  7.860  0.00  52
   100031  40.758797 -124.246208    17.018       -2.1        0.5       -1.8    130.4     77.9    137.9 2022 10 16 12  4 20.320  0.00  52
   100032  40.758813 -124.246183    17.017        0.0        2.3       -3.3    131.0     62.5    172.9 2022 10 18  3 13  8.320  0.00  52
   100034  40.758842 -124.246248    17.022       -5.5        5.4        2.0    143.5     87.1    159.4 2022 10 25 11 16 30.760  0.00  52
   100036  40.758830 -124.246338    17.022      -13.1        4.1        1.9    159.1    108.5     98.8 2022 11 30 15  7  3.540  0.00  52
   110286  40.758809 -124.246232    17.033       -4.1        1.8       12.8    127.7     64.4    140.9 2023  5 27 14 43 32.110  1.31  52
