   108362  40.490719 -124.206763    20.683     -238.0      -67.8     -384.7     31.2     30.3     28.4 2020  7 11 17 19 52.600  0.00  43
   108363  40.491154 -124.206551    20.676     -220.1      -19.4     -391.1     31.2     28.4     27.6 2020  8 12 11 28 24.940  0.00  43
   108364  40.490812 -124.206657    20.681     -229.1      -57.4     -386.7     25.2     27.7     29.4 2020  8 12 11 23 32.820  0.00  43
   108365  40.491097 -124.205607    20.761     -140.1      -25.8     -306.3     48.8     23.8     33.7 2020  8 16 23 21 48.480  0.00  43
   108366  40.490084 -124.207210    20.688     -276.0     -138.3     -379.5     59.0     47.4     46.2 2020 10  4  9 37 29.720  0.00  43
   108367  40.491097 -124.206502    20.704     -215.9      -25.8     -362.9     23.5     14.3     24.2 2020 10  8  4 46 56.680  0.00  43
   108369  40.490910 -124.206600    20.724     -224.2      -46.5     -343.3     24.4     15.7     24.4 2021  2 19  9 54 21.040  0.00  43
   108370  40.491077 -124.207137    20.707     -269.8      -28.0     -360.4     36.4     20.8     24.8 2021  6  1 21 55 42.420  0.00  43
   108373  40.491451 -124.206340    20.640     -202.1       13.6     -427.1     30.8     27.6     21.4 2022  2  7 11 46 35.280  0.00  43
   108374  40.490995 -124.206795    20.702     -240.8      -37.1     -365.2     25.6     13.3     23.7 2022  2 12 15 44 27.500  0.00  43
   108375  40.491231 -124.206242    20.682     -193.9      -10.8     -385.6     36.4     27.8     27.0 2022  4 21 17  7 41.100  0.00  43
   108376  40.491085 -124.206323    20.696     -200.8      -27.1     -370.8     28.3     24.7     23.0 2022  4 22 17 55 41.660  0.00  43
   108378  40.491007 -124.206706    20.704     -233.2      -35.7     -363.8     29.4     20.8     23.3 2022  7 27  4 35 27.980  0.00  43
   108379  40.491423 -124.206803    20.695     -241.5       10.4     -372.5     44.3     21.4     29.6 2022  8  3  6 33 48.060  0.00  43
   108380  40.491524 -124.206453    20.704     -211.8       21.7     -363.6     31.8     22.1     21.8 2022  9  1 10 45  9.880  0.00  43
   108381  40.491032 -124.206689    20.701     -231.8      -33.0     -366.1     25.6     23.1     25.8 2022 11 26 10 34 34.000  0.00  43
   108454  40.483936 -124.237166    19.097    -2815.8     -821.0    -1970.2     31.0     19.8     18.4 2021 12 22  7 38 16.620  0.00  43
   109536  40.490275 -124.199927    22.420      341.5     -117.0     1352.9     29.2     27.2     27.4 2021  3  3 21 43  3.720  0.00  43
   109537  40.490690 -124.199683    22.451      362.2      -70.9     1383.7     42.8     34.1     30.3 2021  9 27  2 58  8.360  0.00  43
   109538  40.489209 -124.200651    22.399      280.1     -235.4     1331.3     51.4     47.4     35.5 2021 12 23 14 37 21.580  0.00  43
   109539  40.490190 -124.199642    22.442      365.7     -126.5     1374.6     38.8     21.6     23.0 2022  9 12  3 59 29.200  0.00  43
   109540  40.490190 -124.199626    22.442      367.0     -126.5     1374.4     38.8     21.9     23.1 2022 10  8  6 41 27.060  0.00  43
   109635  40.498889 -124.184041    21.470     1688.2      839.5      402.9     98.9     36.5     48.1 2021  6  4 21 21 58.240  0.00  43
   109636  40.500167 -124.188346    21.837     1323.2      981.4      769.7     47.2     44.6     54.1 2021 12 20 21 17 32.980  0.00  43
   109637  40.497176 -124.191471    21.640     1058.3      649.3      572.3     71.1     58.5     52.0 2022  5 25  8  4 48.420  0.00  43
   110460  40.486393 -124.182365    20.361     1830.5     -548.1     -706.0     17.8     20.6     25.6 2023  3 15  6  1 38.120  0.94  43
   110498  40.491073 -124.206356    20.710     -203.5      -28.5     -356.9     23.9     15.8     22.6 2023  1 15 11 51 19.200  1.50  43
   110504  40.484033 -124.237272    19.096    -2824.7     -810.1    -1971.0     31.0     19.7     18.4 2023  2  5 13 48 53.130  1.08  43
   110642  40.489278 -124.199731    22.451      358.1     -227.7     1383.8     32.6     27.5     23.7 2023  2 27 12 40  1.270  1.39  43
   110662  40.500411 -124.189526    21.938     1223.2     1008.5      870.8     41.8     34.7     40.1 2023  5  9 11 38 20.680  1.02  43
