   100528  40.555176 -124.663794     7.341        1.4       -1.8        1.1    285.3    204.0    381.3 2020  2 16  4  7 45.440  0.00  51
   100537  40.554545 -124.664233     7.267      -35.8      -71.8      -72.7    454.8    618.8    631.8 2020  8  7  9 28 44.340  0.00  51
   100538  40.554594 -124.664258     7.264      -37.9      -66.4      -76.0    466.3    627.5    647.6 2020  8  7  9 28 26.060  0.00  51
   100540  40.555078 -124.663924     7.320       -9.6      -12.7      -19.7    407.9    375.1    558.1 2020  8 11 22 23 53.320  0.00  51
   100541  40.555176 -124.663786     7.343        2.1       -1.8        3.1    240.2    195.7    324.7 2020 10 21  2 37 32.940  0.00  51
   100542  40.555363 -124.663745     7.351        5.5       19.0       10.6    265.1    557.9    358.1 2020 11  8  3 54 55.800  0.00  51
   100543  40.555526 -124.663306     7.422       42.7       37.1       81.7    404.7    897.9    561.8 2020 11  8  1 32 40.980  0.00  51
   100544  40.554663 -124.664331     7.252      -44.1      -58.7      -87.7    465.5    642.8    646.4 2020 12  2  8 33 33.620  0.00  51
   100545  40.554903 -124.664136     7.285      -27.6      -32.1      -55.3    505.3    958.0    696.4 2020 12 19 10  1 43.240  0.00  51
   100547  40.554753 -124.664087     7.292      -23.4      -48.8      -48.0    441.5    980.9    607.9 2021  3 27  3  7  8.420  0.00  51
   100551  40.555094 -124.663810     7.338        0.0      -10.8       -1.8    257.4    295.1    349.3 2021  6 13 21  6 52.180  0.00  51
   100552  40.555261 -124.663672     7.361       11.7        7.7       21.4    310.8    424.4    423.9 2021  8 10 10  7 37.160  0.00  51
   100553  40.555269 -124.663737     7.350        6.2        8.6       10.5    248.3    357.0    335.1 2021  8 19  2 14 36.260  0.00  51
   100560  40.554744 -124.664103     7.290      -24.8      -49.7      -49.6    502.5    812.2    687.1 2022  2 26  9 19 53.720  0.00  51
   100562  40.554386 -124.664282     7.259      -40.0      -89.5      -80.6    508.5    688.5    706.3 2022  4  5  4 37 52.080  0.00  51
   100563  40.555168 -124.663786     7.342        2.1       -2.7        1.9    244.2    186.3    329.5 2022  5 14 21 27 27.240  0.00  51
   100566  40.555269 -124.663721     7.354        7.6        8.6       13.6    265.7    454.6    361.0 2022  7 25  5  3 56.220  0.00  51
   100569  40.554435 -124.664299     7.256      -41.4      -84.0      -83.6    403.4    570.2    560.6 2022  9  4  5 45 54.000  0.00  51
   100570  40.554696 -124.664233     7.269      -35.8      -55.1      -71.4    410.9    560.5    570.7 2022  9  6  7  2 59.900  0.00  51
   100571  40.555111 -124.663753     7.347        4.8       -9.0        7.3    272.2    243.4    369.8 2022 11  6  5  3 49.800  0.00  51
   100572  40.555241 -124.663729     7.352        6.9        5.4       12.5    299.9    439.1    419.5 2022 11  6  4 45 38.900  0.00  51
   110288  40.555351 -124.663680     7.360       11.0       17.6       20.1    282.9    261.5    384.4 2023  5 29  5 41 15.670  1.33  51
