   103964  40.354891 -124.452515    27.985       22.8     -166.7       25.1    126.7    320.6    160.4 2020  1 17 21 16  0.740  0.00  63
   103965  40.360352 -124.451619    27.882       98.9      439.6      -77.6    134.9    304.0    182.3 2020  2  4  9 57 27.160  0.00  63
   103967  40.358488 -124.451847    27.896       79.5      232.7      -63.7    116.1    271.1    142.6 2020  2 29 12 17 59.180  0.00  63
   103968  40.356388 -124.452743    27.949        3.5       -0.5      -10.6     89.6    133.7     96.0 2020  3 10 15 52 55.420  0.00  63
   103969  40.359810 -124.451750    27.908       87.8      379.5      -51.5    124.4    353.5    147.2 2020  3 18 23  4 33.160  0.00  63
   103972  40.356580 -124.452824    27.965       -3.5       20.8        4.6     94.0    134.3     96.0 2020  3 18 22 23 27.000  0.00  63
   103973  40.356270 -124.452702    27.933        6.9      -13.6      -27.2     77.1     97.6    101.7 2020  3 19  2 51 21.320  0.00  63
   103974  40.356356 -124.452734    27.935        4.1       -4.1      -24.7     76.5     96.3    115.0 2020  3 19  1  6 52.920  0.00  63
   103975  40.356002 -124.452799    27.946       -1.4      -43.4      -13.7     92.5    177.8    106.5 2020  3 19 10  3  1.860  0.00  63
   103977  40.355078 -124.451961    27.883       69.8     -145.9      -77.2    114.1    178.0    119.1 2020  3 19  1 20 46.660  0.00  63
   103978  40.356506 -124.452767    27.950        1.4       12.7      -10.1     97.2    141.8    103.4 2020  3 19  0  7 36.380  0.00  63
   103979  40.355786 -124.452783    27.932        0.0      -67.3      -27.7     89.5    216.7    106.1 2020  3 20  6 22  4.300  0.00  63
   103980  40.356274 -124.452702    27.932        6.9      -13.1      -28.0     81.1    107.3    108.7 2020  3 22 20 48 12.080  0.00  63
   103988  40.356087 -124.452230    27.906       47.0      -33.9      -54.0     86.3    168.3     94.1 2022  3 28 20 25 16.460  0.00  63
   103989  40.356445 -124.452799    27.957       -1.4        5.9       -2.8    123.0    187.3    122.2 2022  5 29 17 14 40.200  0.00  63
   110331  40.356360 -124.453125    27.987      -29.0       -3.6       26.8     70.9    112.5     81.6 2023  2 13 12  0 43.360  1.05  63
