   102177  40.305579 -124.483545    26.364      877.4     2046.8     5245.3      4.1     10.9      4.0 2020  4  1 11 46 58.040  0.00   2
   102179  40.290617 -124.490129    25.826      317.6      385.4     4707.5      4.3      9.4      5.2 2022  4 28 10 58 15.600  0.00   2
   102611  40.294002 -124.551465    23.144    -4897.9      761.3     2025.4      2.0      3.6      2.6 2020  1 28  5 11 32.240  0.00   2
   102614  40.302059 -124.553491    23.177    -5069.9     1655.9     2057.6      1.5      3.0      2.1 2020  2 19  4 37 44.400  0.00   2
   102615  40.296195 -124.550822    23.034    -4843.1     1004.9     1914.9      2.7      6.2      4.5 2020  3  2 21 56 10.200  0.00   2
   102616  40.291219 -124.549325    23.199    -4716.0      452.3     2080.0      4.4      8.2      5.3 2020  3 12 13 19 53.560  0.00   2
   102617  40.289653 -124.553280    23.082    -5052.3      278.3     1963.4      2.0      5.7      2.3 2020  3 19  2  9 47.580  0.00   2
   102618  40.293994 -124.551286    23.180    -4882.6      760.4     2061.4      1.4      2.7      1.7 2020  3 24  8  3 36.860  0.00   2
   102619  40.292729 -124.550488    22.981    -4814.9      619.9     1862.3      1.6      3.2      2.0 2020  5  3 14  1 39.440  0.00   2
   102620  40.303772 -124.551864    22.941    -4931.4     1846.2     1822.5      2.9      8.1      5.5 2020  5  8  2 59 28.200  0.00   2
   102621  40.294014 -124.550968    23.147    -4855.6      762.7     2028.4      2.7      7.1      4.8 2020  5 20  5 59 56.040  0.00   2
   102622  40.293998 -124.551750    23.157    -4922.1      760.9     2038.2      1.5      2.3      1.6 2020  5 25 11 34 11.100  0.00   2
   102623  40.293494 -124.552148    23.194    -4956.0      704.8     2075.6      1.8      2.5      1.9 2020  6 17  9 38  2.760  0.00   2
   102626  40.292403 -124.551367    23.233    -4889.6      583.8     2114.4      1.6      3.7      2.4 2020  7 30 14 15 55.420  0.00   2
   102627  40.293018 -124.551668    23.217    -4915.2      652.0     2098.6      1.7      2.1      1.3 2020  8  6  9 43  0.900  0.00   2
   102628  40.294812 -124.553866    23.142    -5102.0      851.2     2023.1      3.8      6.6      5.0 2020  8 12  9 16 12.860  0.00   2
   102629  40.297290 -124.553328    23.207    -5056.2     1126.4     2087.8      1.6      4.6      3.2 2020  8 30 19 11 39.340  0.00   2
   102630  40.297758 -124.551147    23.013    -4870.7     1178.4     1894.1      2.0      7.2      4.9 2020  9  4 12  2 45.620  0.00   2
   102631  40.303752 -124.552962    23.136    -5024.8     1843.9     2017.0      1.7      2.3      3.2 2020  9 14  2 37 30.160  0.00   2
   102632  40.292867 -124.551546    23.229    -4904.8      635.3     2109.7      1.5      3.1      1.9 2020 10 22  1 28 26.760  0.00   2
   102633  40.294812 -124.551473    23.147    -4898.5      851.2     2027.8      2.0      2.3      1.9 2020 10 29  4 23 31.560  0.00   2
   102636  40.292818 -124.551888    23.200    -4933.9      629.8     2080.7      1.2      2.6      1.8 2020 11 12  0 59 20.320  0.00   2
   102637  40.294438 -124.553971    23.160    -5111.0      809.7     2041.1      3.1      2.9      2.0 2020 11 22  4 28 11.800  0.00   2
   102638  40.294023 -124.551514    23.145    -4902.0      763.6     2026.3      1.4      2.5      1.8 2020 11 24  4 43  2.220  0.00   2
   102640  40.290084 -124.552075    23.344    -4949.9      326.2     2224.9      1.9      2.7      1.7 2020 12 20 20 43  7.720  0.00   2
   102643  40.304207 -124.555233    23.327    -5217.9     1894.5     2207.8      4.6     11.6      9.2 2021  4  2  8 21 40.740  0.00   2
   102644  40.294051 -124.552954    23.034    -5024.5      766.7     1915.1      2.2      3.7      1.9 2021  4  2 10  4 11.960  0.00   2
   102645  40.295463 -124.554297    23.117    -5138.6      923.5     1997.9      3.4      3.0      2.0 2021  4  2  8 33 31.360  0.00   2
   102646  40.294259 -124.552799    23.115    -5011.3      789.8     1995.8      2.2      5.4      4.3 2021  4  3  8 46 31.580  0.00   2
   102648  40.291687 -124.551457    23.265    -4897.2      504.2     2146.5      1.7      4.0      2.5 2021  4  4 22 47 31.720  0.00   2
   102649  40.293909 -124.551546    23.143    -4904.8      750.9     2023.8      3.1      7.7      6.1 2021  4  6 18 44  3.960  0.00   2
   102650  40.294181 -124.551497    23.169    -4900.6      781.2     2050.4      1.8      2.1      1.5 2021  4 16  7 34 37.420  0.00   2
   102652  40.305200 -124.553215    23.191    -5046.2     2004.7     2071.7      1.3      4.3      3.3 2021  4 24 10 54 59.700  0.00   2
   102653  40.294283 -124.553654    23.105    -5084.0      792.5     1986.0      2.9      7.3      5.7 2021  5 11 10 53 45.640  0.00   2
   102654  40.294486 -124.553402    23.136    -5062.5      815.1     2017.3      2.7      2.4      1.9 2021  5 18  7  9  4.920  0.00   2
   102655  40.294682 -124.551261    23.122    -4880.5      836.8     2003.5      2.6      2.1      1.5 2021  6  5 23 47 43.440  0.00   2
   102656  40.293644 -124.551847    23.156    -4930.4      721.6     2037.0      1.7      2.2      1.9 2021  7 10 10 32  6.000  0.00   2
   102657  40.294010 -124.552051    23.141    -4947.7      762.2     2022.1      1.8      2.0      1.8 2021  7 10 10 35 55.320  0.00   2
   102658  40.294401 -124.551676    23.133    -4915.8      805.6     2014.5      1.5      2.2      1.7 2021  7 10 10 44 51.580  0.00   2
   102659  40.293807 -124.551742    23.170    -4921.4      739.6     2051.2      2.2      2.9      1.6 2021  7 10 11 32 17.980  0.00   2
   102660  40.294914 -124.551847    23.161    -4930.3      862.5     2041.8      1.1      2.3      1.5 2021  7 10 12 22  8.220  0.00   2
   102661  40.294454 -124.551685    23.168    -4916.5      811.5     2048.8      1.4      2.6      1.5 2021  7 11  0 11 56.640  0.00   2
   102662  40.293864 -124.552075    23.212    -4949.8      746.0     2092.9      3.7      6.6      5.6 2021  8 14  7 32 23.840  0.00   2
   102663  40.294548 -124.550798    23.131    -4841.1      821.9     2012.3      3.2      2.9      1.9 2021  8 17  5  4 32.220  0.00   2
   102664  40.293807 -124.552759    23.139    -5007.9      739.6     2020.5      1.8      2.8      1.6 2021 10 17 20 33  5.600  0.00   2
   102665  40.294214 -124.551367    23.166    -4889.5      784.8     2047.1      1.7      3.0      1.8 2021 11  4  7 34 53.420  0.00   2
   102666  40.293681 -124.550439    23.151    -4810.7      725.6     2031.7      2.5      3.4      2.3 2021 11 17  7 26 36.100  0.00   2
   102667  40.293860 -124.551481    23.163    -4899.2      745.5     2043.8      1.4      2.5      1.7 2021 12  3 14  3  8.220  0.00   2
   102669  40.293070 -124.550537    23.236    -4819.0      657.9     2117.0      2.1      3.2      2.5 2021 12 20 23 12 47.680  0.00   2
   102670  40.294812 -124.552612    23.094    -4995.4      851.2     1974.8      2.0      2.5      1.9 2021 12 21 19 14 52.560  0.00   2
   102671  40.289099 -124.552026    23.183    -4945.8      216.9     2064.6      2.0      3.0      1.6 2021 12 21  0  6 44.760  0.00   2
   102673  40.293140 -124.552580    23.337    -4992.7      665.5     2218.0      3.7      5.2      3.2 2021 12 26  0 58 31.020  0.00   2
   102674  40.293416 -124.552311    23.191    -4969.8      696.3     2072.3      1.4      2.6      1.4 2021 12 27 21 23 56.940  0.00   2
   102675  40.296602 -124.552995    23.292    -5027.9     1050.0     2173.1      3.1      4.7      2.7 2021 12 28 23 42 32.980  0.00   2
   102677  40.294100 -124.552319    23.163    -4970.5      772.2     2044.3      1.5      2.2      1.7 2021 12 30 21 50 15.320  0.00   2
   102678  40.293075 -124.552832    23.144    -5014.1      658.3     2025.1      3.9     14.5      6.4 2021 12 31 23 44 46.660  0.00   2
   102679  40.293872 -124.551685    23.168    -4916.5      746.9     2049.6      1.3      3.1      2.6 2022  1  6 21 51 26.240  0.00   2
   102684  40.294543 -124.550993    23.094    -4857.7      821.4     1975.3      3.0      2.2      1.5 2022  2 12 18 43 42.940  0.00   2
   102685  40.293644 -124.551644    23.156    -4913.1      721.6     2037.0      1.4      2.7      1.8 2022  3  2 23 19 59.800  0.00   2
   102686  40.294271 -124.551457    23.137    -4897.2      791.1     2018.4      2.0      2.9      1.7 2022  3  2 16  8  3.180  0.00   2
   102687  40.308341 -124.554167    23.336    -5127.1     2353.6     2217.6      4.2     12.5      5.4 2022  3  9 13 42 16.640  0.00   2
   102691  40.293717 -124.551579    23.176    -4907.6      729.7     2057.6      1.8      2.8      1.7 2022  5 18 18  7 36.080  0.00   2
   102692  40.294340 -124.553011    23.107    -5029.3      798.8     1988.6      2.2      2.4      1.5 2022  5 21 20  6 56.040  0.00   2
   102693  40.295536 -124.553149    23.071    -5041.0      931.7     1952.0      3.1      3.0      2.4 2022  6 20  7 39 31.020  0.00   2
   102694  40.295162 -124.551611    23.114    -4910.3      890.1     1995.3      2.0      3.1      2.3 2022  6 27  7 43 34.160  0.00   2
   102695  40.298991 -124.550114    23.101    -4782.8     1315.3     1982.6      3.7      4.9      2.2 2022  7 18  1 42 42.840  0.00   2
   102696  40.295699 -124.553133    23.080    -5039.6      949.7     1961.0      1.9      2.4      1.8 2022  7 28  7 20 33.000  0.00   2
   102697  40.294328 -124.551799    23.166    -4926.2      797.5     2047.4      1.2      2.3      1.9 2022  8  2  3 23 52.420  0.00   2
   102698  40.294116 -124.553003    23.052    -5028.6      774.0     1933.4      2.7      2.6      2.8 2022  8 16 18 15 25.220  0.00   2
   102699  40.295243 -124.551440    23.135    -4895.7      899.1     2015.7      2.5      3.7      2.9 2022  9 16  6  1  5.000  0.00   2
   102700  40.294796 -124.553451    23.094    -5066.7      849.4     1975.5      2.8      2.5      1.4 2022  9 19  4 54 39.760  0.00   2
   102702  40.293140 -124.551180    23.112    -4873.7      665.5     1993.3      3.2      5.8      2.8 2022 10  5  5 11 18.160  0.00   2
   102705  40.294393 -124.552010    23.155    -4944.2      804.7     2036.1      1.5      2.5      1.7 2022 11  1  9 40 50.800  0.00   2
   102706  40.295626 -124.551408    23.186    -4893.0      941.6     2067.1      2.3      4.7      3.6 2022 11 27 18  0 57.680  0.00   2
   103181  40.277869 -124.470589    20.645     1979.3    -1030.2     -474.2      2.5      6.2      3.5 2020  1 11  1 31 54.420  0.00   2
   103185  40.280509 -124.468058    20.773     2194.5     -736.9     -345.9      3.1      5.2      6.5 2020  3 20  0 26 38.040  0.00   2
   103189  40.284237 -124.466772    20.461     2303.8     -323.1     -658.1      3.8      6.9      4.6 2020  5 27  2 48 16.160  0.00   2
   103193  40.283712 -124.468953    20.355     2118.3     -381.3     -763.6      2.3      2.4      3.0 2020  7 17 21 44  7.800  0.00   2
   103194  40.282585 -124.468140    20.240     2187.5     -506.5     -878.4      3.4      3.7      4.6 2020  8 11  2 18 34.020  0.00   2
   103195  40.282861 -124.469198    20.355     2097.6     -475.8     -763.7      2.0      2.5      2.3 2020  9  3 21 10 12.920  0.00   2
   103196  40.283655 -124.470614    20.296     1977.1     -387.7     -823.1      1.9      2.6      2.6 2020  9 30 18 18  5.760  0.00   2
   103197  40.283264 -124.470280    20.324     2005.5     -431.0     -795.2      1.8      2.0      2.5 2020 10 13 14 33 43.200  0.00   2
   103199  40.272115 -124.469604    21.195     2063.1    -1669.0       75.9      2.0      3.4      4.4 2020 11 26  8 19 30.520  0.00   2
   103201  40.286580 -124.469499    20.378     2071.9      -62.8     -740.9      1.2      2.4      3.8 2020 12 24  9 22 40.660  0.00   2
   103203  40.288765 -124.468343    20.490     2170.1      179.8     -628.6      3.0      5.4      3.6 2021  2 24 19 37  0.500  0.00   2
   103204  40.283997 -124.470313    20.026     2002.7     -349.7    -1093.2      3.2      5.2      6.9 2021  3 22 10 31  8.140  0.00   2
   103206  40.283370 -124.470093    20.107     2021.4     -419.3    -1012.0      3.9     11.6      8.9 2021  4 24  6 17 31.180  0.00   2
   103207  40.282035 -124.470207    20.468     2011.8     -567.5     -651.0      1.6      2.8      1.9 2021  5  2  8  9 31.120  0.00   2
   103210  40.283451 -124.469312    20.307     2087.9     -410.3     -812.0      2.3      2.5      2.1 2021  8  5 10 16 23.100  0.00   2
   103211  40.284285 -124.470207    20.192     2011.7     -317.6     -927.1      1.3      3.0      2.4 2021  9  5 23  3 58.160  0.00   2
   103213  40.280269 -124.468213    20.376     2181.4     -763.6     -742.5      1.8      3.6      3.3 2021 10  6  9  9 39.160  0.00   2
   103214  40.270142 -124.466276    20.737     2346.2    -1888.2     -381.5      3.9      4.8      2.3 2021 10 12 11 29  9.760  0.00   2
   103216  40.282227 -124.468636    20.285     2145.3     -546.3     -833.9      3.0      2.7      2.6 2021 11  1 12 14 16.760  0.00   2
   103218  40.281287 -124.463151    21.344     2611.8     -650.6      224.8      3.8      3.0      5.9 2021 12 20 23 42 18.160  0.00   2
   103219  40.285624 -124.468441    20.428     2161.9     -169.0     -690.9      1.8      3.0      2.8 2021 12 21 19 53 20.860  0.00   2
   103220  40.276619 -124.470695    20.557     1970.3    -1168.9     -561.6      1.3      3.5      1.8 2021 12 21  3 25  2.140  0.00   2
   103221  40.283175 -124.470386    20.393     1996.5     -441.0     -726.2      1.6      2.7      2.0 2021 12 22 23 56  7.680  0.00   2
   103222  40.283590 -124.471191    20.458     1928.0     -394.9     -661.0      3.1      2.7      1.9 2021 12 22 22 10  3.600  0.00   2
   103225  40.285714 -124.469450    20.209     2076.1     -159.0     -910.1      1.2      2.9      1.7 2021 12 22 13 50  2.900  0.00   2
   103227  40.281986 -124.469645    20.504     2059.5     -572.9     -615.3      1.5      2.8      1.8 2021 12 22  6 22 18.920  0.00   2
   103229  40.283008 -124.469368    20.481     2083.0     -459.5     -637.5      1.7      2.7      2.1 2021 12 23 10 36 56.360  0.00   2
   103232  40.283293 -124.470280    20.357     2005.5     -427.9     -761.8      1.8      2.3      2.3 2021 12 25  4 27 30.000  0.00   2
   103233  40.281950 -124.468514    20.254     2155.7     -577.0     -864.6      4.7     12.8      8.8 2021 12 25 13  7 17.660  0.00   2
   103235  40.282430 -124.468294    20.355     2174.4     -523.7     -764.3      3.2      2.9      2.8 2021 12 26 18 24 14.980  0.00   2
   103237  40.283118 -124.469767    20.281     2049.1     -447.3     -837.9      2.1      2.6      1.9 2021 12 27  3 19 14.140  0.00   2
   103238  40.273494 -124.471183    20.227     1928.8    -1515.9     -891.5      2.9      4.7      4.9 2021 12 28 10 25 14.240  0.00   2
   103239  40.283317 -124.470337    20.358     2000.7     -425.2     -761.2      1.7      2.2      2.1 2021 12 29  5 39  1.000  0.00   2
   103241  40.282300 -124.469238    20.362     2094.1     -538.1     -756.5      2.2      2.8      2.0 2021 12 31 10 16 23.220  0.00   2
   103242  40.284509 -124.469271    20.149     2091.3     -292.8     -969.9      3.2      3.6      4.8 2022  1  6 15  3 53.600  0.00   2
   103246  40.283903 -124.468237    20.671     2179.2     -360.1     -448.1      2.1      3.2      2.3 2022  1  9 14 28 34.400  0.00   2
   103250  40.282979 -124.469735    20.349     2051.9     -462.7     -769.7      1.8      2.4      2.4 2022  1 12  6 38 12.400  0.00   2
   103252  40.283533 -124.470923    20.409     1950.8     -401.2     -709.7      2.7      2.3      2.2 2022  1 15 11  2 22.680  0.00   2
   103253  40.284163 -124.468245    20.368     2178.5     -331.2     -751.2      3.6      5.7      3.2 2022  1 15 11  7 24.280  0.00   2
   103254  40.273047 -124.471118    20.102     1934.4    -1565.6    -1017.3      2.7      4.4      4.8 2022  1 15 23 42 27.860  0.00   2
   103255  40.283398 -124.469466    20.180     2074.7     -416.1     -939.2      2.6      2.7      2.8 2022  1 20 23 35 26.640  0.00   2
   103256  40.281641 -124.470085    20.467     2022.2     -611.3     -651.5      3.0      4.1      3.1 2022  1 20  3 44 25.400  0.00   2
   103257  40.282992 -124.469556    20.083     2067.1     -461.3    -1036.0      2.9      3.1      4.6 2022  1 21  4 17 37.100  0.00   2
   103258  40.283276 -124.469385    20.537     2081.6     -429.7     -582.3      1.8      3.0      2.2 2022  1 21  4 17  1.760  0.00   2
   103261  40.282739 -124.468408    20.362     2164.7     -489.3     -756.7      2.9      2.5      2.1 2022  1 30  5 20 41.160  0.00   2
   103262  40.282833 -124.468734    20.372     2137.0     -478.9     -746.7      2.2      2.4      2.4 2022  1 30 18 14 11.380  0.00   2
   103263  40.282279 -124.472314    20.565     1832.5     -540.4     -553.8      6.4      8.9      8.4 2022  2  6 18 14 29.480  0.00   2
   103264  40.283183 -124.469084    20.472     2107.3     -440.1     -647.3      1.5      3.0      1.9 2022  2 15  3  8 21.340  0.00   2
   103265  40.283346 -124.470557    20.266     1982.0     -422.0     -852.7      1.7      2.2      2.1 2022  2 24 22 57  5.460  0.00   2
   103266  40.283464 -124.471395    20.337     1910.7     -408.9     -782.2      2.6      2.3      2.0 2022  2 24  2  6 53.360  0.00   2
   103267  40.278939 -124.469271    20.211     2091.4     -911.3     -907.7      1.5      2.6      2.3 2022  2 24 18  1 21.640  0.00   2
   103269  40.283846 -124.471208    20.412     1926.6     -366.4     -706.5      2.6      2.2      2.4 2022  3 29 10 35 52.340  0.00   2
   103270  40.281832 -124.470288    20.409     2004.9     -590.1     -709.8      2.0      2.8      1.8 2022  3 29 19 58  7.480  0.00   2
   103271  40.281974 -124.469124    20.333     2103.8     -574.3     -785.9      3.1      4.5      5.1 2022  3 31 14 40 40.040  0.00   2
   103272  40.282768 -124.469645    20.383     2059.5     -486.2     -735.5      1.4      2.8      1.9 2022  4  3 21  3 27.520  0.00   2
   103273  40.282222 -124.468286    20.234     2175.1     -546.7     -884.5      3.2      2.7      2.6 2022  4 10 13  3 18.560  0.00   2
   103274  40.284583 -124.468465    20.331     2159.8     -284.6     -788.1      2.7      8.7      4.0 2022  4 10 20 53 45.920  0.00   2
   103277  40.283199 -124.469466    20.248     2074.7     -438.3     -870.7      2.1      2.6      2.3 2022  4 19 18 43 36.400  0.00   2
   103279  40.281340 -124.470907    20.320     1952.3     -644.8     -798.6      2.4      3.2      2.4 2022  5 12 18 20 44.500  0.00   2
   103281  40.282589 -124.469637    20.426     2060.2     -506.0     -692.6      1.9      2.7      1.9 2022  6  9 20  8 46.080  0.00   2
   103283  40.282743 -124.469523    20.457     2069.9     -488.9     -662.2      1.8      3.1      2.5 2022  6 12  6 17 47.260  0.00   2
   103284  40.282833 -124.468408    20.329     2164.7     -478.9     -790.2      3.1      2.6      2.0 2022  6 20  3  5 25.720  0.00   2
   103285  40.283679 -124.470068    20.041     2023.5     -385.0    -1078.3      2.6      2.6      3.7 2022  7  4  4 24 56.900  0.00   2
   103286  40.282812 -124.470052    20.588     2024.9     -481.2     -531.4      2.1      2.6      3.2 2022  8 12  8 24  9.100  0.00   2
   103288  40.283346 -124.470199    20.323     2012.4     -422.0     -795.7      1.6      2.5      2.2 2022  8 16  4  0 36.260  0.00   2
   103291  40.283325 -124.470060    20.388     2024.2     -424.3     -731.0      1.7      2.7      1.8 2022  9  6 14 16 14.840  0.00   2
   103292  40.282495 -124.469368    20.246     2083.0     -516.4     -873.3      3.4      8.6      6.0 2022  9  8 13 25 43.220  0.00   2
   103293  40.281982 -124.469450    20.336     2076.1     -573.4     -782.5      2.4      3.1      4.1 2022  9 12  9 10 21.960  0.00   2
   103294  40.279167 -124.469124    20.331     2103.9     -886.0     -787.5      2.5      5.0      3.9 2022  9 13 19 13 50.120  0.00   2
   103295  40.284981 -124.469271    20.099     2091.3     -240.4    -1019.5      3.5      4.5      5.5 2022 10  9 14 38 43.840  0.00   2
   103297  40.282121 -124.469263    20.290     2092.0     -558.0     -829.3      3.8      5.8      6.5 2022 11 10  3 49 21.340  0.00   2
   104536  40.274150 -124.515283    21.489    -1821.6    -1443.1      370.6      2.0      2.3      2.2 2020  1 23  2 46 22.320  0.00   2
   104538  40.274264 -124.515072    21.494    -1803.6    -1430.5      375.6      2.2      2.0      1.9 2020  1 24 12 58 18.420  0.00   2
   104539  40.274593 -124.515918    21.464    -1875.5    -1393.9      345.0      1.6      1.9      1.9 2020  3 15  0 55 54.180  0.00   2
   104540  40.275281 -124.515129    21.360    -1808.4    -1317.5      240.9      2.7      4.9      3.3 2020  3 19 13  2 23.120  0.00   2
   104541  40.274980 -124.516553    21.447    -1929.5    -1351.0      327.9      1.9      2.1      1.8 2020  4  4 12 55 14.960  0.00   2
   104542  40.268083 -124.514209    21.813    -1730.3    -2116.8      693.9      1.7      4.1      2.4 2020  8  9  3 24  1.340  0.00   2
   104543  40.276693 -124.515731    20.650    -1859.6    -1160.7     -468.8      4.9      8.9     11.2 2020  8  9  0  0 42.000  0.00   2
   104544  40.280221 -124.514673    22.033    -1769.6     -769.0      913.7      3.3      2.6      3.2 2020  9  6 19 15 19.420  0.00   2
   104545  40.259664 -124.513900    21.646    -1704.1    -3051.6      527.3      2.1      3.2      3.1 2020 11 20 23  5 37.000  0.00   2
   104546  40.274451 -124.514632    21.466    -1766.2    -1409.7      346.7      2.0      2.1      2.0 2020 12  8 19 50 59.440  0.00   2
   104547  40.276099 -124.515983    21.411    -1881.1    -1226.7      292.0      2.2      3.4      2.7 2021  1 13 20 27 55.860  0.00   2
   104548  40.275159 -124.515991    21.432    -1881.8    -1331.1      313.0      2.1      3.2      2.6 2021  1 23 18  7 58.980  0.00   2
   104549  40.267692 -124.518270    20.478    -2075.7    -2160.2     -641.0      6.3      9.9     19.2 2021  2  4  8  4  6.380  0.00   2
   104550  40.273022 -124.516187    21.530    -1898.4    -1568.3      411.5      1.9      2.7      1.3 2021  2  8 10 42 43.860  0.00   2
   104552  40.266288 -124.515975    22.276    -1880.5    -2316.1     1157.1      3.4      6.2      6.3 2021  4 28  9 56 53.160  0.00   2
   104555  40.271126 -124.515405    21.849    -1832.0    -1778.8      730.3      2.4      4.5      4.0 2021  8 13  3  3 14.280  0.00   2
   104557  40.275366 -124.516455    21.361    -1921.2    -1308.0      241.8      2.1      3.7      3.3 2021 10 13  0 11 57.860  0.00   2
   104558  40.270622 -124.514290    21.373    -1737.2    -1834.9      254.6      2.3      3.8      3.9 2021 10 15 23 36  0.100  0.00   2
   104561  40.273201 -124.514616    21.567    -1764.8    -1548.4      448.2      2.1      2.7      3.2 2021 12 21  4 11 42.460  0.00   2
   104562  40.272453 -124.515275    21.525    -1820.9    -1631.5      406.1      1.9      7.1      4.7 2021 12 21  5 27 13.340  0.00   2
   104563  40.273730 -124.514054    21.516    -1717.1    -1489.7      396.7      2.7      2.3      2.3 2021 12 21  9 54 44.140  0.00   2
   104565  40.273368 -124.516634    20.969    -1936.5    -1529.9     -150.3      3.3      2.9      8.8 2021 12 21 14 32 11.280  0.00   2
   104566  40.261784 -124.513900    21.968    -1704.1    -2816.2      849.3      2.4      6.8      3.5 2021 12 21  7 49 38.600  0.00   2
   104567  40.266272 -124.511466    21.301    -1497.1    -2317.9      182.1      2.1      2.3      2.6 2021 12 21  0 33 29.320  0.00   2
   104568  40.280351 -124.519539    21.530    -2183.4     -754.5      411.1      4.4     10.5      8.4 2021 12 21  1 47 47.320  0.00   2
   104570  40.274329 -124.514787    21.380    -1779.3    -1423.2      261.4      2.5      2.6      3.8 2021 12 30 17  2 59.560  0.00   2
   104571  40.269784 -124.516292    21.511    -1907.4    -1927.9      392.5      2.3      3.1      4.4 2022  5  5 19 58 40.140  0.00   2
   104572  40.273189 -124.515731    21.495    -1859.6    -1549.8      375.8      1.8      2.8      1.6 2022  8  5 21  2 56.680  0.00   2
   104573  40.275138 -124.516260    21.427    -1904.6    -1333.3      308.2      1.8      2.3      1.8 2022  8 29  3 47 27.200  0.00   2
   105449  40.294893 -124.436304    21.699     4894.4      860.3      580.4      2.2      5.0      5.2 2021  3 17 15 57 54.480  0.00   2
   105451  40.297221 -124.436947    21.116     4839.6     1118.7       -2.4      2.7      4.0      5.5 2021  5 17  6 50 19.300  0.00   2
   105452  40.293815 -124.436157    21.279     4906.9      740.5      160.6      2.6      2.3      2.6 2021  7  2 13 42 25.360  0.00   2
   105453  40.295593 -124.435986    21.234     4921.3      938.0      115.5      3.7      3.0      3.4 2021 12  8  7 47 53.400  0.00   2
   105454  40.294474 -124.436239    21.297     4899.9      813.7      178.5      2.4      2.4      3.0 2021 12 29  6  3 35.020  0.00   2
   105457  40.292688 -124.434481    21.361     5049.4      615.4      242.3      3.0      3.6      3.6 2022  1 23 11 56  1.960  0.00   2
   105458  40.294653 -124.437427    21.406     4798.9      833.6      287.3      3.0      2.7      3.5 2022  3  9  3 33  6.440  0.00   2
   106476  40.283744 -124.406803    18.984     7403.4     -377.7    -2135.1      3.4      4.9      4.1 2020  7 19 19 36 15.700  0.00   2
   106480  40.298055 -124.400252    20.130     7959.6     1211.3     -988.1      5.1      5.8      5.3 2021 12 23 18  0 27.860  0.00   2
   106481  40.281392 -124.407438    19.088     7349.5     -638.9    -2031.3      3.4      6.4      3.1 2021 12 25 23 44  7.480  0.00   2
   106485  40.284587 -124.407837    19.081     7315.5     -284.2    -2038.1      2.7      3.7      3.3 2022  9 22 22 11 56.160  0.00   2
   106486  40.284790 -124.406982    19.110     7388.1     -261.6    -2008.9      3.3      6.0      3.4 2022 10 11  2 56 24.700  0.00   2
   106878  40.281868 -124.505786    19.937    -1013.8     -586.0    -1181.9      3.4      3.2      2.6 2020  2 26 13  0  8.000  0.00   2
   106879  40.304472 -124.503589    20.350     -826.9     1923.9     -768.5      4.2      9.7      5.0 2020  4 14 23 52 17.340  0.00   2
   106880  40.280306 -124.507723    19.735    -1178.6     -759.5    -1383.6      2.9      2.8      2.5 2020  4 17 10 28 54.000  0.00   2
   106881  40.281030 -124.502954    19.627     -773.0     -679.1    -1491.8      2.5      3.2      3.1 2020  4 18 16 38 46.580  0.00   2
   106883  40.280469 -124.509058    19.956    -1292.1     -741.4    -1163.2      5.7      7.3      6.0 2021 10 23  3 13 39.120  0.00   2
   106884  40.280627 -124.505469    19.882     -986.9     -723.8    -1236.5      3.5      3.8      3.7 2021 11 22 21 22  8.420  0.00   2
   106885  40.280595 -124.503402    19.870     -811.1     -727.4    -1249.2      2.9      4.3      3.6 2021 11 23  2  3 16.160  0.00   2
   106886  40.281889 -124.507951    19.830    -1197.9     -583.8    -1289.3      3.3      2.7      3.5 2021 12 21  9  4 49.080  0.00   2
   106889  40.280526 -124.503337    19.649     -805.5     -735.1    -1470.3      3.3      4.0      3.8 2022  2  8 11  1 45.260  0.00   2
   106892  40.282463 -124.502140    19.787     -703.8     -520.0    -1331.6      2.4      3.8      3.0 2022  8  6 16 32 20.620  0.00   2
   107666  40.313676 -124.440063    19.183     4574.0     2945.9    -1935.6      3.3      5.3      4.2 2021  5 17  9 39 49.060  0.00   2
   107667  40.306323 -124.438664    19.352     4693.3     2129.4    -1767.3      2.9      6.5      3.2 2021  5 19 23 39 44.980  0.00   2
   107671  40.323006 -124.429045    19.890     5510.5     3981.9    -1229.1      3.4      6.2      2.9 2021 11 28 16 37 45.460  0.00   2
   107935  40.292086 -124.377979    19.986     9854.0      548.5    -1133.1      3.0      3.1      3.2 2021  3 29  4  0 27.680  0.00   2
   107939  40.280058 -124.356217    20.331    11705.4     -787.1     -787.6      3.2      4.2      1.8 2021  9 18  8 35 54.260  0.00   2
   107941  40.290328 -124.371143    20.113    10435.4      353.3    -1006.1      3.9      3.8      3.0 2021 12 20 21 56 11.700  0.00   2
   107943  40.292546 -124.377897    20.053     9860.9      599.6    -1065.9      2.2      2.9      2.6 2021 12 21  0 26 54.420  0.00   2
   107951  40.291821 -124.376603    19.984     9970.9      519.1    -1134.6      2.7      3.2      2.5 2022  1  3 23 35 36.380  0.00   2
   107952  40.292285 -124.375594    20.066    10056.7      570.7    -1053.3      2.0      4.5      1.9 2022  1 25  7 55 31.740  0.00   2
   107954  40.291447 -124.375472    20.248    10067.2      477.6     -870.6      2.4      3.1      1.9 2022  2  4 17 40 38.160  0.00   2
   107961  40.278377 -124.380705    20.234     9623.1     -973.7     -884.9      4.6      6.0      3.3 2022 10 29  4 15 37.520  0.00   2
   108411  40.317253 -124.469474    20.738     2073.5     3343.0     -381.0      3.1      5.5      3.6 2021  9  6  2 58 10.280  0.00   2
   108899  40.303247 -124.435132    18.886     4993.7     1787.9    -2232.4      2.1      3.1      2.5 2021 10 16 11  8 25.980  0.00   2
   109574  40.296350 -124.382235    19.179     9491.8     1022.0    -1939.4      3.6      5.0      3.9 2021 12 21 22  0 51.880  0.00   2
   109576  40.283655 -124.384928    18.897     9263.6     -387.7    -2222.3      4.5      6.2      4.3 2021 12 26 21 14 32.380  0.00   2
   109582  40.273588 -124.374894    19.346    10117.6    -1505.5    -1773.3      5.1      7.2      4.7 2022 11 22 14 25 33.480  0.00   2
   110142  40.294405 -124.437134    22.433     4823.8      806.1     1314.4      3.5      5.9      3.9 2021 12 22 19 22  7.720  0.00   2
   110143  40.292086 -124.439323    22.189     4637.7      548.5     1070.3      4.3      9.2      5.3 2021 12 23 20 38  9.420  0.00   2
   110147  40.283313 -124.446484    22.030     4029.0     -425.6      911.1      4.1      5.0      8.2 2022  1  5 17 45 31.500  0.00   2
   110148  40.296875 -124.428149    22.591     5587.6     1080.3     1472.4      3.8      5.7      3.6 2022  5  3  8 37 19.960  0.00   2
   110300  40.290979 -124.480534    25.908     1133.5      425.6     4789.2      4.1      9.0      4.7 2023  3  9 12 50 51.480  1.40   2
   110304  40.293730 -124.551497    23.178    -4900.6      731.1     2059.1      1.2      1.9      1.2 2022 12 25 19 40 29.680  3.05   2
   110318  40.282690 -124.470182    20.480     2013.8     -494.7     -639.3      1.4      1.8      1.9 2023  2 20 13 18  3.960  1.48   2
   110345  40.274923 -124.515967    21.446    -1879.7    -1357.3      327.1      1.6      1.9      1.8 2023  5 22  8 39 15.920  1.61   2
   110372  40.294576 -124.435002    21.258     5005.1      825.0      138.7      2.2      2.1      2.6 2023  4  3 12 14 40.520  1.28   2
   110403  40.284534 -124.408122    19.066     7291.2     -290.1    -2052.7      2.9      4.7      3.2 2023  4  4 17 32 14.460  1.08   2
   110420  40.280416 -124.507487    19.757    -1158.5     -747.3    -1361.5      2.4      2.6      2.3 2023  2 17 14 36 10.720  2.81   2
   110446  40.307463 -124.433512    18.981     5131.2     2256.0    -2138.3      2.7      3.4      2.7 2023  5 13  1 27 17.920  1.13   2
   110461  40.291524 -124.471704    21.078     1884.3      486.2      -41.0      2.4      4.6      2.6 2023  4  9 11 53 23.790  0.91   2
   110465  40.292631 -124.376302    20.038     9996.5      609.1    -1080.7      1.6      2.5      1.6 2022 12 20  3  6 59.620  0.86   2
   110500  40.306258 -124.478255    19.708     1327.1     2122.2    -1410.6      3.0      5.2      3.6 2023  4  9 13 30 46.380  0.65   2
   110565  40.303357 -124.445361    19.424     4123.9     1800.1    -1695.2      2.1      3.2      2.5 2023  4  9 10 26 54.540  2.63   2
   110648  40.282166 -124.378540    18.964     9806.9     -553.0    -2155.4      4.0      6.7      4.1 2023  3 14 15 58 42.040  1.17   2
   110734  40.293286 -124.439404    22.978     4630.8      681.8     1859.3      3.5      4.7      3.5 2023  3 12 13 22 24.330  1.69   2
   110741  40.298429 -124.450757    19.708     3665.3     1252.9    -1410.9      4.2      6.5      3.8 2023  3 13 12 14 24.190  0.90   2
   110742  40.308394 -124.527840    25.390    -2888.7     2359.4     4271.1      2.8      5.7      6.6 2023  3 22 16  0 16.820  1.31   2
