   106507  40.500012 -124.328890    19.851      101.4       14.0      -49.3     61.0     52.1     63.6 2020  2 19  1  2 53.940  0.00  22
   106508  40.499931 -124.330135    19.892       -4.1        5.0       -7.7     23.2     21.8     50.7 2020  9  1  2  9  2.720  0.00  22
   106517  40.500191 -124.328597    19.843      126.2       33.9      -57.1     63.1     58.2     67.5 2021  5  3 15 57 28.900  0.00  22
   106518  40.500094 -124.328955    19.934       95.9       23.0       33.7     71.0     49.2     71.3 2021  5 26  5 55 13.280  0.00  22
   106520  40.501501 -124.329622    20.212       39.3      179.4      312.2     82.2     75.0    110.5 2021 11 16  9 19 34.180  0.00  22
   106523  40.499695 -124.330070    19.897        1.4      -21.2       -3.1     37.5     32.9     24.3 2021 12 20 20 13 34.280  0.00  22
   106524  40.499923 -124.330127    19.906       -3.4        4.1        5.8     39.0     34.2     49.5 2021 12 20 23 36 10.800  0.00  22
   106527  40.499951 -124.330078    19.902        0.7        7.2        2.2     27.1     26.4     39.0 2021 12 21 16 55 43.720  0.00  22
   106529  40.499919 -124.329867    19.900       18.6        3.6       -0.0     30.3     18.4     26.8 2021 12 22 13 48 19.960  0.00  22
   106532  40.499959 -124.330005    19.902        6.9        8.1        1.9     25.4     24.0     35.1 2021 12 31 10 42 27.260  0.00  22
   106533  40.499797 -124.330306    19.897      -18.6       -9.9       -3.4     34.9     31.4     33.0 2021 12 31  3 37 56.200  0.00  22
   106534  40.499825 -124.330282    19.889      -16.6       -6.8      -10.6     35.1     31.6     48.7 2021 12 31 21 34 28.140  0.00  22
   106536  40.500016 -124.330151    19.900       -5.5       14.5        0.0     22.2     22.4     41.7 2022  1  9 11 45 39.380  0.00  22
   106539  40.499976 -124.330127    19.901       -3.4        9.9        1.0     20.3     17.2     35.6 2022  1 21 14 11  2.100  0.00  22
   106541  40.499906 -124.330184    19.903       -8.3        2.3        3.1     32.3     19.2     34.8 2022  2  4  4 18 16.160  0.00  22
   106542  40.499906 -124.330192    19.901       -9.0        2.3        0.9     28.6     21.5     36.9 2022  2 10  0 57 15.920  0.00  22
   106546  40.499854 -124.330143    19.894       -4.8       -3.6       -6.1     24.7     19.5     29.6 2022  2 18 16 18 39.800  0.00  22
   106549  40.499959 -124.330127    19.910       -3.4        8.1        9.6     31.9     28.8     40.9 2022  2 26  1 58 19.200  0.00  22
   106552  40.499967 -124.330176    19.915       -7.6        9.0       14.8     26.8     22.2     34.9 2022  3 10 21 16 10.420  0.00  22
   106557  40.500008 -124.330021    19.918        5.5       13.6       18.2     33.1     25.3     35.2 2022  4  6  3 51 39.260  0.00  22
   106560  40.499780 -124.330330    19.879      -20.7      -11.7      -20.8     47.3     30.4     41.0 2022  4 18  8  0 40.700  0.00  22
   106561  40.499797 -124.330046    19.880        3.4       -9.9      -20.1     25.9     18.5     28.0 2022  4 21  7 33 54.460  0.00  22
   106566  40.499902 -124.330037    19.897        4.1        1.8       -2.8     25.2     20.2     30.6 2022  5  5 21 18  3.760  0.00  22
   106567  40.499927 -124.330168    19.905       -6.9        4.5        4.9     24.4     20.4     35.0 2022  5  5 17 13 44.200  0.00  22
   106569  40.499984 -124.330094    19.915       -0.7       10.8       14.8     24.5     25.6     31.0 2022  5  7 12 38 39.640  0.00  22
   106570  40.499837 -124.330094    19.888       -0.7       -5.4      -11.6     22.8     18.8     29.8 2022  5  8  7 49 19.740  0.00  22
   106572  40.499878 -124.330046    19.894        3.4       -0.9       -6.5     21.8     17.4     27.7 2022  5 16  5 33 29.740  0.00  22
   106573  40.499858 -124.330029    19.897        4.8       -3.2       -3.2     25.7     21.1     29.5 2022  5 20 19 54 22.980  0.00  22
   106574  40.499784 -124.330208    19.901      -10.3      -11.3        1.4     38.2     27.4     33.9 2022  5 20 15 50 39.120  0.00  22
   106575  40.499801 -124.330021    19.877        5.5       -9.5      -23.3     28.4     22.0     35.4 2022  5 20 22 17 57.460  0.00  22
   106576  40.499898 -124.330143    19.902       -4.8        1.4        1.7     21.9     17.5     26.6 2022  5 20 18 39 27.940  0.00  22
   106579  40.499752 -124.330387    19.868      -25.5      -14.9      -31.7     39.8     35.2     58.8 2022  5 23 22 22 59.620  0.00  22
   106581  40.499740 -124.330054    19.880        2.8      -16.3      -19.6     29.8     30.7     33.3 2022  5 24 11 32  4.600  0.00  22
   106584  40.499829 -124.330127    19.890       -3.4       -6.3      -10.0     29.2     21.7     30.1 2022  6  6  1 43  9.260  0.00  22
   106585  40.499870 -124.329989    19.893        8.3       -1.8       -7.4     27.7     23.9     34.5 2022  6  8 21 52 21.420  0.00  22
   106586  40.499870 -124.330021    19.895        5.5       -1.8       -4.9     25.5     19.2     29.0 2022  6  8  8 31  1.680  0.00  22
   106591  40.500228 -124.328898    19.845      100.7       38.0      -55.3     83.3     70.2     85.5 2022  7  6 22 51 29.360  0.00  22
   106593  40.499849 -124.330029    19.890        4.8       -4.1      -10.5     36.8     27.6     39.6 2022  7 27 21  8 17.640  0.00  22
   106594  40.499955 -124.330265    19.913      -15.2        7.7       13.3     48.2     36.8     52.7 2022  8 22 16 15 52.900  0.00  22
   106599  40.500065 -124.329989    19.912        8.3       19.9       12.3     42.9     31.4     38.7 2022  9  4  8 51 58.480  0.00  22
   106601  40.500008 -124.330054    19.913        2.8       13.6       13.3     27.8     24.5     31.5 2022  9  7  3 58 19.820  0.00  22
   106603  40.499744 -124.330241    19.869      -13.1      -15.8      -30.7     24.7     30.7     44.4 2022  9 16 11 23 56.920  0.00  22
   106604  40.499801 -124.330233    19.903      -12.4       -9.5        3.4     36.6     26.1     33.3 2022  9 21 12 55 45.460  0.00  22
   106606  40.499723 -124.330444    19.876      -30.4      -18.1      -23.6     41.8     34.0     53.7 2022  9 30  2 48 59.280  0.00  22
   106607  40.499740 -124.330721    19.878      -53.8      -16.3      -22.3     50.9     38.8     56.6 2022 10  2 22 20 34.200  0.00  22
   106608  40.499817 -124.330200    19.896       -9.7       -7.7       -4.5     30.8     22.8     26.7 2022 10  9  3 35 32.100  0.00  22
   110407  40.499898 -124.330143    19.903       -4.8        1.4        2.6     24.1     18.3     29.6 2023  5 30  8 32 35.380  1.14  22
