   105485  40.698954 -124.201392    17.561      -50.2      -11.7       78.6      9.8      5.5      8.5 2020  2  5  5 58 25.560  0.00  53
   105487  40.699129 -124.200553    17.410       20.6        7.7      -72.5      9.7      6.0      5.3 2020  4 15  7 17 47.580  0.00  53
   105489  40.699308 -124.200252    17.470       46.1       27.6      -12.5      8.4      5.1     10.1 2020  9  1  3 23  1.060  0.00  53
   105491  40.699931 -124.196346    17.028      376.2       96.7     -454.6     11.7      3.8      8.9 2022  6 26  6 12 19.280  0.00  53
   105492  40.699443 -124.199902    17.382       75.7       42.5     -100.6      4.1      2.3      3.4 2022  9 22  6  0 32.400  0.00  53
   105493  40.699434 -124.199919    17.401       74.3       41.6      -81.9      4.0      2.5      3.6 2022  9 22  6  2 18.960  0.00  53
   105494  40.699556 -124.199967    17.392       70.2       55.1      -90.8      4.1      2.4      4.3 2022  9 22  7 21 46.180  0.00  53
   105495  40.699736 -124.199650    17.421       97.0       75.0      -61.4      4.1      3.9      5.7 2022  9 22 15 52 11.740  0.00  53
   105496  40.699552 -124.200065    17.378       61.9       54.7     -105.2      4.5      3.6      3.9 2022  9 23  7 36 42.680  0.00  53
   105498  40.699479 -124.200081    17.397       60.5       46.5      -86.1      4.2      1.9      3.4 2022  9 25 11 10 14.460  0.00  53
   105501  40.699520 -124.200220    17.356       48.8       51.1     -127.1      4.0      2.8      4.2 2022 10 26 12 52 38.720  0.00  53
   105502  40.699483 -124.199756    17.384       88.0       47.0      -98.4      4.9      2.5      3.3 2022 10 28 19 52 59.400  0.00  53
   105503  40.699483 -124.200244    17.380       46.8       47.0     -102.6      4.2      2.6      4.1 2022 10 28 19 54 10.800  0.00  53
   108833  40.723332 -124.236743    17.072    -3037.5     2695.3     -411.2     22.3      6.1     11.9 2020  7  7 22 53  4.560  0.00  53
   108870  40.673519 -124.176302    17.814     2070.7    -2836.3      331.2     14.6      4.7      9.5 2021  3 19  7  6 30.900  0.00  53
   108873  40.674406 -124.167041    18.626     2853.5    -2737.8     1143.2     18.2      5.3     12.2 2022  9 22 18 46  5.320  0.00  53
   110375  40.699308 -124.199585    17.430      102.5       27.6      -52.5      4.1      2.5      3.2 2023  4 18 21 27 56.500  2.49  53
   110555  40.722823 -124.234806    17.699    -2873.8     2638.8      216.1     22.9      6.1     11.9 2023  5  5 10 40  9.930  1.00  53
   110562  40.672030 -124.173730    18.932     2288.1    -3001.7     1449.7     14.8      4.7     10.7 2023  2  1  1 28 26.490  1.31  53
   110714  40.704110 -124.194637    17.897      520.6      560.8      414.7      4.4      3.3      4.1 2023  1  6 12 27 19.440  3.44  53
