   108277  40.351192 -124.441455    23.916       -4.8       11.3        5.6    284.0    402.0    294.1 2020  4  4 18 49  5.200  0.00  48
   108278  40.350830 -124.441211    23.898       15.9      -28.9      -11.9    317.4    456.8    420.3 2020  4 26 15 58  8.820  0.00  48
   108285  40.350643 -124.441260    23.891       11.8      -49.7      -19.1    364.8    530.7    454.1 2020 12  3 22 40 43.620  0.00  48
   108286  40.350704 -124.441227    23.893       14.5      -42.9      -16.5    318.0    458.8    406.8 2021  3  7  5  2 46.960  0.00  48
   108287  40.350798 -124.441284    23.900        9.7      -32.5      -10.2    276.4    432.5    360.7 2021  3 20 23 16 13.640  0.00  48
   108291  40.350667 -124.441211    23.898       15.9      -47.0      -12.3    320.8    512.7    458.4 2021 10 30  8 35 33.380  0.00  48
   108292  40.350989 -124.441357    23.908        3.5      -11.3       -2.3    216.1    358.9    279.3 2021 11 23  8 36 50.640  0.00  48
   108294  40.350346 -124.441154    23.891       20.7      -82.7      -18.8    392.8    697.7    561.9 2021 11 24 17  1 30.540  0.00  48
   108296  40.351107 -124.441357    23.910        3.5        1.8        0.1    256.3    388.9    277.4 2021 11 26 13 39 40.880  0.00  48
   108298  40.350321 -124.440959    23.890       37.3      -85.4      -20.2    448.3    692.0    651.4 2021 11 30 11 29  7.980  0.00  48
   108300  40.352067 -124.441610    23.963      -18.0      108.4       53.2    458.3    742.4    502.9 2021 12 20 20 51 25.720  0.00  48
   108306  40.352104 -124.441976    23.982      -49.1      112.5       71.6    541.4    729.2    524.6 2021 12 21 11 23 53.660  0.00  48
   108307  40.351062 -124.441390    23.908        0.7       -3.2       -1.8    189.2    324.5    229.3 2021 12 24 16 55 56.640  0.00  48
   108309  40.351147 -124.441390    23.913        0.7        6.3        3.2    219.4    363.2    272.0 2022  1  3 21 39 26.840  0.00  48
   108310  40.351062 -124.441341    23.911        4.8       -3.2        0.9    256.0    363.0    293.6 2022  1  7 23 16 41.000  0.00  48
   108311  40.351168 -124.441431    23.914       -2.8        8.6        4.3    263.7    406.9    294.3 2022  1 17  6  4 37.860  0.00  48
   108313  40.351111 -124.441414    23.911       -1.4        2.3        0.9    221.1    357.2    258.7 2022  2  1  3 38 46.820  0.00  48
   108314  40.351054 -124.441423    23.909       -2.1       -4.1       -1.2    260.1    407.4    266.2 2022  2 12 15 14 50.440  0.00  48
   108315  40.351127 -124.441390    23.911        0.7        4.1        1.5    228.0    370.5    265.5 2022  3 14 17 54 18.940  0.00  48
   108318  40.351233 -124.441366    23.915        2.8       15.8        5.3    172.1    393.0    266.4 2022  3 25 11 39  6.360  0.00  48
   108320  40.350761 -124.441170    23.894       19.4      -36.6      -16.1    339.3    488.6    439.4 2022  5 24  3 56 56.760  0.00  48
   108321  40.351131 -124.441398    23.911        0.0        4.5        1.5    244.0    389.2    274.4 2022  6  2 23 18  2.840  0.00  48
   108324  40.351115 -124.441390    23.912        0.7        2.7        2.2    256.3    400.4    292.7 2022  9  1 16 10 18.720  0.00  48
   108325  40.350529 -124.441138    23.895       22.1      -62.4      -14.7    355.3    584.4    523.0 2022 10 16 16 42 42.900  0.00  48
   110491  40.351172 -124.441439    23.910       -3.5        9.0        0.3    225.0    359.9    306.8 2023  4  1 22 38 24.960  0.87  48
