   103299  40.305481 -124.440454    16.083     -290.6     1140.4     4778.3      4.5      9.1      5.3 2020  1 11  8  9 53.220  0.00   3
   103302  40.318095 -124.438118    16.218      -92.0     2541.1     4913.9      7.3     11.2      6.7 2020  6 20  1 12  2.720  0.00   3
   103304  40.282031 -124.451294    13.714    -1212.4    -1463.5     2409.8      4.6     10.6      5.0 2021  9  3 16 25 22.980  0.00   3
   103305  40.306860 -124.441423    16.276     -372.9     1293.6     4971.9      4.8      9.5      6.6 2021 10 26 20 14 25.640  0.00   3
   103306  40.310221 -124.440625    16.659     -305.1     1666.8     5354.6      5.3     10.4      6.8 2021 11 29  3 55 54.720  0.00   3
   103308  40.292843 -124.449683    14.550    -1075.3     -263.0     3245.7      4.6      9.4      6.4 2022  1 17  0 41 16.960  0.00   3
   103309  40.295064 -124.443774    15.653     -572.9      -16.3     4348.3      5.3     12.1      6.1 2022  4 21 18 50  2.480  0.00   3
   103310  40.295553 -124.450122    15.035    -1112.6       38.0     3731.1      3.4      7.9      4.5 2022  6 13 23 51 29.320  0.00   3
   104529  40.272685 -124.451310    14.221    -1213.9    -2501.3     2917.2      3.2      5.8      4.9 2020  3 14  9  6 38.520  0.00   3
   104530  40.266341 -124.449821    14.752    -1087.3    -3205.7     3448.3      3.0      4.5      3.5 2020  7  5  7 46  8.620  0.00   3
   104531  40.292851 -124.451066    15.487    -1192.9     -262.1     4182.4      5.9      9.1      6.8 2021  6 10 16  5 44.680  0.00   3
   104533  40.271741 -124.452051    14.268    -1276.8    -2606.1     2964.2      1.8      4.0      3.2 2022  4 17 20 31 47.720  0.00   3
   104534  40.274093 -124.452946    14.756    -1352.9    -2345.0     3451.3      2.9     10.1      4.4 2022  5 15  1 35 15.920  0.00   3
   104535  40.294621 -124.449048    15.311    -1021.3      -65.5     4007.1      5.4      8.2      6.4 2022  9 24 21 28 45.640  0.00   3
   104693  40.292843 -124.468579     7.043    -2682.0     -263.0    -4261.0      3.2     12.1      8.6 2020  1 24  1 39  2.400  0.00   3
   104694  40.294958 -124.467578     7.929    -2596.8      -28.0    -3375.4      3.1      6.0      4.5 2020  2 21  1 12  7.100  0.00   3
   104696  40.283333 -124.464893    11.811    -2368.7    -1318.9      506.8      5.6     12.5     10.7 2021  1  1 15 20 43.060  0.00   3
   104698  40.293225 -124.469059     7.993    -2722.8     -220.5    -3311.1      3.2      7.4      4.9 2021  5 16  2 25 38.800  0.00   3
   104703  40.301542 -124.464657     8.426    -2348.3      703.0    -2878.3      3.4      7.2      6.0 2021  9 20 16 48 26.020  0.00   3
   104712  40.293848 -124.466724     7.896    -2524.2     -151.4    -3408.5      2.8      6.7      6.8 2022  8  6  8 20 30.200  0.00   3
   104713  40.292582 -124.466504     8.732    -2505.5     -291.9    -2572.6      2.5      9.9      4.6 2022  8  7  0 51 52.880  0.00   3
   104715  40.300342 -124.466992     8.483    -2546.9      569.8    -2821.0      3.4     10.0      7.2 2022  9 22  7  9 12.140  0.00   3
   104895  40.291288 -124.433586    10.430      293.4     -435.6     -874.4      3.4      7.0      5.3 2021  1  2 20 59 55.420  0.00   3
   104900  40.292065 -124.435791     9.467      105.9     -349.3    -1837.7      3.0      7.8      4.3 2022  6 30 13 34 13.920  0.00   3
   105395  40.288851 -124.476164     9.954    -3327.0     -706.2    -1350.1      2.0      7.9      5.4 2020  2 27  1 53 26.280  0.00   3
   105396  40.289278 -124.475960     9.964    -3309.7     -658.8    -1340.2      2.6      7.6      5.5 2020  2 27  1  4 58.680  0.00   3
   105401  40.290299 -124.475708     9.981    -3288.2     -545.4    -1323.6      3.1      8.5      4.6 2021  5 27 20 55 42.820  0.00   3
   105402  40.288375 -124.475521     9.855    -3272.3     -759.1    -1449.1      3.1      9.8      5.1 2021 11  2 18 31 25.320  0.00   3
   105405  40.292289 -124.476261     9.914    -3335.2     -324.4    -1390.1      3.8      8.7      5.7 2022  2  5 14  9 41.840  0.00   3
   105567  40.295817 -124.410303     9.113     2273.0       67.3    -2191.0      1.2      3.6      2.1 2020  2  6 20  4 39.780  0.00   3
   105568  40.295890 -124.410303     9.115     2273.0       75.5    -2189.3      1.6      3.5      2.6 2020  2  6 12 55 50.160  0.00   3
   105573  40.295846 -124.410327     9.114     2270.9       70.5    -2189.8      1.3      3.6      2.1 2020  2  6  9 49 16.800  0.00   3
   105578  40.295825 -124.410164     9.098     2284.8       68.2    -2205.8      1.6      2.3      1.8 2020  2  6  8 23 41.280  0.00   3
   105580  40.295723 -124.410189     9.096     2282.7       56.9    -2208.0      1.5      3.9      1.9 2020  2  6  8 22 33.120  0.00   3
   105582  40.296073 -124.410189     9.160     2282.7       95.8    -2144.5      2.4      4.0      3.1 2020  2  6  9 57 11.480  0.00   3
   105583  40.295711 -124.410343     9.113     2269.5       55.6    -2191.5      1.1      2.6      1.5 2020  2  6  8 34 54.000  0.00   3
   105586  40.296200 -124.410173     9.143     2284.1      109.8    -2160.8      2.1      4.4      3.0 2020  2  6 12  3  0.260  0.00   3
   105587  40.295874 -124.410067     9.079     2293.1       73.6    -2225.6      1.6      3.8      2.4 2020  2  6  9 41 35.420  0.00   3
   105589  40.295846 -124.410278     9.108     2275.1       70.5    -2196.3      1.5      3.3      2.1 2020  2  6  8 20 25.240  0.00   3
   105590  40.295951 -124.410221     9.156     2279.9       82.2    -2148.4      2.2      3.9      3.0 2020  2  6 10  7 53.040  0.00   3
   105591  40.296228 -124.410392     9.076     2265.4      113.0    -2228.4      2.2      5.2      3.1 2020  2  6 15 55 41.420  0.00   3
   105592  40.295536 -124.410384     9.084     2266.1       36.1    -2219.7      2.2      5.1      3.4 2020  2  6  9 51 27.520  0.00   3
   105594  40.295178 -124.411759     8.659     2149.2       -3.6    -2644.7      3.4     10.5      4.9 2020  2  6  9 27 33.820  0.00   3
   105597  40.295642 -124.410400     9.086     2264.7       47.9    -2218.5      2.2      4.9      2.9 2020  2  6  8 53 42.040  0.00   3
   105604  40.295789 -124.410327     9.108     2270.9       64.2    -2196.1      1.2      2.9      1.6 2020  2  7  7 15 45.340  0.00   3
   105609  40.295841 -124.410099     9.078     2290.3       70.0    -2226.4      1.7      3.3      2.7 2020  4 19 12 52 19.420  0.00   3
   105610  40.296204 -124.410384     9.074     2266.1      110.2    -2229.9      2.3      5.0      3.1 2020  4 30  7 39 39.040  0.00   3
   105616  40.295964 -124.410262     9.106     2276.5       83.6    -2198.0      1.5      4.2      2.0 2020  8  4  3 15 29.880  0.00   3
   105617  40.296045 -124.410311     9.116     2272.3       92.6    -2188.6      1.4      3.6      2.1 2020  8  4  3 11 39.640  0.00   3
   105625  40.295821 -124.410360     9.117     2268.2       67.8    -2187.6      1.5      4.3      2.5 2020 10  5 20  6 31.680  0.00   3
   105626  40.295862 -124.410295     9.113     2273.7       72.3    -2190.9      1.7      3.6      2.2 2020 10 17 13 13 57.540  0.00   3
   105632  40.296529 -124.410767     8.956     2233.5      146.4    -2348.5      4.4      8.8      7.4 2020 11  6  0 35 33.340  0.00   3
   105636  40.296297 -124.410319     9.044     2271.6      120.6    -2260.6      1.3      3.1      2.8 2020 11 22 18 48 25.880  0.00   3
   105639  40.296179 -124.410319     9.111     2271.6      107.5    -2192.8      1.9      3.9      2.9 2021  1  8  0  5 36.980  0.00   3
   105643  40.295589 -124.410303     9.106     2273.0       42.0    -2198.6      1.4      3.5      2.1 2021  1 14 18  3 40.280  0.00   3
   105647  40.295239 -124.410335     9.121     2270.2        3.2    -2183.4      1.6      4.9      2.1 2021  4  5  1 28  0.080  0.00   3
   105651  40.295903 -124.410213     9.083     2280.6       76.8    -2221.0      1.4      3.5      2.9 2021  4 25 19 33 56.380  0.00   3
   105652  40.296041 -124.410352     9.106     2268.8       92.2    -2198.3      1.7      5.1      2.0 2021  4 25 21 29  3.360  0.00   3
   105653  40.295723 -124.410368     9.102     2267.5       56.9    -2202.4      1.7      4.3      2.1 2021  4 25 19 57 12.780  0.00   3
   105655  40.295878 -124.410246     9.096     2277.8       74.1    -2208.6      1.4      3.5      1.9 2021  6 18  6 16 35.580  0.00   3
   105657  40.296208 -124.410433     9.097     2261.9      110.7    -2207.1      1.5      3.6      2.2 2021  8 11  0 30 31.640  0.00   3
   105659  40.295972 -124.410099     9.097     2290.3       84.5    -2206.9      1.5      3.7      2.2 2021  8 18  4 22 52.080  0.00   3
   105660  40.295866 -124.410205     9.084     2281.3       72.7    -2220.2      1.3      2.9      2.6 2021  8 29 18  9 38.000  0.00   3
   105663  40.295882 -124.410457     9.063     2259.9       74.6    -2241.1      2.0      5.3      3.4 2021  9 23 10 13 37.280  0.00   3
   105664  40.295935 -124.410262     9.103     2276.5       80.4    -2201.0      1.2      3.3      1.3 2021 10  8 15 58 36.020  0.00   3
   105669  40.295931 -124.410400     9.107     2264.7       80.0    -2197.6      1.1      3.2      1.6 2022  1  7 21 32 16.160  0.00   3
   105670  40.295520 -124.410303     9.114     2273.0       34.3    -2190.4      1.2      4.5      2.0 2022  1 29 22 57 58.940  0.00   3
   105671  40.295630 -124.410164     9.099     2284.8       46.5    -2205.1      1.2      5.1      1.8 2022  1 29 22 56 14.480  0.00   3
   105672  40.295532 -124.409993     9.096     2299.3       35.7    -2207.7      1.7      5.3      2.6 2022  2 19 21 35 38.840  0.00   3
   105673  40.295675 -124.410319     9.114     2271.6       51.5    -2190.3      1.3      4.1      2.1 2022  2 19 23 16 35.580  0.00   3
   105679  40.295935 -124.410246     9.102     2277.8       80.4    -2202.0      1.0      2.5      1.6 2022  4 25 10 16 52.960  0.00   3
   105680  40.295903 -124.410278     9.116     2275.1       76.8    -2188.3      1.5      3.2      2.5 2022  4 25  7 10 34.500  0.00   3
   105681  40.295968 -124.410335     9.111     2270.2       84.0    -2193.3      1.5      2.3      2.1 2022  4 25  7 16 11.420  0.00   3
   105684  40.295809 -124.410164     9.088     2284.8       66.4    -2216.2      1.2      3.0      2.4 2022  8 10 20 46 20.420  0.00   3
   105685  40.295789 -124.410221     9.090     2279.9       64.2    -2213.8      1.1      3.6      1.9 2022  9  2 17 54  0.080  0.00   3
   105686  40.295858 -124.410116     9.070     2288.9       71.8    -2234.3      1.9      4.3      3.8 2022  9 11  2 28 21.580  0.00   3
   105687  40.295862 -124.410124     9.085     2288.2       72.3    -2219.6      1.7      3.4      2.6 2022  9 11 12 26 35.060  0.00   3
   105688  40.295931 -124.410262     9.117     2276.5       80.0    -2187.0      1.6      4.2      2.6 2022  9 11  3 24  6.220  0.00   3
   105690  40.295833 -124.410303     9.111     2273.0       69.1    -2193.0      1.3      3.8      2.1 2022  9 24 15 21 42.660  0.00   3
   105691  40.295776 -124.410262     9.109     2276.5       62.8    -2194.9      1.1      2.3      1.7 2022  9 24 15 21 16.720  0.00   3
   105692  40.295801 -124.410343     9.120     2269.5       65.5    -2184.6      1.3      3.0      2.1 2022  9 24 21 44  3.460  0.00   3
   105694  40.295829 -124.410002     9.086     2298.6       68.7    -2218.0      1.4      3.7      2.0 2022 11  8 22 47 56.820  0.00   3
   105696  40.295801 -124.410189     9.094     2282.7       65.5    -2210.6      1.0      3.5      1.8 2022 11  8 17 35  8.240  0.00   3
   105697  40.295768 -124.410319     9.129     2271.6       61.9    -2174.8      1.4      2.3      2.2 2022 11  8 18 59 51.840  0.00   3
   105699  40.295736 -124.410238     9.112     2278.5       58.3    -2192.5      1.5      3.1      2.0 2022 11  9 12 22 28.280  0.00   3
   105700  40.295768 -124.410099     9.102     2290.3       61.9    -2202.1      1.2      2.5      1.5 2022 11 11  1 39  8.080  0.00   3
   105703  40.296208 -124.410238     9.145     2278.5      110.7    -2159.3      2.0      2.8      2.8 2022 11 19  3  3  9.960  0.00   3
   105704  40.295947 -124.410002     9.091     2298.6       81.8    -2213.2      1.3      2.6      1.7 2022 11 26 18 35 17.380  0.00   3
   105968  40.292053 -124.482609     8.785    -3874.9     -350.6    -2518.8      1.5      4.5      3.2 2020  7 20 10 55 41.360  0.00   3
   105969  40.291927 -124.482430     8.790    -3859.7     -364.6    -2514.3      1.7      4.6      3.8 2020  7 21  9 15 14.060  0.00   3
   105970  40.291821 -124.482764     8.805    -3888.1     -376.4    -2499.4      2.0      4.3      3.7 2020  7 21 21 15 11.400  0.00   3
   105971  40.291931 -124.482113     8.784    -3832.7     -364.2    -2520.1      2.0      5.9      4.8 2020  7 21 17 28  7.260  0.00   3
   105972  40.293225 -124.482349     8.602    -3852.8     -220.5    -2702.5      2.7      5.3      6.4 2020  7 23  2 34 15.900  0.00   3
   105974  40.291984 -124.482406     8.817    -3857.6     -358.3    -2486.9      1.7      5.9      3.7 2020  9 13  2 27 30.260  0.00   3
   105980  40.292037 -124.482056     8.818    -3827.9     -352.4    -2486.4      1.9      5.6      4.0 2021  4 30 22 52 27.680  0.00   3
   105981  40.284237 -124.485661     7.493    -4134.6    -1218.6    -3811.2      4.3     20.0      7.1 2021  5 18 18 56 59.020  0.00   3
   105983  40.293709 -124.481982     8.814    -3821.6     -166.7    -2490.2      2.8      7.6      5.0 2021  7 16 12 23  3.900  0.00   3
   105985  40.293949 -124.482992     8.683    -3907.4     -140.1    -2621.5      2.0      9.6      4.1 2022  2 19 13 54 44.280  0.00   3
   105992  40.292753 -124.481885     8.755    -3813.3     -272.9    -2549.1      1.8      6.6      3.5 2022  4 15  0 12 22.780  0.00   3
   105994  40.293172 -124.482340     8.631    -3852.1     -226.4    -2673.0      2.3      4.0      5.2 2022  6 13  7  3 31.880  0.00   3
   106894  40.299443 -124.453646    12.682    -1412.2      469.9     1377.9      2.1      9.3      3.9 2020  3  9 15 21  5.000  0.00   3
   106901  40.300867 -124.452653    12.999    -1327.8      628.0     1694.3      2.0      7.8      3.7 2021  6  6  1 39 40.840  0.00   3
   106903  40.300806 -124.452677    12.994    -1329.8      621.3     1689.3      2.0      7.8      3.7 2022  1 24  1 49 57.800  0.00   3
   106905  40.303092 -124.452710    13.034    -1332.6      875.2     1729.7      2.7     12.2      6.7 2022  9  3 12  2 18.720  0.00   3
   106906  40.300444 -124.452588    12.854    -1322.2      581.0     1549.5      1.6      2.9      2.5 2022 11 15 19 56 24.360  0.00   3
   107733  40.301900 -124.437834    14.391      -67.8      742.8     3087.1      1.8      4.6      2.9 2020  7 29 15 46 20.300  0.00   3
   107735  40.301624 -124.437142    14.415       -9.0      712.1     3111.0      1.9      3.3      3.0 2020  9  4  2 42 39.160  0.00   3
   107737  40.302197 -124.437183    14.370      -12.5      775.8     3065.6      2.2      3.8      2.9 2020  9 16  7 22  8.180  0.00   3
   107742  40.301233 -124.438005    14.192      -82.3      668.7     2888.3      2.5      3.7      6.5 2021  1 21 15  1 43.620  0.00   3
   107743  40.301652 -124.436987    14.393        4.2      715.2     3088.8      2.1      2.9      3.6 2021  2 10  9 13 35.100  0.00   3
   107745  40.301750 -124.437150    14.400       -9.7      726.1     3095.7      1.8      3.2      2.4 2021  5  2 16 32  4.860  0.00   3
   107747  40.301367 -124.438062    14.415      -87.2      683.6     3110.6      2.5      2.7      3.0 2021  6 19  9  7 31.460  0.00   3
   107749  40.301408 -124.437655    14.419      -52.6      688.1     3114.8      1.9      2.6      2.5 2021  8  4 16 55 19.760  0.00   3
   107750  40.301770 -124.436963    14.400        6.2      728.3     3095.9      2.3      3.5      3.9 2021  8  5 13 56 27.560  0.00   3
   107751  40.301449 -124.437809    14.392      -65.7      692.6     3088.1      2.4      3.9      3.1 2021 10  4 13 30 54.640  0.00   3
   107754  40.300562 -124.438151    14.373      -94.8      594.1     3068.6      2.4      5.1      2.7 2021 11 29 17 37 32.460  0.00   3
   107755  40.301689 -124.437467    14.381      -36.7      719.3     3077.2      1.6      2.4      2.8 2021 12 26  7 17 50.120  0.00   3
   107756  40.302116 -124.437028    14.379        0.7      766.7     3074.6      2.3      3.4      3.1 2021 12 28 17 48 55.620  0.00   3
   107758  40.298307 -124.438135    14.275      -93.4      343.8     2970.9      3.3      7.2      4.9 2022  1 22  0  4 57.400  0.00   3
   107760  40.301160 -124.436312    14.533       61.6      660.6     3229.0      3.1      5.7      6.0 2022  2  4 23 36 48.780  0.00   3
   107761  40.301754 -124.437923    14.367      -75.4      726.5     3063.0      2.4      4.0      3.2 2022  2 10 11 52 51.360  0.00   3
   107764  40.301477 -124.437004    14.425        2.8      695.8     3121.1      2.0      3.2      3.0 2022  3 20 23 32 39.400  0.00   3
   107766  40.301204 -124.437622    14.361      -49.8      665.5     3056.3      2.9      4.6      4.2 2022  3 28  2 57 46.540  0.00   3
   107767  40.301896 -124.437573    14.346      -45.7      742.3     3041.8      2.3      3.1      3.9 2022  4  2 10 43 37.000  0.00   3
   107769  40.300155 -124.438306    14.319     -107.9      549.0     3014.7      2.8      6.4      5.1 2022  4 28 17 13  7.820  0.00   3
   107770  40.301530 -124.437500    14.429      -39.4      701.7     3124.6      1.6      3.6      2.8 2022  5 13  1 16 48.300  0.00   3
   107772  40.301855 -124.436247    14.412       67.1      737.8     3107.4      2.7      3.2      3.4 2022  5 21 13 41 32.340  0.00   3
   107773  40.302002 -124.437459    14.369      -36.0      754.1     3064.7      2.0      3.7      3.4 2022  5 22 19 28 25.500  0.00   3
   107774  40.301770 -124.436328    14.432       60.2      728.3     3128.2      3.0      3.6      3.7 2022  6 11 12 56  1.180  0.00   3
   107778  40.301591 -124.436418    14.436       52.6      708.5     3132.2      2.9      3.8      4.3 2022  7  7 10 44 49.700  0.00   3
   107780  40.301681 -124.437712    14.364      -57.4      718.4     3059.5      2.4      3.4      3.4 2022  7 10 20 40 42.680  0.00   3
   107781  40.301412 -124.437549    14.464      -43.6      688.6     3160.1      2.7      3.2      4.4 2022  7 17 22  5 39.680  0.00   3
   107782  40.301477 -124.437516    14.408      -40.8      695.8     3103.4      2.0      2.9      3.1 2022  7 26 21 59  5.840  0.00   3
   107785  40.302067 -124.437801    14.345      -65.0      761.3     3040.6      2.4      4.1      4.2 2022  8  7  7 26 12.620  0.00   3
   107786  40.301241 -124.437956    14.430      -78.2      669.6     3125.9      2.4      2.9      3.2 2022  8  9  3 28 29.720  0.00   3
   107788  40.298100 -124.434261    14.870      235.9      320.8     3566.0      3.5      6.7      8.7 2022  8 14 16 35 40.980  0.00   3
   107792  40.306844 -124.438957    14.264     -163.3     1291.8     2959.5      3.4      8.7      4.6 2022  8 30 14  2  1.080  0.00   3
   107793  40.301420 -124.437931    14.378      -76.1      689.5     3073.5      2.3      3.0      3.0 2022  9  6 17 29 43.260  0.00   3
   107795  40.301937 -124.437004    14.396        2.8      746.9     3091.9      2.0      3.6      2.7 2022 10  6  1 28  7.480  0.00   3
   107796  40.301827 -124.437248    14.384      -18.0      734.7     3079.4      1.7      2.6      2.6 2022 10 21 12 57 48.880  0.00   3
   107797  40.301892 -124.437142    14.378       -9.0      741.9     3073.6      1.9      2.8      2.7 2022 10 30  5  0 39.040  0.00   3
   107798  40.291614 -124.437012    14.852        2.1     -399.4     3547.9      4.3      6.3     10.5 2022 11  2 11  0 10.360  0.00   3
   107799  40.300993 -124.437419    14.478      -32.5      642.0     3173.3      2.7      3.9      4.4 2022 11  5 13 55 55.220  0.00   3
   107804  40.301424 -124.437533    14.405      -42.2      689.9     3100.6      1.9      2.6      3.0 2022 11 29  6 33  6.480  0.00   3
   108087  40.302677 -124.449780     8.932    -1083.5      829.1    -2372.3      6.5     15.1     10.5 2020 11  2 19 25 14.760  0.00   3
   108098  40.300273 -124.451050     8.850    -1191.5      562.1    -2454.5      3.8      6.4      7.3 2022  7 31  9  3 31.640  0.00   3
   108101  40.298865 -124.451400     8.620    -1221.2      405.7    -2684.5      3.2      7.6      6.3 2022  9 21 11  5 36.240  0.00   3
   108715  40.305998 -124.440316    11.286     -278.8     1197.8      -17.7      3.3      7.5      5.3 2020  6  7 18 13 58.060  0.00   3
   108716  40.302620 -124.443490    11.287     -548.7      822.8      -17.5      2.9      6.0      5.3 2020  8 14 12 38 33.660  0.00   3
   108717  40.298376 -124.442220    11.817     -440.8      351.5      512.3      2.5      4.1      4.7 2021  5 18 12  5 50.720  0.00   3
   108718  40.305416 -124.442594    11.140     -472.6     1133.2     -164.4      3.4      7.5      7.3 2021  7 18 19 18 32.920  0.00   3
   108719  40.288118 -124.441211    12.197     -355.0     -787.5      892.4      3.8      7.7      4.8 2022  2  3  9 12 34.820  0.00   3
   108720  40.303764 -124.442993    11.180     -506.5      949.7     -124.2      3.2      8.6      5.0 2022 11 14  0 20 45.400  0.00   3
   108721  40.304358 -124.439233    11.510     -186.8     1015.7      205.5      2.8      6.2      4.3 2022 11 15  3 39 49.740  0.00   3
   108722  40.302397 -124.442855    11.604     -494.7      797.9      300.1      4.7      8.6      5.1 2022 11 15  3 35 34.140  0.00   3
   108734  40.303935 -124.430916     8.774      520.3      968.7    -2530.6      5.1      8.7      7.7 2020  6 14  9 19 55.660  0.00   3
   108737  40.306502 -124.431730     8.756      451.1     1253.8    -2547.8      2.5      7.9      4.3 2021  7  3  4  9  4.600  0.00   3
   108740  40.308533 -124.431738     8.676      450.4     1479.3    -2628.3      2.1      5.1      3.3 2021  8 20 23 51  4.580  0.00   3
   108741  40.308293 -124.432048     8.719      424.1     1452.6    -2585.0      2.2      5.2      3.3 2021  8 20 17 34 19.920  0.00   3
   108742  40.306474 -124.431771     8.756      447.6     1250.7    -2547.8      2.7      8.8      4.3 2021  8 20 21 38  4.660  0.00   3
   108745  40.308606 -124.431844     8.651      441.4     1487.4    -2653.1      2.5      6.4      3.6 2021  8 22 13  1 31.960  0.00   3
   108746  40.315658 -124.437240     6.747      -17.3     2270.4    -4557.2      4.2      8.1      7.2 2021  9 20 22 54 47.060  0.00   3
   108747  40.310824 -124.432039     8.524      424.8     1733.7    -2780.1      2.8      8.4      5.5 2021 11 29 10 57 42.520  0.00   3
   108748  40.306462 -124.431722     8.759      451.8     1249.3    -2544.9      2.6      7.9      4.4 2021 11 29 19 42  7.460  0.00   3
   108906  40.271659 -124.492562     8.838    -4721.9    -2615.2    -2465.8      3.4     11.6      6.6 2020 11 25  7 46 37.480  0.00   3
   108908  40.276314 -124.492603     9.048    -4725.2    -2098.3    -2256.5      3.1     10.1      6.1 2022  9  2 10 39  0.760  0.00   3
   108911  40.274825 -124.493473     8.694    -4799.3    -2263.6    -2610.3      2.5      9.5      4.8 2022  9  3  0 18  5.460  0.00   3
   109091  40.279724 -124.404419    14.000     2773.6    -1719.6     2695.8      3.0      4.9      5.0 2021  1  4 22  6 23.820  0.00   3
   109092  40.280884 -124.403385    13.964     2861.5    -1590.9     2660.3      2.3      3.6      4.8 2021  1 23 22 32 45.160  0.00   3
   109093  40.282389 -124.403654    13.902     2838.6    -1423.7     2597.7      2.5      3.8      3.2 2021  5 29 22  7 48.900  0.00   3
   109094  40.282434 -124.403597    13.901     2843.4    -1418.7     2596.8      2.6      4.1      3.5 2021 12  5 19 33 15.380  0.00   3
   109634  40.303052 -124.445215    16.596     -695.4      870.7     5292.2      5.2     11.4      7.0 2021  8 20 12 43  0.920  0.00   3
   109759  40.288798 -124.479508    17.226    -3611.4     -712.1     5921.4      2.8      8.5      4.6 2021  9 15 12 25 18.520  0.00   3
   109760  40.274569 -124.484033    15.732    -3996.5    -2292.1     4427.6      3.9      8.2      4.4 2021  9 17 18 39 17.700  0.00   3
   109763  40.271651 -124.480021    15.732    -3655.4    -2616.1     4428.2      2.3     16.4      4.7 2021 11  6 13  8 56.220  0.00   3
   109764  40.275049 -124.481160    15.848    -3752.2    -2238.8     4543.7      2.7      4.9      4.2 2021 11 19 21 25 30.120  0.00   3
   109765  40.287496 -124.477498    17.250    -3440.5     -856.7     5946.2      2.2      7.8      2.8 2022  7 10 23 46 28.140  0.00   3
   109766  40.287695 -124.477539    17.264    -3444.0     -834.5     5959.5      1.8      8.2      2.6 2022  8 21  2 28 17.120  0.00   3
   109769  40.275085 -124.481299    15.844    -3764.0    -2234.7     4539.7      2.5      5.1      4.1 2022 11  7 22 22 57.180  0.00   3
   110319  40.301265 -124.444702    15.743     -651.8      672.3     4438.8      3.9      7.2      4.7 2023  4 23  3 48 36.540  1.34   3
   110343  40.297872 -124.406812    10.768     2569.8      295.5     -536.0      4.3     11.1      3.6 2023  2 27  0 14 11.430  1.57   3
   110344  40.270988 -124.452596    14.303    -1323.2    -2689.7     2998.5      1.9      4.1      3.3 2023  3 19  5 41 40.620  0.92   3
   110349  40.291850 -124.466447     8.253    -2500.7     -373.2    -3051.5      2.7      5.1      5.6 2023  4 14 19 20 25.080  1.57   3
   110353  40.290723 -124.432560    10.501      380.6     -498.4     -802.8      2.4      6.4      4.4 2023  5  2 13 44  6.040  1.79   3
   110369  40.290426 -124.475838    10.081    -3299.3     -531.3    -1222.7      2.7      7.4      5.9 2023  4  1  7 44 57.710  1.31   3
   110377  40.295752 -124.409367     9.096     2352.6       60.1    -2208.2      2.7      3.9      2.3 2023  5 20 23 47 40.440  1.10   3
   110383  40.292253 -124.482617     8.764    -3875.6     -328.5    -2539.8      1.7      4.0      3.6 2023  3  7 12 11 57.690  1.17   3
   110421  40.299898 -124.452808    12.778    -1340.9      520.5     1474.2      1.7      4.5      3.1 2023  2  3 10  4 53.380  1.07   3
   110450  40.295886 -124.435400    15.043      139.1       75.0     3739.0      3.9      6.5      7.5 2022 12  9  5  6 23.270  2.34   3
   110478  40.299906 -124.449447     9.032    -1055.2      521.4    -2272.4      3.7      6.5      6.0 2023  4 16 19 40  2.760  1.19   3
   110545  40.297530 -124.442562    11.901     -469.8      257.5      596.3      2.5      4.4      4.3 2023  1 26 19 34 22.320  1.51   3
   110548  40.305953 -124.435156     8.299      159.8     1192.8    -3005.2      3.0      7.2      6.8 2023  2 24 19 10 37.800  1.22   3
   110567  40.279484 -124.493848     8.891    -4831.0    -1746.3    -2413.4      2.6      7.9      4.6 2023  5 16 14 31 27.390  0.62   3
   110599  40.278365 -124.404875    14.197     2734.9    -1870.6     2893.0      3.3      5.9      7.1 2023  5 24 13 54 23.240  1.23   3
   110661  40.271342 -124.451473    15.595    -1227.7    -2650.4     4290.6      2.6      4.7      3.0 2023  3 20  2 26 25.420  1.09   3
   110696  40.274910 -124.482023    15.969    -3825.6    -2254.2     4664.9      2.5      5.6      5.3 2023  4 10  6 54  3.150  0.88   3
   110763  40.292537 -124.394678    12.935     3601.6     -296.8     1631.1      4.9     13.5      6.1 2023  2  8 10 13  5.860  1.00   3
