   105847  40.391589 -124.287663    27.832       -5.5       32.1       11.5    265.6    325.0    233.0 2021 12 20 20 46 28.200  0.00  65
   105849  40.391296 -124.287695    27.820       -8.3       -0.5        0.0    225.7    141.2    109.8 2021 12 21  9 55 15.700  0.00  65
   105851  40.391243 -124.287931    27.821      -28.3       -6.3        1.1    304.4    171.9    122.7 2021 12 21 19 32 35.980  0.00  65
   105864  40.391951 -124.286035    27.819      132.7       72.3       -0.6    455.1    260.3    182.5 2021 12 21 18 52 36.660  0.00  65
   105872  40.391585 -124.287793    27.842      -16.6       31.6       21.6    373.0    200.5    164.3 2021 12 21  8 10  1.860  0.00  65
   105888  40.391492 -124.287720    27.837      -10.4       21.2       16.8    339.7    193.2    162.1 2021 12 22  5 26  9.740  0.00  65
   105898  40.391313 -124.287866    27.826      -22.8        1.4        6.2    281.0    215.0    149.0 2021 12 23  1  5 17.280  0.00  65
   105899  40.391516 -124.286499    27.803       93.3       23.9      -16.7    320.1    162.6    109.8 2021 12 23  1 47 11.060  0.00  65
   105919  40.391211 -124.287638    27.817       -3.5       -9.9       -2.6    130.9    182.2    131.6 2021 12 30 12 28  4.260  0.00  65
   105923  40.391138 -124.285254    27.829      199.0      -18.1        8.9   1875.7    282.5    172.9 2022  1  5 23  1 28.700  0.00  65
   105928  40.391317 -124.287638    27.821       -3.5        1.8        1.1    225.5    157.6    116.3 2022  1 16  4 44 46.820  0.00  65
   105933  40.390413 -124.287516    27.775        6.9      -98.5      -44.8    239.1    556.6    253.6 2022  2 10  9 46 48.960  0.00  65
   105946  40.391467 -124.288411    27.821      -69.1       18.5        0.5    273.1    224.2    218.0 2022  6  9  2 40 47.580  0.00  65
   105948  40.391536 -124.287655    27.839       -4.8       26.2       19.1    400.9    239.6    186.9 2022  7  1 20 19 34.200  0.00  65
   110381  40.391235 -124.287744    27.818      -12.4       -7.2       -2.0    185.8    150.8    126.5 2023  2  9  3 13  2.870  0.89  65
