   106010  40.277311 -124.562223    18.252        4.2      -31.2      -17.9    135.6    458.9    240.0 2020  2 10 16 52 35.900  0.00  40
   106012  40.277987 -124.562231    18.243        3.5       43.8      -27.1    130.1    272.9    254.5 2020  3 20  4 52 58.960  0.00  40
   106014  40.277987 -124.562223    18.190        4.2       43.8      -80.4    143.8    234.7    385.7 2020  4  7 23 24 48.060  0.00  40
   106017  40.277580 -124.562313    18.278       -3.5       -1.4        8.4    102.1    175.8    250.5 2020  7 16 18 56 25.600  0.00  40
   106019  40.277832 -124.562280    18.287       -0.7       26.7       17.4     96.7    272.4    289.0 2020  8  4 17 55 32.040  0.00  40
   106020  40.277197 -124.562508    18.379      -20.1      -43.8      108.6    186.8    308.8    552.0 2020  9  6  7 26 57.220  0.00  40
   106021  40.276925 -124.562329    18.279       -4.8      -74.1        9.1     96.8    423.7    269.2 2020  9 17 15 29 55.440  0.00  40
   106023  40.277620 -124.562329    18.279       -4.8        3.2        9.1    100.7    245.5    251.2 2020 10  7 20 16 32.860  0.00  40
   106025  40.277673 -124.562321    18.296       -4.2        9.0       26.1    106.9    232.4    254.2 2020 10 30  5 28 15.440  0.00  40
   106026  40.277714 -124.562288    18.274       -1.4       13.6        4.2    111.1    207.7    278.5 2020 12 27 14 29 51.580  0.00  40
   106027  40.278288 -124.562150    18.224       10.4       77.3      -46.2    206.1    388.9    294.6 2021  1 27 20 38 14.300  0.00  40
   106028  40.277551 -124.562337    18.282       -5.5       -4.5       12.5    109.7    217.6    214.9 2021  2 12  4 45 10.420  0.00  40
   106029  40.277869 -124.562288    18.305       -1.4       30.7       34.9     99.7    292.0    321.2 2021  2 23 17  9 35.440  0.00  40
   106032  40.277743 -124.562313    18.308       -3.5       16.7       37.9    112.2    273.9    351.1 2021  4  2  8 32 29.220  0.00  40
   106033  40.276668 -124.562223    18.236        4.2     -102.6      -34.2    117.1    549.3    417.9 2021  4  2 13 18 31.140  0.00  40
   106034  40.277657 -124.562297    18.271       -2.1        7.2        0.7     99.9    208.8    221.0 2021  4  3 23 18 17.580  0.00  40
   106035  40.277665 -124.562280    18.257       -0.7        8.1      -12.8    122.8    175.2    217.8 2021  4  4  7 50 26.820  0.00  40
   106037  40.278581 -124.562044    18.250       19.4      109.8      -20.0    195.7    424.6    595.0 2021  4 26  6 32 31.780  0.00  40
   106039  40.277356 -124.562516    18.380      -20.8      -26.2      110.1    185.2    309.2    562.2 2021  7 14 15  3 16.320  0.00  40
   106040  40.277751 -124.562313    18.295       -3.5       17.6       24.9    102.3    247.1    256.4 2021  7 28  9 36  3.100  0.00  40
   106042  40.278605 -124.562166    18.278        9.0      112.5        7.6    176.8    394.7    557.9 2021  8 24 17 52 55.220  0.00  40
   106045  40.277572 -124.562297    18.254       -2.1       -2.3      -15.8    112.2    211.3    242.1 2021 12 14 20 34 44.500  0.00  40
   106047  40.277645 -124.562288    18.270       -1.4        5.9        0.1    110.0    202.7    211.4 2021 12 21  7  5 18.660  0.00  40
   106048  40.277669 -124.562272    18.269        0.0        8.6       -0.6    105.9    212.8    221.5 2021 12 21  9  6 23.560  0.00  40
   106052  40.277629 -124.562410    18.321      -11.8        4.1       51.4    136.1    236.5    452.3 2021 12 27 23 32 51.160  0.00  40
   106053  40.277787 -124.562288    18.278       -1.4       21.7        7.8    108.5    265.9    223.0 2021 12 30 22  2 34.580  0.00  40
   106054  40.275045 -124.561890    18.165       32.5     -282.8     -105.3    241.4    677.6    541.6 2022  1  1 17 29 31.920  0.00  40
   106055  40.277653 -124.562297    18.281       -2.1        6.8       10.8    110.6    226.6    228.1 2022  1  3  9 47 41.620  0.00  40
   106057  40.276416 -124.562646    18.349      -31.8     -130.6       79.4    264.7    595.7    509.7 2022  2 23  2  6 30.340  0.00  40
   106058  40.276986 -124.562459    18.306      -15.9      -67.3       36.4    189.6    331.6    726.2 2022  3 10  3 28 33.340  0.00  40
   106062  40.277490 -124.562329    18.261       -4.8      -11.3       -9.2    115.1    212.6    251.0 2022  7 25 13 33 16.740  0.00  40
   110386  40.277551 -124.562297    18.275       -2.1       -4.5        5.2    104.8    180.5    230.5 2023  4 30  3 21 23.220  1.14  40
