   105847  40.391300 -124.287598    27.820        0.0        0.0       -0.0      0.2      0.2      0.1 2021 12 20 20 46 28.200  0.00  65
   105849  40.391300 -124.287598    27.820        0.0        0.0       -0.0      0.1      0.1      0.1 2021 12 21  9 55 15.700  0.00  65
   105851  40.391300 -124.287598    27.820        0.0        0.0       -0.0      0.2      0.1      0.1 2021 12 21 19 32 35.980  0.00  65
   105864  40.391300 -124.287598    27.820        0.0        0.0       -0.0      0.4      0.3      0.1 2021 12 21 18 52 36.660  0.00  65
   105872  40.391300 -124.287598    27.820        0.0        0.0       -0.0      0.2      0.2      0.1 2021 12 21  8 10  1.860  0.00  65
   105888  40.391300 -124.287598    27.820        0.0        0.0       -0.0      0.2      0.2      0.1 2021 12 22  5 26  9.740  0.00  65
   105898  40.391300 -124.287598    27.820        0.0        0.0       -0.0      0.2      0.1      0.1 2021 12 23  1  5 17.280  0.00  65
   105899  40.391300 -124.287598    27.820        0.0        0.0       -0.0      0.3      0.2      0.1 2021 12 23  1 47 11.060  0.00  65
   105919  40.391300 -124.287598    27.820        0.0        0.0       -0.0      0.3      0.3      0.2 2021 12 30 12 28  4.260  0.00  65
   105923  40.391300 -124.287598    27.820        0.0        0.0       -0.0      0.4      0.3      0.2 2022  1  5 23  1 28.700  0.00  65
   105928  40.391300 -124.287598    27.820        0.0        0.0       -0.0      0.3      0.3      0.2 2022  1 16  4 44 46.820  0.00  65
   105933  40.391300 -124.287598    27.820        0.0        0.0       -0.0      0.2      0.3      0.2 2022  2 10  9 46 48.960  0.00  65
   105946  40.391300 -124.287598    27.820        0.0        0.0       -0.0      0.4      0.3      0.3 2022  6  9  2 40 47.580  0.00  65
   105948  40.391300 -124.287598    27.820        0.0        0.0       -0.0      0.2      0.2      0.1 2022  7  1 20 19 34.200  0.00  65
   110381  40.391300 -124.287598    27.820        0.0        0.0       -0.0      0.3      0.2      0.2 2023  2  9  3 13  2.870  0.89  65
