   100823  40.497103 -124.211353    22.396      -50.4        2.7       -4.3      8.5      3.2      4.2 2020  1  3  2  9 56.020  0.00  28
   100828  40.497070 -124.211849    22.419      -92.4       -0.9       19.4      7.3      4.7      5.3 2020  2 17  3 53 58.760  0.00  28
   100832  40.496973 -124.213346    22.422     -219.4      -11.7       21.7      6.5      2.6      3.8 2020  3 14 21 11  5.280  0.00  28
   100833  40.497249 -124.210173    22.381       49.7       19.0      -18.6     10.7      6.8      6.0 2020  3 17  4 59 55.420  0.00  28
   100834  40.496899 -124.210905    22.320      -12.4      -19.9      -79.9      9.9      9.0      6.5 2020  3 20 11 48 15.620  0.00  28
   100861  40.497217 -124.213135    22.517     -201.4       15.4      116.7      7.7      7.1      5.7 2020  9  8 20 40 29.360  0.00  28
   100864  40.497083 -124.210352    22.386       34.5        0.5      -14.4      5.9      3.6      3.4 2020  9 15 23  5 33.140  0.00  28
   100868  40.497017 -124.212557    22.431     -152.5       -6.8       31.1      8.2      4.0      5.8 2020 10  4 23 46 22.940  0.00  28
   100877  40.497030 -124.211019    22.395      -22.1       -5.4       -5.4      4.8      2.9      4.2 2020 10 25  1  8 44.260  0.00  28
   100878  40.497074 -124.213127    22.492     -200.8       -0.5       92.2      8.7      7.0      4.3 2020 11  5 15 53 50.760  0.00  28
   100879  40.497030 -124.212443    22.425     -142.8       -5.4       25.4      8.9      3.5      5.0 2020 11 16 18 47 24.720  0.00  28
   100881  40.497026 -124.212435    22.429     -142.1       -5.9       28.5      9.0      3.8      5.5 2020 11 20 18 31 54.040  0.00  28
   100882  40.496936 -124.210832    22.373       -6.2      -15.8      -27.0      5.9      3.7      4.9 2020 12  1 21  4 34.360  0.00  28
   100895  40.496895 -124.212695    22.409     -164.2      -20.3        9.2     10.0      4.7      6.8 2021  3 13 21  1 53.660  0.00  28
   100918  40.497074 -124.211906    22.430      -97.3       -0.5       30.3      7.0      2.9      3.7 2021  6 10 14 51 11.820  0.00  28
   100919  40.497095 -124.211702    22.420      -80.0        1.8       20.5      6.0      2.7      3.7 2021  6 15 12 18 12.020  0.00  28
   100922  40.497001 -124.212036    22.415     -108.3       -8.6       14.5      6.6      3.0      4.1 2021  6 29  7 50 55.520  0.00  28
   100929  40.497205 -124.205916    22.282      410.5       14.0     -118.3     16.0      6.3      4.4 2021  7 19 21 37  9.300  0.00  28
   100933  40.497005 -124.212052    22.415     -109.7       -8.1       14.8      7.2      3.1      4.0 2021  7 25 13 59 39.480  0.00  28
   100940  40.497074 -124.211141    22.418      -32.4       -0.5       18.5      9.3      4.3      5.0 2021  8 19 15 50 35.180  0.00  28
   100942  40.497009 -124.212044    22.429     -109.0       -7.7       29.1      9.9      3.3      4.3 2021  8 19 18  1 55.100  0.00  28
   100955  40.497038 -124.212248    22.418     -126.2       -4.5       17.5      6.2      3.0      4.0 2021 11  1  1 35 30.020  0.00  28
   100956  40.497017 -124.211768    22.430      -85.5       -6.8       30.1     11.1      3.4      4.3 2021 11  2  1  5 32.520  0.00  28
   100957  40.497054 -124.212191    22.419     -121.4       -2.7       18.6      6.1      3.1      4.1 2021 11 12 15 38 24.340  0.00  28
   100961  40.497343 -124.212240    22.472     -125.6       29.4       72.1      9.4      6.7      6.7 2021 12  5  5 41  5.840  0.00  28
   100967  40.497127 -124.209180    22.348      133.8        5.4      -52.5     13.0      4.9      6.6 2021 12 21  7 59  2.500  0.00  28
   100968  40.496842 -124.215340    22.388     -388.4      -26.2      -12.0     13.6      7.1      9.8 2021 12 21  3 18 42.500  0.00  28
   100979  40.497009 -124.212524    22.422     -149.7       -7.7       22.0      8.2      3.7      5.0 2022  1 27 16 48 44.920  0.00  28
   100982  40.497087 -124.210116    22.385       54.5        0.9      -15.3      8.3      3.4      3.5 2022  2 13 16 48 50.860  0.00  28
   100990  40.497107 -124.212687    22.435     -163.5        3.2       34.8      9.4      3.6      4.2 2022  4  4 21 16 28.200  0.00  28
   100995  40.497119 -124.210604    22.398       13.1        4.5       -2.4      4.8      3.4      3.8 2022  4  7  3 42  3.140  0.00  28
   100997  40.497005 -124.212126    22.416     -115.9       -8.1       15.9      7.8      3.1      4.1 2022  4 12 17  5 36.820  0.00  28
   100998  40.497042 -124.212524    22.440     -149.7       -4.1       39.8     10.6      4.3      5.0 2022  4 12 13 19  3.300  0.00  28
   100999  40.497351 -124.210588    22.413       14.5       30.3       12.9      8.1      5.2      9.4 2022  4 15  2 58 16.600  0.00  28
   101004  40.497062 -124.210661    22.396        8.3       -1.8       -4.3      6.1      3.1      4.4 2022  6 25  4 35 37.880  0.00  28
   101008  40.497046 -124.212288    22.423     -129.7       -3.6       22.5      5.7      3.3      4.5 2022  7 24  3 57  6.420  0.00  28
   101009  40.497087 -124.209733    22.382       86.9        0.9      -18.2      8.8      4.4      5.5 2022  8  8  6 18 14.540  0.00  28
   101011  40.497021 -124.211735    22.429      -82.8       -6.3       29.5     10.9      3.4      4.2 2022  8 29  3  7 12.160  0.00  28
   101015  40.497074 -124.211979    22.429     -103.5       -0.5       29.2      9.8      3.4      4.0 2022  9 12  6 56  5.880  0.00  28
   101016  40.497046 -124.208179    22.356      218.7       -3.6      -44.4     16.7      7.9     10.3 2022  9 14  8  0 43.760  0.00  28
   101020  40.497290 -124.212671    22.450     -162.1       23.5       49.6     12.2      5.8      7.4 2022 11 27  4 55 37.960  0.00  28
   110292  40.497135 -124.209888    22.391       73.8        6.3       -9.4      3.5      2.8      3.7 2023  3 16 13 57 14.250  1.04  28
