   108362  40.491101 -124.206852    20.727     -245.6      -25.3     -340.0    313.2    257.6    304.6 2020  7 11 17 19 52.600  0.00  43
   108363  40.491402 -124.206576    20.720     -222.2        8.1     -347.0    357.7    306.1    260.3 2020  8 12 11 28 24.940  0.00  43
   108364  40.491105 -124.206852    20.727     -245.6      -24.9     -340.1    319.6    240.3    310.9 2020  8 12 11 23 32.820  0.00  43
   108365  40.491097 -124.206893    20.728     -249.1      -25.8     -339.3    339.0    160.3    314.4 2020  8 16 23 21 48.480  0.00  43
   108366  40.491089 -124.206877    20.729     -247.7      -26.7     -338.7    430.0    384.3    401.7 2020 10  4  9 37 29.720  0.00  43
   108367  40.491101 -124.206836    20.726     -244.2      -25.3     -341.6    375.4    341.4    391.9 2020 10  8  4 46 56.680  0.00  43
   108369  40.491113 -124.206934    20.744     -252.5      -23.9     -323.8    365.8    269.0    348.0 2021  2 19  9 54 21.040  0.00  43
   108370  40.491170 -124.206812    20.719     -242.2      -17.6     -348.2    370.4    285.1    173.1 2021  6  1 21 55 42.420  0.00  43
   108373  40.491182 -124.206470    20.670     -213.2      -16.3     -397.7    325.0    312.4    444.2 2022  2  7 11 46 35.280  0.00  43
   108374  40.491097 -124.206950    20.727     -253.9      -25.8     -339.9    247.9    308.4    316.7 2022  2 12 15 44 27.500  0.00  43
   108375  40.491064 -124.206738    20.715     -236.0      -29.4     -352.0    276.9    188.6    292.0 2022  4 21 17  7 41.100  0.00  43
   108376  40.491056 -124.206600    20.714     -224.2      -30.3     -353.7    329.0    289.4    318.7 2022  4 22 17 55 41.660  0.00  43
   108378  40.491040 -124.206958    20.721     -254.6      -32.1     -346.6    286.8    216.8    205.0 2022  7 27  4 35 27.980  0.00  43
   108379  40.491345 -124.206160    20.684     -187.0        1.8     -383.8    487.2    348.1    309.0 2022  8  3  6 33 48.060  0.00  43
   108380  40.491223 -124.206559    20.708     -220.8      -11.7     -359.3    313.1    242.5    202.8 2022  9  1 10 45  9.880  0.00  43
   108381  40.490959 -124.206795    20.707     -240.8      -41.1     -360.8    278.6    289.2    309.2 2022 11 26 10 34 34.000  0.00  43
   108454  40.483911 -124.238208    19.110    -2904.1     -823.7    -1957.0    445.2    421.4    507.4 2021 12 22  7 38 16.620  0.00  43
   109536  40.490015 -124.199707    22.402      360.1     -145.9     1335.0    488.0    459.3    482.4 2021  3  3 21 43  3.720  0.00  43
   109537  40.490002 -124.199569    22.408      371.9     -147.3     1340.3    602.6    443.0    501.7 2021  9 27  2 58  8.360  0.00  43
   109538  40.489730 -124.199512    22.391      376.7     -177.6     1324.0    422.8    559.1    469.2 2021 12 23 14 37 21.580  0.00  43
   109539  40.489791 -124.199398    22.398      386.4     -170.8     1330.2    326.3    406.6    391.2 2022  9 12  3 59 29.200  0.00  43
   109540  40.489791 -124.199390    22.397      387.1     -170.8     1329.5    328.0    410.7    392.3 2022 10  8  6 41 27.060  0.00  43
   109635  40.499524 -124.184269    21.583     1668.8      910.0      515.4   1180.4    670.9    914.2 2021  6  4 21 21 58.240  0.00  43
   109636  40.499996 -124.186556    21.727     1475.0      962.4      659.6    576.6    453.4    523.4 2021 12 20 21 17 32.980  0.00  43
   109637  40.499687 -124.187248    21.705     1416.3      928.1      637.4    660.0    499.6    494.7 2022  5 25  8  4 48.420  0.00  43
   110460  40.486072 -124.184595    20.455     1641.4     -583.8     -612.3    595.4    414.2    506.1 2023  3 15  6  1 38.120  0.94  43
   110498  40.491036 -124.206673    20.717     -230.4      -32.5     -350.4    287.2    207.0    293.2 2023  1 15 11 51 19.200  1.50  43
   110504  40.484176 -124.237638    19.122    -2855.8     -794.3    -1945.6    373.8    370.5    386.2 2023  2  5 13 48 53.130  1.08  43
   110642  40.489502 -124.200285    22.434      311.2     -202.9     1366.7    405.8    447.5    349.3 2023  2 27 12 40  1.270  1.39  43
   110662  40.499597 -124.186759    21.701     1457.7      918.1      633.9    605.6    304.4    531.4 2023  5  9 11 38 20.680  1.02  43
