   106010  40.277486 -124.562272    18.263        0.0      -11.7       -7.5      1.3      3.9      2.2 2020  2 10 16 52 35.900  0.00  40
   106012  40.277852 -124.562256    18.252        1.4       28.9      -18.3      1.7      3.2      3.2 2020  3 20  4 52 58.960  0.00  40
   106014  40.277852 -124.562248    18.219        2.1       28.9      -51.0      1.8      3.1      4.6 2020  4  7 23 24 48.060  0.00  40
   106017  40.277608 -124.562321    18.277       -4.2        1.8        7.3      1.1      1.6      2.2 2020  7 16 18 56 25.600  0.00  40
   106019  40.277747 -124.562288    18.281       -1.4       17.2       10.5      1.0      3.2      3.6 2020  8  4 17 55 32.040  0.00  40
   106020  40.277441 -124.562394    18.322      -10.4      -16.7       51.9      1.9      2.9      5.0 2020  9  6  7 26 57.220  0.00  40
   106021  40.277185 -124.562321    18.278       -4.2      -45.2        8.4      1.0      5.3      3.1 2020  9 17 15 29 55.440  0.00  40
   106023  40.277588 -124.562321    18.277       -4.2       -0.5        7.2      1.1      1.4      2.6 2020 10  7 20 16 32.860  0.00  40
   106025  40.277645 -124.562313    18.287       -3.5        5.9       16.7      1.1      2.7      3.0 2020 10 30  5 28 15.440  0.00  40
   106026  40.277665 -124.562297    18.273       -2.1        8.1        2.7      1.1      2.0      3.0 2020 12 27 14 29 51.580  0.00  40
   106027  40.277958 -124.562240    18.250        2.8       40.7      -20.4      2.0      4.1      2.9 2021  1 27 20 38 14.300  0.00  40
   106028  40.277555 -124.562329    18.279       -4.8       -4.1        8.6      1.2      2.1      2.3 2021  2 12  4 45 10.420  0.00  40
   106029  40.277775 -124.562297    18.293       -2.1       20.3       23.4      1.0      3.9      3.9 2021  2 23 17  9 35.440  0.00  40
   106032  40.277665 -124.562321    18.299       -4.2        8.1       29.3      1.2      3.1      3.8 2021  4  2  8 32 29.220  0.00  40
   106033  40.277136 -124.562272    18.256        0.0      -50.6      -14.4      1.1      5.8      3.7 2021  4  2 13 18 31.140  0.00  40
   106034  40.277637 -124.562297    18.271       -2.1        5.0        0.6      1.0      2.0      2.1 2021  4  3 23 18 17.580  0.00  40
   106035  40.277637 -124.562305    18.266       -2.8        5.0       -3.7      1.2      1.8      2.0 2021  4  4  7 50 26.820  0.00  40
   106037  40.278092 -124.562183    18.261        7.6       55.6       -9.4      2.1      4.5      5.0 2021  4 26  6 32 31.780  0.00  40
   106039  40.277511 -124.562402    18.322      -11.1       -9.0       52.5      1.8      3.1      5.2 2021  7 14 15  3 16.320  0.00  40
   106040  40.277698 -124.562313    18.287       -3.5       11.7       17.0      1.1      3.1      3.2 2021  7 28  9 36  3.100  0.00  40
   106042  40.278153 -124.562248    18.273        2.1       62.4        3.4      1.8      4.6      4.6 2021  8 24 17 52 55.220  0.00  40
   106045  40.277584 -124.562297    18.260       -2.1       -0.9       -9.9      1.1      2.1      2.7 2021 12 14 20 34 44.500  0.00  40
   106047  40.277629 -124.562297    18.271       -2.1        4.1        0.9      1.1      2.2      2.0 2021 12 21  7  5 18.660  0.00  40
   106048  40.277641 -124.562288    18.270       -1.4        5.4       -0.3      1.1      2.1      2.1 2021 12 21  9  6 23.560  0.00  40
   106052  40.277612 -124.562354    18.292       -6.9        2.3       22.1      1.3      2.7      4.1 2021 12 27 23 32 51.160  0.00  40
   106053  40.277722 -124.562297    18.277       -2.1       14.5        6.7      1.1      3.3      2.4 2021 12 30 22  2 34.580  0.00  40
   106054  40.276408 -124.562101    18.219       14.5     -131.5      -51.1      2.3      6.9      5.9 2022  1  1 17 29 31.920  0.00  40
   106055  40.277633 -124.562297    18.277       -2.1        4.5        6.6      1.1      2.4      2.3 2022  1  3  9 47 41.620  0.00  40
   106057  40.276929 -124.562459    18.303      -15.9      -73.6       32.7      2.7      7.6      4.9 2022  2 23  2  6 30.340  0.00  40
   106058  40.277352 -124.562362    18.285       -7.6      -26.7       15.3      1.7      3.0      5.1 2022  3 10  3 28 33.340  0.00  40
   106062  40.277527 -124.562321    18.265       -4.2       -7.2       -5.4      1.2      2.1      2.9 2022  7 25 13 33 16.740  0.00  40
   110386  40.277559 -124.562297    18.272       -2.1       -3.6        2.3      1.0      1.9      2.2 2023  4 30  3 21 23.220  1.14  40
