   108189  40.446444 -124.512931    19.542       16.6      -28.5      -48.2    106.8    222.2    223.2 2020  3 27 13 34 19.020  0.00  39
   108190  40.446452 -124.512899    19.537       19.3      -27.6      -53.1    145.6    203.4    206.2 2020  3 28 10 12 16.960  0.00  39
   108191  40.446370 -124.512891    19.493       20.0      -36.6      -97.2    108.7    188.5    246.2 2020  4 10  1 35 50.980  0.00  39
   108192  40.446753 -124.513102    19.600        2.1        5.9        9.8     67.8     74.5    106.9 2020  6 23  3 29 24.020  0.00  39
   108194  40.446692 -124.513029    19.578        8.3       -0.9      -11.8     68.5    106.7    121.8 2020  7 11 16 58 31.400  0.00  39
   108197  40.446737 -124.513127    19.599        0.0        4.1        9.1    127.2    157.1    236.2 2020  9 14 16 46 33.180  0.00  39
   108200  40.446741 -124.513127    19.598        0.0        4.5        8.2     71.2     83.0    124.9 2020 10 26  4 23 33.540  0.00  39
   108202  40.446773 -124.513143    19.604       -1.4        8.1       13.6     96.4    122.3    160.2 2020 12 16 23 23  1.620  0.00  39
   108203  40.446720 -124.513078    19.590        4.1        2.3       -0.3     82.2     76.8     87.4 2020 12 17 22 23 47.820  0.00  39
   108205  40.446729 -124.513094    19.596        2.8        3.2        5.6     74.2     89.5    130.1 2020 12 22 19 31 24.840  0.00  39
   108206  40.446505 -124.512948    19.538       15.2      -21.7      -51.9    169.9    214.4    334.7 2020 12 29 12 34  8.260  0.00  39
   108207  40.446773 -124.513094    19.596        2.8        8.1        6.1     75.6     69.4    118.6 2020 12 29 12 51  3.280  0.00  39
   108208  40.446480 -124.512980    19.543       12.4      -24.4      -47.2    144.7    194.8    294.5 2020 12 29 12 51 15.880  0.00  39
   108209  40.446720 -124.513086    19.589        3.5        2.3       -0.6     73.2     76.0    119.3 2020 12 31 14 30  9.560  0.00  39
   108210  40.446887 -124.513062    19.600        5.5       20.8       10.5    108.5    177.6    127.3 2021  1  1 17 23 28.080  0.00  39
   108211  40.446867 -124.513127    19.614        0.0       18.5       23.7    116.7    156.7    226.5 2021  1  2  0 53 59.600  0.00  39
   108212  40.446635 -124.512980    19.559       12.4       -7.2      -30.8    135.6    170.2    245.6 2021  1  3 13 46 28.400  0.00  39
   108215  40.446720 -124.513078    19.590        4.1        2.3       -0.1     71.9     57.0     71.6 2021  1 29 12 17 19.180  0.00  39
   108219  40.446586 -124.512988    19.555       11.7      -12.7      -35.3    117.4    184.7    245.3 2021  3 17  5  8 35.880  0.00  39
   108220  40.446777 -124.513159    19.607       -2.8        8.6       16.6     77.5    100.2    138.9 2021  4  6 16  5 23.180  0.00  39
   108221  40.446753 -124.513102    19.597        2.1        5.9        7.1     83.0    104.5    161.1 2021  4  7 21 22 43.000  0.00  39
   108223  40.446696 -124.513078    19.589        4.1       -0.5       -1.1     68.2     73.7    121.1 2021  4 12  8 34 11.060  0.00  39
   108226  40.446672 -124.513094    19.586        2.8       -3.2       -4.3     77.8     81.1    136.4 2021  4 27 23 51 32.640  0.00  39
   108229  40.446733 -124.513053    19.596        6.2        3.6        6.3     87.0     84.6    138.7 2021  6 17  6 25 14.280  0.00  39
   108231  40.446785 -124.513118    19.604        0.7        9.5       13.7     89.3    131.1    163.1 2021  9 26 19 36 49.140  0.00  39
   108232  40.446761 -124.513094    19.599        2.8        6.8        9.3     92.1    114.5    170.9 2021 10 18 20 27 11.000  0.00  39
   108233  40.445809 -124.513387    19.536      -22.1      -99.0      -54.1    290.5    548.8    604.2 2021 12 22 21 36 58.160  0.00  39
   108234  40.446676 -124.513045    19.586        6.9       -2.7       -3.9     96.9    117.2    157.6 2022  1 19 11 39 48.020  0.00  39
   108235  40.446655 -124.513070    19.585        4.8       -5.0       -5.2     63.5     82.8    113.3 2022  3 20 20 28  9.780  0.00  39
   108236  40.446769 -124.513086    19.600        3.5        7.7        9.8     81.2     88.2    112.2 2022  3 23 10  7 40.400  0.00  39
   108238  40.446663 -124.513086    19.577        3.5       -4.1      -13.3     74.7     90.3    116.6 2022  9  3 19 35 51.900  0.00  39
   110485  40.446716 -124.513127    19.597        0.0        1.8        6.7     76.3     93.5    118.0 2023  4  8 11 17 36.020  1.06  39
