   104399  40.353512 -124.279704    23.884     1112.3     -807.9    -3104.9    476.5    546.8    391.7 2021  6 15  4 44 44.800  0.00  26
   104401  40.354838 -124.279159    23.856     1158.6     -660.6    -3131.9    280.1    564.3    247.2 2021  8 29  1 56 52.440  0.00  26
   104403  40.356042 -124.277905    23.857     1265.1     -526.8    -3131.9    451.5    455.6    266.3 2021 12 20 21  4 59.220  0.00  26
   104405  40.351978 -124.279093    23.793     1164.2     -978.2    -3195.9    459.1    584.6    305.9 2021 12 20 20 53 33.680  0.00  26
   104406  40.351103 -124.279997    23.774     1087.4    -1075.4    -3214.2    632.9    555.9    276.1 2021 12 20 20 26 28.100  0.00  26
   104407  40.352364 -124.280648    23.875     1032.1     -935.3    -3113.7    564.9    591.6    354.2 2021 12 20 21 31 11.760  0.00  26
   104410  40.355009 -124.278459    23.852     1218.1     -641.6    -3136.2    282.7    535.6    249.6 2021 12 21  0  8 11.860  0.00  26
   104411  40.355965 -124.278491    23.821     1215.3     -535.4    -3167.7    508.8    487.5    355.4 2021 12 21 19 31 39.840  0.00  26
   104412  40.357202 -124.278548    23.917     1210.4     -398.1    -3070.9    826.9    688.1    439.8 2021 12 21 11 59  9.720  0.00  26
   104413  40.352181 -124.279028    23.796     1169.7     -955.6    -3192.0    438.7    595.5    314.6 2021 12 22  8  8 37.840  0.00  26
   104420  40.354952 -124.278678    23.854     1199.4     -647.9    -3134.3    244.8    550.6    238.6 2022  1 14  0 17 25.780  0.00  26
   104421  40.354569 -124.279036    23.906     1169.0     -690.4    -3082.8   1105.6    826.2    729.7 2022  1 14  4 26 58.700  0.00  26
   104423  40.355387 -124.281527    23.886      957.4     -599.6    -3102.6    853.9    803.8    552.8 2022  1 26 22 58 55.500  0.00  26
   104426  40.355387 -124.278874    23.837     1182.8     -599.6    -3151.4    405.5    677.1    328.6 2022 11 19 20 44  5.320  0.00  26
   107213  40.339042 -124.297160    27.676     -370.6    -2414.6      687.9    775.7    966.3    704.3 2020  3 23  6 34  8.940  0.00  26
   107215  40.342179 -124.292871    27.571       -6.2    -2066.2      582.9    726.3    631.9    346.2 2021 12  1  3 23 46.460  0.00  26
   107219  40.341597 -124.296411    27.670     -307.0    -2130.8      681.6    799.1    905.0    662.3 2021 12 24 22 23 25.560  0.00  26
   107222  40.339868 -124.296875    27.768     -346.4    -2322.9      780.0    814.8   1139.7    716.0 2022  1  1 10 24 30.560  0.00  26
   107224  40.344132 -124.295500    27.604     -229.5    -1849.3      615.3   1009.9    446.5    778.0 2022  1 17  7 33 11.240  0.00  26
   107232  40.372355 -124.308569    29.461    -1339.6     1284.6     2472.6    436.6    458.5    362.2 2021  3 11 20  6  4.280  0.00  26
   107235  40.371948 -124.308683    29.429    -1349.2     1239.4     2440.8    348.1    426.6    281.6 2021 11  3  5 58  4.920  0.00  26
   107243  40.372437 -124.308374    29.451    -1323.0     1293.6     2462.3    312.7    367.4    272.7 2021 12 20 23 27 36.080  0.00  26
   107244  40.372441 -124.308423    29.449    -1327.1     1294.0     2460.7    324.7    370.8    270.4 2021 12 20 20 50 16.880  0.00  26
   107245  40.371944 -124.308073    29.439    -1297.4     1238.9     2451.0    273.0    379.1    242.5 2021 12 20 23 41 45.320  0.00  26
   107246  40.372437 -124.308407    29.450    -1325.7     1293.6     2461.4    325.8    371.6    274.6 2021 12 20 20 17 10.900  0.00  26
   107247  40.371912 -124.308089    29.437    -1298.8     1235.3     2448.3    310.0    429.9    266.2 2021 12 20 21 11 30.880  0.00  26
   107254  40.372021 -124.308512    29.432    -1334.7     1247.5     2443.4    390.6    338.8    241.3 2021 12 21 18  1 23.800  0.00  26
   107256  40.371887 -124.308105    29.441    -1300.2     1232.6     2452.9    298.3    387.3    285.0 2021 12 21  7 25 52.440  0.00  26
   107257  40.372339 -124.308594    29.495    -1341.6     1282.7     2506.4    339.7    471.1    359.7 2021 12 21  2 34 43.280  0.00  26
   107258  40.371525 -124.308813    29.386    -1360.3     1192.4     2398.0    423.1    608.3    353.7 2021 12 21 13  6 14.120  0.00  26
   107260  40.371944 -124.308195    29.436    -1307.8     1238.9     2448.0    299.4    384.1    242.9 2021 12 23 19 15  5.580  0.00  26
   107262  40.371301 -124.308651    29.421    -1346.5     1167.5     2432.2    375.6    446.6    220.0 2021 12 24 12 38 47.180  0.00  26
   107267  40.371773 -124.308032    29.433    -1293.9     1219.9     2444.6    399.1    561.3    368.6 2021 12 26  2 14 54.480  0.00  26
   107272  40.371948 -124.308187    29.439    -1307.1     1239.4     2450.1    246.5    341.5    203.1 2022  1  2 13 57 49.500  0.00  26
   107274  40.371720 -124.308634    29.448    -1345.1     1214.1     2459.5    313.0    466.8    271.1 2022  1 15 12 26  6.380  0.00  26
   107277  40.371993 -124.308464    29.431    -1330.6     1244.3     2442.7    380.7    329.8    226.3 2022  7  1  1 40 55.500  0.00  26
   107280  40.372021 -124.308521    29.432    -1335.4     1247.5     2443.4    386.6    335.5    238.9 2022  7 16 23 34 14.380  0.00  26
   109841  40.360266 -124.250073    25.951     3629.2      -57.8    -1037.8   3257.3    894.2   1085.0 2021 12 21  1 16 23.360  0.00  26
   109842  40.360453 -124.264966    25.755     2364.1      -37.1    -1233.3   1274.6   1038.5   1187.9 2021 12 23  3 36 15.740  0.00  26
   109843  40.358097 -124.263957    25.778     2449.9     -298.7    -1210.5    859.8    955.8    786.8 2021 12 31 10  3  5.180  0.00  26
   110338  40.354264 -124.279867    23.883     1098.5     -724.3    -3105.7    514.5    502.9    347.6 2022 12 19 23 29  6.160  1.05  26
   110427  40.341162 -124.294857    27.700     -174.9    -2179.2      711.1    725.6    795.7    518.9 2022 12 25  7 31 55.070  0.83  26
   110428  40.371928 -124.308195    29.436    -1307.8     1237.1     2447.7    313.1    398.9    258.5 2023  4 29  3  1 22.660  0.62  26
   110713  40.361153 -124.266951    25.768     2195.5       40.7    -1220.3    869.4    800.7    681.5 2022 12 12  1  4 54.750  2.37  26
