   107300  40.713098 -124.395500    24.462       -0.7        0.0        2.5     13.0     19.3     47.5 2020 10 29 13 32  8.460  0.00  59
   107302  40.713155 -124.395524    24.453       -2.8        6.3       -7.1     14.6     18.4     32.8 2021  2  5 18 58 22.480  0.00  59
   107304  40.713175 -124.395418    24.328        6.2        8.6     -132.5     19.9     21.2     87.0 2021  2 10 18 39  4.720  0.00  59
   107305  40.713196 -124.395467    24.389        2.1       10.8      -71.1     14.0     26.9     62.5 2021  3 27 19 44 22.840  0.00  59
   107309  40.713139 -124.395483    24.443        0.7        4.5      -16.5     13.1     13.9     48.2 2021  7  1  7 49  4.920  0.00  59
   107310  40.713131 -124.395443    24.380        4.1        3.6      -80.1     17.2     14.3     67.2 2021  7 28 13 54 34.920  0.00  59
   107312  40.713118 -124.395483    24.435        0.7        2.3      -25.4     10.4     15.6     44.7 2021  9  4  2 51 43.760  0.00  59
   107313  40.713131 -124.395516    24.477       -2.1        3.6       16.7     11.8     14.6     43.9 2021  9  4  3 54 10.000  0.00  59
   107314  40.713155 -124.395418    24.347        6.2        6.3     -113.0     17.9     19.4     75.9 2021  9  7  3 43 11.160  0.00  59
   107316  40.713094 -124.395459    24.403        2.8       -0.5      -57.1     20.8     13.8     74.1 2021 11 11  4 40 22.120  0.00  59
   107319  40.713090 -124.395532    24.496       -3.4       -0.9       35.9     12.2     21.4     44.6 2021 11 25 19  7 42.260  0.00  59
   107321  40.713163 -124.395516    24.452       -2.1        7.2       -8.0     13.3     17.4     30.8 2022  1  7  1 27 28.780  0.00  59
   107322  40.713159 -124.395443    24.378        4.1        6.8      -81.9     21.1     18.1     80.2 2022  3 25 15 49 48.380  0.00  59
   107323  40.713086 -124.395540    24.498       -4.1       -1.4       37.7     13.9     19.8     47.6 2022  5  3  0 18 12.600  0.00  59
   107326  40.713159 -124.395524    24.483       -2.8        6.8       23.4     15.8     18.4     52.4 2022  6 28  9 36 18.380  0.00  59
   107332  40.713180 -124.395492    24.418        0.0        9.0      -42.0     15.6     26.2     81.1 2022 11 14 17 38 58.600  0.00  59
   110430  40.713066 -124.395516    24.473       -2.1       -3.6       13.4     12.8     13.9     33.4 2023  4 18  9 17 19.780  1.42  59
