   103313  40.387134 -124.284945    30.581       44.2       14.9      -18.9    466.9    380.8    361.6 2020  2 15 13  9 35.880  0.00  41
   103314  40.387130 -124.284953    30.580       43.5       14.5      -19.9    461.8    387.4    364.3 2020  2 15 12 12 19.360  0.00  41
   103315  40.387191 -124.285124    30.612       29.0       21.2       11.7    401.8    335.9    228.8 2020  3 18 22 35 28.520  0.00  41
   103318  40.386971 -124.285653    30.597      -15.9       -3.2       -3.4    367.3    362.6    277.5 2021  3 24  9 30 55.440  0.00  41
   103319  40.386975 -124.285392    30.593        6.2       -2.7       -6.6    324.7    266.9    234.6 2021  8 17  5 27  3.920  0.00  41
   103320  40.386702 -124.284326    30.589       96.7      -33.0      -11.4    530.3    479.7    258.6 2021  9 14  9 59 47.740  0.00  41
   103322  40.385750 -124.282804    30.557      226.0     -138.7      -42.9    741.1    517.5    393.2 2021 11  3  0 28 20.280  0.00  41
   103323  40.386938 -124.285775    30.589      -26.3       -6.8      -10.9    553.8    413.0    270.9 2021 11  3  6 31 54.860  0.00  41
   103325  40.386182 -124.281982    30.580      295.7      -90.8      -20.0    886.2    483.3    298.5 2021 11 13  5 33 46.340  0.00  41
   103327  40.387492 -124.285409    30.628        4.8       54.7       28.1    537.3    731.6    374.7 2021 12 20 21 25  6.680  0.00  41
   103328  40.387199 -124.285409    30.615        4.8       22.1       14.7    646.2    616.6    334.7 2021 12 20 20 24 46.540  0.00  41
   103329  40.387443 -124.287541    30.624     -176.2       49.2       23.5    804.3    378.8    205.9 2021 12 20 20 56 50.100  0.00  41
   103330  40.386222 -124.287410    30.571     -165.1      -86.3      -29.1    865.2    583.1    283.5 2021 12 20 22 41  8.120  0.00  41
   103331  40.386951 -124.285522    30.595       -4.8       -5.4       -4.5    388.5    386.6    257.3 2021 12 21 20 23 41.540  0.00  41
   103332  40.386991 -124.285376    30.600        7.6       -0.9        0.1    329.4    347.7    244.2 2021 12 21  0  9 50.600  0.00  41
   103333  40.386947 -124.285303    30.581       13.8       -5.9      -19.4    600.2    219.0    245.0 2021 12 21  2 46  7.160  0.00  41
   103337  40.387386 -124.285938    30.616      -40.1       42.9       15.8   1157.4    482.6    287.7 2021 12 21  4 41 45.900  0.00  41
   103341  40.387606 -124.286654    30.622     -100.9       67.3       22.5    433.3    440.0    290.0 2021 12 21  1 59 38.600  0.00  41
   103345  40.386430 -124.285433    30.582        2.8      -63.3      -18.1    363.1    446.8    242.8 2021 12 22 12  3 31.780  0.00  41
   103348  40.387415 -124.286353    30.617      -75.3       46.1       16.7    365.0    415.4    258.3 2021 12 25 13  9 17.400  0.00  41
   103349  40.390173 -124.294328    30.735     -752.5      352.4      134.8   1212.7    823.1    524.0 2021 12 25  2 19 30.600  0.00  41
   103350  40.386955 -124.285457    30.603        0.7       -5.0        3.0    291.3    221.8    219.1 2021 12 26  4 29 53.280  0.00  41
   103353  40.387252 -124.286182    30.608      -60.8       28.0        7.6    447.2    359.8    214.2 2022  1  1 16 21 37.340  0.00  41
   103354  40.387423 -124.287638    30.607     -184.5       47.0        7.1    800.3    335.8    227.7 2022  1  7  0 16 26.240  0.00  41
   103356  40.387024 -124.285303    30.601       13.8        2.7        1.0    310.2    246.3    207.8 2022  1 20  8 13 37.120  0.00  41
   103361  40.387089 -124.285368    30.605        8.3        9.9        5.1    289.8    313.9    198.5 2022  4 25 14 43 53.920  0.00  41
   103363  40.387325 -124.285433    30.629        2.8       36.1       29.2    600.8    767.3    392.0 2022  5 15  0 24 23.100  0.00  41
   103366  40.386922 -124.285441    30.597        2.1       -8.6       -3.2    337.6    352.5    230.6 2022  6 29 19 18 19.300  0.00  41
   103367  40.387451 -124.282503    30.603      251.5       50.2        2.7    891.0    382.8    219.4 2022  8  2 13 46 54.320  0.00  41
   103369  40.386983 -124.285750    30.597      -24.2       -1.8       -2.6    439.1    346.1    224.1 2022  9  1 22 17 11.240  0.00  41
   103370  40.387590 -124.286906    30.583     -122.3       65.5      -16.8    677.0    467.3    256.6 2022 10 13  6  5 38.260  0.00  41
   110320  40.386910 -124.285449    30.599        1.4       -9.9       -1.0    292.6    271.8    206.9 2023  5  3 16 44 54.560  1.67  41
