   109139  40.455184 -124.291561    27.488       -6.2       -1.8       -2.0     95.7     66.1     72.4 2021 12 20 23 49  2.700  0.00  54
   109140  40.455831 -124.289917    27.432      133.2       70.0      -58.4    241.7    228.2    152.3 2021 12 20 20 27  8.300  0.00  54
   109141  40.454818 -124.290413    27.404       91.1      -42.5      -86.5    155.9    178.3    164.8 2021 12 20 20 14 54.440  0.00  54
   109143  40.453857 -124.288379    27.318      263.7     -149.1     -171.8    233.0    175.9    200.4 2021 12 21  4 34 24.360  0.00  54
   109146  40.455131 -124.291349    27.486       11.7       -7.7       -4.2     91.8     50.3     90.0 2021 12 23  1 13 24.040  0.00  54
   109148  40.455298 -124.291374    27.474        9.7       10.8      -16.0     96.3    120.6     83.3 2021 12 26 17 36 29.900  0.00  54
   109149  40.455261 -124.291479    27.494        0.7        6.8        4.2     98.2     75.7     77.1 2021 12 27 14 12 20.840  0.00  54
   109151  40.455241 -124.291545    27.493       -4.8        4.5        2.9     90.6     81.2     81.0 2022  1  4  3 37 23.060  0.00  54
   109152  40.455249 -124.291471    27.500        1.4        5.4       10.1    115.3     74.3     77.7 2022  1  5 20 20 38.220  0.00  54
   109153  40.455196 -124.291732    27.488      -20.7       -0.5       -2.5    110.2     96.7     78.3 2022  1  5 15 37  2.560  0.00  54
   109154  40.455196 -124.291398    27.459        7.6       -0.5      -30.8    127.7    124.8    105.9 2022  1  6  4 31 33.680  0.00  54
   109155  40.455786 -124.294580    27.543     -262.3       65.1       53.0    284.3    170.9    163.7 2022  1 12 15  0 18.900  0.00  54
   109158  40.455229 -124.291838    27.500      -29.7        3.2       10.2    101.0     96.8     90.0 2022  1 27 16 44 23.740  0.00  54
   109160  40.454692 -124.293555    27.482     -175.3      -56.5       -8.2    225.9    220.1    147.6 2022  2  4 23 36 57.940  0.00  54
   109163  40.455257 -124.292578    27.526      -92.5        6.3       36.3    152.9    146.0    127.1 2022  2 28 23  1 31.800  0.00  54
   109165  40.454964 -124.291626    27.480      -11.7      -26.2      -10.4     97.0    100.0     77.7 2022  3 25  7 29 24.500  0.00  54
   109166  40.455160 -124.291683    27.486      -16.6       -4.5       -3.8    105.2     76.3     76.7 2022  4  3 17 21 51.500  0.00  54
   109168  40.455237 -124.291463    27.493        2.1        4.1        3.5     87.6     69.1     75.7 2022  4 16  9 26 42.300  0.00  54
   109169  40.455192 -124.291732    27.486      -20.7       -0.9       -4.2    138.2     77.7     78.7 2022  6 15  2 52 15.320  0.00  54
   109170  40.455294 -124.291504    27.498       -1.4       10.4        8.0     92.7     77.5     74.7 2022  8 16 10 40 30.580  0.00  54
   110610  40.455216 -124.291439    27.495        4.1        1.8        4.7     85.3     64.2     74.8 2023  3 18 18 52 34.560  2.06  54
