   106452  40.707100 -124.368799    24.018     -275.1      465.0     -949.5   1441.3   1410.3  18961.7 2021  2 24  1 13  1.120  0.00  71
   106453  40.707068 -124.368636    23.787     -261.3      461.3    -1180.8   1340.7   1658.0   2375.0 2021  6  9  4 11 41.800  0.00  71
   106454  40.706641 -124.368652    24.226     -262.7      413.9     -740.8   2602.1   1988.8  14036.2 2021  6 15  1 44 36.180  0.00  71
   106455  40.707446 -124.369141    25.848     -304.0      503.4      881.0   1939.5   1732.7   4347.6 2021  9 20  7 30 52.220  0.00  71
   106456  40.706620 -124.368677    24.373     -264.8      411.6     -594.1    633.3    885.2   3402.5 2021  9 22  9 23  9.220  0.00  71
   106457  40.706637 -124.368742    24.524     -270.3      413.4     -443.5   3828.1   2250.0  14824.6 2021  9 26 15 38 26.700  0.00  71
   106458  40.706612 -124.368660    24.351     -263.4      410.7     -616.1    795.7   1113.6   3430.7 2021 12 28  4 59 52.400  0.00  71
   106459  40.707084 -124.368905    25.063     -284.0      463.2       95.3   1781.2   1515.9   3551.0 2022  8  5  4  2 33.760  0.00  71
   106470  40.684733 -124.351213    29.032     1211.3    -2018.9     4065.0   1934.9   2534.3   2471.5 2021  6 27 14 23 24.780  0.00  71
   110401  40.706995 -124.368791    23.964     -274.4      453.2    -1003.1   1561.3   1553.1   1709.8 2023  1 19  3  6 27.480  1.40  71
   110402  40.685323 -124.351294    29.048     1204.4    -1953.4     4080.5   1836.7   1972.1   2462.8 2023  2 17  9 24 34.670  1.19  71
