   102991  40.496008 -124.498844    29.796     -919.7     1982.7      133.2      8.2     22.5     19.9 2020  1  9 13 40 58.740  0.00  27
   102998  40.497860 -124.496989    29.636     -762.4     2188.3      -26.7     14.8     25.6     27.4 2020 10  4  6 55  1.040  0.00  27
   103000  40.490210 -124.498494    29.737     -890.1     1338.8       74.3     13.2     13.0     16.3 2020 10  8 16 45 53.320  0.00  27
   103003  40.493355 -124.500285    29.877    -1041.9     1688.1      214.2      7.8      6.3     14.9 2020 12  7  8 22 35.820  0.00  27
   103004  40.491536 -124.501359    29.948    -1133.0     1486.1      284.8     10.1     17.0     12.6 2020 12 17 16 52 32.620  0.00  27
   103005  40.492721 -124.500594    29.892    -1068.1     1617.6      229.1      9.4      8.6     13.1 2020 12 23 12 56 52.620  0.00  27
   103006  40.494865 -124.499463    29.796     -972.2     1855.7      133.7      9.0     17.5     14.3 2021  1 17 10 19 59.280  0.00  27
   103012  40.491581 -124.501457    29.933    -1141.3     1491.1      270.2     11.9     16.4     11.9 2021  7 21 12  6 54.160  0.00  27
   103015  40.494759 -124.499390    29.863     -966.0     1844.0      200.6     10.9     12.4     15.7 2021  8  4 20 21 42.980  0.00  27
   103016  40.492118 -124.501172    29.839    -1117.1     1550.7      175.8     14.8     16.6     20.0 2021  8  5 18 12 32.940  0.00  27
   103017  40.492139 -124.501082    29.829    -1109.5     1553.0      166.6     15.5     16.9     20.8 2021  8  5 16 53 27.500  0.00  27
   103022  40.492757 -124.500464    29.780    -1057.1     1621.7      117.2     16.6     12.9     13.7 2021 11 14 22 32 35.820  0.00  27
   103023  40.493241 -124.500366    29.935    -1048.8     1675.4      272.4      8.0      7.9     13.8 2021 11 27  7 32 25.300  0.00  27
   103026  40.492485 -124.500822    29.892    -1087.4     1591.4      229.6      8.4     12.5     10.4 2021 12 21 17 14  4.720  0.00  27
   103028  40.492053 -124.500684    29.879    -1075.7     1543.5      216.6     13.3     13.8     18.1 2021 12 29 22 51 33.620  0.00  27
   103029  40.494181 -124.500049    29.829    -1021.9     1779.8      165.9     10.7     16.2     12.8 2022  1 23 14 14  2.380  0.00  27
   103031  40.492586 -124.500195    29.884    -1034.3     1602.7      221.1      9.7     12.9     11.0 2022  6 14 14 54 54.680  0.00  27
   103033  40.493990 -124.499935    29.889    -1012.2     1758.6      225.9      8.4     11.6     10.0 2022  9 26  8  0 17.200  0.00  27
   103034  40.492912 -124.500448    29.798    -1055.7     1638.8      134.8      9.6     11.7     12.6 2022  9 26  1 25  9.900  0.00  27
   103035  40.493026 -124.500496    29.840    -1059.8     1651.5      177.1      8.4      8.2     11.2 2022  9 26  3 48 41.620  0.00  27
   104657  40.467025 -124.479712    30.120      702.5    -1235.8      457.7     13.1     28.4     14.3 2020  3  9 10 51 18.620  0.00  27
   104658  40.462626 -124.476815    29.481      948.3    -1724.2     -182.1      9.8     12.0     13.2 2020  3 18 23 16  2.080  0.00  27
   104659  40.462549 -124.476872    29.453      943.4    -1732.8     -209.7     14.0     12.0     11.8 2020  3 20 11  9 12.380  0.00  27
   104660  40.462166 -124.476546    29.523      971.0    -1775.3     -139.6     11.3     17.2     16.1 2020  5 10 15 44 38.280  0.00  27
   104662  40.466447 -124.473307    29.312     1245.7    -1299.9     -350.6     21.0     40.6     25.9 2020 12 30 23  3 58.660  0.00  27
   104663  40.466764 -124.473649    29.248     1216.7    -1264.7     -414.9     20.9     41.1     26.1 2020 12 31 13 12 57.180  0.00  27
   104665  40.464510 -124.476237    29.465      997.2    -1515.0     -197.9     20.4     18.3     19.7 2021  6 24 14 45  8.020  0.00  27
   104667  40.463005 -124.476611    29.514      965.5    -1682.2     -148.7     10.7     11.6     12.1 2021  6 30 18 57 19.900  0.00  27
   104668  40.464514 -124.475627    29.542     1049.0    -1514.6     -120.8     13.3     16.3     11.8 2021  7  6 10 17  1.880  0.00  27
   104670  40.463420 -124.477051    29.601      928.2    -1636.1      -61.6     15.6     12.9     10.5 2021  7 21 11 24 19.480  0.00  27
   104672  40.462626 -124.477995    29.611      848.2    -1724.2      -51.9     12.8     19.9     10.7 2021  8 17  0  6 25.200  0.00  27
   104676  40.463953 -124.479118    30.033      752.9    -1576.9      370.0     16.6     23.9     22.6 2021 10 23  3  0  5.120  0.00  27
   104677  40.463761 -124.476082    29.401     1010.4    -1598.2     -261.5     12.2     19.3     11.9 2021 11  3 10 40 27.040  0.00  27
   104678  40.461507 -124.478947    29.886      767.4    -1848.5      223.4     13.8     19.2     16.6 2021 11 18  6 17 11.960  0.00  27
   104679  40.464270 -124.475594    29.570     1051.8    -1541.7      -93.2      9.8     15.6     10.6 2021 11 23  3 25  3.320  0.00  27
   104681  40.462195 -124.476611    29.588      965.5    -1772.1      -74.7      9.2     11.8     10.5 2021 12 22  1 49  7.300  0.00  27
   104682  40.462968 -124.476107    29.541     1008.3    -1686.3     -121.4      9.6     12.5     10.4 2021 12 22  2  6  5.140  0.00  27
   104684  40.465719 -124.481584    30.006      543.8    -1380.8      343.0     19.6     32.8     26.7 2022  4 16  8 34 43.700  0.00  27
   104685  40.458118 -124.472689    29.083     1298.2    -2224.9     -580.0     15.5     33.5     23.2 2022  4 21  0 59 15.880  0.00  27
   104686  40.463619 -124.476823    29.605      947.6    -1614.0      -58.0     14.8     17.5     15.5 2022  6 27 17 46 59.340  0.00  27
   104692  40.463293 -124.476270    29.569      994.5    -1650.1      -94.3     10.2     12.6     10.4 2022  9 24 22 42 50.600  0.00  27
   110314  40.493184 -124.499967    29.883    -1015.0     1669.1      219.8      8.4      9.6     11.8 2023  4 23 20 44 41.260  1.76  27
   110348  40.462451 -124.476611    29.614      965.5    -1743.6      -48.8      7.9      9.6     10.0 2022 12 15  2 16  4.110  2.47  27
