   109195  40.311145 -124.360767    31.920       66.4      -22.6      -59.8     10.3     12.0      9.8 2021  7 18  7  5 50.060  0.00   6
   109199  40.311735 -124.360002    31.930      131.4       42.9      -49.5     11.8     16.0     11.2 2021  7 19  4 10  9.600  0.00   6
   109204  40.307284 -124.359212    31.810      198.5     -451.4     -170.4     11.2     16.7      9.2 2021  7 22 10 36 45.760  0.00   6
   109205  40.309440 -124.362223    31.897      -57.4     -211.9      -83.4     10.2     15.7     10.8 2021  7 23 20  9 55.580  0.00   6
   109207  40.312964 -124.362028    31.945      -40.8      179.4      -35.4     18.6     20.9     16.7 2021  7 24  1 50  3.500  0.00   6
   109208  40.309212 -124.361092    31.904       38.7     -237.2      -75.7     15.7     13.3     15.0 2021  7 24  8 41 49.560  0.00   6
   109209  40.309985 -124.362508    31.877      -81.6     -151.4     -102.8     13.0     13.3     12.0 2021  7 24  8 38 42.000  0.00   6
   109210  40.308415 -124.362297    31.922      -63.6     -325.8      -57.7     11.1     14.1     10.2 2021  7 24 19  2  5.180  0.00   6
   109212  40.309908 -124.362581    31.872      -87.9     -159.9     -108.1     12.7     12.6     12.2 2021  7 25 23 20 57.380  0.00   6
   109213  40.308325 -124.362410    31.911      -73.3     -335.7      -69.4     10.7     15.6     10.5 2021  7 25 20  5 30.660  0.00   6
   109214  40.313143 -124.360596    31.960       80.9      199.3      -20.0      8.7     16.0      8.8 2021  7 25 18 49 10.460  0.00   6
   109215  40.309188 -124.362248    31.889      -59.5     -239.9      -90.5     12.4     16.5     11.5 2021  7 25 23 43 27.000  0.00   6
   109216  40.308236 -124.361694    31.928      -12.5     -345.6      -51.8     10.7     15.6     10.3 2021  7 25 21 37 43.460  0.00   6
   109217  40.309460 -124.358968    31.956      219.3     -209.6      -23.5     14.3     18.7     13.6 2021  7 25  7 24 13.180  0.00   6
   109219  40.315112 -124.361100    31.969       38.0      417.9      -10.8     10.0     19.0     10.7 2021  7 26  6 50 22.360  0.00   6
   109220  40.312549 -124.360856    31.963       58.8      133.3      -16.7      9.4     14.4      9.5 2021  7 26 19 27 24.380  0.00   6
   109222  40.307935 -124.361865    31.917      -27.0     -379.1      -63.4     10.1     15.6     10.5 2021  7 26 23 34 14.520  0.00   6
   109223  40.310510 -124.362484    31.887      -79.6      -93.1      -93.2     12.1     16.3     11.6 2021  7 26  5 35 10.060  0.00   6
   109225  40.308215 -124.362484    31.902      -79.6     -347.9      -77.6     11.8     13.1     11.2 2021  7 27 10 37 25.060  0.00   6
   109226  40.309326 -124.362142    31.896      -50.5     -224.6      -84.1     12.0     16.9     11.1 2021  7 28 19 32 15.660  0.00   6
   109227  40.310034 -124.362085    31.886      -45.7     -145.9      -93.9     13.4     18.1     11.9 2021  7 28  2 37 56.380  0.00   6
   109228  40.310225 -124.361857    31.908      -26.3     -124.7      -72.0     11.1     16.6     10.7 2021  7 28  5 27 46.940  0.00   6
   109229  40.307857 -124.360327    32.013      103.8     -387.7       33.2     17.2     15.5     13.5 2021  7 28  9 12 47.980  0.00   6
   109233  40.308573 -124.362386    31.925      -71.3     -308.1      -55.2     11.8     13.6     10.7 2021  7 29 18 39 28.720  0.00   6
   109235  40.309090 -124.362728    31.885     -100.3     -250.8      -95.5     10.1     16.7     11.6 2021  7 30 14 58 42.900  0.00   6
   109236  40.306962 -124.358610    31.803      249.7     -487.1     -176.6     15.1     17.3      9.3 2021  7 30  3 30 35.380  0.00   6
   109239  40.308618 -124.362378    31.900      -70.6     -303.2      -80.4     11.5     16.4     11.1 2021  7 31 13 40 23.960  0.00   6
   109240  40.308496 -124.362362    31.885      -69.2     -316.7      -95.2     11.7     15.9     11.8 2021  7 31 11 13 30.740  0.00   6
   109241  40.308769 -124.362109    31.924      -47.7     -286.5      -56.1     10.0     16.2     10.1 2021  7 31  1 51 16.840  0.00   6
   109242  40.309054 -124.362410    31.863      -73.3     -254.8     -117.0     12.6     16.3     13.0 2021  7 31  4 20 10.140  0.00   6
   109244  40.307166 -124.359074    31.795      210.3     -464.5     -185.1     11.2     15.3      8.6 2021  7 31 11  7 51.120  0.00   6
   109245  40.314827 -124.361239    31.972       26.3      386.3       -7.8      8.9     17.4     10.1 2021  8  1 16 55 20.720  0.00   6
   109248  40.307869 -124.361466    31.966        6.9     -386.3      -14.3     12.1     17.1     11.9 2021  8  1 21 26 30.980  0.00   6
   109249  40.307442 -124.361255    31.993       24.9     -433.8       12.8     13.5     16.1     13.0 2021  8  1 21 31 37.400  0.00   6
   109251  40.303784 -124.360490    32.140       89.9     -839.9      159.8     20.6     30.7     17.0 2021  8  1 16 34 12.980  0.00   6
   109252  40.313175 -124.360905    31.979       54.6      202.9       -0.8      9.0     16.2      9.2 2021  8  2  7 50 25.840  0.00   6
   109253  40.308805 -124.362419    31.881      -74.0     -282.4      -99.4     11.8     11.9     12.0 2021  8  2  6 34 21.080  0.00   6
   109255  40.305896 -124.363062    31.881     -128.7     -605.4      -98.5     16.5     30.6     13.1 2021  8  2 11 41 32.420  0.00   6
   109256  40.308862 -124.362248    31.885      -59.5     -276.1      -95.3     12.4     17.1     11.5 2021  8  3  2 40 18.780  0.00   6
   109257  40.308826 -124.362256    31.886      -60.2     -280.1      -94.2     12.4     17.3     11.4 2021  8  4 21 11 43.080  0.00   6
   109258  40.308862 -124.362614    31.898      -90.6     -276.1      -81.8     13.0     13.4     12.3 2021  8  5  9 30 12.540  0.00   6
   109259  40.309603 -124.362069    31.920      -44.3     -193.8      -60.0     13.1     17.9     11.1 2021  8  6 20 58 36.520  0.00   6
   109262  40.304061 -124.360091    32.018      123.8     -809.2       38.2     23.8     23.1     20.2 2021  8  7 14  6 37.400  0.00   6
   109263  40.308911 -124.362590    31.901      -88.5     -270.6      -79.4     14.0     13.1     12.1 2021  8  9 12 31 31.560  0.00   6
   109264  40.313057 -124.360701    31.957       71.9      189.8      -22.5      9.1     15.4      9.9 2021  8 10  2  3 25.460  0.00   6
   109265  40.302588 -124.360238    32.125      111.4     -972.8      144.8     21.9     38.9     18.0 2021  8 10 15 41 38.320  0.00   6
   109266  40.307808 -124.354647    31.476      586.6     -393.1     -503.7     10.5     11.8      9.2 2021  8 12  8  3 17.040  0.00   6
   109267  40.309009 -124.362703    31.903      -98.2     -259.8      -77.1     11.7     14.4     11.4 2021  8 13 23 40  3.920  0.00   6
   109268  40.308952 -124.355322    31.543      529.2     -266.1     -437.1     13.4     25.3     14.8 2021  8 13  4 11 20.940  0.00   6
   109269  40.301994 -124.360343    32.113      102.4    -1038.7      133.1     25.4     56.4     21.6 2021  8 13 22 41  3.240  0.00   6
   109270  40.307865 -124.361882    31.942      -28.4     -386.8      -37.8     11.1     18.2     12.0 2021  8 14  6 12 10.780  0.00   6
   109273  40.308895 -124.362427    31.917      -74.7     -272.5      -62.7     11.7     13.2     10.8 2021  8 19 23 33 20.840  0.00   6
   109274  40.308952 -124.362044    31.908      -42.2     -266.1      -72.4     13.6     18.0     12.3 2021  8 19 18 58  1.140  0.00   6
   109277  40.305652 -124.361214    32.062       28.4     -632.6       81.6     16.6     18.0     15.1 2021  8 19 11 58 38.360  0.00   6
   109278  40.309648 -124.362956    31.883     -119.7     -188.9      -97.4     12.1     16.5     12.0 2021  8 19 14  8 21.200  0.00   6
   109279  40.308903 -124.355046    31.350      552.7     -271.5     -629.9     16.4     20.9     16.7 2021  8 20 18  1 37.320  0.00   6
   109280  40.314445 -124.361271    31.975       23.5      343.8       -5.2      9.1     17.0     10.0 2021  8 22 13 44 25.420  0.00   6
   109281  40.313359 -124.360978    31.955       48.4      223.2      -24.7     11.9     15.2     11.3 2021  8 22 16 20 25.140  0.00   6
   109282  40.314388 -124.361336    31.971       18.0      337.5       -9.1      8.5     16.7      9.8 2021  8 22 13 45 21.680  0.00   6
   109284  40.307764 -124.361027    31.960       44.3     -398.1      -19.7     14.0     15.5     12.2 2021  8 23 22 44 22.940  0.00   6
   109285  40.307479 -124.360392    32.005       98.2     -429.7       25.4     17.7     19.1     15.1 2021  8 23  0  0  5.780  0.00   6
   109286  40.306112 -124.361564    31.976       -1.4     -581.5       -4.3     13.5     22.5     13.3 2021  8 24  4 45 53.600  0.00   6
   109288  40.306816 -124.360604    32.015       80.2     -503.3       35.2     17.3     20.8     14.5 2021  8 24  4 47 42.220  0.00   6
   109289  40.306344 -124.360229    32.040      112.1     -555.7       59.8     19.9     20.0     16.6 2021  8 24 11  5 24.380  0.00   6
   109290  40.308333 -124.362166    31.881      -52.6     -334.8      -98.8     10.3     14.4     11.5 2021  8 25  8 42 30.260  0.00   6
   109292  40.307288 -124.362158    31.938      -51.9     -450.9      -42.4     11.8     20.0     11.1 2021  8 25 19 39 13.980  0.00   6
   109293  40.301762 -124.360164    32.115      117.6    -1064.5      135.0     19.0     25.7     16.5 2021  8 27 23 45 32.860  0.00   6
   109295  40.305770 -124.360669    32.066       74.7     -619.5       85.8     20.4     22.3     16.5 2021  8 29 21  2 20.980  0.00   6
   109296  40.307593 -124.360409    32.006       96.9     -417.0       26.3     18.0     18.6     15.5 2021  8 30 16 40 16.680  0.00   6
   109298  40.308374 -124.362020    31.868      -40.1     -330.3     -111.9     12.7     16.4     11.3 2021  8 31  1 34  0.660  0.00   6
   109304  40.309526 -124.362630    31.886      -92.0     -202.4      -94.2     13.5     17.4     11.6 2021  9  1  0 12 29.580  0.00   6
   109306  40.308980 -124.362809    31.877     -107.2     -263.0     -103.4     12.6     16.8     11.9 2021  9  2  0 39  8.880  0.00   6
   109307  40.309188 -124.362606    31.872      -89.9     -239.9     -108.2     12.0     15.9     12.0 2021  9  2  0 38 45.800  0.00   6
   109312  40.309912 -124.362834    31.869     -109.3     -159.5     -110.5     10.6     18.0     12.2 2021  9  3 10 57 31.420  0.00   6
   109313  40.305900 -124.361108    32.052       37.4     -605.0       71.7     17.8     17.1     15.5 2021  9  3 22 18 39.160  0.00   6
   109314  40.308435 -124.361784    31.924      -20.1     -323.5      -55.6     10.5     13.6     11.8 2021  9  4 14 15 57.920  0.00   6
   109315  40.308822 -124.362801    31.884     -106.5     -280.6      -96.2      7.9     17.5     11.2 2021  9  4  0 16 15.820  0.00   6
   109316  40.307182 -124.362476    31.912      -78.9     -462.7      -67.6     14.6     19.6     12.7 2021  9  4 23 44 57.640  0.00   6
   109317  40.309961 -124.363289    31.869     -148.0     -154.1     -111.0     15.7     12.5     14.1 2021  9  5 22 52 47.740  0.00   6
   109318  40.310832 -124.360718    31.944       70.6      -57.4      -35.5     11.6     10.8      9.9 2021  9  5 23 22  8.420  0.00   6
   109319  40.306352 -124.361735    31.966      -15.9     -554.8      -13.7     15.6     23.2     13.6 2021  9  5  0 35 11.340  0.00   6
   109322  40.304297 -124.361922    32.055      -31.8     -783.0       74.7     17.6     38.2     17.4 2021  9  6  5 29 11.320  0.00   6
   109326  40.313375 -124.362443    31.914      -76.1      225.0      -65.6     29.4     23.7     23.7 2021  9  9 21 58  1.820  0.00   6
   109327  40.308305 -124.362256    31.925      -60.2     -338.0      -55.4     11.3     16.3     10.1 2021  9  9 22 18 30.260  0.00   6
   109328  40.313057 -124.362305    31.665      -64.3      189.8     -315.4     17.0     12.4     17.1 2021  9 10 17  6 37.240  0.00   6
   109329  40.314339 -124.363631    31.843     -177.1      332.1     -136.9     17.6     21.6      8.2 2021  9 10 10 24 24.200  0.00   6
   109331  40.304338 -124.361523    32.018        2.1     -778.5       37.9     20.6     49.0     19.2 2021  9 13  4 48 24.520  0.00   6
   109332  40.312500 -124.362321    31.685      -65.7      127.9     -294.7     17.1     12.7     16.7 2021  9 15 19 57 59.300  0.00   6
   109335  40.310840 -124.364771    31.853     -273.9      -56.5     -127.4     16.3     15.2     16.3 2021  9 15  6 37 38.020  0.00   6
   109336  40.308728 -124.356999    31.439      386.7     -291.0     -540.7     13.4     10.4     12.5 2021  9 16  8 37  4.980  0.00   6
   109337  40.304785 -124.360864    32.016       58.1     -728.8       35.8     17.7     24.2     16.3 2021  9 17  6 36  5.720  0.00   6
   109338  40.304928 -124.362492    31.970      -80.2     -713.0       -9.8     31.8     53.7     26.1 2021  9 17 22 27 21.360  0.00   6
   109339  40.303223 -124.361515    32.051        2.8     -902.3       71.4     19.8     48.8     18.2 2021  9 17  9  1 58.700  0.00   6
   109340  40.305188 -124.361410    32.003       11.8     -684.1       23.2     16.3     25.7     15.4 2021  9 19  6  5 38.020  0.00   6
   109341  40.307284 -124.362638    31.960      -92.7     -451.4      -20.2     11.6     15.2     12.8 2021  9 19  3  8 27.520  0.00   6
   109342  40.312130 -124.362061    31.635      -43.6       86.8     -344.9     20.3     11.6     17.3 2021  9 22  0  8 23.380  0.00   6
   109343  40.308919 -124.356421    31.500      435.8     -269.7     -480.3     10.4     16.3      9.9 2021  9 22  0  2 55.800  0.00   6
   109347  40.311715 -124.360392    31.943       98.2       40.7      -36.6     12.0     15.7     10.9 2021  9 25  0 37 22.520  0.00   6
   109348  40.309770 -124.357292    31.515      361.8     -175.3     -465.0     10.1     17.3     11.7 2021  9 26  6 20 37.900  0.00   6
   109349  40.304651 -124.361597    32.025       -4.2     -743.7       45.4     16.6     35.7     16.5 2021  9 27  4 44 39.340  0.00   6
   109354  40.312777 -124.360775    31.979       65.7      158.6       -0.8      9.3     17.4      7.8 2021 10 25  1  3 32.840  0.00   6
   109355  40.306689 -124.360824    32.022       61.6     -517.3       42.0     18.1     17.6     15.4 2021 10 26  6  8 31.580  0.00   6
   109356  40.314307 -124.361523    31.970        2.1      328.5       -9.8      8.9     16.9     10.6 2021 11 22  4 17 27.920  0.00   6
   109357  40.304976 -124.361312    32.024       20.1     -707.6       44.1     15.6     20.2     15.1 2021 12 23  9  2 20.220  0.00   6
   109358  40.309078 -124.357446    31.488      348.7     -252.1     -492.3     10.6     14.5     11.1 2021 12 23 18 55 52.360  0.00   6
   109359  40.308350 -124.356836    31.478      400.5     -333.0     -502.1      8.0     14.2      8.7 2021 12 23  8 27 56.380  0.00   6
   109360  40.310299 -124.356429    31.558      435.1     -116.6     -422.3     13.3     10.7     12.6 2021 12 23 11 24 40.520  0.00   6
   109361  40.304024 -124.361613    32.058       -5.5     -813.3       78.3     15.3     35.9     15.9 2021 12 23 12 16 31.140  0.00   6
   109362  40.305656 -124.361662    32.025       -9.7     -632.1       44.7     17.8     25.3     16.3 2021 12 23 13 36 42.580  0.00   6
   109363  40.304793 -124.360181    32.062      116.2     -727.9       81.8     21.3     18.2     16.9 2021 12 23 18 57 15.160  0.00   6
   109364  40.308708 -124.356217    31.537      453.1     -293.2     -442.9      9.0     13.8      9.5 2021 12 24 16 44 39.600  0.00   6
   109366  40.309066 -124.356746    31.473      408.2     -253.5     -506.5     11.8     19.7     11.9 2021 12 25  6 19  6.540  0.00   6
   109367  40.305591 -124.360726    32.064       69.9     -639.3       83.5     21.0     20.6     17.2 2021 12 25 16 20 55.220  0.00   6
   109368  40.306108 -124.362557    31.930      -85.8     -582.0      -50.0     12.7     29.5     12.7 2021 12 25  6 18  5.720  0.00   6
   109369  40.305538 -124.361133    32.015       35.3     -645.2       35.0     17.1     23.1     15.5 2021 12 25  7 27 29.140  0.00   6
   109373  40.306278 -124.362744    31.922     -101.7     -563.0      -58.0     13.1     16.9     12.5 2022  1  6  0 59 31.420  0.00   6
   109374  40.304614 -124.356893    31.785      395.7     -747.8     -195.4     15.6     12.1     13.0 2022  1 11 12  2 21.560  0.00   6
   109376  40.314242 -124.361751    31.942      -17.3      321.2      -38.4     10.3     18.2     10.7 2022  7 10  5 57 23.960  0.00   6
   109379  40.314355 -124.361768    31.931      -18.7      333.9      -48.7     10.4     18.0     11.0 2022  7 19  0 22 27.000  0.00   6
   109380  40.314897 -124.361564    31.943       -1.4      394.0      -36.6      9.2     17.6     10.2 2022  7 19 23 51 52.120  0.00   6
   109381  40.314054 -124.361149    31.962       33.9      300.5      -18.2     11.3     16.8     10.4 2022  7 25 22 53 46.120  0.00   6
   109382  40.314225 -124.361287    31.972       22.1      319.4       -8.0      8.9     18.6      9.2 2022  7 29 19 56 59.160  0.00   6
   109385  40.314103 -124.361442    31.935        9.0      305.9      -44.6      9.7     15.8     11.5 2022  8  9  4 38 31.500  0.00   6
   109386  40.314628 -124.361621    31.924       -6.2      364.2      -55.5      9.9     19.4     11.0 2022  8  9 18 41 47.920  0.00   6
   109393  40.314612 -124.361060    31.963       41.5      362.4      -17.0      9.4     18.5     10.0 2022  8 30  6  3 39.840  0.00   6
   109395  40.314205 -124.361410    31.968       11.8      317.2      -12.3      8.9     16.6     10.1 2022  9  3 12  0 10.600  0.00   6
   109396  40.314270 -124.361336    31.953       18.0      324.4      -27.3      8.9     16.2     10.7 2022  9 14  1 47 59.060  0.00   6
   109397  40.314844 -124.360832    31.977       60.9      388.1       -3.0      9.2     17.4      9.7 2022  9 14  1 51 22.500  0.00   6
   109398  40.314469 -124.361011    31.970       45.7      346.6       -9.8     10.0     18.1     10.9 2022  9 28 10 10 30.060  0.00   6
   109399  40.314217 -124.361515    31.974        2.8      318.5       -5.9      9.8     16.2     11.1 2022 10  1 11  0 21.440  0.00   6
   109403  40.322054 -124.364372    32.612     -240.0     1188.8      632.4     28.1     40.8     25.6 2022 10 10  5 11 55.860  0.00   6
   109404  40.313757 -124.361458    31.945        7.6      267.5      -34.8     13.1     20.3     12.1 2022 10 13 13 52 48.680  0.00   6
   109405  40.314681 -124.361296    31.968       21.4      370.0      -11.6      8.9     17.6     10.1 2022 10 15  1  6 50.180  0.00   6
   109406  40.315096 -124.361393    31.961       13.1      416.1      -19.1      8.7     18.0     10.2 2022 10 15  7 41 36.280  0.00   6
   109407  40.314115 -124.361125    31.966       36.0      307.2      -14.4     10.2     19.4      8.7 2022 10 20  4  3 58.380  0.00   6
   109408  40.314644 -124.361727    31.971      -15.2      366.0       -9.0     10.4     17.2     11.2 2022 10 30 12 59 54.920  0.00   6
   109411  40.313928 -124.361027    31.963       44.3      286.5      -17.2      8.9     16.9     10.3 2022 11 18  1 57 26.740  0.00   6
   109412  40.313855 -124.360978    31.965       48.4      278.3      -14.9      9.5     16.0      9.7 2022 11 19 10 54 49.280  0.00   6
   110617  40.313798 -124.361466    32.058        6.9      272.0       78.1      7.5     12.6      8.0 2022 12  2 13 23 47.570  2.13   6
