   105726  40.377816 -124.252002    26.436      212.2     -363.7     -865.3      5.3      9.8      6.2 2020  4  8  8 21 58.120  0.00  14
   105730  40.376750 -124.251009    26.407      296.5     -482.1     -893.7      4.0      3.3      3.4 2020  8 18 23 54 39.920  0.00  14
   105732  40.393424 -124.252816    26.677      143.0     1369.5     -623.8      4.6     17.9      3.9 2020 12 18 23 41 26.600  0.00  14
   105733  40.387854 -124.243538    26.087      930.8      750.9    -1214.2      7.3     13.3      7.2 2021  3 13  9 16 42.120  0.00  14
   105734  40.387878 -124.248169    26.391      537.6      753.7     -910.6      8.4      9.4      7.2 2021  3 28 18 51 39.620  0.00  14
   105739  40.369572 -124.260107    26.487     -476.2    -1279.1     -814.1      6.8      8.7      4.0 2021  8 26  7 46  5.300  0.00  14
   105740  40.376143 -124.250122    26.464      371.8     -549.4     -837.0      6.6      6.8      4.7 2021 11  3  0 24 55.500  0.00  14
   105742  40.376949 -124.249902    26.431      390.5     -460.0     -870.0      6.3      5.8      7.1 2021 11  3  0 56  1.640  0.00  14
   105743  40.379647 -124.246159    26.344      708.3     -160.4     -957.0     11.2      9.5      5.4 2021 11  3  7 36 58.280  0.00  14
   105744  40.359729 -124.252238    26.054      192.1    -2372.1    -1247.3      8.4     12.9      8.7 2021 11  3  4 55 54.820  0.00  14
   105745  40.378178 -124.250895    26.313      306.1     -323.5     -988.5      7.8      8.8      5.3 2021 11  3  3 50 44.720  0.00  14
   105747  40.374308 -124.247778    26.177      570.8     -753.2    -1123.7     14.2     14.4      8.4 2021 11  3  2 39 53.560  0.00  14
   105749  40.380078 -124.238737    26.010     1338.6     -112.5    -1290.9      6.0      3.1      5.8 2021 11  3  2 37 16.800  0.00  14
   105750  40.375562 -124.249894    26.446      391.2     -614.0     -854.8      6.2      5.9      4.6 2021 11  3  0 41 54.400  0.00  14
   105751  40.376912 -124.250553    26.415      335.2     -464.0     -886.5      4.7      4.5      5.7 2021 11  3  0 39 12.580  0.00  14
   105752  40.377332 -124.250911    26.381      304.8     -417.5     -919.7      6.6      7.8      3.5 2021 11  3  0 34 13.400  0.00  14
   105754  40.377148 -124.248641    26.390      497.6     -437.8     -910.8      5.3      4.3      3.2 2021 11  3  0 32  6.680  0.00  14
   105757  40.376127 -124.250252    26.440      360.7     -551.2     -860.8      6.3      5.2      5.3 2021 11  4  7 12  1.600  0.00  14
   105762  40.374955 -124.249325    26.554      439.5     -681.4     -747.4      6.0     10.0      4.7 2021 11 11 13 42 18.820  0.00  14
   105763  40.379586 -124.252197    26.381      195.6     -167.2     -920.3      8.6     13.6      6.1 2021 12 20 22  5 44.360  0.00  14
   105764  40.367879 -124.259066    26.621     -387.7    -1467.1     -680.1      6.0      9.2      4.3 2021 12 20 21 35 24.780  0.00  14
   105765  40.372587 -124.255485    26.230      -83.6     -944.3    -1070.9      5.2      3.5      3.6 2021 12 20 20 32  9.520  0.00  14
   105768  40.375834 -124.247005    26.388      636.5     -583.8     -913.5      7.6      9.7      7.8 2021 12 21  6 11 58.360  0.00  14
   105769  40.373364 -124.248820    25.914      482.4     -858.0    -1387.0      8.5     17.5      8.0 2021 12 21  7 56 43.800  0.00  14
   105772  40.380632 -124.254036    26.521       39.4      -51.1     -780.5      8.5     12.6      9.0 2021 12 21  0 19 42.020  0.00  14
   105774  40.389473 -124.256136    26.960     -138.9      930.8     -341.6      6.0      6.7      4.4 2021 12 21 20 50 48.500  0.00  14
   105775  40.382117 -124.242244    26.243     1040.7      113.9    -1058.6      7.7     10.5      3.9 2021 12 22  3 33 33.340  0.00  14
   105777  40.381372 -124.250456    26.241      343.5       31.2    -1060.5     10.1     15.9      8.6 2021 12 22 18 39 56.880  0.00  14
   105778  40.377795 -124.252824    26.365      142.4     -366.0     -935.8      6.8     10.1      5.5 2021 12 22  3  7 48.260  0.00  14
   105780  40.375789 -124.252417    26.387      176.9     -588.7     -914.3      4.2      4.1      3.2 2021 12 24  3 24 30.240  0.00  14
   105782  40.389380 -124.252498    26.623      170.0      920.4     -678.0     10.0      8.3     11.3 2021 12 24 10 12  5.420  0.00  14
   105784  40.371871 -124.251904    26.303      220.5    -1023.9     -997.9      5.7      9.2      5.5 2021 12 25 17 31 35.020  0.00  14
   105787  40.370687 -124.257397    26.533     -246.0    -1155.3     -767.8      5.1      7.8      4.0 2021 12 26 19 40 33.940  0.00  14
   105789  40.382609 -124.247762    26.183      572.2      168.5    -1117.8      7.5     18.7      8.0 2021 12 29 23 58 51.860  0.00  14
   105791  40.370386 -124.254313    26.237       15.9    -1188.8    -1064.1      9.1      7.2      7.0 2022  1  4 13 16 11.840  0.00  14
   105793  40.376013 -124.252116    26.403      202.5     -563.9     -898.7      4.0      3.6      3.4 2022  1  9  0 23 57.200  0.00  14
   105794  40.375659 -124.251896    26.419      221.1     -603.2     -882.1      5.3      5.3      3.7 2022  1  9  0 25 32.700  0.00  14
   105796  40.376095 -124.252417    26.397      176.9     -554.8     -904.3      3.9      3.6      3.3 2022  1 26 19 43 31.500  0.00  14
   105798  40.373258 -124.251497    26.482      255.0     -869.8     -819.5      8.6     12.6      7.5 2022  2  6 19 27 40.580  0.00  14
   105802  40.369214 -124.257576    26.567     -261.2    -1318.9     -734.6      7.7     11.3      6.3 2022  3 23  1 53 21.540  0.00  14
   107897  40.400765 -124.263761    28.459     -786.3     2184.6     1157.4      8.8      3.4      5.8 2020  6 13 20  4 41.920  0.00  14
   107899  40.396753 -124.261580    28.177     -601.2     1739.1      875.7      5.0      4.6      4.3 2021 11  3 20 34 30.060  0.00  14
   107900  40.396615 -124.260384    28.174     -499.6     1723.7      872.6      5.3      4.1      4.8 2021 11  3  5 51 50.700  0.00  14
   107907  40.396623 -124.261011    28.140     -552.8     1724.6      838.5      6.3      6.5      5.0 2021 12 21  5  6 47.280  0.00  14
   107910  40.397038 -124.261230    28.208     -571.4     1770.7      906.6      7.1      6.0      6.8 2021 12 27  0 40 32.520  0.00  14
   107911  40.396842 -124.263696    28.216     -780.8     1749.0      915.3      6.2      4.4      4.0 2021 12 29 17 56  6.640  0.00  14
   107912  40.401510 -124.261068    28.145     -557.6     2267.3      844.3      7.4      5.0      7.3 2022  1  4  6 25 11.060  0.00  14
   107914  40.397257 -124.261206    28.168     -569.4     1795.1      867.3      5.5      5.0      3.5 2022  1 18  8 29 53.180  0.00  14
   107915  40.398600 -124.281144    28.548    -2262.2     1944.2     1246.3     15.9     15.5     11.8 2022  1 20 19 35 45.720  0.00  14
   107916  40.395085 -124.263615    28.182     -773.9     1553.8      881.3     11.4      7.0      5.1 2022  3 10 19 43 36.080  0.00  14
   107917  40.397803 -124.260335    28.139     -495.4     1855.7      838.0     10.0      5.5      3.7 2022  3 21 15 45 36.680  0.00  14
   107919  40.398263 -124.261906    28.143     -628.8     1906.7      841.5      7.6      8.2      5.0 2022  4 28 16 18 59.900  0.00  14
   107920  40.397319 -124.261117    28.169     -561.8     1801.9      867.3      5.7      5.7      3.7 2022  4 30 20 33  4.260  0.00  14
   107922  40.398287 -124.261613    28.205     -603.9     1909.4      904.0      9.1      4.5      3.2 2022  7  3 16 44 36.540  0.00  14
   107924  40.398149 -124.260799    28.209     -534.8     1894.1      908.2      8.7      4.3      3.9 2022  7 19  9 28  3.620  0.00  14
   107925  40.396684 -124.261759    28.179     -616.4     1731.4      877.9      5.3      5.4      3.3 2022  8 20 18 57 36.780  0.00  14
   108010  40.368518 -124.254834    30.003      -28.3    -1396.2     2702.1      7.1      5.4      5.9 2020  4  7 16 19 13.760  0.00  14
   108011  40.369340 -124.259619    30.191     -434.7    -1304.9     2889.7      5.0      4.6      5.6 2021  5 20  8  1 14.180  0.00  14
   108012  40.365169 -124.255119    30.243      -52.5    -1768.0     2941.9     11.4     12.0      4.9 2021  6  9 14 43 15.220  0.00  14
   108013  40.371090 -124.252816    30.149      143.1    -1110.6     2847.3     12.6      6.5      4.2 2021  7 19  0 53 28.240  0.00  14
   108019  40.367240 -124.255534    30.104      -87.8    -1538.0     2802.6      8.0      5.5      4.9 2021 11  3  6 42 52.940  0.00  14
   108021  40.375785 -124.261434    30.117     -588.8     -589.2     2815.9      4.4     10.0      5.4 2021 12 21  2 47 39.000  0.00  14
   108024  40.375085 -124.268156    30.112    -1159.6     -666.9     2810.9     15.2      7.2      5.9 2022  1  7  2 30  4.920  0.00  14
   110380  40.375936 -124.251457    26.394      258.5     -572.5     -907.5      4.0      2.8      3.3 2022 12 26  3 17 37.280  0.86  14
   110463  40.398840 -124.261898    28.191     -628.1     1970.9      890.0      4.5      2.9      3.2 2023  5 18 12 50 14.940  1.05  14
   110471  40.366939 -124.251497    30.106      255.0    -1571.5     2805.2      4.7      3.5      3.7 2023  3 30 14 41 33.470  1.24  14
