   109669  40.399894 -124.279207    26.861     -101.6      -89.5        0.9    119.0     80.1     56.1 2021  6 30  4  7 16.980  0.00  49
   109670  40.400688 -124.278206    26.869      -16.6       -1.4        8.7     50.1     27.3     49.0 2021 12 20 21 33 53.800  0.00  49
   109671  40.400684 -124.277816    26.843       16.6       -1.8      -17.1     43.5     57.0     45.6 2021 12 20 20 16  2.340  0.00  49
   109672  40.400964 -124.277783    26.866       19.3       29.4        6.1     58.9     65.0     43.9 2021 12 20 21  4  2.560  0.00  49
   109674  40.400887 -124.277710    26.866       25.6       20.8        5.6     64.7     56.9     42.9 2021 12 20 22  5 33.080  0.00  49
   109675  40.400956 -124.277759    26.873       21.4       28.5       13.2     67.1     59.7     45.9 2021 12 20 20 38 16.520  0.00  49
   109676  40.399296 -124.277368    26.795       54.6     -155.9      -65.0     81.4    113.1     89.1 2021 12 20 23 18 45.760  0.00  49
   109678  40.400960 -124.278288    26.867      -23.5       28.9        7.4     63.0     61.3     71.7 2021 12 20 20 28  8.320  0.00  49
   109680  40.401664 -124.277596    26.800       35.2      107.1      -59.9     98.1     74.5     49.8 2021 12 20 22 40  4.140  0.00  49
   109681  40.400085 -124.278475    26.835      -39.4      -68.2      -24.6     77.3     76.7     48.0 2021 12 20 21 16 57.840  0.00  49
   109682  40.400822 -124.277726    26.877       24.2       13.6       17.4     62.1     38.7     48.8 2021 12 21  0 35 38.260  0.00  49
   109683  40.400655 -124.278035    26.865       -2.1       -5.0        5.0     48.0     58.6     45.0 2021 12 21  1 29  1.520  0.00  49
   109684  40.399980 -124.278101    26.862       -7.6      -80.0        1.9    155.5     67.0     46.4 2021 12 21 10 32 44.960  0.00  49
   109686  40.400879 -124.277775    26.851       20.0       19.9       -8.7     51.8     77.1     44.6 2021 12 21  9 35 39.700  0.00  49
   109688  40.400647 -124.277889    26.861       10.4       -5.9        1.3     47.0     36.5     49.8 2021 12 22 16 42 51.760  0.00  49
   109689  40.399540 -124.277759    26.807       21.4     -128.8      -53.3     77.2    101.9     61.3 2021 12 22 21 49  0.120  0.00  49
   109690  40.400659 -124.277946    26.866        5.5       -4.5        5.9     55.6     50.0     48.1 2021 12 23 19 18 59.440  0.00  49
   109691  40.400948 -124.280282    27.060     -192.7       27.6      200.4    128.7     67.7    140.0 2021 12 24 18 30 16.400  0.00  49
   109692  40.400659 -124.277987    26.855        2.1       -4.5       -4.7     45.9     44.7     38.4 2021 12 28 12 16  7.460  0.00  49
   109693  40.400623 -124.278255    26.863      -20.7       -8.6        3.2     54.5     45.2     43.4 2022  1  2  4  3 22.780  0.00  49
   109697  40.400326 -124.278662    26.893      -55.3      -41.6       33.2     62.2     81.6     49.2 2022  4  7 18 43 56.160  0.00  49
   110670  40.400785 -124.277962    26.863        4.1        9.5        2.9     43.4     32.2     39.8 2022 12 14  8 39 12.430  2.11  49
