   103511  40.416532 -124.635506    27.672       19.3      -20.8     -118.5      1.7      2.0      4.1 2020  5  7  4 53 23.220  0.00  19
   103516  40.416797 -124.635718    27.802        1.4        8.6       12.1      0.7      1.2      1.5 2020  6 21  2  0 47.320  0.00  19
   103523  40.416663 -124.635669    27.782        5.5       -6.3       -8.1      0.8      1.3      1.6 2020  8 20 22 23  4.640  0.00  19
   103526  40.416797 -124.635726    27.802        0.7        8.6       11.5      1.2      1.5      2.2 2020  8 31  6  6  1.700  0.00  19
   103527  40.416862 -124.635872    27.854      -11.7       15.8       63.7      1.3      1.9      2.4 2020  9  2 12 23  8.680  0.00  19
   103528  40.416638 -124.635677    27.785        4.8       -9.0       -5.5      0.7      1.2      1.5 2020  9 21 17 56 19.800  0.00  19
   103529  40.416707 -124.635653    27.784        6.9       -1.4       -6.2      0.8      1.8      2.0 2020  9 23  9  0 29.540  0.00  19
   103531  40.416638 -124.635661    27.779        6.2       -9.0      -11.5      0.8      1.3      1.6 2020 10 10  1 19 51.240  0.00  19
   103532  40.416703 -124.635701    27.791        2.8       -1.8        0.6      0.7      1.1      1.5 2020 10 11 19 49 37.260  0.00  19
   103533  40.416720 -124.635710    27.793        2.1        0.0        3.3      0.8      1.2      1.6 2020 10 16  3  5  6.520  0.00  19
   103539  40.416125 -124.635986    27.864      -21.4      -66.0       74.2      1.5      3.1      2.9 2020 11 14  7 19 30.280  0.00  19
   103545  40.416813 -124.635677    27.786        4.8       10.4       -3.7      0.6      1.4      1.3 2020 12 29 22  2 25.740  0.00  19
   103546  40.416618 -124.635661    27.778        6.2      -11.3      -11.9      0.7      1.2      1.5 2021  1 21  2 49 11.860  0.00  19
   103547  40.416797 -124.635417    27.695       26.9        8.6      -95.5      1.6      2.5      3.5 2021  2  7 23 10 50.320  0.00  19
   103553  40.416772 -124.635701    27.800        2.8        5.9        9.7      0.8      1.4      1.6 2021  4  8  6 57 45.620  0.00  19
   103554  40.416809 -124.635734    27.809        0.0        9.9       19.0      0.8      1.2      1.6 2021  4 12  6 17  4.740  0.00  19
   103555  40.416557 -124.635718    27.797        1.4      -18.1        7.1      0.6      1.4      1.5 2021  5  5 21 30  7.880  0.00  19
   103558  40.416740 -124.635718    27.795        1.4        2.3        5.3      0.8      1.3      1.5 2021  5 25  4  7 24.640  0.00  19
   103559  40.416679 -124.635734    27.795        0.0       -4.5        5.4      0.9      1.9      1.7 2021  5 27 18  4 14.220  0.00  19
   103563  40.416740 -124.635710    27.794        2.1        2.3        4.3      0.7      1.3      1.4 2021  6 20 17 45  6.940  0.00  19
   103564  40.416711 -124.635710    27.793        2.1       -0.9        2.7      0.8      1.3      1.5 2021  6 22  6 39 12.360  0.00  19
   103566  40.416646 -124.635661    27.783        6.2       -8.1       -7.5      0.8      1.3      1.4 2021  7  3 23 13 39.300  0.00  19
   103567  40.416646 -124.635661    27.779        6.2       -8.1      -10.9      0.8      1.3      1.6 2021  7  9 19  5 46.580  0.00  19
   103568  40.417135 -124.635417    27.717       26.9       46.1      -72.5      1.5      2.9      2.8 2021  7 11 13 20 49.540  0.00  19
   103574  40.416756 -124.635669    27.793        5.5        4.1        2.7      0.7      1.8      1.8 2021  8  4 21 24 15.580  0.00  19
   103575  40.416671 -124.635726    27.800        0.7       -5.4        9.8      0.7      1.0      1.4 2021  8 13  6 10 27.160  0.00  19
   103580  40.416634 -124.635661    27.784        6.2       -9.5       -6.2      0.8      1.3      1.5 2021  9  5 15 20 51.120  0.00  19
   103581  40.416642 -124.635661    27.785        6.2       -8.6       -5.1      0.8      1.3      1.5 2021  9  5 18  6  2.080  0.00  19
   103588  40.416642 -124.635710    27.796        2.1       -8.6        5.7      0.7      1.1      1.2 2021 11 15 20 36 56.500  0.00  19
   103592  40.416463 -124.635758    27.807       -2.1      -28.5       17.3      0.8      1.8      1.4 2021 12 17  9 32 52.640  0.00  19
   103593  40.416777 -124.635734    27.800        0.0        6.3       10.1      0.8      1.4      1.5 2021 12 30  8 56 43.400  0.00  19
   103595  40.416768 -124.635726    27.803        0.7        5.4       13.0      0.9      1.4      1.6 2022  1 12  6  0 47.680  0.00  19
   103596  40.416195 -124.635392    27.665       29.0      -58.3     -125.4      2.4      4.0      4.5 2022  1 16 20 48 33.420  0.00  19
   103602  40.416703 -124.635701    27.790        2.8       -1.8        0.4      0.7      1.3      1.3 2022  2 13 14 34 37.180  0.00  19
   103603  40.416524 -124.635710    27.789        2.1      -21.7       -0.7      0.7      1.5      1.5 2022  2 18 10 30 45.580  0.00  19
   103604  40.416475 -124.635669    27.777        5.5      -27.1      -12.7      0.7      1.7      1.7 2022  2 18 10 29 22.700  0.00  19
   103610  40.416667 -124.635734    27.802        0.0       -5.9       11.6      0.7      1.1      1.4 2022  3 11  2 27 42.400  0.00  19
   103612  40.416833 -124.635783    27.820       -4.1       12.7       30.1      1.3      2.1      2.2 2022  3 27 15 36 15.060  0.00  19
   103613  40.416781 -124.635750    27.803       -1.4        6.8       13.3      1.1      1.7      1.7 2022  3 27 14 10 14.080  0.00  19
   103614  40.416785 -124.635726    27.804        0.7        7.2       14.1      0.7      1.1      1.4 2022  4  5  7 42 15.200  0.00  19
   103616  40.416756 -124.635718    27.795        1.4        4.1        5.1      0.8      1.3      1.5 2022  4 10 20  1 33.680  0.00  19
   103617  40.416105 -124.635815    27.799       -6.9      -68.2        9.2      1.0      2.8      1.3 2022  4 10 11 29 25.840  0.00  19
   103619  40.416536 -124.635604    27.765       11.1      -20.3      -24.8      1.3      2.3      2.2 2022  4 16 11 33 57.200  0.00  19
   103621  40.416634 -124.635750    27.803       -1.4       -9.5       12.6      0.8      1.4      1.5 2022  4 26  2 38 32.820  0.00  19
   103627  40.416703 -124.635701    27.790        2.8       -1.8        0.4      0.7      1.2      1.3 2022  6 15 21 43 33.360  0.00  19
   103629  40.416715 -124.635734    27.803        0.0       -0.5       13.1      0.7      1.1      1.4 2022  6 28 22 40 13.060  0.00  19
   103633  40.416325 -124.635889    27.831      -13.1      -43.8       41.0      1.2      2.6      2.0 2022  7 21 10 58 56.360  0.00  19
   103635  40.416313 -124.635962    27.849      -19.3      -45.2       58.6      1.5      2.7      2.6 2022  7 21  9 41 45.700  0.00  19
   103638  40.417171 -124.635506    27.742       19.3       50.2      -47.8      1.4      3.1      2.1 2022  7 29  4 44  3.980  0.00  19
   103639  40.416667 -124.635677    27.787        4.8       -5.9       -3.4      0.7      1.3      1.3 2022  8  1 11 57 40.720  0.00  19
   103643  40.416626 -124.635669    27.778        5.5      -10.4      -11.7      0.8      1.3      1.5 2022  8 19  1 15 44.200  0.00  19
   103648  40.416622 -124.635677    27.783        4.8      -10.8       -7.4      0.7      1.1      1.3 2022  9 24 22  0 20.980  0.00  19
   103654  40.416687 -124.635677    27.778        4.8       -3.6      -12.1      0.8      1.6      1.5 2022 11 19 23 53 55.780  0.00  19
   103655  40.416675 -124.635677    27.788        4.8       -5.0       -2.5      0.8      1.3      1.3 2022 11 21  7 59 21.280  0.00  19
   110323  40.416744 -124.635693    27.790        3.5        2.7        0.2      0.7      1.1      1.3 2022 12 17 21 51 15.200  2.06  19
