   104315  40.500183 -124.471517    28.820       -5.5       -1.4       -0.2    154.6    216.2    172.8 2020  2 29  6 32  4.220  0.00  44
   104316  40.500179 -124.471468    28.816       -1.4       -1.8       -3.5    154.9    167.8    177.3 2020  2 29  5 10 55.440  0.00  44
   104318  40.500122 -124.471558    28.819       -9.0       -8.1       -0.8    184.2    304.6    182.3 2020  3  9  4  5 43.220  0.00  44
   104320  40.500085 -124.471411    28.803        3.4      -12.2      -16.9    194.5    255.3    251.7 2020  4  7 20 37 32.440  0.00  44
   104328  40.500439 -124.471737    28.860      -24.1       27.1       40.3    204.0    157.0    217.8 2020  8 25  0 14 44.680  0.00  44
   104329  40.500187 -124.471501    28.821       -4.1       -0.9        0.6    141.7    216.2    182.3 2021  2 18  7 41 28.860  0.00  44
   104331  40.500224 -124.471680    28.844      -19.3        3.2       24.5    176.6    278.4    212.5 2021  5  8  9 20 14.780  0.00  44
   104335  40.500159 -124.471444    28.814        0.7       -4.1       -5.9    184.1    185.8    215.9 2021  7  4  9 17 56.000  0.00  44
   104338  40.500627 -124.472127    28.902      -57.3       47.9       81.6    321.3    290.6    336.5 2021  7  9  8 58 26.480  0.00  44
   104341  40.499988 -124.471704    28.833      -21.4      -23.0       13.5    211.9    354.3    202.6 2021  7 22 17  3 20.420  0.00  44
   104346  40.500167 -124.471493    28.818       -3.4       -3.2       -1.6    165.5    173.1    200.8 2021  8 12 22  5 24.040  0.00  44
   104348  40.500146 -124.471387    28.808        5.5       -5.4      -12.1    177.8    197.1    203.6 2021  9  9 17 29 27.180  0.00  44
   104349  40.500175 -124.471460    28.815       -0.7       -2.3       -5.0    186.6    188.1    219.8 2021  9 11  3 40  9.640  0.00  44
   104353  40.500704 -124.472331    28.916      -74.5       56.5       96.1    260.3    287.6    307.0 2021  9 25  2 26 47.460  0.00  44
   104355  40.500236 -124.471672    28.838      -18.6        4.5       18.2    191.7    271.5    200.4 2021 10 31  6  6 24.240  0.00  44
   104356  40.500224 -124.471655    28.835      -17.2        3.2       15.1    184.3    263.9    187.0 2021 10 31  6 11 51.880  0.00  44
   104357  40.500203 -124.471493    28.819       -3.4        0.9       -1.3    160.1    176.9    197.5 2021 11 20  7 24  9.400  0.00  44
   104358  40.500171 -124.471468    28.816       -1.4       -2.7       -3.9    153.4    170.1    186.0 2021 12 18  9 25 32.000  0.00  44
   104359  40.500281 -124.471582    28.837      -11.0        9.5       16.6    173.2    143.6    166.3 2021 12 18 22 39 54.400  0.00  44
   104360  40.500187 -124.471468    28.818       -1.4       -0.9       -1.5    176.1    178.2    206.9 2021 12 18  9  9 50.140  0.00  44
   104364  40.500663 -124.472062    28.898      -51.7       52.0       77.8    281.0    238.4    270.1 2021 12 20 21 52 57.420  0.00  44
   104365  40.500151 -124.471387    28.808        5.5       -5.0      -11.8    176.1    198.5    202.2 2021 12 20 20 20 46.040  0.00  44
   104368  40.500244 -124.471720    28.851      -22.8        5.4       30.7    210.6    331.2    260.3 2022  1 18 19 57 40.240  0.00  44
   104369  40.500020 -124.471427    28.801        2.1      -19.4      -19.1    213.4    283.9    260.2 2022  1 23 14 14 28.080  0.00  44
   104370  40.500439 -124.471598    28.857      -12.4       27.1       37.2    305.0    184.3    199.2 2022  2 18  3 26 35.760  0.00  44
   104371  40.500297 -124.471802    28.862      -29.7       11.3       42.1    237.8    348.9    299.6 2022  3  3  0 51 53.940  0.00  44
   104372  40.500264 -124.471737    28.843      -24.1        7.7       23.0    224.4    317.8    231.0 2022  3 20 12  6 54.320  0.00  44
   104373  40.499756 -124.471281    28.773       14.5      -48.8      -47.2    301.0    369.7    363.2 2022  3 22 20 56 34.200  0.00  44
   110336  40.500122 -124.471379    28.805        6.2       -8.1      -15.5    150.7    181.3    157.2 2022 12 22 20 56 54.800  1.39  44
