   104602  40.401432 -124.568408    27.486       59.4      -52.9     -143.9    319.7    624.2    554.7 2021  4  9  2 44 10.240  0.00  56
   104608  40.401949 -124.569132    27.635       -2.1        4.5        5.4    121.9    196.0    192.3 2021  6 16 21 28 14.920  0.00  56
   104609  40.401949 -124.569116    27.635       -0.7        4.5        5.0    112.2    163.4    214.8 2021  7 17 13 58 12.280  0.00  56
   104610  40.401978 -124.569076    27.627        2.8        7.7       -2.7     78.5    204.0    171.0 2021  7 17 16 51 33.280  0.00  56
   104611  40.401839 -124.569067    27.623        3.5       -7.7       -7.0    133.8    208.1    206.2 2021  7 18 17 30 30.400  0.00  56
   104614  40.401794 -124.569132    27.622       -2.1      -12.7       -8.2    141.5    267.7    244.9 2021  7 21  6 38  0.500  0.00  56
   104616  40.402287 -124.569279    27.665      -14.5       42.0       34.7    216.2    305.0    359.3 2021  7 26 15  6 34.040  0.00  56
   104617  40.401892 -124.569108    27.627        0.0       -1.8       -2.6    124.4    204.5    204.3 2021  7 27 18 17 36.420  0.00  56
   104624  40.402026 -124.569067    27.627        3.5       13.1       -2.7     79.3    250.7    177.1 2021 10 15  0 32 56.840  0.00  56
   104626  40.401750 -124.569141    27.637       -2.8      -17.6        7.0    163.7    285.3    245.0 2021 11 22  6 32 57.800  0.00  56
   104627  40.401864 -124.569084    27.622        2.1       -5.0       -8.1    128.5    206.0    216.4 2021 12  4  6 54 31.440  0.00  56
   104629  40.401860 -124.569084    27.628        2.1       -5.4       -2.4    129.0    208.3    200.2 2021 12  7  1 37 44.380  0.00  56
   104631  40.401892 -124.569100    27.627        0.7       -1.8       -2.7    125.6    202.1    203.9 2022  1 16  7 10  3.240  0.00  56
   104633  40.401925 -124.569116    27.630       -0.7        1.8       -0.0    123.9    197.2    200.9 2022  2 15 16  0  9.380  0.00  56
   104641  40.401921 -124.569108    27.629        0.0        1.4       -0.9    125.6    195.9    199.7 2022  6 14 18 33 26.960  0.00  56
   104647  40.401953 -124.569132    27.635       -2.1        5.0        5.3    122.1    197.6    191.1 2022  9 14 19 39 58.380  0.00  56
   104651  40.401803 -124.569092    27.621        1.4      -11.7       -9.2    128.5    221.4    213.6 2022 10 25  1  1  6.660  0.00  56
   104652  40.401819 -124.569076    27.620        2.8       -9.9      -10.2    138.5    228.3    219.3 2022 10 25  1 46 12.000  0.00  56
   110347  40.401888 -124.569108    27.633        0.0       -2.3        3.0    114.9    180.2    198.9 2023  5  9 16 44 27.070  1.07  56
