   104513  40.406311 -124.348966    28.465    -1064.6     1652.4     -322.4    971.3    800.9    769.7 2020  1 21  3  0 13.680  0.00  57
   104515  40.407353 -124.350789    28.576    -1219.4     1768.0     -211.5    575.6    672.1    563.2 2020  7 27  8 38 54.500  0.00  57
   104516  40.407430 -124.350260    28.569    -1174.5     1776.6     -218.4    497.8    466.2    469.5 2021  5  6 16  3 56.100  0.00  57
   104518  40.407247 -124.350651    28.571    -1207.6     1756.3     -216.9    494.3    541.1    453.3 2021  5 21  0  9 12.220  0.00  57
   104520  40.407865 -124.350496    28.609    -1194.5     1825.0     -178.6    553.0    587.4    581.6 2021 12 20 21 40 27.420  0.00  57
   104521  40.406242 -124.348633    28.434    -1036.3     1644.7     -353.4    977.0    673.0    931.1 2022  1  6  1  8 41.420  0.00  57
   104522  40.406763 -124.350407    28.540    -1186.9     1702.5     -247.8    651.8    711.9    599.2 2022  8 10  4 54 15.660  0.00  57
   108928  40.379753 -124.326001    28.955      885.2    -1296.8      167.9    445.6    377.4    340.5 2020  8 18  7 42 21.560  0.00  57
   108931  40.379749 -124.326172    28.944      870.7    -1297.2      156.9    493.8    490.0    372.0 2021 11  3  1  3 27.500  0.00  57
   108935  40.379618 -124.326668    28.940      828.5    -1311.7      152.5    518.1    734.8    622.5 2021 12 20 23 44 13.940  0.00  57
   108936  40.379667 -124.325708    28.924      910.1    -1306.2      137.0    461.6    611.3    419.1 2021 12 20 20 20  4.260  0.00  57
   108937  40.379761 -124.325879    28.942      895.6    -1295.9      154.7    464.2    406.3    377.2 2021 12 20 20 39 20.900  0.00  57
   108940  40.380115 -124.326579    29.021      836.1    -1256.5      233.9    591.4    482.7    539.8 2021 12 20 23 54 29.040  0.00  57
   108946  40.379508 -124.326196    28.927      868.6    -1323.9      139.4    548.3    680.1    492.3 2021 12 22  6 16 37.920  0.00  57
   108949  40.379614 -124.325684    28.926      912.1    -1312.1      138.8    476.2    605.2    434.0 2021 12 23 21 58  8.480  0.00  57
   108950  40.379887 -124.326587    28.982      835.4    -1281.8      194.2    593.3    509.8    450.4 2021 12 23 10 55 57.180  0.00  57
   108955  40.379736 -124.327051    29.061      796.0    -1298.6      274.1    705.1    492.2    401.6 2022  3  8 12 56 15.060  0.00  57
   110342  40.407483 -124.350187    28.514    -1168.3     1782.5     -273.5    609.5    623.7    473.0 2023  5 15 11 35 50.560  2.49  57
   110571  40.380066 -124.326001    28.992      885.2    -1262.0      204.8    585.6    376.9    342.1 2023  5 18 17 14 50.720  1.28  57
