   102182  40.446700 -124.654199    25.220        6.2       -2.7        0.0      0.0      0.0      0.1 2020  1 15 17 42 30.720  0.00  10
   102184  40.446700 -124.654199    25.220        6.2       -2.7        0.0      0.0      0.1      0.1 2020  1 17  0 45  9.680  0.00  10
   102188  40.446700 -124.654199    25.220        6.2       -2.7        0.0      0.0      0.0      0.1 2020  1 21  4 20 43.480  0.00  10
   102200  40.446712 -124.654183    25.208        7.6       -1.4      -12.3      0.9      1.0      2.2 2020  3 19  5 35 45.780  0.00  10
   102205  40.446700 -124.654199    25.220        6.2       -2.7        0.0      0.0      0.0      0.1 2020  3 30 12 52 56.680  0.00  10
   102210  40.446700 -124.654199    25.220        6.2       -2.7        0.0      0.0      0.1      0.1 2020  4 19 20 24 43.340  0.00  10
   102212  40.446700 -124.654199    25.220        6.2       -2.7        0.0      0.1      0.1      0.2 2020  4 23 16 58 36.620  0.00  10
   102228  40.446700 -124.654199    25.220        6.2       -2.7        0.0      0.0      0.1      0.1 2020  6  6 17 33 56.240  0.00  10
   102230  40.446700 -124.654199    25.220        6.2       -2.7        0.0      0.0      0.1      0.1 2020  6  8  6 32 15.660  0.00  10
   102234  40.446700 -124.654199    25.220        6.2       -2.7        0.0      0.0      0.1      0.1 2020  6 17 14 55 44.060  0.00  10
   102238  40.446700 -124.654199    25.220        6.2       -2.7        0.0      0.0      0.1      0.1 2020  6 26 15 28 13.260  0.00  10
   102242  40.446700 -124.654199    25.220        6.2       -2.7       -0.0      0.1      0.1      0.2 2020  7  2  9 45 28.780  0.00  10
   102243  40.446700 -124.654199    25.220        6.2       -2.7        0.0      0.0      0.1      0.1 2020  7  4 10 27 11.180  0.00  10
   102245  40.446700 -124.654199    25.220        6.2       -2.7        0.0      0.0      0.0      0.1 2020  7 15 14 48 38.640  0.00  10
   102246  40.446700 -124.654199    25.220        6.2       -2.7        0.0      0.0      0.1      0.1 2020  7 15  6 44  5.980  0.00  10
   102248  40.446700 -124.654199    25.220        6.2       -2.7        0.0      0.0      0.1      0.1 2020  7 19 18 15 35.580  0.00  10
   102251  40.446700 -124.654199    25.220        6.2       -2.7        0.0      0.1      0.1      0.2 2020  7 24 17 25 56.900  0.00  10
   102255  40.446700 -124.654199    25.220        6.2       -2.7        0.0      0.0      0.1      0.1 2020  8  9  8 20 35.060  0.00  10
   102264  40.446700 -124.654199    25.220        6.2       -2.7        0.0      0.0      0.1      0.1 2020  8 30  7 38 46.020  0.00  10
   102266  40.446700 -124.654199    25.220        6.2       -2.7        0.0      0.0      0.1      0.1 2020  9  9 23 36 32.240  0.00  10
   102267  40.446700 -124.654199    25.220        6.2       -2.7        0.1      0.0      0.1      0.2 2020  9 10  0 16 17.420  0.00  10
   102268  40.446700 -124.654199    25.220        6.2       -2.7       -0.0      0.0      0.1      0.2 2020  9 10  3 19 24.240  0.00  10
   102270  40.446700 -124.654199    25.220        6.2       -2.7        0.0      0.0      0.1      0.1 2020  9 18  0 58 33.740  0.00  10
   102277  40.446700 -124.654199    25.220        6.2       -2.7        0.0      0.0      0.1      0.1 2020 10 12 19 25 13.660  0.00  10
   102279  40.446700 -124.654199    25.220        6.2       -2.7        0.0      0.0      0.1      0.1 2020 10 14  1 51 41.000  0.00  10
   102282  40.446700 -124.654199    25.220        6.2       -2.7        0.0      0.0      0.1      0.1 2020 10 21  8 40 43.180  0.00  10
   102283  40.446700 -124.654199    25.220        6.2       -2.7        0.0      0.0      0.1      0.1 2020 10 24 23  4 54.880  0.00  10
   102285  40.446700 -124.654199    25.220        6.2       -2.7        0.0      0.0      0.1      0.1 2020 11  1 13 18 54.340  0.00  10
   102294  40.446700 -124.654199    25.220        6.2       -2.7        0.1      0.0      0.1      0.1 2020 11 14  6 37 54.500  0.00  10
   102301  40.446700 -124.654199    25.220        6.2       -2.7        0.0      0.0      0.1      0.1 2020 12  1 22 12 47.360  0.00  10
   102303  40.446700 -124.654199    25.220        6.2       -2.7       -0.0      0.0      0.1      0.1 2020 12  5 11 45  1.180  0.00  10
   102322  40.446700 -124.654199    25.220        6.2       -2.7        0.0      0.0      0.1      0.1 2021  3 12  0 34 57.040  0.00  10
   102324  40.446700 -124.654199    25.220        6.2       -2.7        0.0      0.0      0.1      0.1 2021  3 12  1 21 53.360  0.00  10
   102333  40.446700 -124.654199    25.220        6.2       -2.7        0.0      0.0      0.0      0.2 2021  4  2 13 31 56.200  0.00  10
   102336  40.446700 -124.654199    25.220        6.2       -2.7       -0.0      0.0      0.1      0.2 2021  4 10 16 40 38.080  0.00  10
   102338  40.446700 -124.654199    25.220        6.2       -2.7        0.0      0.0      0.0      0.1 2021  4 16  5 33 23.300  0.00  10
   102340  40.446700 -124.654199    25.220        6.2       -2.7        0.0      0.0      0.1      0.1 2021  4 16  5 35 19.500  0.00  10
   102344  40.446700 -124.654199    25.220        6.2       -2.7        0.0      0.0      0.1      0.1 2021  5  4 21 50 51.440  0.00  10
   102345  40.446700 -124.654199    25.220        6.2       -2.7        0.0      0.0      0.1      0.2 2021  5  4 21 38 56.240  0.00  10
   102355  40.446700 -124.654199    25.220        6.2       -2.7        0.0      0.0      0.0      0.2 2021  5 30  0 32 40.240  0.00  10
   102360  40.446700 -124.654199    25.220        6.2       -2.7       -0.0      0.0      0.1      0.1 2021  6 12 12 22 59.900  0.00  10
   102362  40.446700 -124.654199    25.220        6.2       -2.7        0.0      0.0      0.1      0.1 2021  6 24 19 30 18.060  0.00  10
   102371  40.446700 -124.654199    25.220        6.2       -2.7        0.0      0.0      0.1      0.1 2021  7 21 12 26  5.200  0.00  10
   102372  40.446700 -124.654199    25.220        6.2       -2.7        0.0      0.0      0.0      0.1 2021  7 21 11 22 14.200  0.00  10
   102373  40.446700 -124.654199    25.220        6.2       -2.7        0.1      0.1      0.1      0.2 2021  7 21 11 54 55.820  0.00  10
   102384  40.446700 -124.654199    25.220        6.2       -2.7        0.0      0.0      0.1      0.1 2021  9  8  2 16  1.420  0.00  10
   102385  40.446700 -124.654199    25.220        6.2       -2.7        0.0      0.0      0.0      0.1 2021  9  9 12 37 57.360  0.00  10
   102387  40.446700 -124.654199    25.220        6.2       -2.7        0.0      0.0      0.0      0.1 2021  9 10  1  1 31.200  0.00  10
   102388  40.446700 -124.654199    25.220        6.2       -2.7        0.0      0.0      0.1      0.1 2021  9 15  6 30 53.620  0.00  10
   102390  40.446700 -124.654199    25.220        6.2       -2.7        0.0      0.0      0.1      0.2 2021 10  4  4 32 17.280  0.00  10
   102392  40.446700 -124.654199    25.220        6.2       -2.7        0.0      0.0      0.0      0.1 2021 10 18  2 39 39.300  0.00  10
   102393  40.446700 -124.654199    25.220        6.2       -2.7        0.0      0.0      0.0      0.1 2021 10 23 14 44 14.460  0.00  10
   102399  40.446700 -124.654199    25.220        6.2       -2.7        0.0      0.0      0.1      0.1 2021 11 10  9 26 40.460  0.00  10
   102404  40.446700 -124.654199    25.220        6.2       -2.7        0.0      0.0      0.1      0.1 2021 11 13  7 46 30.500  0.00  10
   102408  40.446700 -124.654199    25.220        6.2       -2.7        0.0      0.0      0.0      0.1 2021 11 30  5 12 25.660  0.00  10
   102410  40.446700 -124.654199    25.220        6.2       -2.7        0.0      0.0      0.0      0.1 2021 12  1 15  9 27.140  0.00  10
   102414  40.446700 -124.654199    25.220        6.2       -2.7        0.0      0.0      0.1      0.1 2021 12 11 10  9 36.640  0.00  10
   102418  40.446700 -124.654199    25.220        6.2       -2.7        0.0      0.0      0.1      0.1 2022  1  6 20 31  6.480  0.00  10
   102422  40.446700 -124.654199    25.220        6.2       -2.7        0.0      0.0      0.1      0.1 2022  1 16 20  3 25.640  0.00  10
   102423  40.446700 -124.654199    25.220        6.2       -2.7        0.0      0.0      0.0      0.1 2022  1 16 23 26 59.440  0.00  10
   102424  40.446700 -124.654199    25.220        6.2       -2.7        0.0      0.0      0.0      0.1 2022  1 16 23 21 31.880  0.00  10
   102425  40.446700 -124.654199    25.220        6.2       -2.7        0.0      0.0      0.0      0.1 2022  1 16 23 34 44.500  0.00  10
   102429  40.446700 -124.654199    25.220        6.2       -2.7        0.0      0.0      0.1      0.1 2022  2 11  7 42  4.820  0.00  10
   102437  40.446700 -124.654199    25.220        6.2       -2.7        0.0      0.0      0.0      0.1 2022  3 26  2  8 37.740  0.00  10
   102439  40.446700 -124.654199    25.220        6.2       -2.7        0.1      0.0      0.1      0.1 2022  3 26  3 20 55.020  0.00  10
   102441  40.446700 -124.654199    25.220        6.2       -2.7        0.0      0.0      0.1      0.1 2022  3 27  9  2  0.020  0.00  10
   102452  40.446700 -124.654199    25.220        6.2       -2.7        0.0      0.1      0.1      0.2 2022  5 19  4 59 54.560  0.00  10
   102456  40.446700 -124.654199    25.220        6.2       -2.7        0.0      0.0      0.1      0.1 2022  5 26 14 46 51.040  0.00  10
   102460  40.446700 -124.654199    25.220        6.2       -2.7        0.0      0.0      0.1      0.1 2022  6  4 18 39 40.820  0.00  10
   102461  40.446700 -124.654199    25.220        6.2       -2.7        0.1      0.1      0.1      0.2 2022  6  4 18 37 39.740  0.00  10
   102462  40.446700 -124.654199    25.220        6.2       -2.7        0.0      0.0      0.1      0.1 2022  6  7  7 42  2.260  0.00  10
   102467  40.446700 -124.654199    25.220        6.2       -2.7        0.0      0.0      0.0      0.1 2022  6 29 15 43 49.420  0.00  10
   102478  40.446700 -124.654199    25.220        6.2       -2.7        0.0      0.0      0.1      0.1 2022  7 28  0 49 37.560  0.00  10
   102479  40.446700 -124.654199    25.220        6.2       -2.7        0.0      0.0      0.1      0.1 2022  8  1 11 26 14.540  0.00  10
   102480  40.446700 -124.654199    25.220        6.2       -2.7        0.0      0.0      0.1      0.1 2022  8  1 11 14 15.880  0.00  10
   102484  40.446700 -124.654199    25.220        6.2       -2.7        0.0      0.0      0.1      0.1 2022  9  2 22 28 11.020  0.00  10
   102487  40.446700 -124.654199    25.220        6.2       -2.7        0.0      0.0      0.0      0.1 2022  9 13 10 25 13.400  0.00  10
   102488  40.446700 -124.654199    25.220        6.2       -2.7        0.0      0.0      0.0      0.1 2022  9 15 10 27 10.840  0.00  10
   102495  40.446700 -124.654199    25.220        6.2       -2.7        0.1      0.0      0.1      0.1 2022 10  2 19 19 28.360  0.00  10
   102497  40.446700 -124.654199    25.220        6.2       -2.7        0.0      0.0      0.1      0.1 2022 10  7 21 58 55.180  0.00  10
   102498  40.446700 -124.654199    25.220        6.2       -2.7        0.0      0.0      0.1      0.1 2022 10  8 23 33 52.300  0.00  10
   102502  40.446700 -124.654199    25.220        6.2       -2.7        0.0      0.0      0.0      0.1 2022 10 22  7  6 12.100  0.00  10
   102504  40.446700 -124.654199    25.220        6.2       -2.7        0.0      0.0      0.0      0.1 2022 11  8  8 25 11.960  0.00  10
   102510  40.446700 -124.654199    25.220        6.2       -2.7       -0.0      0.0      0.1      0.1 2022 11 22 13 37 11.000  0.00  10
   110301  40.446700 -124.654199    25.220        6.2       -2.7        0.0      0.1      0.1      0.1 2023  5 20  8 26 59.420  1.66  10
