   108362  40.490605 -124.206934    20.683     -252.5      -80.4     -384.3      5.9      3.3      5.8 2020  7 11 17 19 52.600  0.00  43
   108363  40.490914 -124.206730    20.669     -235.3      -46.1     -398.3      8.4      8.1      5.6 2020  8 12 11 28 24.940  0.00  43
   108364  40.490662 -124.206746    20.674     -236.6      -74.1     -393.5      4.3      5.3      5.6 2020  8 12 11 23 32.820  0.00  43
   108365  40.491150 -124.205160    20.765     -102.1      -19.9     -302.1     10.6      4.3      6.0 2020  8 16 23 21 48.480  0.00  43
   108366  40.490230 -124.207642    20.707     -312.5     -122.0     -359.9      8.8      9.7      8.0 2020 10  4  9 37 29.720  0.00  43
   108367  40.491093 -124.206502    20.705     -215.9      -26.2     -362.3      3.7      2.8      4.3 2020 10  8  4 46 56.680  0.00  43
   108369  40.490845 -124.206673    20.723     -230.4      -53.8     -344.0      5.2      3.9      4.4 2021  2 19  9 54 21.040  0.00  43
   108370  40.490963 -124.207414    20.709     -293.2      -40.7     -358.7      9.1      5.8      4.1 2021  6  1 21 55 42.420  0.00  43
   108373  40.491634 -124.206283    20.639     -197.3       33.9     -427.9      8.0      7.2      6.8 2022  2  7 11 46 35.280  0.00  43
   108374  40.490951 -124.206860    20.702     -246.3      -42.0     -365.2      4.7      3.5      3.8 2022  2 12 15 44 27.500  0.00  43
   108375  40.491374 -124.206112    20.680     -182.8        5.0     -387.6      8.8      6.5      5.4 2022  4 21 17  7 41.100  0.00  43
   108376  40.491121 -124.206266    20.694     -195.9      -23.0     -373.1      5.4      4.5      4.9 2022  4 22 17 55 41.660  0.00  43
   108378  40.491032 -124.206608    20.704     -224.9      -33.0     -363.0      6.0      3.4      3.7 2022  7 27  4 35 27.980  0.00  43
   108379  40.491309 -124.207072    20.701     -264.2       -2.3     -366.2      8.9      5.6      4.0 2022  8  3  6 33 48.060  0.00  43
   108380  40.491638 -124.206421    20.705     -209.0       34.3     -362.7      7.5      5.9      4.2 2022  9  1 10 45  9.880  0.00  43
   108381  40.491085 -124.206657    20.705     -229.1      -27.1     -362.8      4.6      3.6      3.3 2022 11 26 10 34 34.000  0.00  43
   108454  40.483988 -124.236947    19.097    -2797.1     -815.1    -1970.5      7.8      4.0      3.4 2021 12 22  7 38 16.620  0.00  43
   109536  40.490161 -124.199992    22.417      336.0     -129.7     1349.4      6.8      6.5      6.4 2021  3  3 21 43  3.720  0.00  43
   109537  40.490804 -124.199569    22.450      371.9      -58.3     1382.7      8.5      6.8      7.9 2021  9 27  2 58  8.360  0.00  43
   109538  40.489164 -124.201066    22.408      244.9     -240.4     1340.4      7.2      7.7      7.1 2021 12 23 14 37 21.580  0.00  43
   109539  40.490194 -124.199805    22.446      351.9     -126.1     1378.3      6.1      5.5      5.6 2022  9 12  3 59 29.200  0.00  43
   109540  40.490190 -124.199797    22.446      352.6     -126.5     1378.3      6.1      5.6      5.6 2022 10  8  6 41 27.060  0.00  43
   109635  40.498242 -124.178231    21.321     2180.8      767.7      253.6     54.1     11.9     17.9 2021  6  4 21 21 58.240  0.00  43
   109636  40.500378 -124.187931    21.852     1358.4     1004.9      784.3     10.1      7.2      8.5 2021 12 20 21 17 32.980  0.00  43
   109637  40.496252 -124.191528    21.595     1053.5      546.7      527.4     11.2     17.6     11.5 2022  5 25  8  4 48.420  0.00  43
   110460  40.486475 -124.182373    20.364     1829.8     -539.0     -703.7      5.3      4.6      6.5 2023  3 15  6  1 38.120  0.94  43
   110498  40.491077 -124.206299    20.710     -198.7      -28.0     -357.5      3.5      2.5      3.0 2023  1 15 11 51 19.200  1.50  43
   110504  40.483980 -124.237492    19.097    -2843.4     -816.0    -1970.7      7.8      4.0      3.4 2023  2  5 13 48 53.130  1.08  43
   110642  40.489299 -124.199569    22.449      371.9     -225.5     1382.2      5.9      5.7      6.0 2023  2 27 12 40  1.270  1.39  43
   110662  40.500415 -124.189762    21.946     1203.2     1009.0      878.7      8.5      6.2      7.6 2023  5  9 11 38 20.680  1.02  43
