   102177  40.304907 -124.483724    26.372      862.1     1972.2     5252.7      5.0     15.1      5.0 2020  4  1 11 46 58.040  0.00   2
   102179  40.291353 -124.490332    25.804      300.3      467.2     4685.2      5.2     11.4      6.5 2022  4 28 10 58 15.600  0.00   2
   102611  40.293998 -124.551449    23.146    -4896.5      760.9     2026.8      1.9      3.4      2.5 2020  1 28  5 11 32.240  0.00   2
   102614  40.302018 -124.553491    23.179    -5069.9     1651.4     2059.6      1.9      3.5      2.6 2020  2 19  4 37 44.400  0.00   2
   102615  40.296082 -124.551009    23.042    -4859.0      992.2     1923.4      2.9      6.4      4.5 2020  3  2 21 56 10.200  0.00   2
   102616  40.291667 -124.549528    23.202    -4733.2      502.0     2082.8      6.5     12.8      7.6 2020  3 12 13 19 53.560  0.00   2
   102617  40.289193 -124.553320    23.080    -5055.8      227.3     1960.9      1.8      6.0      2.1 2020  3 19  2  9 47.580  0.00   2
   102618  40.294043 -124.551310    23.179    -4884.7      765.8     2060.3      1.6      4.2      2.5 2020  3 24  8  3 36.860  0.00   2
   102619  40.292725 -124.550488    22.983    -4814.9      619.5     1864.0      1.9      3.7      2.5 2020  5  3 14  1 39.440  0.00   2
   102620  40.303813 -124.551774    22.889    -4923.8     1850.7     1770.5      2.6      7.5      5.3 2020  5  8  2 59 28.200  0.00   2
   102621  40.294535 -124.550854    23.122    -4845.9      820.5     2003.0      4.0     13.2      9.3 2020  5 20  5 59 56.040  0.00   2
   102622  40.294027 -124.551774    23.155    -4924.1      764.0     2036.5      1.6      2.8      2.0 2020  5 25 11 34 11.100  0.00   2
   102623  40.293510 -124.552067    23.195    -4949.1      706.7     2075.7      1.9      2.3      1.7 2020  6 17  9 38  2.760  0.00   2
   102626  40.292537 -124.551432    23.227    -4895.1      598.7     2108.0      1.7      3.7      2.4 2020  7 30 14 15 55.420  0.00   2
   102627  40.293034 -124.551603    23.218    -4909.7      653.8     2099.3      1.7      2.5      1.6 2020  8  6  9 43  0.900  0.00   2
   102628  40.294808 -124.553524    23.140    -5072.9      850.8     2020.9      4.3      7.5      5.7 2020  8 12  9 16 12.860  0.00   2
   102629  40.297099 -124.553312    23.217    -5054.8     1105.2     2098.3      2.9      8.1      5.6 2020  8 30 19 11 39.340  0.00   2
   102630  40.296700 -124.551107    23.064    -4867.3     1060.9     1945.2      1.9      7.6      5.0 2020  9  4 12  2 45.620  0.00   2
   102631  40.303674 -124.552970    23.134    -5025.5     1835.3     2015.3      1.8      9.6      3.6 2020  9 14  2 37 30.160  0.00   2
   102632  40.292957 -124.551579    23.225    -4907.6      645.2     2105.8      1.7      3.6      2.4 2020 10 22  1 28 26.760  0.00   2
   102633  40.294808 -124.551571    23.147    -4906.8      850.8     2027.6      2.2      3.0      2.0 2020 10 29  4 23 31.560  0.00   2
   102636  40.292810 -124.551888    23.201    -4933.9      628.9     2081.8      1.9      3.1      1.6 2020 11 12  0 59 20.320  0.00   2
   102637  40.294568 -124.553703    23.159    -5088.1      824.1     2040.6      3.4      3.0      1.7 2020 11 22  4 28 11.800  0.00   2
   102638  40.294006 -124.551497    23.147    -4900.6      761.8     2028.4      1.7      3.5      2.2 2020 11 24  4 43  2.220  0.00   2
   102640  40.290063 -124.551986    23.346    -4942.3      324.0     2226.9      2.1      2.9      1.9 2020 12 20 20 43  7.720  0.00   2
   102643  40.303902 -124.555013    23.259    -5199.2     1860.6     2139.9      5.6     11.4      7.1 2021  4  2  8 21 40.740  0.00   2
   102644  40.294088 -124.552856    23.037    -5016.2      770.8     1918.0      2.6      5.1      2.1 2021  4  2 10  4 11.960  0.00   2
   102645  40.295569 -124.554028    23.118    -5115.8      935.3     1998.7      3.7      3.2      1.9 2021  4  2  8 33 31.360  0.00   2
   102646  40.294255 -124.552694    23.115    -5002.3      789.3     1996.2      2.1      3.0      1.9 2021  4  3  8 46 31.580  0.00   2
   102648  40.291907 -124.551522    23.256    -4902.8      528.6     2136.7      1.8      4.9      2.9 2021  4  4 22 47 31.720  0.00   2
   102649  40.293844 -124.551563    23.136    -4906.2      743.7     2017.5      3.4      8.2      5.9 2021  4  6 18 44  3.960  0.00   2
   102650  40.294189 -124.551579    23.169    -4907.5      782.1     2049.7      2.0      2.5      1.7 2021  4 16  7 34 37.420  0.00   2
   102652  40.305046 -124.553206    23.202    -5045.5     1987.6     2083.3      1.6      7.1      5.5 2021  4 24 10 54 59.700  0.00   2
   102653  40.294320 -124.553483    23.103    -5069.5      796.6     1984.4      3.0      6.1      4.3 2021  5 11 10 53 45.640  0.00   2
   102654  40.294560 -124.553215    23.136    -5046.6      823.2     2016.9      2.9      2.5      1.8 2021  5 18  7  9  4.920  0.00   2
   102655  40.294686 -124.551449    23.121    -4896.4      837.2     2001.8      2.8      2.5      1.7 2021  6  5 23 47 43.440  0.00   2
   102656  40.293665 -124.551896    23.154    -4934.5      723.8     2034.8      1.9      2.5      2.2 2021  7 10 10 32  6.000  0.00   2
   102657  40.294019 -124.551986    23.142    -4942.1      763.1     2022.9      1.9      2.1      1.9 2021  7 10 10 35 55.320  0.00   2
   102658  40.294397 -124.551709    23.134    -4918.6      805.2     2015.1      1.5      2.8      1.8 2021  7 10 10 44 51.580  0.00   2
   102659  40.293835 -124.551782    23.169    -4924.8      742.8     2049.9      1.8      2.8      1.7 2021  7 10 11 32 17.980  0.00   2
   102660  40.294926 -124.551839    23.161    -4929.7      863.9     2042.3      1.3      2.6      1.4 2021  7 10 12 22  8.220  0.00   2
   102661  40.294434 -124.551701    23.169    -4917.9      809.2     2050.0      1.3      3.1      1.7 2021  7 11  0 11 56.640  0.00   2
   102662  40.293730 -124.551986    23.189    -4942.2      731.1     2069.6      3.4      5.9      5.8 2021  8 14  7 32 23.840  0.00   2
   102663  40.294539 -124.551058    23.128    -4863.2      821.0     2008.9      3.5      2.9      1.8 2021  8 17  5  4 32.220  0.00   2
   102664  40.293795 -124.552751    23.141    -5007.2      738.3     2021.8      1.2      3.0      1.8 2021 10 17 20 33  5.600  0.00   2
   102665  40.294202 -124.551383    23.167    -4890.9      783.5     2048.1      1.3      2.6      1.6 2021 11  4  7 34 53.420  0.00   2
   102666  40.293709 -124.550618    23.147    -4825.9      728.8     2027.7      2.7      3.6      2.6 2021 11 17  7 26 36.100  0.00   2
   102667  40.293844 -124.551514    23.164    -4902.0      743.7     2044.7      1.6      3.0      1.7 2021 12  3 14  3  8.220  0.00   2
   102669  40.293111 -124.550643    23.231    -4828.0      662.4     2111.7      2.1      3.2      2.6 2021 12 20 23 12 47.680  0.00   2
   102670  40.294775 -124.552515    23.096    -4987.1      847.2     1977.2      2.1      3.0      1.9 2021 12 21 19 14 52.560  0.00   2
   102671  40.289054 -124.552059    23.184    -4948.5      211.9     2065.6      2.0      3.6      1.8 2021 12 21  0  6 44.760  0.00   2
   102673  40.293481 -124.552344    23.331    -4972.6      703.5     2212.5      4.2      9.2      5.8 2021 12 26  0 58 31.020  0.00   2
   102674  40.293465 -124.552336    23.189    -4971.9      701.7     2070.5      1.4      3.1      1.9 2021 12 27 21 23 56.940  0.00   2
   102675  40.296602 -124.552913    23.294    -5020.9     1050.0     2175.5      3.0      6.4      3.0 2021 12 28 23 42 32.980  0.00   2
   102677  40.294088 -124.552287    23.164    -4967.7      770.8     2045.4      1.5      2.5      1.7 2021 12 30 21 50 15.320  0.00   2
   102678  40.290401 -124.553052    23.115    -5032.9      361.5     1995.8      3.9     15.6      5.9 2021 12 31 23 44 46.660  0.00   2
   102679  40.293856 -124.551693    23.171    -4917.2      745.1     2051.9      1.3      3.0      2.2 2022  1  6 21 51 26.240  0.00   2
   102684  40.294535 -124.551237    23.093    -4878.5      820.5     1974.0      3.2      2.7      2.0 2022  2 12 18 43 42.940  0.00   2
   102685  40.293628 -124.551676    23.156    -4915.9      719.8     2037.6      1.8      3.1      2.3 2022  3  2 23 19 59.800  0.00   2
   102686  40.294206 -124.551481    23.140    -4899.2      783.9     2021.0      2.1      5.5      3.4 2022  3  2 16  8  3.180  0.00   2
   102687  40.306889 -124.553882    23.316    -5102.9     2192.3     2196.8      6.6     16.1      8.6 2022  3  9 13 42 16.640  0.00   2
   102691  40.293705 -124.551619    23.178    -4911.0      728.3     2058.7      1.7      2.9      1.8 2022  5 18 18  7 36.080  0.00   2
   102692  40.294320 -124.552881    23.110    -5018.2      796.6     1991.0      2.4      2.7      1.9 2022  5 21 20  6 56.040  0.00   2
   102693  40.295536 -124.553003    23.074    -5028.6      931.7     1955.1      3.5      3.7      3.1 2022  6 20  7 39 31.020  0.00   2
   102694  40.295162 -124.551676    23.116    -4915.8      890.1     1996.8      2.1      2.8      2.0 2022  6 27  7 43 34.160  0.00   2
   102695  40.298975 -124.550301    23.097    -4798.7     1313.5     1977.7      4.3      8.3      4.2 2022  7 18  1 42 42.840  0.00   2
   102696  40.295719 -124.553068    23.081    -5034.1      952.0     1962.0      2.5      3.2      2.0 2022  7 28  7 20 33.000  0.00   2
   102697  40.294312 -124.551782    23.168    -4924.8      795.7     2048.8      1.5      2.8      2.1 2022  8  2  3 23 52.420  0.00   2
   102698  40.294124 -124.552840    23.051    -5014.8      774.9     1932.2      2.8      2.5      2.2 2022  8 16 18 15 25.220  0.00   2
   102699  40.295182 -124.551514    23.134    -4902.0      892.4     2015.6      2.2      3.9      2.5 2022  9 16  6  1  5.000  0.00   2
   102700  40.294865 -124.553215    23.098    -5046.6      857.1     1979.3      3.1      3.1      1.7 2022  9 19  4 54 39.760  0.00   2
   102702  40.293258 -124.551286    23.111    -4882.7      678.6     1991.7      3.4      6.2      2.7 2022 10  5  5 11 18.160  0.00   2
   102705  40.294381 -124.552002    23.156    -4943.5      803.3     2037.0      1.4      2.6      1.6 2022 11  1  9 40 50.800  0.00   2
   102706  40.295561 -124.551383    23.171    -4890.9      934.4     2052.4      3.5      7.1      6.0 2022 11 27 18  0 57.680  0.00   2
   103181  40.277970 -124.470524    20.628     1984.8    -1018.9     -490.8      5.4     17.0      6.4 2020  1 11  1 31 54.420  0.00   2
   103185  40.280522 -124.468351    20.711     2169.6     -735.6     -407.4      4.5      6.6      9.4 2020  3 20  0 26 38.040  0.00   2
   103189  40.285006 -124.467008    20.498     2283.7     -237.7     -621.0      3.8      6.6      4.6 2020  5 27  2 48 16.160  0.00   2
   103193  40.283732 -124.469084    20.360     2107.2     -379.1     -759.2      2.5      2.1      3.1 2020  7 17 21 44  7.800  0.00   2
   103194  40.282426 -124.468441    20.249     2161.9     -524.1     -870.0      3.7      4.9      5.2 2020  8 11  2 18 34.020  0.00   2
   103195  40.282837 -124.469287    20.357     2090.0     -478.5     -761.8      2.3      2.2      2.4 2020  9  3 21 10 12.920  0.00   2
   103196  40.283651 -124.470516    20.300     1985.5     -388.1     -818.8      2.1      2.3      2.7 2020  9 30 18 18  5.760  0.00   2
   103197  40.283260 -124.470247    20.323     2008.3     -431.5     -795.5      2.0      1.9      2.4 2020 10 13 14 33 43.200  0.00   2
   103199  40.272083 -124.469661    21.164     2058.3    -1672.7       45.2      3.1      4.8      7.3 2020 11 26  8 19 30.520  0.00   2
   103201  40.286605 -124.469474    20.391     2074.0      -60.1     -727.8      1.5      2.6      4.2 2020 12 24  9 22 40.660  0.00   2
   103203  40.289058 -124.468286    20.497     2175.0      212.4     -622.0      3.1      4.9      3.1 2021  2 24 19 37  0.500  0.00   2
   103204  40.283647 -124.470329    20.072     2001.4     -388.6    -1046.4      3.8      8.5      9.2 2021  3 22 10 31  8.140  0.00   2
   103206  40.282727 -124.470117    20.130     2019.4     -490.7     -988.8      3.7      6.9      7.1 2021  4 24  6 17 31.180  0.00   2
   103207  40.282056 -124.470190    20.467     2013.2     -565.2     -651.4      1.8      2.1      2.3 2021  5  2  8  9 31.120  0.00   2
   103210  40.283472 -124.469442    20.306     2076.8     -408.0     -812.8      2.6      2.3      2.4 2021  8  5 10 16 23.100  0.00   2
   103211  40.284196 -124.470199    20.186     2012.4     -327.6     -933.0      2.8      8.4      4.9 2021  9  5 23  3 58.160  0.00   2
   103213  40.280404 -124.468164    20.389     2185.5     -748.7     -729.6      1.9      5.1      3.4 2021 10  6  9  9 39.160  0.00   2
   103214  40.270007 -124.466170    20.731     2355.2    -1903.1     -387.5      4.3      4.4      3.1 2021 10 12 11 29  9.760  0.00   2
   103216  40.282137 -124.468856    20.295     2126.6     -556.2     -823.5      3.3      2.6      2.8 2021 11  1 12 14 16.760  0.00   2
   103218  40.281372 -124.463395    21.295     2591.0     -641.1      176.5      4.4      5.7      6.8 2021 12 20 23 42 18.160  0.00   2
   103219  40.285522 -124.468506    20.440     2156.4     -180.3     -678.9      1.8      2.8      3.0 2021 12 21 19 53 20.860  0.00   2
   103220  40.276676 -124.470695    20.557     1970.3    -1162.5     -561.9      1.7      7.6      2.5 2021 12 21  3 25  2.140  0.00   2
   103221  40.283175 -124.470353    20.392     1999.3     -441.0     -726.8      2.0      2.4      2.1 2021 12 22 23 56  7.680  0.00   2
   103222  40.283614 -124.470947    20.455     1948.8     -392.2     -663.9      3.5      2.5      3.0 2021 12 22 22 10  3.600  0.00   2
   103225  40.285714 -124.469450    20.209     2076.1     -159.0     -909.8      1.4      3.5      1.9 2021 12 22 13 50  2.900  0.00   2
   103227  40.281946 -124.469621    20.501     2061.6     -577.4     -618.0      1.7      2.7      2.1 2021 12 22  6 22 18.920  0.00   2
   103229  40.283012 -124.469352    20.480     2084.4     -459.1     -638.5      1.8      3.0      2.2 2021 12 23 10 36 56.360  0.00   2
   103232  40.283293 -124.470207    20.359     2011.8     -427.9     -760.0      2.1      2.1      2.1 2021 12 25  4 27 30.000  0.00   2
   103233  40.282853 -124.468921    20.222     2121.1     -476.7     -897.2      3.9      9.3      6.5 2021 12 25 13  7 17.660  0.00   2
   103235  40.282438 -124.468620    20.349     2146.7     -522.8     -769.6      3.5      3.0      2.9 2021 12 26 18 24 14.980  0.00   2
   103237  40.283057 -124.469873    20.281     2040.1     -454.1     -837.9      2.3      2.9      2.1 2021 12 27  3 19 14.140  0.00   2
   103238  40.273739 -124.471061    20.259     1939.2    -1488.8     -860.4      3.2      6.2      5.4 2021 12 28 10 25 14.240  0.00   2
   103239  40.283321 -124.470280    20.359     2005.5     -424.7     -760.2      2.1      2.3      2.2 2021 12 29  5 39  1.000  0.00   2
   103241  40.282202 -124.469352    20.362     2084.4     -549.0     -756.7      2.3      2.8      2.0 2021 12 31 10 16 23.220  0.00   2
   103242  40.284383 -124.469450    20.156     2076.1     -306.8     -962.4      3.6      7.2      6.3 2022  1  6 15  3 53.600  0.00   2
   103246  40.283744 -124.468286    20.665     2175.1     -377.7     -453.6      3.5     14.3      6.1 2022  1  9 14 28 34.400  0.00   2
   103250  40.282983 -124.469775    20.352     2048.4     -462.2     -766.6      2.1      2.3      2.1 2022  1 12  6 38 12.400  0.00   2
   103252  40.283549 -124.470760    20.411     1964.7     -399.4     -708.2      3.0      2.4      2.6 2022  1 15 11  2 22.680  0.00   2
   103253  40.284123 -124.468457    20.375     2160.5     -335.7     -743.7      4.0      7.6      3.9 2022  1 15 11  7 24.280  0.00   2
   103254  40.273254 -124.471012    20.132     1943.4    -1542.5     -987.1      3.2      6.3      5.7 2022  1 15 23 42 27.860  0.00   2
   103255  40.283341 -124.469588    20.189     2064.3     -422.5     -929.9      3.0      2.8      3.4 2022  1 20 23 35 26.640  0.00   2
   103256  40.281710 -124.469963    20.469     2032.5     -603.6     -649.7      3.1      4.3      2.9 2022  1 20  3 44 25.400  0.00   2
   103257  40.282918 -124.469613    20.094     2062.3     -469.4    -1024.8      4.1      4.8      7.5 2022  1 21  4 17 37.100  0.00   2
   103258  40.283207 -124.469344    20.531     2085.1     -437.4     -587.7      1.7      2.8      2.2 2022  1 21  4 17  1.760  0.00   2
   103261  40.282715 -124.468595    20.360     2148.8     -492.0     -758.7      3.2      2.5      2.4 2022  1 30  5 20 41.160  0.00   2
   103262  40.282853 -124.468872    20.370     2125.3     -476.7     -748.4      2.5      2.6      2.8 2022  1 30 18 14 11.380  0.00   2
   103263  40.282560 -124.471965    20.543     1862.3     -509.2     -575.9      5.8      6.0      5.4 2022  2  6 18 14 29.480  0.00   2
   103264  40.283195 -124.469092    20.473     2106.6     -438.7     -645.7      1.7      3.0      2.2 2022  2 15  3  8 21.340  0.00   2
   103265  40.283350 -124.470516    20.267     1985.5     -421.6     -852.0      2.0      2.1      2.1 2022  2 24 22 57  5.460  0.00   2
   103266  40.283476 -124.471216    20.338     1925.9     -407.5     -780.6      2.8      2.1      2.0 2022  2 24  2  6 53.360  0.00   2
   103267  40.278943 -124.469287    20.206     2090.0     -910.9     -912.7      1.8      5.4      3.3 2022  2 24 18  1 21.640  0.00   2
   103269  40.283895 -124.471029    20.413     1941.8     -361.0     -706.0      2.8      2.1      2.2 2022  3 29 10 35 52.340  0.00   2
   103270  40.281816 -124.470223    20.408     2010.4     -591.9     -710.8      2.3      2.4      2.0 2022  3 29 19 58  7.480  0.00   2
   103271  40.282137 -124.469344    20.316     2085.1     -556.2     -803.0      3.2      5.3      5.3 2022  3 31 14 40 40.040  0.00   2
   103272  40.282776 -124.469661    20.383     2058.1     -485.3     -736.3      1.4      2.5      1.9 2022  4  3 21  3 27.520  0.00   2
   103273  40.282149 -124.468587    20.233     2149.5     -554.8     -886.2      3.5      3.5      3.3 2022  4 10 13  3 18.560  0.00   2
   103274  40.284436 -124.468498    20.348     2157.1     -300.9     -770.6      5.9     16.6      7.4 2022  4 10 20 53 45.920  0.00   2
   103277  40.283167 -124.469564    20.253     2066.4     -441.9     -865.8      2.5      2.3      2.7 2022  4 19 18 43 36.400  0.00   2
   103279  40.281380 -124.470760    20.327     1964.7     -640.2     -792.0      2.6      3.0      2.5 2022  5 12 18 20 44.500  0.00   2
   103281  40.282536 -124.469735    20.420     2051.9     -511.9     -699.3      2.1      2.6      2.4 2022  6  9 20  8 46.080  0.00   2
   103283  40.282735 -124.469515    20.457     2070.6     -489.8     -661.8      1.6      2.5      2.5 2022  6 12  6 17 47.260  0.00   2
   103284  40.282792 -124.468652    20.332     2143.9     -483.5     -786.4      3.4      2.4      2.1 2022  6 20  3  5 25.720  0.00   2
   103285  40.283695 -124.470117    20.047     2019.4     -383.1    -1071.4      3.6      3.9      6.5 2022  7  4  4 24 56.900  0.00   2
   103286  40.282869 -124.470182    20.574     2013.8     -474.9     -545.2      2.9      3.9      5.2 2022  8 12  8 24  9.100  0.00   2
   103288  40.283346 -124.470166    20.323     2015.2     -422.0     -795.6      1.9      2.3      2.0 2022  8 16  4  0 36.260  0.00   2
   103291  40.283301 -124.470028    20.386     2027.0     -427.0     -733.0      2.0      2.5      2.2 2022  9  6 14 16 14.840  0.00   2
   103292  40.282804 -124.469613    20.229     2062.3     -482.1     -889.7      2.9      6.9      4.5 2022  9  8 13 25 43.220  0.00   2
   103293  40.282056 -124.469604    20.325     2063.0     -565.2     -793.4      2.7      3.5      4.6 2022  9 12  9 10 21.960  0.00   2
   103294  40.279395 -124.469271    20.345     2091.4     -860.7     -774.1      2.8      5.0      4.1 2022  9 13 19 13 50.120  0.00   2
   103295  40.284835 -124.469474    20.109     2074.0     -256.6    -1010.3      3.8      8.0      6.0 2022 10  9 14 38 43.840  0.00   2
   103297  40.282284 -124.469523    20.303     2069.9     -539.9     -815.9      3.3      4.4      4.6 2022 11 10  3 49 21.340  0.00   2
   104536  40.274133 -124.515308    21.490    -1823.6    -1444.9      370.9      1.9      2.6      2.2 2020  1 23  2 46 22.320  0.00   2
   104538  40.274231 -124.515177    21.494    -1812.6    -1434.1      375.5      2.5      2.5      2.0 2020  1 24 12 58 18.420  0.00   2
   104539  40.274589 -124.515902    21.465    -1874.2    -1394.3      345.8      1.9      2.4      2.1 2020  3 15  0 55 54.180  0.00   2
   104540  40.275269 -124.515129    21.361    -1808.4    -1318.9      241.7      2.7      4.9      3.3 2020  3 19 13  2 23.120  0.00   2
   104541  40.274984 -124.516488    21.448    -1924.0    -1350.5      328.7      2.2      2.7      2.1 2020  4  4 12 55 14.960  0.00   2
   104542  40.268254 -124.514242    21.805    -1733.1    -2097.8      686.3      3.3      8.3      5.3 2020  8  9  3 24  1.340  0.00   2
   104543  40.276465 -124.515649    20.788    -1852.7    -1186.0     -330.4      3.4      5.5      9.3 2020  8  9  0  0 42.000  0.00   2
   104544  40.280253 -124.514591    22.040    -1762.7     -765.4      921.4      3.4      3.1      3.6 2020  9  6 19 15 19.420  0.00   2
   104545  40.259635 -124.513892    21.646    -1703.4    -3054.8      527.6      2.4      4.7      3.5 2020 11 20 23  5 37.000  0.00   2
   104546  40.274443 -124.514722    21.464    -1773.8    -1410.6      345.2      2.3      2.4      2.0 2020 12  8 19 50 59.440  0.00   2
   104547  40.276058 -124.515975    21.412    -1880.4    -1231.2      293.6      1.9      3.1      2.5 2021  1 13 20 27 55.860  0.00   2
   104548  40.275191 -124.515918    21.431    -1875.5    -1327.5      312.4      2.2      2.5      2.2 2021  1 23 18  7 58.980  0.00   2
   104549  40.268274 -124.518197    20.730    -2069.4    -2095.6     -389.3      7.1      9.6     17.2 2021  2  4  8  4  6.380  0.00   2
   104550  40.272986 -124.516162    21.530    -1896.3    -1572.3      411.5      2.5      4.3      2.5 2021  2  8 10 42 43.860  0.00   2
   104552  40.266960 -124.516219    22.197    -1901.3    -2241.5     1078.1      3.7      7.0      7.1 2021  4 28  9 56 53.160  0.00   2
   104555  40.271277 -124.515422    21.831    -1833.4    -1762.1      712.0      2.7      7.4      5.3 2021  8 13  3  3 14.280  0.00   2
   104557  40.275435 -124.516423    21.359    -1918.4    -1300.4      240.4      2.2      3.0      3.0 2021 10 13  0 11 57.860  0.00   2
   104558  40.270610 -124.514290    21.373    -1737.2    -1836.2      254.2      2.5      4.1      4.2 2021 10 15 23 36  0.100  0.00   2
   104561  40.273181 -124.514657    21.559    -1768.3    -1550.7      439.9      2.3      2.4      3.6 2021 12 21  4 11 42.460  0.00   2
   104562  40.272929 -124.515202    21.501    -1814.7    -1578.7      381.7      2.1      7.7      5.2 2021 12 21  5 27 13.340  0.00   2
   104563  40.273694 -124.514225    21.517    -1731.6    -1493.7      398.5      3.0      2.5      2.8 2021 12 21  9 54 44.140  0.00   2
   104565  40.273397 -124.516447    21.080    -1920.5    -1526.7      -38.6      3.5      4.7      8.9 2021 12 21 14 32 11.280  0.00   2
   104566  40.262378 -124.513973    21.950    -1710.3    -2750.3      831.3      3.4     10.6      5.6 2021 12 21  7 49 38.600  0.00   2
   104567  40.266248 -124.511458    21.301    -1496.4    -2320.6      182.1      2.3      2.6      2.9 2021 12 21  0 33 29.320  0.00   2
   104568  40.280973 -124.519482    21.483    -2178.6     -685.4      363.7      4.8     12.5      9.4 2021 12 21  1 47 47.320  0.00   2
   104570  40.274382 -124.514852    21.377    -1784.9    -1417.4      257.7      2.7      2.6      4.1 2021 12 30 17  2 59.560  0.00   2
   104571  40.269661 -124.516235    21.486    -1902.6    -1941.5      367.4      2.4      3.7      4.7 2022  5  5 19 58 40.140  0.00   2
   104572  40.273214 -124.515715    21.494    -1858.3    -1547.0      374.7      1.9      2.9      1.9 2022  8  5 21  2 56.680  0.00   2
   104573  40.275130 -124.516268    21.427    -1905.3    -1334.2      308.1      2.0      2.6      2.1 2022  8 29  3 47 27.200  0.00   2
   105449  40.295243 -124.436320    21.653     4893.0      899.1      534.2      2.2      5.2      5.5 2021  3 17 15 57 54.480  0.00   2
   105451  40.297111 -124.437069    21.149     4829.2     1106.5       29.9      2.6      4.1      6.0 2021  5 17  6 50 19.300  0.00   2
   105452  40.293860 -124.436296    21.282     4895.1      745.5      162.7      2.8      2.3      2.5 2021  7  2 13 42 25.360  0.00   2
   105453  40.295662 -124.436174    21.251     4905.4      945.7      131.9      4.0      3.2      4.2 2021 12  8  7 47 53.400  0.00   2
   105454  40.294413 -124.436157    21.306     4906.8      807.0      187.1      2.5      2.2      3.4 2021 12 29  6  3 35.020  0.00   2
   105457  40.292558 -124.434603    21.346     5039.1      600.9      226.9      3.3      3.8      3.7 2022  1 23 11 56  1.960  0.00   2
   105458  40.294670 -124.437362    21.396     4804.4      835.4      277.5      3.2      2.9      4.1 2022  3  9  3 33  6.440  0.00   2
   106476  40.283549 -124.406974    18.989     7388.9     -399.4    -2129.5      3.5      7.9      4.3 2020  7 19 19 36 15.700  0.00   2
   106480  40.298421 -124.400757    20.103     7916.7     1252.0    -1014.7      6.5      8.2      7.4 2021 12 23 18  0 27.860  0.00   2
   106481  40.280957 -124.407397    19.089     7353.0     -687.2    -2030.4      5.3     14.7      3.1 2021 12 25 23 44  7.480  0.00   2
   106485  40.284656 -124.407788    19.090     7319.6     -276.5    -2029.1      2.7      8.8      3.8 2022  9 22 22 11 56.160  0.00   2
   106486  40.284867 -124.406950    19.115     7390.9     -253.0    -2003.8      2.8      7.1      3.8 2022 10 11  2 56 24.700  0.00   2
   106878  40.281901 -124.505623    19.943    -1000.0     -582.4    -1176.2      3.5      3.7      3.1 2020  2 26 13  0  8.000  0.00   2
   106879  40.305774 -124.503776    20.378     -842.8     2068.5     -741.1      9.9     21.9     14.5 2020  4 14 23 52 17.340  0.00   2
   106880  40.280237 -124.507812    19.739    -1186.2     -767.2    -1380.1      3.0      2.8      3.0 2020  4 17 10 28 54.000  0.00   2
   106881  40.281034 -124.502954    19.628     -773.0     -678.6    -1490.6      1.9      4.6      2.6 2020  4 18 16 38 46.580  0.00   2
   106883  40.280212 -124.508691    19.960    -1260.9     -769.9    -1158.6      4.9      5.8      4.5 2021 10 23  3 13 39.120  0.00   2
   106884  40.280713 -124.505745    19.872    -1010.4     -714.3    -1246.9      3.5      3.6      3.7 2021 11 22 21 22  8.420  0.00   2
   106885  40.280741 -124.503304    19.887     -802.8     -711.2    -1231.6      2.6      4.5      3.4 2021 11 23  2  3 16.160  0.00   2
   106886  40.281836 -124.507707    19.836    -1177.2     -589.6    -1282.5      3.3      2.9      2.9 2021 12 21  9  4 49.080  0.00   2
   106889  40.280737 -124.503394    19.630     -810.4     -711.6    -1488.5      4.1      6.1      5.7 2022  2  8 11  1 45.260  0.00   2
   106892  40.282446 -124.502140    19.790     -703.8     -521.9    -1328.6      1.8      3.9      2.3 2022  8  6 16 32 20.620  0.00   2
   107666  40.314079 -124.440234    19.161     4559.5     2990.6    -1957.8      3.8      6.8      4.8 2021  5 17  9 39 49.060  0.00   2
   107667  40.305900 -124.438704    19.353     4689.9     2082.5    -1766.4      3.5      7.7      4.2 2021  5 19 23 39 44.980  0.00   2
   107671  40.322709 -124.429142    19.886     5502.2     3948.9    -1233.1      4.2      7.7      3.4 2021 11 28 16 37 45.460  0.00   2
   107935  40.292004 -124.377881    20.004     9862.3      539.5    -1114.4      3.1      3.5      3.4 2021  3 29  4  0 27.680  0.00   2
   107939  40.280245 -124.356315    20.331    11697.1     -766.3     -787.5      4.9      6.8      1.9 2021  9 18  8 35 54.260  0.00   2
   107941  40.290116 -124.371427    20.099    10411.2      329.8    -1019.5      5.3      5.3      4.0 2021 12 20 21 56 11.700  0.00   2
   107943  40.292598 -124.377799    20.045     9869.2      605.4    -1073.6      2.9      4.1      3.0 2021 12 21  0 26 54.420  0.00   2
   107951  40.291870 -124.376514    19.993     9978.5      524.6    -1126.2      3.0      4.6      2.8 2022  1  3 23 35 36.380  0.00   2
   107952  40.292171 -124.375635    20.070    10053.3      558.0    -1048.8      2.3      4.6      2.2 2022  1 25  7 55 31.740  0.00   2
   107954  40.291423 -124.375407    20.251    10072.7      474.9     -867.6      3.1      5.0      2.5 2022  2  4 17 40 38.160  0.00   2
   107961  40.278837 -124.380355    20.218     9652.9     -922.6     -900.4      4.7      6.1      3.3 2022 10 29  4 15 37.520  0.00   2
   108411  40.317249 -124.469474    20.738     2073.5     3342.6     -381.0      2.7      4.9      3.2 2021  9  6  2 58 10.280  0.00   2
   108899  40.303210 -124.435164    18.881     4990.9     1783.8    -2238.1      2.2      2.7      2.8 2021 10 16 11  8 25.980  0.00   2
   109574  40.296326 -124.382178    19.185     9496.6     1019.3    -1933.6      4.1      5.6      4.5 2021 12 21 22  0 51.880  0.00   2
   109576  40.283903 -124.384644    18.913     9287.8     -360.1    -2205.7      5.9      7.4      5.3 2021 12 26 21 14 32.380  0.00   2
   109582  40.273653 -124.375106    19.333    10099.6    -1498.2    -1785.8      6.0      8.0      5.5 2022 11 22 14 25 33.480  0.00   2
   110142  40.294153 -124.437158    22.425     4821.7      778.0     1305.9      3.4      7.2      4.3 2021 12 22 19 22  7.720  0.00   2
   110143  40.291923 -124.439201    22.219     4648.1      530.4     1100.3      4.4      8.8      6.3 2021 12 23 20 38  9.420  0.00   2
   110147  40.283346 -124.446566    21.957     4022.1     -422.0      838.0      3.4      3.6      6.0 2022  1  5 17 45 31.500  0.00   2
   110148  40.297148 -124.428247    22.586     5579.3     1110.6     1467.1      4.1      6.7      3.7 2022  5  3  8 37 19.960  0.00   2
   110300  40.290715 -124.480330    25.919     1150.8      396.2     4800.6      4.9     10.7      5.6 2023  3  9 12 50 51.480  1.40   2
   110304  40.293717 -124.551506    23.179    -4901.3      729.7     2060.2      1.3      2.2      1.4 2022 12 25 19 40 29.680  3.05   2
   110318  40.282686 -124.470133    20.481     2018.0     -495.2     -638.0      1.8      1.8      2.0 2023  2 20 13 18  3.960  1.48   2
   110345  40.274910 -124.515959    21.447    -1879.0    -1358.6      327.8      1.9      2.3      2.0 2023  5 22  8 39 15.920  1.61   2
   110372  40.294548 -124.434969    21.257     5007.9      821.9      138.4      2.3      1.8      2.6 2023  4  3 12 14 40.520  1.28   2
   110403  40.284550 -124.408089    19.062     7294.0     -288.3    -2056.6      2.8      6.3      3.2 2023  4  4 17 32 14.460  1.08   2
   110420  40.280396 -124.507503    19.760    -1159.9     -749.6    -1358.6      1.7      2.3      1.9 2023  2 17 14 36 10.720  2.81   2
   110446  40.307422 -124.433407    18.987     5140.2     2251.4    -2131.7      3.3      4.4      3.4 2023  5 13  1 27 17.920  1.13   2
   110461  40.291809 -124.471639    21.085     1889.8      517.8      -33.6      3.4      5.6      4.0 2023  4  9 11 53 23.790  0.91   2
   110465  40.292611 -124.376335    20.037     9993.7      606.8    -1081.4      1.7      3.6      1.7 2022 12 20  3  6 59.620  0.86   2
   110500  40.306258 -124.478255    19.708     1327.1     2122.2    -1410.7      2.6      4.6      3.2 2023  4  9 13 30 46.380  0.65   2
   110565  40.303402 -124.445329    19.429     4126.7     1805.0    -1689.9      2.1      2.8      2.7 2023  4  9 10 26 54.540  2.63   2
   110648  40.282068 -124.378613    18.961     9800.7     -563.9    -2158.0      4.5      7.5      4.6 2023  3 14 15 58 42.040  1.17   2
   110734  40.293233 -124.439372    22.986     4633.5      675.9     1866.7      3.5      4.3      3.6 2023  3 12 13 22 24.330  1.69   2
   110741  40.298511 -124.450496    19.712     3687.5     1261.9    -1406.6      3.9      5.9      3.3 2023  3 13 12 14 24.190  0.90   2
   110742  40.308256 -124.527759    25.354    -2881.8     2344.1     4235.4      3.6      6.2      8.5 2023  3 22 16  0 16.820  1.31   2
