   107012  40.449426 -124.509619    19.820       44.2       -0.5     -119.8    281.0    300.0    419.1 2020  3 13 20 49 46.760  0.00  20
   107018  40.450024 -124.510701    20.004      -47.6       66.0       63.6    281.3    327.6    384.8 2020  3 16 15  0 15.800  0.00  20
   107019  40.449943 -124.510710    20.115      -48.3       56.9      174.7    517.1    477.4    734.9 2020  3 19  5 28 35.140  0.00  20
   107025  40.448991 -124.509652    19.786       41.4      -48.8     -153.8    350.6    410.0    532.2 2020  4 13 16 19 31.580  0.00  20
   107026  40.449141 -124.509440    19.753       59.4      -32.1     -186.6    335.1    321.4    503.0 2020  4 13 15 50 34.720  0.00  20
   107027  40.448869 -124.509538    19.766       51.1      -62.4     -173.8    364.9    425.8    543.1 2020  4 13 19 50 27.360  0.00  20
   107028  40.449947 -124.511564    20.115     -120.8       57.4      174.6    429.2    332.2    753.8 2020  4 14 17  8 38.280  0.00  20
   107033  40.448726 -124.509375    19.722       64.9      -78.2     -218.0    370.8    433.9    603.4 2020  4 18  4 37 30.240  0.00  20
   107036  40.448971 -124.509635    19.783       42.8      -51.1     -156.7    204.8    242.7    436.6 2020  4 20  0 18 25.620  0.00  20
   107039  40.448804 -124.509465    19.655       57.3      -69.6     -285.3    367.3    430.0    699.0 2020  4 22  4  6 12.460  0.00  20
   107041  40.450911 -124.511540    20.050     -118.7      164.5      110.1    400.9    473.0    741.9 2020  4 23 14 12 34.780  0.00  20
   107046  40.448787 -124.509432    19.685       60.1      -71.4     -255.3    217.3    267.3    574.7 2020  5 11  2 24 50.380  0.00  20
   107047  40.448775 -124.509416    19.668       61.4      -72.7     -272.1    217.3    271.2    612.5 2020  5 15  1  9 24.220  0.00  20
   107049  40.448315 -124.509473    19.672       56.6     -123.8     -267.6    354.4    385.9    569.0 2020  5 22  8 30  7.360  0.00  20
   107074  40.449491 -124.510164    19.957       -2.1        6.8       16.7    169.3    210.3    291.4 2020  6 26 21 11 31.440  0.00  20
   107076  40.449512 -124.510197    19.964       -4.8        9.0       23.6    177.9    216.8    311.7 2020  6 26 21 41 55.120  0.00  20
   107085  40.449410 -124.510091    19.940        4.1       -2.3       -0.2    164.9    196.2    282.7 2020  7  3 12 39 44.800  0.00  20
   107090  40.449459 -124.510164    19.954       -2.1        3.2       14.4    158.5    145.5    270.0 2020  7  5  5 27 39.000  0.00  20
   107091  40.449475 -124.510140    19.953        0.0        5.0       13.3    164.8    199.0    282.2 2020  7  5 22 14 38.140  0.00  20
   107097  40.449418 -124.510116    19.944        2.1       -1.4        4.0    170.2    193.2    280.6 2020  7 13 15 22 48.300  0.00  20
   107104  40.449451 -124.510156    19.951       -1.4        2.3       10.6    172.5    195.9    258.4 2020  7 24 15 25  2.280  0.00  20
   107107  40.449544 -124.510221    19.969       -6.9       12.7       28.6    182.8    219.0    309.2 2020  7 26 17 32 18.560  0.00  20
   107108  40.449434 -124.510075    19.939        5.5        0.5       -1.2    159.6    201.9    273.2 2020  7 29 23 21 13.380  0.00  20
   107109  40.449495 -124.510116    19.941        2.1        7.2        1.0    148.7    198.6    261.1 2020  7 30  0 33 38.560  0.00  20
   107110  40.449451 -124.510132    19.948        0.7        2.3        8.0    163.3    199.2    284.7 2020  7 31 15 58 31.680  0.00  20
   107112  40.449455 -124.510132    19.949        0.7        2.7        9.1    178.1    218.9    314.2 2020  8 21  3 38  0.900  0.00  20
   107113  40.449089 -124.510286    19.993      -12.4      -38.0       52.9    177.5    362.8    315.8 2020  8 22  8 28 36.020  0.00  20
   107117  40.449524 -124.510059    19.929        6.9       10.4      -11.5    155.9    191.3    269.7 2020  9  5 22 11 56.180  0.00  20
   107122  40.449418 -124.510164    19.956       -2.1       -1.4       15.6    151.0    129.6    242.5 2020 10 21 11 51 21.820  0.00  20
   107125  40.449341 -124.510034    19.926        9.0       -9.9      -13.5    158.1    204.0    272.1 2020 12 11 12 11 46.140  0.00  20
   107129  40.449394 -124.510099    19.938        3.5       -4.1       -2.0    163.3    195.2    279.5 2020 12 29  1 47 27.420  0.00  20
   107140  40.449300 -124.510132    19.945        0.7      -14.5        4.5    151.4    216.9    232.4 2021  6  8  0 28 30.380  0.00  20
   107142  40.449438 -124.510124    19.944        1.4        0.9        4.3    165.2    203.4    255.9 2021  6  9 13 25 38.980  0.00  20
   107144  40.449471 -124.510148    19.950       -0.7        4.5       10.1    164.7    203.0    254.6 2021  6 10 12 39 30.160  0.00  20
   107146  40.449821 -124.510522    19.997      -32.4       43.4       57.2    246.1    280.1    449.3 2021  6 15  3  3 59.900  0.00  20
   107147  40.449443 -124.510132    19.950        0.7        1.4        9.9    170.2    208.5    263.6 2021  6 22 21 20 11.860  0.00  20
   107148  40.449467 -124.510148    19.952       -0.7        4.1       12.5    153.0    166.7    229.8 2021  6 23 21 32 51.880  0.00  20
   107150  40.449398 -124.510148    19.946       -0.7       -3.6        5.5    153.6    174.7    235.0 2021  6 26  5  4 28.020  0.00  20
   107153  40.449402 -124.510156    19.945       -1.4       -3.2        4.6    160.4    203.1    247.5 2021  8 22  8 46 23.040  0.00  20
   107155  40.449406 -124.510164    19.947       -2.1       -2.7        7.1    161.7    201.5    247.3 2021  8 30  9 39 56.700  0.00  20
   107156  40.449320 -124.510148    19.946       -0.7      -12.2        5.7    153.5    216.2    232.0 2021  8 30  7 17 22.420  0.00  20
   107158  40.449251 -124.510254    19.974       -9.7      -19.9       33.8    166.3    271.8    267.4 2021  9  3  9 32  4.260  0.00  20
   107160  40.449304 -124.510091    19.942        4.1      -14.0        1.8    152.5    206.4    233.6 2021  9 13  8  1 39.740  0.00  20
   107162  40.449443 -124.510132    19.949        0.7        1.4        9.4    168.7    211.0    264.6 2021  9 14 18 20 35.760  0.00  20
   107165  40.449455 -124.510140    19.954        0.0        2.7       13.9    169.2    208.0    260.1 2021  9 14 23 19 12.780  0.00  20
   107168  40.449443 -124.510132    19.950        0.7        1.4       10.0    170.4    208.3    265.2 2021  9 22 20 32 26.380  0.00  20
   107170  40.449455 -124.510156    19.953       -1.4        2.7       13.1    172.3    196.0    263.3 2021 10  8  8  3 23.660  0.00  20
   107171  40.449438 -124.510132    19.950        0.7        0.9       10.1    165.3    205.6    273.6 2021 11 14 20 50 55.920  0.00  20
   107178  40.449320 -124.510018    19.916       10.4      -12.2      -23.8    173.9    198.2    257.7 2022 11 27 18 31 58.100  0.00  20
   110425  40.449434 -124.510099    19.961        3.5        0.5       21.5    164.5    179.5    271.2 2023  4 20 17 48 59.220  0.86  20
