   104513  40.405827 -124.347648    28.339     -952.7     1598.6     -448.3     21.7     15.0     21.3 2020  1 21  3  0 13.680  0.00  57
   104515  40.407080 -124.351082    28.563    -1244.3     1737.7     -224.1     12.4     12.1      8.6 2020  7 27  8 38 54.500  0.00  57
   104516  40.407943 -124.350667    28.593    -1209.0     1833.5     -194.1      5.6      7.4      4.6 2021  5  6 16  3 56.100  0.00  57
   104518  40.407182 -124.351131    28.572    -1248.4     1749.0     -215.1     13.4     11.6      8.0 2021  5 21  0  9 12.220  0.00  57
   104520  40.408488 -124.350684    28.621    -1210.4     1894.1     -166.0      7.3     11.5      7.1 2021 12 20 21 40 27.420  0.00  57
   104521  40.405001 -124.352083    28.721    -1329.3     1506.9      -66.1     20.0     18.3     20.7 2022  1  6  1  8 41.420  0.00  57
   104522  40.406726 -124.351107    28.569    -1246.3     1698.4     -218.2     10.8     13.5     11.0 2022  8 10  4 54 15.660  0.00  57
   108928  40.379447 -124.325724    28.955      908.7    -1330.6      167.9     10.7      9.8      9.1 2020  8 18  7 42 21.560  0.00  57
   108931  40.378601 -124.326001    28.929      885.2    -1424.6      141.5     14.7     18.4      9.7 2021 11  3  1  3 27.500  0.00  57
   108935  40.379533 -124.325871    28.899      896.2    -1321.2      111.1     12.8     12.2     13.1 2021 12 20 23 44 13.940  0.00  57
   108936  40.380005 -124.326001    28.955      885.2    -1268.7      167.6     10.6     12.2     10.0 2021 12 20 20 20  4.260  0.00  57
   108937  40.378837 -124.325741    28.929      907.3    -1398.4      142.0     14.1     17.2      9.0 2021 12 20 20 39 20.900  0.00  57
   108940  40.379378 -124.325138    28.887      958.4    -1338.3       99.7     13.7     26.9     13.3 2021 12 20 23 54 29.040  0.00  57
   108946  40.379854 -124.325635    28.914      916.3    -1285.5      126.3     15.0     19.3     11.9 2021 12 22  6 16 37.920  0.00  57
   108949  40.379842 -124.325838    28.946      899.0    -1286.8      159.0     10.6     12.1      9.7 2021 12 23 21 58  8.480  0.00  57
   108950  40.379195 -124.325936    28.941      890.7    -1358.7      153.7     11.0     12.1     10.5 2021 12 23 10 55 57.180  0.00  57
   108955  40.379911 -124.325024    28.884      968.1    -1279.1       96.7     12.9     15.7     17.8 2022  3  8 12 56 15.060  0.00  57
   110342  40.408663 -124.351514    28.598    -1280.9     1913.5     -189.5      6.5      7.9      4.6 2023  5 15 11 35 50.560  2.49  57
   110571  40.379403 -124.324886    28.950      979.9    -1335.6      162.2      9.8      6.2      9.3 2023  5 18 17 14 50.720  1.28  57
