   108581  40.630900 -124.461198     6.610       -0.7        0.5        0.0      0.4      0.5      0.6 2020  5 13 20  3  4.300  0.00  69
   108582  40.630900 -124.461198     6.610       -0.7        0.5        0.0      0.3      0.4      0.6 2020  5 13 18 31 14.120  0.00  69
   108583  40.630900 -124.461198     6.610       -0.7        0.5        0.0      0.3      0.4      0.6 2020  5 14 18 38 58.560  0.00  69
   108584  40.630900 -124.461198     6.610       -0.7        0.5        0.0      0.8      0.6      1.0 2020  5 20 16 51 14.680  0.00  69
   108589  40.630900 -124.461198     6.610       -0.7        0.5       -0.0      0.3      0.3      0.5 2021  3 31 17 40 58.500  0.00  69
   108590  40.630900 -124.461198     6.610       -0.7        0.5       -0.0      0.3      0.3      0.5 2021  4  1  6 16 55.760  0.00  69
   108592  40.630900 -124.461198     6.610       -0.7        0.5        0.0      0.3      0.3      0.5 2021  4  7  4 37 52.260  0.00  69
   108593  40.630900 -124.461198     6.610       -0.7        0.5       -0.0      0.4      0.3      0.5 2021  9 26 20 33 15.780  0.00  69
   108594  40.630900 -124.461198     6.610       -0.7        0.5       -0.0      0.2      0.2      0.2 2021 12 17 19 37 36.640  0.00  69
   108595  40.630900 -124.461198     6.610       -0.7        0.5       -0.0      0.4      0.3      0.6 2022  8 28 14 42 15.860  0.00  69
   108596  40.630900 -124.461198     6.610       -0.7        0.5        0.0      0.7      0.5      0.9 2022 10 24 21 45 36.600  0.00  69
   108598  40.630900 -124.461198     6.610       -0.7        0.5       -0.0      0.6      0.4      0.8 2022 11 11 16 42 55.460  0.00  69
   110528  40.630900 -124.461198     6.610       -0.7        0.5       -0.0      0.4      0.3      0.5 2023  4 29  9 23  2.130  0.95  69
