   108116  40.731551 -124.222005    20.900       42.6     -192.5      -50.1     31.3     59.2     51.9 2020  3 26  9 20 53.200  0.00  31
   108117  40.733464 -124.222428    20.930        6.9       19.9      -19.9     29.8     22.5     26.6 2020  4 13 22 41 44.480  0.00  31
   108121  40.733293 -124.222306    20.944       17.2        0.9       -5.7     31.8     20.4     18.1 2020  6  1  3  3 25.700  0.00  31
   108124  40.733020 -124.223356    21.029      -71.5      -29.4       78.9     48.2     34.1     49.0 2021  7  6  9 25 32.080  0.00  31
   108125  40.733134 -124.223381    20.996      -73.6      -16.7       45.7     44.0     29.0     44.3 2021  7  7  8 56 27.360  0.00  31
   108126  40.733032 -124.223193    21.021      -57.7      -28.0       70.9     43.0     31.1     42.2 2021  7  7  8 57 58.960  0.00  31
   108127  40.733077 -124.223079    21.009      -48.1      -23.0       59.4     36.8     27.7     35.9 2021  7  7  8 57 42.960  0.00  31
   108128  40.733105 -124.223307    21.004      -67.4      -19.9       53.7     39.3     28.5     43.6 2021  7 17  8 16 24.480  0.00  31
   108129  40.733097 -124.223340    21.006      -70.1      -20.8       56.0     39.7     29.1     43.7 2021  7 17  8  5  6.820  0.00  31
   108130  40.733024 -124.223218    21.020      -59.8      -28.9       70.2     43.7     28.8     42.7 2021  7 17  8  4 38.280  0.00  31
   108133  40.733382 -124.221965    20.907       46.1       10.8      -43.1     41.1     30.8     31.7 2021  9 13 12 47 56.560  0.00  31
   108135  40.733346 -124.222054    20.924       38.5        6.8      -25.8     36.9     17.9     27.9 2021  9 25 19 33 49.660  0.00  31
   108136  40.733407 -124.222176    20.917       28.2       13.6      -33.2     35.3     18.3     25.1 2021  9 25 19 32 13.960  0.00  31
   108137  40.733407 -124.222282    20.926       19.2       13.6      -24.0     30.2     21.2     26.5 2021  9 25 21  8 54.760  0.00  31
   108138  40.733362 -124.222201    20.912       26.1        8.6      -38.3     36.0     23.0     34.8 2021  9 25 22 51 56.340  0.00  31
   108140  40.733289 -124.222095    20.919       35.1        0.5      -31.2     34.2     18.7     27.5 2021  9 26  2 29  6.560  0.00  31
   108144  40.733382 -124.222152    20.924       30.2       10.8      -25.9     31.5     19.0     24.9 2021 10  2 14 19 50.940  0.00  31
   108145  40.733386 -124.222144    20.924       30.9       11.3      -26.4     31.5     18.7     23.4 2021 10  2 15 18 22.940  0.00  31
   108147  40.733374 -124.222152    20.925       30.2        9.9      -25.3     30.5     16.1     22.5 2021 10  2 13 51  0.980  0.00  31
   108148  40.733093 -124.223250    21.008      -62.6      -21.2       58.2     38.4     32.0     46.4 2021 10 10 10 57 12.440  0.00  31
   108149  40.733207 -124.223047    20.988      -45.4       -8.6       37.9     30.4     22.7     15.6 2021 10 10  9 56 55.340  0.00  31
   108150  40.733162 -124.223470    21.026      -81.1      -13.6       75.6     41.4     30.2     46.9 2021 10 10 12  3  7.700  0.00  31
   108160  40.733362 -124.221924    20.898       49.5        8.6      -52.0     38.2     23.6     37.2 2021 10 18  5  9 30.780  0.00  31
   108162  40.733337 -124.222184    20.930       27.5        5.9      -19.6     33.5     16.0     22.5 2021 12  8 21 31 20.560  0.00  31
   108164  40.733761 -124.221175    20.814      112.7       52.9     -136.1     74.6     29.1     51.5 2022  3 23  3 53 43.400  0.00  31
   108165  40.733081 -124.222469    20.955        3.4      -22.6        4.9     29.2     30.2     36.0 2022  3 25 19 15 29.160  0.00  31
   108166  40.733232 -124.222420    20.967        7.6       -5.9       17.2     33.0     36.1     34.4 2022  3 25 14 27 33.320  0.00  31
   108167  40.733317 -124.222314    20.944       16.5        3.6       -6.1     39.0     22.0     34.6 2022  3 25 14 42  8.760  0.00  31
   108168  40.733341 -124.222371    20.967       11.7        6.3       17.1     44.3     38.1     34.4 2022  3 25 11 50 44.720  0.00  31
   108169  40.733142 -124.222380    20.950       11.0      -15.8        0.2     34.6     29.4     29.2 2022  3 26  4 13 16.340  0.00  31
   108170  40.733370 -124.222274    20.931       19.9        9.5      -18.8     34.9     25.5     26.6 2022  3 26 10 29 21.520  0.00  31
   108171  40.733333 -124.222306    20.953       17.2        5.4        2.5     44.6     27.1     34.0 2022  3 26  9 46 18.680  0.00  31
   108172  40.733260 -124.222371    20.955       11.7       -2.7        4.6     41.0     18.1     28.3 2022  3 27  3 30 40.240  0.00  31
   108173  40.733272 -124.222461    20.956        4.1       -1.4        6.3     37.3     24.3     27.4 2022  3 27 12 44 16.700  0.00  31
   108175  40.733252 -124.222323    20.952       15.8       -3.6        1.9     40.5     23.6     33.3 2022  3 30 11 52 59.300  0.00  31
   108176  40.733276 -124.222233    20.923       23.4       -0.9      -26.6     37.4     18.8     39.5 2022  4  2 16 13  4.240  0.00  31
   108178  40.733378 -124.221436    20.918       90.7       10.4      -31.6     55.4     19.0     33.2 2022  6 22  0 28 21.720  0.00  31
   108179  40.733443 -124.220825    20.894      142.3       17.6      -56.3     61.6     29.4     35.7 2022  7  3 23 30 11.360  0.00  31
   108182  40.733065 -124.220492    20.836      170.5      -24.4     -114.1     53.0     32.1     52.4 2022  8 17  6 23  8.780  0.00  31
   110483  40.733354 -124.222567    20.954       -4.8        7.7        3.8     26.0     15.2     19.2 2023  4 29 18 24  1.280  0.83  31
