   106632  40.272827 -124.547144     3.860        3.5     -163.1        9.6     40.4    176.7     85.5 2020  2 22  5 52 18.180  0.00  38
   106633  40.274194 -124.547241     3.836       -4.8      -11.3      -14.1     30.7     79.9     48.9 2020  3  1 20 25 24.240  0.00  38
   106634  40.276587 -124.546785     3.947       33.9      254.4       97.1     65.9    164.0    117.2 2020  5  3 13 38 18.400  0.00  38
   106635  40.275842 -124.546940     3.890       20.8      171.7       40.0     49.9    142.4     83.8 2020  5  4 19  6 10.540  0.00  38
   106636  40.274772 -124.546989     3.873       16.6       52.9       22.9     50.1     72.6     76.0 2020  5  4  9 42 44.380  0.00  38
   106637  40.274870 -124.547005     3.875       15.2       63.7       24.7     46.6     76.5     76.1 2020  5  4  8 13 22.220  0.00  38
   106638  40.274756 -124.546851     3.888       28.4       51.1       38.0     56.0     80.5     98.9 2020  5  4 15 33  2.520  0.00  38
   106640  40.275769 -124.546916     3.897       22.8      163.6       46.9     52.6    115.2     90.3 2020  5  4  8 38 58.940  0.00  38
   106642  40.275000 -124.546981     3.881       17.3       78.2       30.8     48.2     81.6     78.3 2020  5  4  8 24 12.120  0.00  38
   106643  40.275761 -124.546688     3.940       42.2      162.7       89.9     84.3    159.6    149.2 2020  5  4  8 47  1.720  0.00  38
   106644  40.275944 -124.546883     3.896       25.6      183.0       46.4     50.1    126.9     88.4 2020  5  5  2 52 18.880  0.00  38
   106647  40.277649 -124.546558     3.956       53.3      372.3      106.2     81.0    180.5    136.1 2020  5  5  1 48 19.700  0.00  38
   106648  40.275765 -124.546851     3.905       28.4      163.1       55.2     57.8    110.9     99.9 2020  5  5  9 53 47.400  0.00  38
   106651  40.274133 -124.547298     3.826       -9.7      -18.1      -24.5     33.3     97.7     54.0 2021  1  5 21 56  2.340  0.00  38
   106653  40.274101 -124.547257     3.837       -6.2      -21.7      -12.8     34.7     80.4     46.8 2021  7 10  7 24 38.580  0.00  38
   106654  40.274198 -124.547290     3.829       -9.0      -10.8      -20.9     30.0     88.9     49.9 2021  7 10 11 51 45.900  0.00  38
   106655  40.273983 -124.547290     3.830       -9.0      -34.8      -19.6     29.6     91.3     48.5 2021  7 10 19  3 50.340  0.00  38
   106656  40.275053 -124.547380     3.817      -16.6       84.0      -33.3     39.7    129.1     63.5 2021  7 11 22 33 51.940  0.00  38
   106657  40.273865 -124.547616     3.760      -36.7      -47.9      -90.2     62.3     89.4     97.2 2021  7 15 19  8 47.300  0.00  38
   106658  40.273808 -124.547477     3.777      -24.9      -54.2      -73.0     56.9     83.4     74.1 2021  7 15 13  0 48.340  0.00  38
   106659  40.275419 -124.547550     3.759      -31.1      124.7      -91.3     56.5    177.8     83.2 2021  8 25 19 10 39.080  0.00  38
   106660  40.274235 -124.547257     3.843       -6.2       -6.8       -7.4     30.9     81.5     45.0 2021 11  5  3 58 28.600  0.00  38
   106661  40.273962 -124.547290     3.833       -9.0      -37.0      -16.7     30.7     92.0     48.6 2021 11  5  3 59 39.640  0.00  38
   106662  40.274093 -124.547266     3.837       -6.9      -22.6      -12.6     31.7     80.2     50.4 2021 11  5  5 28  9.100  0.00  38
   106663  40.274198 -124.547339     3.820      -13.2      -10.8      -29.5     32.1     84.9     53.8 2021 11  7  2 53 22.060  0.00  38
   106664  40.274683 -124.547412     3.805      -19.4       42.9      -45.2     39.7    119.5     66.4 2022  1 13  2 40 39.500  0.00  38
   106665  40.274084 -124.547249     3.837       -5.5      -23.5      -12.7     36.9     74.0     59.7 2022  1 15 23 23  0.380  0.00  38
   106666  40.273999 -124.547282     3.830       -8.3      -33.0      -19.5     43.0     92.5     72.5 2022  5  3  9 12 19.780  0.00  38
   106669  40.274068 -124.547290     3.831       -9.0      -25.3      -19.4     40.3     77.8     67.4 2022  5  4 12 40 45.580  0.00  38
   106672  40.273889 -124.547314     3.823      -11.1      -45.2      -27.3     38.5     79.1     63.7 2022  5  5 14 31 49.800  0.00  38
   106673  40.274113 -124.547282     3.832       -8.3      -20.3      -17.6     40.5     76.8     67.6 2022  5 10 12  8 48.400  0.00  38
   106674  40.273527 -124.547274     3.794       -7.6      -85.4      -56.3     65.6    105.7     75.5 2022  7 11  7 17 29.200  0.00  38
   106675  40.269560 -124.547005     3.572       15.2     -525.9     -277.7     95.9    173.9     70.8 2022  8 17  6 48 39.560  0.00  38
   110411  40.273735 -124.547396     3.838      -18.0      -62.4      -12.2     32.7     72.9     49.6 2022 12 21 19 45 27.080  1.81  38
