   106632  40.271281 -124.547135     3.854        4.2     -334.8        4.4     37.6    155.5     79.9 2020  2 22  5 52 18.180  0.00  38
   106633  40.274089 -124.547241     3.827       -4.8      -23.0      -23.5     28.2     68.3     44.7 2020  3  1 20 25 24.240  0.00  38
   106634  40.278422 -124.546631     3.976       47.1      458.1      125.6     55.4    163.1     95.5 2020  5  3 13 38 18.400  0.00  38
   106635  40.277120 -124.546777     3.896       34.6      313.6       45.6     44.7    134.8     72.0 2020  5  4 19  6 10.540  0.00  38
   106636  40.275102 -124.546826     3.869       30.5       89.5       18.6     46.7     65.3     71.3 2020  5  4  9 42 44.380  0.00  38
   106637  40.275293 -124.546867     3.872       27.0      110.7       21.6     43.7     69.8     71.5 2020  5  4  8 13 22.220  0.00  38
   106638  40.274935 -124.546598     3.881       49.8       70.9       30.6     49.2     71.0     91.8 2020  5  4 15 33  2.520  0.00  38
   106640  40.276892 -124.546777     3.895       34.6      288.3       44.9     44.0    108.0     80.8 2020  5  4  8 38 58.940  0.00  38
   106642  40.275533 -124.546834     3.880       29.8      137.4       29.8     45.2     75.4     73.6 2020  5  4  8 24 12.120  0.00  38
   106643  40.276481 -124.546427     3.948       64.4      242.6       97.7     75.2    138.4    129.9 2020  5  4  8 47  1.720  0.00  38
   106644  40.277234 -124.546720     3.894       39.5      326.2       43.7     46.1    118.8     83.6 2020  5  5  2 52 18.880  0.00  38
   106647  40.280216 -124.546265     3.954       78.2      657.4      104.3     64.6    168.1    117.6 2020  5  5  1 48 19.700  0.00  38
   106648  40.276811 -124.546672     3.903       43.6      279.2       53.1     47.8    102.6     89.3 2020  5  5  9 53 47.400  0.00  38
   106651  40.273865 -124.547339     3.814      -13.2      -47.9      -36.0     29.3     77.7     47.8 2021  1  5 21 56  2.340  0.00  38
   106653  40.273905 -124.547274     3.833       -7.6      -43.4      -17.2     31.6     70.2     42.8 2021  7 10  7 24 38.580  0.00  38
   106654  40.274097 -124.547331     3.820      -12.5      -22.1      -29.5     27.6     72.5     45.5 2021  7 10 11 51 45.900  0.00  38
   106655  40.273730 -124.547314     3.823      -11.1      -62.8      -27.1     26.6     77.0     43.9 2021  7 10 19  3 50.340  0.00  38
   106656  40.276042 -124.547493     3.798      -26.3      193.8      -52.3     35.6    121.9     57.6 2021  7 11 22 33 51.940  0.00  38
   106657  40.273726 -124.547738     3.734      -47.1      -63.3     -115.7     57.3     80.5     89.5 2021  7 15 19  8 47.300  0.00  38
   106658  40.273539 -124.547502     3.749      -27.0      -84.0     -101.4     53.5     71.8     69.2 2021  7 15 13  0 48.340  0.00  38
   106659  40.276790 -124.547664     3.715      -40.8      277.0     -135.0     52.1    165.5     76.6 2021  8 25 19 10 39.080  0.00  38
   106660  40.274154 -124.547282     3.842       -8.3      -15.8       -8.5     28.7     67.9     42.4 2021 11  5  3 58 28.600  0.00  38
   106661  40.273657 -124.547331     3.829      -12.5      -70.9      -21.3     28.2     78.7     45.2 2021 11  5  3 59 39.640  0.00  38
   106662  40.273922 -124.547290     3.835       -9.0      -41.6      -15.4     27.1     70.4     44.0 2021 11  5  5 28  9.100  0.00  38
   106663  40.274170 -124.547396     3.810      -18.0      -14.0      -40.3     30.0     73.4     50.6 2021 11  7  2 53 22.060  0.00  38
   106664  40.275252 -124.547493     3.789      -26.3      106.2      -61.2     37.3    112.2     62.3 2022  1 13  2 40 39.500  0.00  38
   106665  40.273918 -124.547257     3.832       -6.2      -42.0      -18.3     33.5     64.2     53.9 2022  1 15 23 23  0.380  0.00  38
   106666  40.273853 -124.547314     3.823      -11.1      -49.2      -27.0     36.6     78.1     61.4 2022  5  3  9 12 19.780  0.00  38
   106669  40.273962 -124.547339     3.823      -13.2      -37.0      -26.5     36.8     70.5     60.6 2022  5  4 12 40 45.580  0.00  38
   106672  40.273629 -124.547347     3.812      -13.8      -74.1      -38.0     35.6     74.3     58.9 2022  5  5 14 31 49.800  0.00  38
   106673  40.274040 -124.547323     3.825      -11.8      -28.5      -24.7     34.7     65.7     57.1 2022  5 10 12  8 48.400  0.00  38
   106674  40.272856 -124.547176     3.765        0.7     -159.9      -85.0     60.0    101.0     68.4 2022  7 11  7 17 29.200  0.00  38
   106675  40.267908 -124.546476     3.555       60.2     -709.4     -295.2     90.1    162.2     65.8 2022  8 17  6 48 39.560  0.00  38
   110411  40.273596 -124.547437     3.847      -21.5      -77.7       -3.3     30.7     67.5     46.7 2022 12 21 19 45 27.080  1.81  38
