   104947  40.376156 -124.586442    27.438       43.5      237.7      -71.8     33.8     75.1     50.9 2020  1 27  3 33 37.900  0.00  23
   104948  40.374455 -124.587085    27.544      -11.1       48.8       34.0     11.2     60.9     33.4 2020  3 15 11  8 54.480  0.00  23
   104949  40.374618 -124.587256    27.702      -25.6       66.9      191.9     57.6     83.2     99.0 2020  3 15 10 40 25.300  0.00  23
   104950  40.375252 -124.586344    27.469       51.8      137.4      -41.0     38.9     72.6     39.1 2020  3 24 22 40 56.940  0.00  23
   104951  40.374333 -124.587028    27.517       -6.2       35.2        6.6     25.8     44.1     43.6 2020  3 29 19 50 48.940  0.00  23
   104952  40.375106 -124.586483    27.453       40.1      121.1      -57.5     37.3     73.3     60.7 2020  5 20 21 10 40.540  0.00  23
   104953  40.374117 -124.587012    27.555       -4.8       11.3       45.2     37.1     46.4     62.3 2020  5 28  3 30 49.200  0.00  23
   104954  40.375016 -124.586580    27.494       31.8      111.2      -16.5     37.4     80.1     50.0 2020  6 11  3 50 51.180  0.00  23
   104955  40.371977 -124.588525    28.050     -133.4     -226.4      540.5     87.0    150.0    154.1 2020  6 14  8 41  4.880  0.00  23
   104956  40.374805 -124.586507    27.441       38.0       87.7      -68.6     36.7     66.2     58.9 2020  7 14  7 25 47.800  0.00  23
   104958  40.375285 -124.588428    27.915     -125.1      141.0      405.4     64.6    113.5    123.0 2020  9 10  2  4 47.040  0.00  23
   104959  40.374955 -124.586475    27.467       40.8      104.4      -43.1     42.2     84.4     69.1 2020  9 12 10 40  0.480  0.00  23
   104960  40.373698 -124.586995    27.493       -3.5      -35.2      -17.5     21.5     74.1     48.4 2020  9 19  0 33 31.640  0.00  23
   104961  40.374589 -124.587703    27.700      -63.6       63.7      190.2     47.4     73.3    103.9 2020  9 23  9 31 47.320  0.00  23
   104962  40.374198 -124.587801    27.737      -71.9       20.3      227.1     38.8     80.6     89.4 2020  9 29  9 57 55.960  0.00  23
   104964  40.375378 -124.588493    27.816     -130.6      151.4      306.2     56.5     86.8    118.3 2020 12  8 16 42 53.280  0.00  23
   104965  40.374097 -124.587118    27.526      -13.8        9.0       16.3     17.0     55.7     62.7 2020 12 10 19 49 14.260  0.00  23
   104966  40.375696 -124.586174    27.374       66.3      186.6     -135.8     53.4     88.6     88.3 2020 12 22 14 35 10.320  0.00  23
   104967  40.374292 -124.586458    27.355       42.2       30.7     -154.7     48.6    122.1     94.8 2021  3  6 12 54 27.660  0.00  23
   104969  40.375993 -124.585832    27.353       95.4      219.6     -157.5     50.2    106.7     99.7 2021  5 20  0 50 18.180  0.00  23
   104972  40.374605 -124.587606    27.735      -55.3       65.5      225.4     54.6     78.8    111.2 2021  6 11  8 31 33.560  0.00  23
   104973  40.375391 -124.588550    28.161     -135.5      152.7      650.5     63.0    118.8    127.6 2021  6 20  1 41 22.180  0.00  23
   104974  40.373999 -124.586979    27.507       -2.1       -1.8       -2.8     19.1     29.3     29.5 2021  7 20 15  5 21.760  0.00  23
   104975  40.373043 -124.587036    27.486       -6.9     -108.0      -24.1     19.2     86.8     56.5 2021  8 28 19 21 44.180  0.00  23
   104976  40.373918 -124.587077    27.558      -10.4      -10.8       47.8     39.6     40.1     82.5 2021  9 27  1  3 32.360  0.00  23
   104977  40.373543 -124.586873    27.492        6.9      -52.4      -17.6     29.7     66.4     38.1 2021 10  6 22  3 24.840  0.00  23
   104978  40.375179 -124.588818    28.026     -158.3      129.2      515.8     97.6    206.2    166.9 2021 11  1  3 56 53.200  0.00  23
   104980  40.372611 -124.587370    27.592      -35.2     -155.9       81.5     41.4     89.1     62.8 2022  2  6 21 50 37.360  0.00  23
   104981  40.374483 -124.587134    27.581      -15.2       52.0       71.1     16.8     64.2     59.9 2022  3 11  9 43 29.740  0.00  23
   104982  40.374976 -124.586255    27.422       59.4      106.6      -87.8     51.4     78.7     91.4 2022  4  3  8 24 39.320  0.00  23
   104983  40.375684 -124.586401    27.489       47.0      185.3      -20.6     33.7     81.0     81.9 2022  4 19 22 16 25.080  0.00  23
   104984  40.369279 -124.586507    27.242       38.0     -525.9     -267.9     86.2    187.5    174.0 2022  5  9 21 52  8.060  0.00  23
   104987  40.373975 -124.586938    27.491        1.4       -4.5      -18.5     21.4     57.6     41.5 2022  6 17 10 22 17.000  0.00  23
   104988  40.373995 -124.586922    27.489        2.8       -2.3      -20.8     21.4     50.0     38.8 2022  6 17 10 46 26.820  0.00  23
   104990  40.375216 -124.586401    27.426       47.0      133.3      -83.6     43.9     79.6     72.5 2022  6 24  5  4 53.800  0.00  23
   104991  40.374430 -124.588273    27.705     -112.0       46.1      195.0    118.2    122.2    218.0 2022  7 27  4 54 13.900  0.00  23
   104993  40.372876 -124.588485    27.697     -129.9     -126.5      186.7     51.2    154.0     85.5 2022  8 11  4 39 15.140  0.00  23
   104994  40.375256 -124.586279    27.439       57.4      137.8      -71.1     50.9     82.5     84.7 2022  8 17  8 25 46.520  0.00  23
   104995  40.374060 -124.587036    27.516       -6.9        5.0        6.3     18.7     36.7     27.1 2022  8 30 23 11 16.520  0.00  23
   104996  40.374622 -124.588029    27.853      -91.2       67.3      342.7     37.7     84.0    101.9 2022 10 11 17 23 22.920  0.00  23
   104997  40.374683 -124.586768    27.481       15.9       74.1      -28.9     33.6     64.6     52.7 2022 10 11 14  2 49.700  0.00  23
   104998  40.376375 -124.586230    27.336       61.5      262.1     -174.4     25.7    105.3     82.1 2022 10 11 17 30 39.280  0.00  23
   104999  40.373816 -124.587036    27.516       -6.9      -22.1        6.1     25.7     74.0     53.1 2022 10 24 20  5 38.420  0.00  23
   105000  40.375720 -124.586051    27.369       76.7      189.3     -140.9     56.9     95.4     95.9 2022 11 14  0 17 50.340  0.00  23
   105001  40.373991 -124.586987    27.544       -2.8       -2.7       34.0     39.4     57.9     67.8 2022 11 20 20 20 39.340  0.00  23
   105002  40.372624 -124.587573    27.635      -52.5     -154.5      125.3     44.7     79.3     76.1 2022 11 27  4  0 20.280  0.00  23
   110356  40.373494 -124.587004    27.486       -4.1      -57.8      -23.9     14.0     54.0     29.6 2023  5 27  0 55 22.180  2.59  23
