   102900  40.395133 -124.512622    21.100     1026.0     -144.6     1347.6     50.1     78.7     69.9 2020  1  7 21 14 24.860  0.00  68
   102901  40.395634 -124.513029    21.137      991.5      -89.0     1383.8     63.0     98.5     78.8 2020  2  9 15 30  9.720  0.00  68
   102903  40.394906 -124.512581    21.103     1029.5     -169.9     1349.8     61.0     90.5     80.7 2020  4 20 21 58  8.780  0.00  68
   102904  40.395447 -124.512671    21.068     1021.9     -109.8     1315.2     53.0    100.1     76.8 2021 11 29 10 14 46.380  0.00  68
   104441  40.401579 -124.525106    18.699      -33.9      571.1    -1054.2     76.8    103.7    147.7 2020  5 12 17 39 10.980  0.00  68
   104442  40.401701 -124.524878    18.218      -14.5      584.7    -1534.9     63.3     86.7    112.1 2020  5 17 18 32 25.060  0.00  68
   104451  40.401351 -124.524764    18.257       -4.8      545.8    -1495.8     65.1     90.5    109.2 2021  8  3  7  2 26.040  0.00  68
   104471  40.401823 -124.524504    18.668       17.3      598.2    -1084.5     55.3     95.9    107.6 2022  7  3 15 13  0.180  0.00  68
   109737  40.397103 -124.538273    18.346    -1151.7       74.1    -1406.8     52.2     76.8     84.3 2021 11 29 18 57 25.040  0.00  68
   109738  40.396794 -124.538151    18.284    -1141.4       39.8    -1469.1     38.7     58.4     59.8 2022  9 22  8 38  4.380  0.00  68
   110310  40.393347 -124.511589    20.958     1113.8     -342.9     1204.7     60.2     88.0     83.7 2022 12 24  5 13  7.020  2.60  68
   110339  40.401550 -124.524813    18.296       -9.0      568.0    -1456.4     61.5     92.5    107.9 2023  1 30 19 45 47.760  1.21  68
   110684  40.398010 -124.538737    18.307    -1191.1      174.9    -1446.3     52.0     76.4     87.2 2023  3 16 11 19 56.420  1.21  68
