   104838  40.291435 -124.388509    21.272       81.7      -30.3      -98.5     38.1     22.4     27.4 2020  1 25 14 20 47.820  0.00  34
   104839  40.291532 -124.388517    21.290       81.0      -19.4      -79.7     38.4     18.2     28.9 2020  1 25 14 22 23.940  0.00  34
   104842  40.291353 -124.388037    21.228      121.8      -39.3     -141.9     39.3     24.5     27.8 2020  3 13 13 44 40.320  0.00  34
   104843  40.294914 -124.388949    21.329       44.3      356.0      -41.2     25.6     65.5     36.0 2020  5 23 16 19  5.400  0.00  34
   104844  40.297933 -124.388826    21.322       54.7      691.3      -47.9     35.6     77.5     43.0 2020  5 24 12  7 13.140  0.00  34
   104845  40.291227 -124.389526    21.375       -4.8      -53.3        4.7     17.5     46.8     16.8 2020  6  5 12  0 20.420  0.00  34
   104848  40.291410 -124.388208    21.261      107.3      -33.0     -108.6     37.6     23.1     42.0 2020 12 25 11 55 38.020  0.00  34
   104849  40.291484 -124.388143    21.258      112.8      -24.9     -112.4     33.2     19.4     33.1 2020 12 25 14 25 57.040  0.00  34
   104850  40.291390 -124.388322    21.260       97.6      -35.2     -110.4     37.4     17.6     45.9 2021  1 13 10  0 21.440  0.00  34
   104851  40.291939 -124.389299    21.350       14.5       25.8      -19.6     25.5     40.7     33.7 2021  2  5 11 24  9.360  0.00  34
   104854  40.290934 -124.389404    21.369        5.5      -85.8       -0.9     21.8     55.4     17.4 2021  9 17  3 49 29.860  0.00  34
   104855  40.291919 -124.389697    21.377      -19.4       23.5        7.5     36.5     68.9     26.6 2021 10 23 10 36 54.840  0.00  34
   104857  40.291695 -124.389185    21.358       24.2       -1.4      -12.1     32.8     73.0     37.2 2021 11 10 22 12  7.100  0.00  34
   104858  40.293978 -124.389543    21.363       -6.2      252.1       -6.7     37.4     76.4     35.7 2021 11 17 11 58 34.440  0.00  34
   104859  40.292008 -124.389795    21.374      -27.7       33.4        4.2     26.6     23.5     37.9 2021 12 20 22 16 24.420  0.00  34
   104862  40.291833 -124.389567    21.370       -8.3       14.0       -0.2     25.0     38.1     17.5 2021 12 21  0  0 44.500  0.00  34
   104863  40.291626 -124.389681    21.374      -18.0       -9.0        4.4     24.2     18.1     15.5 2021 12 21  7 32  7.940  0.00  34
   104864  40.291488 -124.389624    21.376      -13.1      -24.4        6.0     19.1     24.8     14.8 2021 12 21  7 32 38.440  0.00  34
   104866  40.291793 -124.389453    21.368        1.4        9.5       -2.1     22.4     32.7     20.0 2021 12 21 13 12 35.900  0.00  34
   104868  40.291577 -124.389665    21.383      -16.6      -14.5       13.0     20.7     35.0     17.1 2021 12 21  7 35 40.760  0.00  34
   104869  40.292342 -124.389567    21.372       -8.3       70.5        1.7     22.2     57.1     15.6 2021 12 21  5 59 26.840  0.00  34
   104870  40.291215 -124.389469    21.367        0.0      -54.7       -3.5     24.7     44.3     19.4 2021 12 21  2 41 56.780  0.00  34
   104872  40.291939 -124.390861    21.482     -118.3       25.8      112.2     34.4     39.6     50.5 2021 12 21  5 35 36.300  0.00  34
   104874  40.292257 -124.388957    21.347       43.6       61.0      -22.6     29.6     93.9     25.4 2021 12 21 13 40 27.300  0.00  34
   104875  40.291032 -124.389502    21.383       -2.8      -75.0       12.6     22.3     48.5     22.4 2021 12 22  2 25 36.120  0.00  34
   104876  40.291134 -124.389583    21.379       -9.7      -63.7        8.8     19.1     40.0     16.0 2021 12 22  4 43 41.600  0.00  34
   104878  40.291386 -124.389575    21.379       -9.0      -35.7        9.2     20.3     34.4     19.1 2021 12 23 13 23  2.200  0.00  34
   104881  40.291947 -124.389486    21.373       -1.4       26.7        2.7     22.7     40.0     16.5 2021 12 31 17  4  4.900  0.00  34
   104884  40.291642 -124.389469    21.375        0.0       -7.2        5.0     24.7     16.9     18.5 2022  1 28 17 21 49.780  0.00  34
   104885  40.291842 -124.389502    21.376       -2.8       14.9        6.0     24.1     41.7     19.0 2022  1 28 15 57 19.160  0.00  34
   104886  40.292187 -124.389364    21.370        9.0       53.3        0.0     24.8     50.7     21.7 2022  1 28 15 48 35.980  0.00  34
   104888  40.291325 -124.389681    21.376      -18.0      -42.5        6.3     26.9     48.5     23.0 2022  2 22  1 59 45.720  0.00  34
   104889  40.292330 -124.389689    21.371      -18.7       69.1        1.0     22.4     59.9     31.1 2022  9  2 17 28 49.180  0.00  34
   110352  40.291813 -124.389648    21.371      -15.2       11.7        1.4     17.9     17.3     16.6 2023  3 28  2 26 28.480  2.85  34
