   100000  40.759155 -124.246281    17.010       -8.2       40.2      -10.4     31.6     53.6     35.1 2020  1  1  4 18 17.380  0.00  52
   100001  40.758781 -124.246191    17.016       -0.7       -1.4       -4.1     27.3     18.3     24.4 2020  1  3 12  6 10.660  0.00  52
   100002  40.758993 -124.246257    17.007       -6.2       22.1      -13.5     35.5     30.9     31.6 2020  1 10  5 38 39.760  0.00  52
   100003  40.758923 -124.245687    16.940       41.9       14.5      -80.2     41.7     27.0     61.5 2020  7  2 10 37 18.320  0.00  52
   100006  40.758870 -124.245671    16.954       43.3        8.6      -66.0     47.9     17.1     59.0 2020  8 26 17  5  7.560  0.00  52
   100008  40.759102 -124.246216    17.003       -2.7       34.3      -16.9     24.1     36.8     32.2 2021  2 26 17 10 55.880  0.00  52
   100009  40.758984 -124.246265    17.007       -6.9       21.2      -13.4     29.5     29.8     38.2 2021  8  4 13  4 50.340  0.00  52
   100010  40.757031 -124.245882    16.961       25.4     -195.7      -59.0     46.4     76.4     60.0 2021  8 31  4 21  7.080  0.00  52
   100012  40.756836 -124.245858    16.946       27.5     -217.3      -73.5     45.3     74.5     58.6 2021 10 14  9 39 56.740  0.00  52
   100017  40.758846 -124.246200    17.009       -1.4        5.9      -10.5     28.4     18.9     28.2 2022  7 21  0 22 10.260  0.00  52
   100018  40.758834 -124.246281    17.025       -8.2        4.5        5.2     19.0     15.0     28.8 2022  8  5 18 16 27.220  0.00  52
   100021  40.758850 -124.246297    17.024       -9.6        6.3        4.2     22.1     17.1     19.2 2022  8 21  7 16 43.100  0.00  52
   100022  40.758818 -124.246191    17.018       -0.7        2.7       -2.4     18.7     12.7     30.9 2022  8 24  0 39 13.140  0.00  52
   100023  40.758883 -124.246232    17.019       -4.1        9.9       -0.8     16.1     27.1     21.5 2022  8 26 13 46 28.200  0.00  52
   100028  40.758818 -124.246151    17.013        2.7        2.7       -6.8     25.0     13.6     26.2 2022  9 18  2 25 38.720  0.00  52
   100029  40.758850 -124.246240    17.019       -4.8        6.3       -0.6     16.9     17.4     26.1 2022  9 24  0 15 43.900  0.00  52
   100030  40.758830 -124.246175    17.014        0.7        4.1       -6.1     22.3     13.9     30.8 2022 10  1  3  9  7.860  0.00  52
   100031  40.758805 -124.246208    17.017       -2.1        1.4       -2.8     24.9     14.3     21.7 2022 10 16 12  4 20.320  0.00  52
   100032  40.758830 -124.246175    17.014        0.7        4.1       -6.3     22.3     13.9     31.0 2022 10 18  3 13  8.320  0.00  52
   100034  40.758879 -124.246289    17.024       -8.9        9.5        4.2     18.8     22.2     18.9 2022 10 25 11 16 30.760  0.00  52
   100036  40.758850 -124.246452    17.024      -22.7        6.3        4.2     36.1     24.7     18.7 2022 11 30 15  7  3.540  0.00  52
   110286  40.758789 -124.246232    17.035       -4.1       -0.5       15.0     22.7     17.4     23.6 2023  5 27 14 43 32.110  1.31  52
