   108362  40.490617 -124.206999    20.689     -258.0      -79.1     -378.8      4.0      2.2      4.0 2020  7 11 17 19 52.600  0.00  43
   108363  40.490751 -124.206877    20.668     -247.7      -64.2     -398.9      5.8      5.5      4.1 2020  8 12 11 28 24.940  0.00  43
   108364  40.490617 -124.206779    20.676     -239.4      -79.1     -391.3      3.4      2.5      3.7 2020  8 12 11 23 32.820  0.00  43
   108365  40.491195 -124.205054    20.759      -93.1      -14.9     -308.0      7.4      3.0      4.2 2020  8 16 23 21 48.480  0.00  43
   108366  40.490422 -124.207764    20.719     -322.9     -100.8     -348.0      5.5      6.1      4.9 2020 10  4  9 37 29.720  0.00  43
   108367  40.491097 -124.206510    20.706     -216.6      -25.8     -361.2      3.0      2.1      3.2 2020 10  8  4 46 56.680  0.00  43
   108369  40.490804 -124.206730    20.724     -235.3      -58.3     -343.7      3.8      2.6      3.1 2021  2 19  9 54 21.040  0.00  43
   108370  40.490873 -124.207593    20.710     -308.4      -50.6     -357.7      6.2      4.0      2.7 2021  6  1 21 55 42.420  0.00  43
   108373  40.491764 -124.206283    20.640     -197.3       48.3     -427.4      5.8      4.8      5.1 2022  2  7 11 46 35.280  0.00  43
   108374  40.490914 -124.206909    20.702     -250.4      -46.1     -365.2      3.5      2.5      2.7 2022  2 12 15 44 27.500  0.00  43
   108375  40.491475 -124.206038    20.679     -176.6       16.3     -388.2      5.7      4.4      3.8 2022  4 21 17  7 41.100  0.00  43
   108376  40.491150 -124.206226    20.692     -192.5      -19.9     -375.1      3.3      3.0      3.4 2022  4 22 17 55 41.660  0.00  43
   108378  40.491048 -124.206519    20.705     -217.3      -31.2     -362.4      4.0      2.8      2.5 2022  7 27  4 35 27.980  0.00  43
   108379  40.491243 -124.207202    20.703     -275.3       -9.5     -364.0      5.5      3.6      2.2 2022  8  3  6 33 48.060  0.00  43
   108380  40.491715 -124.206429    20.705     -209.7       42.9     -362.8      4.7      4.0      3.0 2022  9  1 10 45  9.880  0.00  43
   108381  40.491117 -124.206616    20.706     -225.6      -23.5     -361.6      2.9      2.6      2.2 2022 11 26 10 34 34.000  0.00  43
   108454  40.484017 -124.236808    19.095    -2785.4     -812.0    -1971.9      5.1      2.6      2.2 2021 12 22  7 38 16.620  0.00  43
   109536  40.490080 -124.200057    22.415      330.5     -138.7     1347.5      4.0      3.6      3.4 2021  3  3 21 43  3.720  0.00  43
   109537  40.490808 -124.199447    22.442      382.2      -57.8     1374.7      4.4      4.3      5.1 2021  9 27  2 58  8.360  0.00  43
   109538  40.489209 -124.201164    22.414      236.7     -235.4     1346.8      3.9      4.4      3.9 2021 12 23 14 37 21.580  0.00  43
   109539  40.490177 -124.199902    22.446      343.6     -127.9     1379.2      3.9      2.5      2.5 2022  9 12  3 59 29.200  0.00  43
   109540  40.490173 -124.199894    22.447      344.3     -128.3     1379.2      4.0      2.6      2.5 2022 10  8  6 41 27.060  0.00  43
   109635  40.497929 -124.164583    21.240     3337.7      732.9      172.8     59.5      9.5     14.5 2021  6  4 21 21 58.240  0.00  43
   109636  40.500488 -124.187703    21.858     1377.7     1017.1      791.0      6.5      4.7      5.4 2021 12 20 21 17 32.980  0.00  43
   109637  40.496021 -124.191406    21.584     1063.8      521.0      516.4      7.9     12.5      8.2 2022  5 25  8  4 48.420  0.00  43
   110460  40.486528 -124.182365    20.362     1830.5     -533.2     -705.0      4.1      3.4      4.5 2023  3 15  6  1 38.120  0.94  43
   110498  40.491073 -124.206274    20.709     -196.6      -28.5     -358.4      2.5      1.7      2.2 2023  1 15 11 51 19.200  1.50  43
   110504  40.483952 -124.237630    19.098    -2855.1     -819.2    -1969.4      5.1      2.6      2.2 2023  2  5 13 48 53.130  1.08  43
   110642  40.489323 -124.199512    22.450      376.7     -222.8     1382.4      3.2      2.6      2.9 2023  2 27 12 40  1.270  1.39  43
   110662  40.500374 -124.189966    21.947     1185.9     1004.4      879.4      5.6      4.6      4.8 2023  5  9 11 38 20.680  1.02  43
