   105847  40.391715 -124.287663    27.836       -5.5       46.1       16.2    173.7    242.1    158.9 2021 12 20 20 46 28.200  0.00  65
   105849  40.391280 -124.287736    27.819      -11.7       -2.3       -1.0    176.9     90.0     70.6 2021 12 21  9 55 15.700  0.00  65
   105851  40.391231 -124.287948    27.820      -29.7       -7.7       -0.3    188.9    102.4     85.0 2021 12 21 19 32 35.980  0.00  65
   105864  40.391886 -124.285905    27.815      143.7       65.1       -5.2    306.9    170.0    123.0 2021 12 21 18 52 36.660  0.00  65
   105872  40.391557 -124.287801    27.838      -17.3       28.5       18.3    255.3    124.3    115.8 2021 12 21  8 10  1.860  0.00  65
   105888  40.391463 -124.287712    27.834       -9.7       18.1       13.7    236.0    122.0    113.8 2021 12 22  5 26  9.740  0.00  65
   105898  40.391317 -124.287980    27.827      -32.5        1.8        7.3    222.9    138.4     94.5 2021 12 23  1  5 17.280  0.00  65
   105899  40.391524 -124.286466    27.804       96.0       24.9      -16.1    223.4    111.0     77.4 2021 12 23  1 47 11.060  0.00  65
   105919  40.391166 -124.287655    27.816       -4.8      -14.9       -3.8     84.8    136.7     89.2 2021 12 30 12 28  4.260  0.00  65
   105923  40.391060 -124.286133    27.826      124.4      -26.7        5.8   1222.6    194.2    118.9 2022  1  5 23  1 28.700  0.00  65
   105928  40.391317 -124.287646    27.821       -4.1        1.8        1.0    148.5    103.3     76.0 2022  1 16  4 44 46.820  0.00  65
   105933  40.390194 -124.287573    27.782        2.1     -122.9      -37.6    149.8    324.4    189.3 2022  2 10  9 46 48.960  0.00  65
   105946  40.391500 -124.288525    27.823      -78.8       22.1        2.5    185.7    135.0    135.7 2022  6  9  2 40 47.580  0.00  65
   105948  40.391492 -124.287606    27.835       -0.7       21.2       14.7    253.2    146.3    125.6 2022  7  1 20 19 34.200  0.00  65
   110381  40.391248 -124.287720    27.819      -10.4       -5.9       -1.2    119.5    100.1     83.8 2023  2  9  3 13  2.870  0.89  65
