   108663  40.489441 -124.339355    19.336      -29.0       12.2        6.9    105.2    115.9    123.3 2022  3  5 15  4 56.760  0.00  37
   108665  40.489417 -124.339502    19.337      -41.4        9.5        8.0    102.2    103.7    119.2 2022  3  5 14 13 15.560  0.00  37
   108670  40.489360 -124.339380    19.330      -31.0        3.2        1.0    114.7    121.8    150.1 2022  3 18  2  2 21.140  0.00  37
   108671  40.489347 -124.339364    19.328      -29.7        1.8       -1.1    150.6    154.0    189.9 2022  3 18  2 55 56.140  0.00  37
   108673  40.489355 -124.339372    19.329      -30.4        2.7       -0.4    109.9    111.8    137.3 2022  5 13 21 13  4.360  0.00  37
   108674  40.489408 -124.339355    19.338      -29.0        8.6        8.9     88.6    113.1    121.0 2022  5 13 11  3  1.340  0.00  37
   108675  40.489364 -124.339404    19.330      -33.1        3.6        0.7     82.8     72.1     84.8 2022  7  9 13 10 58.000  0.00  37
   108676  40.489364 -124.339404    19.330      -33.1        3.6        0.6     82.1     72.4     85.1 2022  7 19 14 43  3.060  0.00  37
   108678  40.489360 -124.339388    19.331      -31.7        3.2        1.2    102.4    116.7    139.2 2022  7 24 16 37 15.260  0.00  37
   108680  40.489347 -124.339364    19.328      -29.7        1.8       -1.2    150.3    154.0    189.0 2022  7 26  2 56 53.120  0.00  37
   108681  40.489384 -124.339526    19.343      -43.5        5.9       13.4     90.7     98.0    109.2 2022  9 12  7 56 19.840  0.00  37
   108682  40.489360 -124.339380    19.330      -31.0        3.2        0.5     84.9     88.6    105.3 2022  9 12 16 26 23.860  0.00  37
   108683  40.489368 -124.339396    19.332      -32.4        4.1        2.3    103.6     96.9    119.8 2022  9 12  6 56 34.320  0.00  37
   108684  40.489364 -124.339380    19.331      -31.0        3.6        1.2     91.7     92.0    113.5 2022  9 12  6 57 16.840  0.00  37
   108686  40.489380 -124.339396    19.332      -32.4        5.4        2.7     94.4    103.9    117.3 2022  9 12  7  2 14.940  0.00  37
   108687  40.489376 -124.339396    19.332      -32.4        5.0        2.7    105.2    103.3    130.9 2022  9 12  6 55 47.640  0.00  37
   108688  40.489380 -124.339396    19.332      -32.4        5.4        2.2    113.5    129.2    142.4 2022  9 12  7  0 41.780  0.00  37
   108689  40.489412 -124.339526    19.337      -43.5        9.0        8.0    104.3    115.8    125.2 2022  9 12  6 58 44.140  0.00  37
   108690  40.489376 -124.339396    19.332      -32.4        5.0        2.3     99.9    101.2    116.9 2022  9 13 12  0  9.260  0.00  37
   108692  40.489360 -124.339404    19.330      -33.1        3.2        0.2    153.1    129.6    157.2 2022  9 13 23 59 39.940  0.00  37
   108693  40.489372 -124.339486    19.340      -40.0        4.5       10.2     72.8     81.5     91.1 2022  9 15  4 38 42.340  0.00  37
   108694  40.489368 -124.339388    19.332      -31.7        4.1        2.3     88.5    100.4    119.1 2022  9 19 10 45 20.920  0.00  37
   108695  40.489364 -124.339396    19.331      -32.4        3.6        1.8    108.6    116.9    140.9 2022 10 13  0  1 53.180  0.00  37
   108697  40.489376 -124.339486    19.340      -40.0        5.0       10.7     80.9     85.9     99.0 2022 11 21 11  3 27.100  0.00  37
   108698  40.489368 -124.339388    19.331      -31.7        4.1        2.0     88.0     79.1    100.2 2022 11 21  9 56 47.360  0.00  37
   108699  40.489376 -124.339453    19.338      -37.3        5.0        8.4     63.6     71.2     78.6 2022 11 21 11 24 43.840  0.00  37
   108700  40.489388 -124.339551    19.341      -45.5        6.3       11.5    109.5    116.9    133.4 2022 11 21 11  5 34.240  0.00  37
   108701  40.489368 -124.339380    19.331      -31.0        4.1        1.2     89.7    100.2    117.1 2022 11 21 12  2 33.900  0.00  37
   108704  40.489400 -124.339347    19.337      -28.3        7.7        7.8     74.0     89.4     95.6 2022 11 22  1 39 11.480  0.00  37
   108705  40.489368 -124.339388    19.331      -31.7        4.1        1.4     96.2     89.1    111.4 2022 11 24  7 16 24.120  0.00  37
   108706  40.489380 -124.339396    19.332      -32.4        5.4        2.5    101.7    111.3    125.8 2022 11 27  8 29 21.460  0.00  37
   108707  40.489237 -124.339583    19.330      -48.3      -10.4        0.2    111.6    152.6    138.6 2022 11 27  7 15  5.860  0.00  37
   110543  40.489355 -124.339551    19.353      -45.5        2.7       23.1     98.2     99.3    111.2 2023  1 10 17 58 54.640  1.07  37
   110807  40.486584 -124.322282    19.034     1418.6     -305.0     -295.0    278.6    262.1    259.8 2022 12 24 16 16 19.760  1.57  37
