   105847  40.391638 -124.287663    27.833       -5.5       37.5       13.3    183.3    251.6    165.0 2021 12 20 20 46 28.200  0.00  65
   105849  40.391288 -124.287712    27.820       -9.7       -1.4       -0.4    188.3     97.8     76.6 2021 12 21  9 55 15.700  0.00  65
   105851  40.391239 -124.287939    27.821      -29.0       -6.8        0.6    202.7    110.1     91.0 2021 12 21 19 32 35.980  0.00  65
   105864  40.391927 -124.285986    27.818      136.8       69.6       -2.4    327.2    182.2    131.7 2021 12 21 18 52 36.660  0.00  65
   105872  40.391573 -124.287793    27.840      -16.6       30.3       20.3    272.6    133.6    123.2 2021 12 21  8 10  1.860  0.00  65
   105888  40.391479 -124.287712    27.836       -9.7       19.9       15.6    251.4    130.9    120.8 2021 12 22  5 26  9.740  0.00  65
   105898  40.391313 -124.287907    27.827      -26.3        1.4        6.6    238.3    148.9    101.7 2021 12 23  1  5 17.280  0.00  65
   105899  40.391520 -124.286491    27.804       94.0       24.4      -16.5    236.7    119.1     83.2 2021 12 23  1 47 11.060  0.00  65
   105919  40.391195 -124.287646    27.817       -4.1      -11.7       -3.1     90.9    144.4     96.7 2021 12 30 12 28  4.260  0.00  65
   105923  40.391105 -124.287964    27.828      -31.1      -21.7        7.7    995.2    208.2    127.5 2022  1  5 23  1 28.700  0.00  65
   105928  40.391317 -124.287646    27.821       -4.1        1.8        1.0    159.4    111.6     82.3 2022  1 16  4 44 46.820  0.00  65
   105933  40.390324 -124.287533    27.778        5.5     -108.4      -42.1    160.6    328.3    207.8 2022  2 10  9 46 48.960  0.00  65
   105946  40.391479 -124.288460    27.821      -73.2       19.9        1.4    200.7    147.8    146.7 2022  6  9  2 40 47.580  0.00  65
   105948  40.391516 -124.287630    27.837       -2.8       23.9       17.3    271.9    157.8    134.2 2022  7  1 20 19 34.200  0.00  65
   110381  40.391239 -124.287736    27.818      -11.7       -6.8       -1.6    129.1    107.5     89.7 2023  2  9  3 13  2.870  0.89  65
