   101493  40.325765 -124.367074    18.811      -49.8        8.1       21.2    266.6    393.6    266.7 2020  2 11  9 19 30.880  0.00  64
   101495  40.325712 -124.366471    18.756        1.4        2.3      -34.1    293.2    410.1    268.6 2020  5  8 14 19  3.300  0.00  64
   101497  40.325635 -124.366455    18.786        2.8       -6.3       -4.5    216.2    312.2    233.2 2020  8 31 23 45 31.400  0.00  64
   101498  40.326294 -124.366838    18.811      -29.7       66.9       21.2    231.1    323.7    251.2 2020 10  2 17  4  0.640  0.00  64
   101499  40.325635 -124.366659    18.800      -14.5       -6.3        9.8    152.4    232.5    197.0 2021  1 10 20 29 48.820  0.00  64
   101502  40.325867 -124.366797    18.805      -26.3       19.4       15.1    201.8    294.8    208.8 2021  7  7  8 30 52.060  0.00  64
   101505  40.325879 -124.366740    18.799      -21.4       20.8        8.8    186.8    232.7    204.6 2021  9 16  6 39 23.680  0.00  64
   101507  40.326115 -124.367000    18.805      -43.6       47.0       15.5    257.3    323.9    274.0 2021 10  5  5  0 45.320  0.00  64
   101545  40.325671 -124.366618    18.794      -11.1       -2.3        4.3    179.8    224.5    176.1 2022  4 17 22 59 31.240  0.00  64
   101547  40.329126 -124.367456    18.808      -82.3      381.3       17.8    278.3   1019.0    231.3 2022  5 16 11 54 22.560  0.00  64
   101549  40.326038 -124.366715    18.805      -19.4       38.4       15.2    201.5    288.0    172.6 2022  6 20  5 49 12.560  0.00  64
   101556  40.327079 -124.367090    18.812      -51.2      154.1       22.0    184.3    526.5    195.6 2022  9  1 16 52 14.460  0.00  64
   101559  40.324894 -124.366121    18.773       31.1      -88.6      -17.3    364.8    549.8    342.2 2022  9 17 21 37 56.320  0.00  64
   101560  40.325118 -124.366219    18.777       22.8      -63.7      -12.5    361.7    528.2    347.4 2022  9 17 20 44 21.300  0.00  64
   101563  40.326192 -124.366715    18.797      -19.4       55.6        7.4    197.8    329.6    224.1 2022  9 23  1  2 28.580  0.00  64
   110297  40.325570 -124.366300    18.785       15.9      -13.6       -5.4    172.6    232.5    185.8 2023  1  2 14 24 18.160  1.18  64
