   102177  40.305400 -124.483594    26.366      873.2     2026.9     5247.5      4.5     13.4      4.5 2020  4  1 11 46 58.040  0.00   2
   102179  40.290788 -124.490186    25.821      312.8      404.4     4701.6      4.7     10.8      5.9 2022  4 28 10 58 15.600  0.00   2
   102611  40.294002 -124.551465    23.145    -4897.9      761.3     2025.7      1.8      3.2      2.4 2020  1 28  5 11 32.240  0.00   2
   102614  40.302047 -124.553499    23.177    -5070.6     1654.6     2058.1      1.5      2.8      2.1 2020  2 19  4 37 44.400  0.00   2
   102615  40.296171 -124.550879    23.036    -4848.0     1002.1     1917.2      2.7      6.1      4.4 2020  3  2 21 56 10.200  0.00   2
   102616  40.291272 -124.549382    23.199    -4720.8      458.1     2079.9      5.6     10.6      6.8 2020  3 12 13 19 53.560  0.00   2
   102617  40.289506 -124.553288    23.081    -5053.0      262.1     1962.5      1.8      5.3      2.2 2020  3 19  2  9 47.580  0.00   2
   102618  40.294002 -124.551294    23.180    -4883.3      761.3     2061.3      1.4      3.0      1.7 2020  3 24  8  3 36.860  0.00   2
   102619  40.292729 -124.550488    22.982    -4814.9      619.9     1862.7      1.6      3.3      2.1 2020  5  3 14  1 39.440  0.00   2
   102620  40.303792 -124.551839    22.925    -4929.3     1848.4     1805.7      2.7      7.4      5.1 2020  5  8  2 59 28.200  0.00   2
   102621  40.294165 -124.550920    23.141    -4851.5      779.4     2022.0      2.7      7.4      5.1 2020  5 20  5 59 56.040  0.00   2
   102622  40.294002 -124.551758    23.156    -4922.8      761.3     2037.5      1.5      2.4      1.6 2020  5 25 11 34 11.100  0.00   2
   102623  40.293498 -124.552124    23.195    -4953.9      705.3     2075.7      1.9      2.3      1.7 2020  6 17  9 38  2.760  0.00   2
   102626  40.292452 -124.551383    23.231    -4891.0      589.2     2112.0      1.7      3.8      2.4 2020  7 30 14 15 55.420  0.00   2
   102627  40.293022 -124.551644    23.218    -4913.1      652.4     2098.8      1.6      2.4      1.5 2020  8  6  9 43  0.900  0.00   2
   102628  40.294820 -124.553760    23.142    -5093.0      852.1     2022.8      4.1      7.6      5.6 2020  8 12  9 16 12.860  0.00   2
   102629  40.297249 -124.553320    23.209    -5055.5     1121.9     2090.3      1.5      5.2      3.7 2020  8 30 19 11 39.340  0.00   2
   102630  40.297428 -124.551131    23.029    -4869.4     1141.8     1910.2      1.9      7.3      4.8 2020  9  4 12  2 45.620  0.00   2
   102631  40.303752 -124.552970    23.135    -5025.5     1843.9     2016.5      1.5      4.3      2.9 2020  9 14  2 37 30.160  0.00   2
   102632  40.292887 -124.551554    23.227    -4905.5      637.5     2108.6      1.5      2.9      2.0 2020 10 22  1 28 26.760  0.00   2
   102633  40.294812 -124.551506    23.147    -4901.3      851.2     2027.7      2.0      2.7      1.6 2020 10 29  4 23 31.560  0.00   2
   102636  40.292814 -124.551888    23.200    -4933.9      629.4     2081.0      1.1      2.4      1.6 2020 11 12  0 59 20.320  0.00   2
   102637  40.294482 -124.553890    23.160    -5104.0      814.6     2041.1      3.2      2.9      1.9 2020 11 22  4 28 11.800  0.00   2
   102638  40.294019 -124.551514    23.146    -4902.0      763.1     2026.9      1.4      2.7      1.9 2020 11 24  4 43  2.220  0.00   2
   102640  40.290076 -124.552043    23.344    -4947.1      325.3     2225.5      2.0      2.9      1.9 2020 12 20 20 43  7.720  0.00   2
   102643  40.304150 -124.555160    23.305    -5211.6     1888.2     2185.8      5.4     13.1      9.6 2021  4  2  8 21 40.740  0.00   2
   102644  40.294059 -124.552922    23.035    -5021.7      767.6     1915.8      2.3      4.4      2.1 2021  4  2 10  4 11.960  0.00   2
   102645  40.295496 -124.554215    23.117    -5131.7      927.1     1998.3      3.5      3.2      1.9 2021  4  2  8 33 31.360  0.00   2
   102646  40.294267 -124.552767    23.113    -5008.6      790.7     1993.7      2.0      2.8      1.7 2021  4  3  8 46 31.580  0.00   2
   102648  40.291752 -124.551481    23.263    -4899.3      511.5     2143.7      1.8      4.6      2.8 2021  4  4 22 47 31.720  0.00   2
   102649  40.293901 -124.551554    23.140    -4905.5      750.0     2021.4      3.1      7.8      6.0 2021  4  6 18 44  3.960  0.00   2
   102650  40.294181 -124.551522    23.169    -4902.7      781.2     2050.1      2.0      3.0      2.0 2021  4 16  7 34 37.420  0.00   2
   102652  40.305168 -124.553206    23.193    -5045.5     2001.1     2074.2      1.4      4.9      3.7 2021  4 24 10 54 59.700  0.00   2
   102653  40.294316 -124.553597    23.101    -5079.1      796.1     1981.9      3.4      6.7      4.8 2021  5 11 10 53 45.640  0.00   2
   102654  40.294511 -124.553345    23.136    -5057.7      817.8     2017.1      2.8      2.7      2.0 2021  5 18  7  9  4.920  0.00   2
   102655  40.294682 -124.551318    23.122    -4885.4      836.8     2002.9      2.7      2.2      1.5 2021  6  5 23 47 43.440  0.00   2
   102656  40.293652 -124.551864    23.155    -4931.8      722.5     2036.3      1.7      2.3      2.0 2021  7 10 10 32  6.000  0.00   2
   102657  40.294014 -124.552035    23.141    -4946.3      762.7     2022.4      1.8      2.0      1.7 2021  7 10 10 35 55.320  0.00   2
   102658  40.294401 -124.551685    23.133    -4916.5      805.6     2014.6      1.6      2.6      1.7 2021  7 10 10 44 51.580  0.00   2
   102659  40.293815 -124.551750    23.170    -4922.1      740.5     2050.8      1.6      2.2      1.4 2021  7 10 11 32 17.980  0.00   2
   102660  40.294918 -124.551847    23.161    -4930.3      863.0     2042.0      1.2      2.7      1.7 2021  7 10 12 22  8.220  0.00   2
   102661  40.294450 -124.551685    23.168    -4916.5      811.0     2049.1      1.3      2.7      1.8 2021  7 11  0 11 56.640  0.00   2
   102662  40.293819 -124.552051    23.205    -4947.7      741.0     2085.6      3.9      7.4      6.4 2021  8 14  7 32 23.840  0.00   2
   102663  40.294543 -124.550879    23.130    -4848.0      821.4     2011.1      3.3      2.8      1.8 2021  8 17  5  4 32.220  0.00   2
   102664  40.293803 -124.552759    23.140    -5007.9      739.2     2020.9      1.4      2.7      2.0 2021 10 17 20 33  5.600  0.00   2
   102665  40.294210 -124.551375    23.166    -4890.2      784.4     2047.4      1.2      2.3      1.5 2021 11  4  7 34 53.420  0.00   2
   102666  40.293689 -124.550496    23.149    -4815.5      726.5     2030.4      2.7      3.7      2.4 2021 11 17  7 26 36.100  0.00   2
   102667  40.293856 -124.551497    23.163    -4900.6      745.1     2044.1      1.4      2.5      1.6 2021 12  3 14  3  8.220  0.00   2
   102669  40.293083 -124.550570    23.234    -4821.8      659.2     2115.3      2.2      3.4      2.7 2021 12 20 23 12 47.680  0.00   2
   102670  40.294804 -124.552580    23.094    -4992.6      850.3     1975.5      2.0      2.4      1.7 2021 12 21 19 14 52.560  0.00   2
   102671  40.289087 -124.552035    23.184    -4946.5      215.5     2064.9      2.1      3.2      1.7 2021 12 21  0  6 44.760  0.00   2
   102673  40.293241 -124.552498    23.335    -4985.8      676.8     2216.1      3.9      5.3      3.3 2021 12 26  0 58 31.020  0.00   2
   102674  40.293429 -124.552319    23.191    -4970.5      697.6     2071.8      1.3      2.7      1.5 2021 12 27 21 23 56.940  0.00   2
   102675  40.296606 -124.552970    23.293    -5025.8     1050.5     2173.9      2.9      5.5      2.6 2021 12 28 23 42 32.980  0.00   2
   102677  40.294096 -124.552303    23.163    -4969.1      771.7     2044.6      1.4      2.1      1.6 2021 12 30 21 50 15.320  0.00   2
   102678  40.292306 -124.552897    23.134    -5019.7      572.9     2015.6      4.1     15.8      7.1 2021 12 31 23 44 46.660  0.00   2
   102679  40.293868 -124.551693    23.169    -4917.2      746.4     2050.2      1.3      2.9      2.5 2022  1  6 21 51 26.240  0.00   2
   102684  40.294543 -124.551066    23.094    -4863.9      821.4     1974.7      3.0      2.4      1.7 2022  2 12 18 43 42.940  0.00   2
   102685  40.293636 -124.551652    23.156    -4913.8      720.7     2037.1      1.6      3.1      1.7 2022  3  2 23 19 59.800  0.00   2
   102686  40.294259 -124.551465    23.138    -4897.8      789.8     2018.8      2.0      3.1      1.8 2022  3  2 16  8  3.180  0.00   2
   102687  40.307829 -124.554102    23.344    -5121.5     2296.6     2225.4      6.4     15.2      8.3 2022  3  9 13 42 16.640  0.00   2
   102691  40.293709 -124.551595    23.177    -4908.9      728.8     2057.9      1.5      2.4      1.7 2022  5 18 18  7 36.080  0.00   2
   102692  40.294332 -124.552970    23.108    -5025.9      797.9     1989.3      2.3      2.2      1.7 2022  5 21 20  6 56.040  0.00   2
   102693  40.295544 -124.553101    23.072    -5036.9      932.6     1952.8      3.5      3.3      3.0 2022  6 20  7 39 31.020  0.00   2
   102694  40.295162 -124.551636    23.115    -4912.3      890.1     1995.8      1.8      2.3      1.8 2022  6 27  7 43 34.160  0.00   2
   102695  40.299015 -124.550171    23.100    -4787.7     1318.0     1981.1      3.8      5.6      2.6 2022  7 18  1 42 42.840  0.00   2
   102696  40.295707 -124.553109    23.080    -5037.6      950.6     1961.3      2.5      3.5      2.2 2022  7 28  7 20 33.000  0.00   2
   102697  40.294320 -124.551790    23.167    -4925.5      796.6     2047.7      1.6      2.4      1.7 2022  8  2  3 23 52.420  0.00   2
   102698  40.294116 -124.552954    23.052    -5024.5      774.0     1932.9      2.7      2.7      2.5 2022  8 16 18 15 25.220  0.00   2
   102699  40.295235 -124.551465    23.133    -4897.8      898.2     2013.9      2.1      3.7      2.3 2022  9 16  6  1  5.000  0.00   2
   102700  40.294820 -124.553377    23.096    -5060.4      852.1     1976.8      2.9      2.9      1.8 2022  9 19  4 54 39.760  0.00   2
   102702  40.293172 -124.551213    23.112    -4876.4      669.2     1992.7      3.6      6.2      3.2 2022 10  5  5 11 18.160  0.00   2
   102705  40.294389 -124.552002    23.155    -4943.5      804.2     2036.4      1.4      2.2      1.4 2022 11  1  9 40 50.800  0.00   2
   102706  40.295610 -124.551400    23.183    -4892.3      939.8     2064.2      2.9      6.2      4.9 2022 11 27 18  0 57.680  0.00   2
   103181  40.277824 -124.470557    20.639     1982.1    -1035.1     -479.6      2.7      8.9      3.7 2020  1 11  1 31 54.420  0.00   2
   103185  40.280505 -124.468140    20.758     2187.6     -737.4     -361.0      3.5      6.0      7.5 2020  3 20  0 26 38.040  0.00   2
   103189  40.284477 -124.466846    20.473     2297.5     -296.4     -646.3      3.6      6.2      4.4 2020  5 27  2 48 16.160  0.00   2
   103193  40.283716 -124.468994    20.356     2114.9     -380.9     -762.5      2.3      2.3      2.9 2020  7 17 21 44  7.800  0.00   2
   103194  40.282524 -124.468237    20.242     2179.2     -513.3     -876.7      3.5      3.7      4.7 2020  8 11  2 18 34.020  0.00   2
   103195  40.282853 -124.469222    20.355     2095.5     -476.7     -763.4      2.1      2.4      2.4 2020  9  3 21 10 12.920  0.00   2
   103196  40.283655 -124.470581    20.297     1979.9     -387.7     -822.1      2.0      2.5      2.7 2020  9 30 18 18  5.760  0.00   2
   103197  40.283264 -124.470264    20.323     2006.9     -431.0     -795.4      1.8      2.1      2.7 2020 10 13 14 33 43.200  0.00   2
   103199  40.272111 -124.469613    21.187     2062.4    -1669.5       68.4      2.3      3.5      5.3 2020 11 26  8 19 30.520  0.00   2
   103201  40.286589 -124.469491    20.382     2072.6      -61.9     -737.2      1.4      2.4      4.1 2020 12 24  9 22 40.660  0.00   2
   103203  40.288859 -124.468327    20.493     2171.5      190.2     -626.3      3.1      5.5      3.6 2021  2 24 19 37  0.500  0.00   2
   103204  40.283911 -124.470329    20.039     2001.4     -359.2    -1079.8      3.4      5.9      7.5 2021  3 22 10 31  8.140  0.00   2
   103206  40.283073 -124.470101    20.116     2020.8     -452.3    -1003.0      3.5      9.7      7.8 2021  4 24  6 17 31.180  0.00   2
   103207  40.282043 -124.470199    20.468     2012.5     -566.6     -651.3      1.7      2.5      2.2 2021  5  2  8  9 31.120  0.00   2
   103210  40.283459 -124.469352    20.307     2084.4     -409.4     -812.1      2.4      2.4      2.4 2021  8  5 10 16 23.100  0.00   2
   103211  40.284277 -124.470207    20.191     2011.7     -318.5     -928.1      1.8      4.2      3.0 2021  9  5 23  3 58.160  0.00   2
   103213  40.280306 -124.468197    20.380     2182.7     -759.5     -738.4      1.9      4.1      3.3 2021 10  6  9  9 39.160  0.00   2
   103214  40.270093 -124.466235    20.737     2349.7    -1893.6     -382.2      4.1      4.8      2.5 2021 10 12 11 29  9.760  0.00   2
   103216  40.282198 -124.468701    20.288     2139.8     -549.4     -830.8      3.0      2.7      2.7 2021 11  1 12 14 16.760  0.00   2
   103218  40.281303 -124.463224    21.330     2605.6     -648.8      210.8      4.0      3.4      6.2 2021 12 20 23 42 18.160  0.00   2
   103219  40.285592 -124.468465    20.432     2159.8     -172.6     -687.3      1.9      3.0      3.0 2021 12 21 19 53 20.860  0.00   2
   103220  40.276628 -124.470695    20.557     1970.3    -1168.0     -561.7      1.5      4.0      2.0 2021 12 21  3 25  2.140  0.00   2
   103221  40.283171 -124.470369    20.392     1997.9     -441.4     -726.5      1.7      2.7      2.0 2021 12 22 23 56  7.680  0.00   2
   103222  40.283598 -124.471110    20.457     1934.9     -394.0     -661.8      3.2      2.9      2.4 2021 12 22 22 10  3.600  0.00   2
   103225  40.285714 -124.469450    20.209     2076.1     -159.0     -910.1      1.3      3.1      1.8 2021 12 22 13 50  2.900  0.00   2
   103227  40.281970 -124.469637    20.503     2060.2     -574.7     -616.3      1.6      2.9      2.0 2021 12 22  6 22 18.920  0.00   2
   103229  40.283008 -124.469360    20.481     2083.7     -459.5     -637.7      1.5      2.8      2.1 2021 12 23 10 36 56.360  0.00   2
   103232  40.283293 -124.470247    20.358     2008.3     -427.9     -761.3      1.9      2.4      2.2 2021 12 25  4 27 30.000  0.00   2
   103233  40.282288 -124.468636    20.242     2145.3     -539.5     -876.9      4.6     12.1      8.9 2021 12 25 13  7 17.660  0.00   2
   103235  40.282434 -124.468392    20.353     2166.1     -523.2     -766.2      3.3      3.2      2.9 2021 12 26 18 24 14.980  0.00   2
   103237  40.283101 -124.469800    20.281     2046.4     -449.1     -837.9      2.2      2.8      2.2 2021 12 27  3 19 14.140  0.00   2
   103238  40.273564 -124.471151    20.236     1931.6    -1508.2     -882.6      3.0      5.0      5.0 2021 12 28 10 25 14.240  0.00   2
   103239  40.283317 -124.470321    20.358     2002.1     -425.2     -760.7      1.9      2.3      2.2 2021 12 29  5 39  1.000  0.00   2
   103241  40.282271 -124.469271    20.362     2091.4     -541.3     -756.7      2.2      2.8      2.0 2021 12 31 10 16 23.220  0.00   2
   103242  40.284489 -124.469328    20.151     2086.5     -295.0     -967.4      3.3      4.5      5.1 2022  1  6 15  3 53.600  0.00   2
   103246  40.283895 -124.468245    20.670     2178.5     -361.0     -448.7      2.3      6.7      3.5 2022  1  9 14 28 34.400  0.00   2
   103250  40.282983 -124.469743    20.350     2051.2     -462.2     -768.8      1.9      2.4      2.4 2022  1 12  6 38 12.400  0.00   2
   103252  40.283537 -124.470866    20.410     1955.7     -400.8     -709.2      2.8      2.3      2.3 2022  1 15 11  2 22.680  0.00   2
   103253  40.284163 -124.468311    20.370     2173.0     -331.2     -748.6      3.8      7.4      3.7 2022  1 15 11  7 24.280  0.00   2
   103254  40.273100 -124.471086    20.110     1937.2    -1559.7    -1009.1      2.8      4.5      5.0 2022  1 15 23 42 27.860  0.00   2
   103255  40.283382 -124.469507    20.182     2071.3     -417.9     -936.4      2.7      3.1      3.2 2022  1 20 23 35 26.640  0.00   2
   103256  40.281661 -124.470044    20.468     2025.6     -609.1     -651.1      3.0      4.4      3.0 2022  1 20  3 44 25.400  0.00   2
   103257  40.282975 -124.469580    20.085     2065.0     -463.1    -1033.6      3.6      3.8      5.7 2022  1 21  4 17 37.100  0.00   2
   103258  40.283248 -124.469368    20.535     2083.0     -432.8     -584.2      1.6      2.9      2.1 2022  1 21  4 17  1.760  0.00   2
   103261  40.282731 -124.468465    20.361     2159.9     -490.2     -757.4      3.0      2.6      2.3 2022  1 30  5 20 41.160  0.00   2
   103262  40.282837 -124.468774    20.372     2133.6     -478.5     -747.2      2.3      2.6      2.7 2022  1 30 18 14 11.380  0.00   2
   103263  40.282393 -124.472233    20.557     1839.4     -527.7     -562.2      6.2      7.8      7.4 2022  2  6 18 14 29.480  0.00   2
   103264  40.283183 -124.469084    20.472     2107.3     -440.1     -646.8      1.7      3.2      2.2 2022  2 15  3  8 21.340  0.00   2
   103265  40.283350 -124.470540    20.266     1983.4     -421.6     -852.7      1.8      2.2      2.1 2022  2 24 22 57  5.460  0.00   2
   103266  40.283468 -124.471338    20.337     1915.6     -408.4     -781.7      2.6      2.3      2.1 2022  2 24  2  6 53.360  0.00   2
   103267  40.278931 -124.469271    20.210     2091.4     -912.2     -909.1      1.6      3.1      2.6 2022  2 24 18  1 21.640  0.00   2
   103269  40.283862 -124.471151    20.412     1931.5     -364.6     -706.4      2.7      2.2      2.5 2022  3 29 10 35 52.340  0.00   2
   103270  40.281824 -124.470264    20.409     2006.9     -591.0     -710.2      2.1      2.8      1.9 2022  3 29 19 58  7.480  0.00   2
   103271  40.282023 -124.469189    20.327     2098.3     -568.8     -792.0      3.2      4.9      5.4 2022  3 31 14 40 40.040  0.00   2
   103272  40.282768 -124.469653    20.383     2058.8     -486.2     -735.6      1.3      2.7      1.9 2022  4  3 21  3 27.520  0.00   2
   103273  40.282198 -124.468376    20.233     2167.5     -549.4     -885.8      3.3      3.2      3.1 2022  4 10 13  3 18.560  0.00   2
   103274  40.284619 -124.468490    20.336     2157.8     -280.6     -782.6      4.0     12.8      5.3 2022  4 10 20 53 45.920  0.00   2
   103277  40.283191 -124.469499    20.249     2072.0     -439.2     -869.4      2.2      2.5      2.4 2022  4 19 18 43 36.400  0.00   2
   103279  40.281348 -124.470858    20.322     1956.4     -643.8     -796.9      2.5      3.2      2.6 2022  5 12 18 20 44.500  0.00   2
   103281  40.282572 -124.469670    20.424     2057.4     -507.9     -694.7      2.0      2.7      2.1 2022  6  9 20  8 46.080  0.00   2
   103283  40.282743 -124.469523    20.457     2069.9     -488.9     -662.0      1.4      2.7      2.2 2022  6 12  6 17 47.260  0.00   2
   103284  40.282817 -124.468490    20.330     2157.8     -480.7     -789.1      3.1      2.6      2.2 2022  6 20  3  5 25.720  0.00   2
   103285  40.283679 -124.470085    20.042     2022.1     -385.0    -1077.1      3.1      3.0      4.6 2022  7  4  4 24 56.900  0.00   2
   103286  40.282825 -124.470085    20.584     2022.1     -479.8     -534.8      2.3      3.0      3.7 2022  8 12  8 24  9.100  0.00   2
   103288  40.283341 -124.470182    20.323     2013.8     -422.5     -795.7      1.7      2.4      2.2 2022  8 16  4  0 36.260  0.00   2
   103291  40.283317 -124.470044    20.387     2025.6     -425.2     -731.6      1.8      2.9      2.1 2022  9  6 14 16 14.840  0.00   2
   103292  40.282621 -124.469450    20.239     2076.1     -502.4     -879.9      3.2      8.0      5.6 2022  9  8 13 25 43.220  0.00   2
   103293  40.282007 -124.469499    20.333     2072.0     -570.7     -786.0      2.6      3.4      4.4 2022  9 12  9 10 21.960  0.00   2
   103294  40.279236 -124.469173    20.336     2099.7     -878.3     -783.4      2.6      5.1      4.0 2022  9 13 19 13 50.120  0.00   2
   103295  40.284957 -124.469336    20.104     2085.8     -243.1    -1015.3      3.5      5.4      5.1 2022 10  9 14 38 43.840  0.00   2
   103297  40.282194 -124.469360    20.293     2083.7     -549.9     -826.1      3.3      5.1      5.6 2022 11 10  3 49 21.340  0.00   2
   104536  40.274146 -124.515283    21.490    -1821.6    -1443.6      370.7      1.6      2.2      2.1 2020  1 23  2 46 22.320  0.00   2
   104538  40.274251 -124.515104    21.495    -1806.3    -1431.8      375.6      2.2      2.0      2.3 2020  1 24 12 58 18.420  0.00   2
   104539  40.274589 -124.515910    21.464    -1874.8    -1394.3      345.4      1.4      2.2      1.8 2020  3 15  0 55 54.180  0.00   2
   104540  40.275269 -124.515120    21.360    -1807.7    -1318.9      241.0      2.2      4.6      2.7 2020  3 19 13  2 23.120  0.00   2
   104541  40.274980 -124.516536    21.447    -1928.1    -1351.0      328.2      1.9      2.2      1.9 2020  4  4 12 55 14.960  0.00   2
   104542  40.268111 -124.514217    21.812    -1731.0    -2113.6      692.8      2.2      5.0      3.2 2020  8  9  3 24  1.340  0.00   2
   104543  40.276603 -124.515706    20.700    -1857.5    -1170.7     -418.5      4.9      8.6     11.3 2020  8  9  0  0 42.000  0.00   2
   104544  40.280233 -124.514648    22.036    -1767.5     -767.6      916.8      3.2      2.9      3.2 2020  9  6 19 15 19.420  0.00   2
   104545  40.259656 -124.513892    21.646    -1703.4    -3052.5      527.1      1.9      3.5      2.5 2020 11 20 23  5 37.000  0.00   2
   104546  40.274447 -124.514657    21.465    -1768.3    -1410.1      346.3      2.0      2.1      2.4 2020 12  8 19 50 59.440  0.00   2
   104547  40.276086 -124.515975    21.411    -1880.4    -1228.1      292.4      1.3      2.7      2.5 2021  1 13 20 27 55.860  0.00   2
   104548  40.275171 -124.515967    21.432    -1879.7    -1329.7      312.8      2.1      2.6      2.4 2021  1 23 18  7 58.980  0.00   2
   104549  40.267875 -124.518270    20.533    -2075.7    -2139.8     -585.6      6.6     10.7     20.1 2021  2  4  8  4  6.380  0.00   2
   104550  40.273014 -124.516178    21.531    -1897.7    -1569.2      411.8      1.9      3.1      2.4 2021  2  8 10 42 43.860  0.00   2
   104552  40.266488 -124.516048    22.252    -1886.7    -2293.9     1133.0      3.5      6.3      6.5 2021  4 28  9 56 53.160  0.00   2
   104555  40.271155 -124.515405    21.844    -1832.0    -1775.7      725.6      2.3      5.3      4.3 2021  8 13  3  3 14.280  0.00   2
   104557  40.275391 -124.516439    21.360    -1919.8    -1305.3      241.3      2.2      3.5      3.4 2021 10 13  0 11 57.860  0.00   2
   104558  40.270618 -124.514290    21.373    -1737.2    -1835.3      254.3      2.2      3.8      3.7 2021 10 15 23 36  0.100  0.00   2
   104561  40.273197 -124.514624    21.565    -1765.5    -1548.9      445.8      1.9      3.3      3.1 2021 12 21  4 11 42.460  0.00   2
   104562  40.272595 -124.515251    21.518    -1818.8    -1615.7      399.0      1.9      7.2      4.8 2021 12 21  5 27 13.340  0.00   2
   104563  40.273718 -124.514103    21.516    -1721.2    -1491.0      397.3      2.8      2.8      2.4 2021 12 21  9 54 44.140  0.00   2
   104565  40.273381 -124.516569    21.002    -1930.9    -1528.5     -116.5      3.3      3.1      8.7 2021 12 21 14 32 11.280  0.00   2
   104566  40.261926 -124.513916    21.964    -1705.4    -2800.4      845.1      2.5      7.9      4.2 2021 12 21  7 49 38.600  0.00   2
   104567  40.266256 -124.511458    21.301    -1496.4    -2319.7      181.9      2.0      5.4      2.4 2021 12 21  0 33 29.320  0.00   2
   104568  40.280501 -124.519515    21.518    -2181.3     -737.8      399.4      4.3     11.0      8.6 2021 12 21  1 47 47.320  0.00   2
   104570  40.274341 -124.514811    21.379    -1781.4    -1421.9      260.3      2.5      3.3      3.7 2021 12 30 17  2 59.560  0.00   2
   104571  40.269739 -124.516276    21.504    -1906.1    -1932.9      385.1      2.3      3.8      4.4 2022  5  5 19 58 40.140  0.00   2
   104572  40.273193 -124.515723    21.494    -1859.0    -1549.3      375.6      1.4      2.5      1.8 2022  8  5 21  2 56.680  0.00   2
   104573  40.275134 -124.516260    21.427    -1904.6    -1333.8      308.1      1.4      2.0      1.8 2022  8 29  3 47 27.200  0.00   2
   105449  40.294999 -124.436312    21.685     4893.7      872.0      566.4      2.2      5.0      5.2 2021  3 17 15 57 54.480  0.00   2
   105451  40.297188 -124.436987    21.126     4836.2     1115.1        7.2      2.6      4.0      5.6 2021  5 17  6 50 19.300  0.00   2
   105452  40.293831 -124.436198    21.280     4903.4      742.3      161.3      2.7      2.0      2.6 2021  7  2 13 42 25.360  0.00   2
   105453  40.295614 -124.436051    21.239     4915.8      940.2      120.1      3.7      2.9      3.6 2021 12  8  7 47 53.400  0.00   2
   105454  40.294454 -124.436214    21.300     4902.0      811.5      180.9      2.4      2.1      3.1 2021 12 29  6  3 35.020  0.00   2
   105457  40.292651 -124.434521    21.357     5046.0      611.3      237.8      3.1      3.6      3.6 2022  1 23 11 56  1.960  0.00   2
   105458  40.294657 -124.437410    21.404     4800.3      834.1      284.8      3.0      2.7      3.6 2022  3  9  3 33  6.440  0.00   2
   106476  40.283679 -124.406860    18.985     7398.6     -385.0    -2133.6      3.4      4.8      3.9 2020  7 19 19 36 15.700  0.00   2
   106480  40.298145 -124.400399    20.122     7947.2     1221.3     -995.4      5.4      6.0      5.8 2021 12 23 18  0 27.860  0.00   2
   106481  40.281327 -124.407438    19.088     7349.5     -646.1    -2030.8      3.3      7.6      2.8 2021 12 25 23 44  7.480  0.00   2
   106485  40.284603 -124.407821    19.083     7316.8     -282.4    -2035.7      2.4      4.2      3.3 2022  9 22 22 11 56.160  0.00   2
   106486  40.284806 -124.406974    19.111     7388.8     -259.8    -2007.6      2.8      5.6      3.2 2022 10 11  2 56 24.700  0.00   2
   106878  40.281881 -124.505729    19.939    -1009.0     -584.7    -1180.2      3.5      3.2      2.5 2020  2 26 13  0  8.000  0.00   2
   106879  40.304928 -124.503654    20.358     -832.4     1974.5     -760.9      4.0      9.7      5.4 2020  4 14 23 52 17.340  0.00   2
   106880  40.280282 -124.507747    19.736    -1180.6     -762.2    -1382.5      2.8      2.8      2.1 2020  4 17 10 28 54.000  0.00   2
   106881  40.281026 -124.502954    19.628     -773.0     -679.5    -1491.3      2.3      3.2      3.0 2020  4 18 16 38 46.580  0.00   2
   106883  40.280379 -124.508936    19.956    -1281.7     -751.4    -1162.8      5.2      6.2      4.9 2021 10 23  3 13 39.120  0.00   2
   106884  40.280652 -124.505558    19.879     -994.5     -721.1    -1239.6      3.5      3.6      3.4 2021 11 22 21 22  8.420  0.00   2
   106885  40.280644 -124.503369    19.875     -808.3     -722.0    -1243.8      2.7      4.2      3.6 2021 11 23  2  3 16.160  0.00   2
   106886  40.281877 -124.507869    19.832    -1191.0     -585.1    -1287.0      3.3      3.0      3.0 2021 12 21  9  4 49.080  0.00   2
   106889  40.280579 -124.503345    19.644     -806.2     -729.2    -1474.6      3.5      4.6      4.3 2022  2  8 11  1 45.260  0.00   2
   106892  40.282463 -124.502132    19.788     -703.1     -520.0    -1330.9      2.2      3.6      2.5 2022  8  6 16 32 20.620  0.00   2
   107666  40.313790 -124.440112    19.177     4569.9     2958.5    -1942.2      3.3      5.6      4.2 2021  5 17  9 39 49.060  0.00   2
   107667  40.306193 -124.438680    19.352     4691.9     2115.0    -1766.7      2.1      5.9      2.8 2021  5 19 23 39 44.980  0.00   2
   107671  40.322925 -124.429069    19.889     5508.4     3972.9    -1230.0      3.3      6.1      2.4 2021 11 28 16 37 45.460  0.00   2
   107935  40.292061 -124.377946    19.991     9856.7      545.8    -1127.6      2.9      2.9      3.2 2021  3 29  4  0 27.680  0.00   2
   107939  40.280103 -124.356234    20.331    11704.0     -782.1     -787.7      3.4      4.6      1.4 2021  9 18  8 35 54.260  0.00   2
   107941  40.290275 -124.371216    20.109    10429.2      347.5    -1009.7      4.3      4.3      3.3 2021 12 20 21 56 11.700  0.00   2
   107943  40.292562 -124.377873    20.050     9862.9      601.4    -1068.6      2.3      3.4      2.7 2021 12 21  0 26 54.420  0.00   2
   107951  40.291838 -124.376579    19.987     9973.0      521.0    -1132.2      2.8      3.8      2.5 2022  1  3 23 35 36.380  0.00   2
   107952  40.292249 -124.375610    20.067    10055.3      566.6    -1052.0      1.9      5.2      1.8 2022  1 25  7 55 31.740  0.00   2
   107954  40.291447 -124.375456    20.249    10068.5      477.6     -870.0      2.5      3.5      1.9 2022  2  4 17 40 38.160  0.00   2
   107961  40.278520 -124.380599    20.229     9632.1     -957.9     -889.6      4.2      5.5      3.0 2022 10 29  4 15 37.520  0.00   2
   108411  40.317253 -124.469474    20.738     2073.5     3343.0     -381.0      4.4      8.0      5.2 2021  9  6  2 58 10.280  0.00   2
   108899  40.303239 -124.435140    18.885     4993.0     1787.0    -2233.9      4.2      6.4      4.8 2021 10 16 11  8 25.980  0.00   2
   109574  40.296342 -124.382218    19.181     9493.2     1021.1    -1938.1      3.7      5.1      4.0 2021 12 21 22  0 51.880  0.00   2
   109576  40.283716 -124.384855    18.901     9269.8     -380.9    -2218.1      4.9      6.5      4.6 2021 12 26 21 14 32.380  0.00   2
   109582  40.273604 -124.374951    19.342    10112.8    -1503.7    -1776.6      5.3      7.4      4.9 2022 11 22 14 25 33.480  0.00   2
   110142  40.294336 -124.437134    22.431     4823.8      798.4     1312.4      1.8      5.4      3.2 2021 12 22 19 22  7.720  0.00   2
   110143  40.292041 -124.439290    22.197     4640.5      543.5     1078.3      3.0      3.9      4.9 2021 12 23 20 38  9.420  0.00   2
   110147  40.283362 -124.446509    22.002     4027.0     -420.2      883.2      3.3      4.4      6.7 2022  1  5 17 45 31.500  0.00   2
   110148  40.296944 -124.428174    22.590     5585.6     1088.0     1471.2      3.0      5.5      2.5 2022  5  3  8 37 19.960  0.00   2
   110300  40.290926 -124.480477    25.911     1138.3      419.7     4792.1      4.6     10.3      5.2 2023  3  9 12 50 51.480  1.40   2
   110304  40.293726 -124.551506    23.178    -4901.3      730.6     2059.4      1.3      2.0      1.2 2022 12 25 19 40 29.680  3.05   2
   110318  40.282690 -124.470174    20.480     2014.5     -494.7     -638.8      1.6      1.9      2.1 2023  2 20 13 18  3.960  1.48   2
   110345  40.274923 -124.515967    21.446    -1879.7    -1357.3      327.6      1.4      1.9      1.7 2023  5 22  8 39 15.920  1.61   2
   110372  40.294568 -124.434993    21.257     5005.8      824.1      138.6      2.2      1.7      2.6 2023  4  3 12 14 40.520  1.28   2
   110403  40.284534 -124.408105    19.065     7292.6     -290.1    -2053.8      2.6      4.3      3.0 2023  4  4 17 32 14.460  1.08   2
   110420  40.280412 -124.507495    19.758    -1159.2     -747.8    -1360.7      2.3      2.5      2.1 2023  2 17 14 36 10.720  2.81   2
   110446  40.307450 -124.433480    18.982     5134.0     2254.6    -2136.6      2.4      2.5      2.1 2023  5 13  1 27 17.920  1.13   2
   110461  40.291606 -124.471680    21.080     1886.4      495.2      -38.9      2.3      5.2      2.4 2023  4  9 11 53 23.790  0.91   2
   110465  40.292623 -124.376310    20.038     9995.8      608.2    -1080.8      1.2      2.9      1.0 2022 12 20  3  6 59.620  0.86   2
   110500  40.306258 -124.478255    19.708     1327.1     2122.2    -1410.6      4.3      7.5      5.3 2023  4  9 13 30 46.380  0.65   2
   110565  40.303369 -124.445353    19.425     4124.6     1801.4    -1693.8      4.2      6.5      4.8 2023  4  9 10 26 54.540  2.63   2
   110648  40.282141 -124.378564    18.963     9804.9     -555.7    -2155.9      4.1      6.8      4.2 2023  3 14 15 58 42.040  1.17   2
   110734  40.293254 -124.439396    22.980     4631.5      678.2     1861.6      1.7      4.0      2.4 2023  3 12 13 22 24.330  1.69   2
   110741  40.298450 -124.450675    19.709     3672.2     1255.2    -1409.6      3.7      5.4      3.2 2023  3 13 12 14 24.190  0.90   2
   110742  40.308350 -124.527808    25.379    -2886.0     2354.5     4259.7      2.7      4.6      6.2 2023  3 22 16  0 16.820  1.31   2
