   103037  40.494271 -124.704134    26.198      -82.8      -80.9      567.9      4.1      4.1      8.6 2020  1  9  2 28 46.420  0.00  21
   103039  40.497400 -124.702726    25.820       36.6      266.6      189.5      4.8      5.9     15.0 2020  2 13  3 49 16.980  0.00  21
   103041  40.497681 -124.702539    25.827       52.4      297.8      197.1      4.7      6.3     17.3 2020  2 13  4 46  3.640  0.00  21
   103047  40.494067 -124.704036    26.264      -74.5     -103.5      633.8      3.8      4.8     11.2 2020  3 24  7 13 13.600  0.00  21
   103049  40.492655 -124.703621    25.773      -39.3     -260.3      143.0      2.9      4.8     13.6 2020  4  2  6 14 42.300  0.00  21
   103050  40.492672 -124.703516    25.365      -30.4     -258.5     -265.0      3.9      6.8     15.0 2020  4  2  9 24  2.020  0.00  21
   103052  40.496838 -124.704810    26.872     -140.0      204.2     1242.1      4.6      5.4      8.9 2020  5  2 14 30  4.400  0.00  21
   103053  40.492411 -124.703825    25.733      -56.6     -287.4      102.5      3.7      5.8      8.6 2020  5 26 13 46 53.380  0.00  21
   103054  40.494324 -124.703768    25.871      -51.7      -75.0      241.0      2.8      3.6      9.1 2020  5 27 14 13 23.920  0.00  21
   103056  40.501709 -124.701302    25.808      157.3      745.1      178.0      5.9     11.5     16.7 2020  6  3  7 51 45.780  0.00  21
   103059  40.499377 -124.701050    26.258      178.7      486.2      627.6      7.0      9.7     21.3 2020  6 26  3 47 36.160  0.00  21
   103060  40.500521 -124.701172    25.492      168.3      613.1     -137.7      7.4      9.7     25.4 2020  7  3  9 58 33.980  0.00  21
   103061  40.499642 -124.701685    25.937      124.9      515.5      307.3      7.5     14.3     24.4 2020  7  8 14  3 32.400  0.00  21
   103063  40.493217 -124.703890    26.006      -62.1     -197.9      375.8      2.8      4.1     11.6 2020  9  7  3 44 39.520  0.00  21
   103068  40.501359 -124.701595    25.138      132.5      706.2     -491.8      3.2      8.2     12.3 2020 10  2  7 32  2.120  0.00  21
   103070  40.500773 -124.701799    25.636      115.2      641.2        6.4      6.7     14.2     20.6 2020 10 18  5 17 38.540  0.00  21
   103073  40.499508 -124.702295    25.541       73.1      500.6      -88.6      7.2     10.9     30.5 2020 11  6  4 14 13.540  0.00  21
   103074  40.498979 -124.698511    23.653      393.9      441.9    -1976.7      9.2     10.3     11.6 2020 11 15 10  1 52.660  0.00  21
   103075  40.495479 -124.697257    22.666      500.2       53.3    -2964.1     31.0     43.1     41.3 2020 12  2  4 36 19.100  0.00  21
   103076  40.493510 -124.703760    26.207      -51.1     -165.4      577.1      2.8      4.0      9.3 2020 12 17  6 44 45.740  0.00  21
   103077  40.485974 -124.694320    21.448      749.3    -1002.2    -4181.8     44.7     60.7     52.9 2021  1 12  2  8 19.400  0.00  21
   103078  40.497192 -124.697445    23.298      484.3      243.5    -2332.0      9.0      5.9     11.2 2021  1 19 17 42 49.980  0.00  21
   103079  40.501233 -124.701489    23.692      141.4      692.2    -1937.8      4.8      8.0      6.1 2021  1 19 18  1 13.300  0.00  21
   103083  40.495723 -124.704492    26.301     -113.1       80.4      670.7      5.0      3.6     11.0 2021  2  1  4 12  8.800  0.00  21
   103084  40.494674 -124.703898    26.170      -62.8      -36.1      539.8      2.8      3.3      9.9 2021  3 23  9 45 54.260  0.00  21
   103086  40.502043 -124.700553    23.904      220.8      782.1    -1726.3      8.8      8.8     10.8 2021  4 26  7  2 45.300  0.00  21
   103091  40.494320 -124.703817    25.929      -55.9      -75.5      298.9      3.7      3.3     13.2 2021  7 13 21 59  0.800  0.00  21
   103092  40.493054 -124.703841    25.923      -58.0     -216.0      293.5      3.0      4.7     15.4 2021  7 18  2  1  4.540  0.00  21
   103093  40.494405 -124.703890    26.346      -62.1      -66.0      715.9      3.1      4.8     10.3 2021  7 21 10 36 48.460  0.00  21
   103097  40.492765 -124.703695    25.799      -45.5     -248.1      168.7      3.6      3.1     11.2 2021 11 22  2 25 23.060  0.00  21
   103098  40.492460 -124.703548    25.796      -33.1     -281.9      165.7      3.5      5.5      8.5 2021 11 22  1 57 48.440  0.00  21
   103099  40.495361 -124.703353    25.566      -16.6       40.2      -63.8      3.6      5.4     14.9 2021 11 22 21 23 58.880  0.00  21
   103100  40.502966 -124.698551    23.848      390.5      884.7    -1781.9      9.7     13.1     11.9 2021 11 27 13 33 29.400  0.00  21
   103105  40.493481 -124.703890    26.325      -62.1     -168.5      694.5      2.7      4.1     11.7 2022  2 16 13 34 40.600  0.00  21
   103107  40.499821 -124.702677    26.039       40.7      535.4      408.9      7.6      9.4     22.3 2022  3 12  7 11 15.140  0.00  21
   103108  40.492399 -124.703866    25.586      -60.0     -288.7      -43.7      2.9      6.1     16.8 2022  4  4 11 35  9.120  0.00  21
   103110  40.500741 -124.701717    25.223      122.1      637.5     -406.6      7.1     14.2     29.8 2022  4  9 17 16  5.540  0.00  21
   103112  40.493107 -124.703695    25.797      -45.5     -210.1      167.3      2.8      4.3     12.8 2022  5 30 13 48 37.440  0.00  21
   103113  40.493538 -124.703776    25.817      -52.4     -162.2      187.0      2.9      4.7     13.0 2022  5 30 13 30 56.840  0.00  21
   103114  40.492843 -124.703581    25.913      -35.9     -239.5      283.1      3.3      5.2     10.5 2022  5 30 13 39 35.600  0.00  21
   103116  40.501685 -124.705916    26.686     -233.9      742.4     1055.7      3.5      6.5     19.0 2022  6 14  6 34  6.200  0.00  21
   103117  40.493420 -124.703662    25.849      -42.8     -175.3      218.9      2.8      4.1      9.4 2022  6 23 22 54 39.680  0.00  21
   103120  40.494417 -124.703792    25.954      -53.8      -64.6      324.1      2.8      3.7     14.9 2022  9 22  3 48 37.700  0.00  21
   110315  40.493526 -124.703695    25.722      -45.5     -163.6       92.5      2.8      2.7      8.9 2023  5 17 16 10 52.790  2.77  21
