   104725  40.729899 -124.224382    20.726      -75.6        0.9       -4.3     33.9     14.2     22.1 2021  8  1 17 14 21.960  0.00  18
   104728  40.729806 -124.222697    20.701       66.7       -9.5      -29.1     20.0     11.7     19.1 2021  8 12  1  5 10.400  0.00  18
   104729  40.729789 -124.222681    20.704       68.1      -11.3      -26.2     19.9     11.5     17.8 2021  8 12  1  0 35.920  0.00  18
   104730  40.729744 -124.222591    20.668       75.6      -16.3      -61.8     30.2     16.2     29.7 2021  8 12  4  6 13.180  0.00  18
   104731  40.729928 -124.223275    20.699       17.9        4.1      -31.0     18.6     11.0     16.8 2021  8 12  1 11 44.700  0.00  18
   104732  40.729883 -124.223193    20.720       24.7       -0.9      -10.2     24.4     14.1     16.2 2021  8 12  4 31 21.500  0.00  18
   104736  40.729797 -124.222607    20.679       74.2      -10.4      -51.5     29.5     16.0     28.3 2021  8 12  4 26 21.340  0.00  18
   104738  40.729936 -124.223185    20.696       25.4        5.0      -33.8     21.3     11.7     16.1 2021  8 12  1 38 51.820  0.00  18
   104739  40.729834 -124.222803    20.738       57.7       -6.3        8.0     25.6     14.6     22.8 2021  8 12  1 40 19.140  0.00  18
   104743  40.729895 -124.222469    20.728       85.9        0.5       -2.0     28.8     14.5     27.4 2021  8 12  2  8 24.840  0.00  18
   104746  40.729960 -124.222909    20.725       48.8        7.7       -4.7     22.4     15.9     25.8 2021  8 12  1 17 20.740  0.00  18
   104751  40.729956 -124.223169    20.717       26.8        7.2      -12.7     16.2     13.4     17.0 2021  9 25 19 29 33.640  0.00  18
   104752  40.729846 -124.222778    20.721       59.8       -5.0       -9.3     23.1     13.5     14.2 2021  9 25 19 41 25.880  0.00  18
   104753  40.729814 -124.222909    20.715       48.8       -8.6      -15.4     22.3     12.2     14.2 2021  9 25 20  4 29.320  0.00  18
   104754  40.729940 -124.222819    20.684       56.4        5.4      -45.7     21.8     13.7     23.0 2021  9 25 19 41 55.140  0.00  18
   104755  40.729936 -124.223307    20.684       15.1        5.0      -46.0     21.0     12.6     19.5 2021  9 25 21 31 36.900  0.00  18
   104756  40.729846 -124.222778    20.687       59.8       -5.0      -42.9     20.1     11.4     27.2 2021  9 25 19 57 59.400  0.00  18
   104757  40.729785 -124.222843    20.701       54.3      -11.7      -28.5     23.8     13.6     18.2 2021  9 25 19 21 20.700  0.00  18
   104758  40.729915 -124.223332    20.735       13.1        2.7        4.7     17.6     13.0     20.1 2021  9 25 21 50 47.040  0.00  18
   104759  40.729830 -124.222746    20.725       62.6       -6.8       -5.2     24.1     15.1     13.1 2021  9 25 19 42 14.420  0.00  18
   104760  40.729972 -124.223153    20.746       28.2        9.0       16.4     26.7     18.7     25.4 2021  9 25 19 30 41.020  0.00  18
   104765  40.729976 -124.223055    20.722       36.4        9.5       -8.0     17.4     12.1     19.9 2021  9 26  0 23 57.940  0.00  18
   104766  40.729891 -124.222965    20.696       44.0        0.0      -33.7     20.4     13.2     19.0 2021  9 26  4 48 58.440  0.00  18
   104767  40.729936 -124.223185    20.686       25.4        5.0      -43.8     19.9     12.8     20.9 2021  9 26  4 47 56.220  0.00  18
   104768  40.729903 -124.223088    20.702       33.7        1.4      -27.8     19.2     12.7     16.2 2021  9 26  4 58 59.300  0.00  18
   104769  40.729749 -124.222884    20.707       50.9      -15.8      -23.4     23.8     11.3     15.3 2021  9 26  3  8  4.900  0.00  18
   104770  40.729887 -124.223275    20.714       17.9       -0.5      -15.8     18.5     11.3     16.4 2021  9 26  6 47  1.820  0.00  18
   104778  40.729655 -124.223006    20.730       40.6      -26.2       -0.5     28.8     17.7     30.7 2021  9 26  4 52 20.080  0.00  18
   104779  40.729887 -124.222656    20.698       70.1       -0.5      -32.4     21.1     14.5     18.2 2021  9 27  3 38 24.020  0.00  18
   104780  40.729830 -124.223226    20.731       22.0       -6.8        1.2     29.4     12.7     12.5 2021 10  2 13 58 43.600  0.00  18
   104782  40.729814 -124.222713    20.696       65.3       -8.6      -33.6     22.0     11.5     21.5 2021 10  2 16  3 32.660  0.00  18
   104785  40.729842 -124.224105    20.728      -52.2       -5.4       -2.2     34.3     13.8     22.8 2021 10 10  8 36 52.560  0.00  18
   104787  40.729838 -124.224430    20.753      -79.7       -5.9       23.3     38.4     13.2     25.1 2021 10 10  9 56 51.320  0.00  18
   104791  40.729879 -124.223047    20.682       37.1       -1.4      -48.1     27.6     15.8     21.8 2021 10 18  5  9 10.720  0.00  18
   104793  40.730037 -124.223088    20.663       33.7       16.3      -66.9     30.7     16.7     25.9 2021 10 18  5  9 57.000  0.00  18
   104794  40.729846 -124.222957    20.723       44.7       -5.0       -7.4     16.6     10.8     16.4 2021 10 30 10 59 31.620  0.00  18
   104797  40.729944 -124.224154    20.714      -56.4        5.9      -16.5     31.7     12.8     20.3 2021 11  7 19 48  6.500  0.00  18
   104800  40.729972 -124.222827    20.638       55.7        9.0      -91.5     31.5     12.6     32.7 2022  3 25 13 28 32.140  0.00  18
   104801  40.729940 -124.222664    20.696       69.4        5.4      -34.4     31.2     13.1     24.3 2022  3 25 22  6 11.360  0.00  18
   104803  40.729993 -124.222868    20.618       52.2       11.3     -111.7     32.9     14.4     33.4 2022  3 25 14  8 59.840  0.00  18
   104804  40.730025 -124.223006    20.653       40.6       14.9      -77.0     33.6     14.7     27.6 2022  3 25 13 50 50.600  0.00  18
   104805  40.729850 -124.222673    20.648       68.7       -4.5      -81.8     24.5     10.4     28.3 2022  3 25  8 23 32.880  0.00  18
   104806  40.730013 -124.222868    20.627       52.2       13.6     -102.8     32.7     14.7     32.4 2022  3 25 14 20 37.640  0.00  18
   104808  40.729944 -124.222542    20.625       79.7        5.9     -105.2     35.4     13.2     34.0 2022  3 25 15 24 24.460  0.00  18
   104809  40.730025 -124.222998    20.648       41.2       14.9      -82.2     33.7     14.9     28.5 2022  3 25  9 31 23.220  0.00  18
   104810  40.730021 -124.222965    20.629       44.0       14.5     -101.0     33.9     14.8     29.7 2022  3 25 12 25 14.960  0.00  18
   104811  40.729997 -124.222705    20.644       66.0       11.7      -85.9     36.4     14.6     28.7 2022  3 25  8  9 50.540  0.00  18
   104814  40.730037 -124.222917    20.610       48.1       16.3     -119.6     35.0     15.4     30.5 2022  3 25 11 52 42.820  0.00  18
   104825  40.729883 -124.222331    20.688       97.6       -0.9      -42.5     32.0     12.6     23.3 2022  3 27  3 21 36.620  0.00  18
   104826  40.729883 -124.222778    20.635       59.8       -0.9      -94.8     23.3     13.7     32.6 2022  6  6  6 54 28.160  0.00  18
   104829  40.729814 -124.223112    20.723       31.6       -8.6       -7.1     23.8     10.7     13.9 2022  6 27 15 18 26.760  0.00  18
   104831  40.729903 -124.224382    20.754      -75.6        1.4       24.3     42.1     15.6     24.9 2022  6 27 15 19 54.380  0.00  18
   104834  40.729810 -124.224015    20.671      -44.7       -9.0      -58.9     28.1     15.9     19.7 2022  9 22  6  7 32.900  0.00  18
   104836  40.730021 -124.223861    20.594      -31.6       14.5     -136.0     22.8     14.5     44.5 2022 11 19 14 19 54.200  0.00  18
   110351  40.729907 -124.223739    20.763      -21.3        1.8       33.0     16.6     10.6     17.3 2023  1  6 12 32 56.510  1.36  18
