   108362  40.490617 -124.207007    20.689     -258.7      -79.1     -378.0      3.5      2.1      3.5 2020  7 11 17 19 52.600  0.00  43
   108363  40.490715 -124.206917    20.669     -251.1      -68.2     -398.7      5.5      5.2      3.9 2020  8 12 11 28 24.940  0.00  43
   108364  40.490609 -124.206779    20.677     -239.4      -80.0     -390.6      3.1      2.3      3.3 2020  8 12 11 23 32.820  0.00  43
   108365  40.491203 -124.205037    20.758      -91.8      -14.0     -309.1      6.9      2.8      3.9 2020  8 16 23 21 48.480  0.00  43
   108366  40.490454 -124.207780    20.721     -324.3      -97.1     -346.5      5.1      5.6      4.4 2020 10  4  9 37 29.720  0.00  43
   108367  40.491097 -124.206510    20.706     -216.6      -25.8     -360.9      2.8      2.0      3.0 2020 10  8  4 46 56.680  0.00  43
   108369  40.490796 -124.206738    20.724     -236.0      -59.2     -343.5      3.6      2.5      2.9 2021  2 19  9 54 21.040  0.00  43
   108370  40.490857 -124.207625    20.710     -311.2      -52.4     -357.4      5.8      3.8      2.5 2021  6  1 21 55 42.420  0.00  43
   108373  40.491789 -124.206283    20.640     -197.3       51.1     -427.2      5.5      4.6      4.7 2022  2  7 11 46 35.280  0.00  43
   108374  40.490906 -124.206917    20.702     -251.1      -47.0     -365.2      3.3      2.3      2.6 2022  2 12 15 44 27.500  0.00  43
   108375  40.491496 -124.206022    20.679     -175.2       18.5     -388.5      5.3      4.2      3.7 2022  4 21 17  7 41.100  0.00  43
   108376  40.491158 -124.206217    20.692     -191.8      -19.0     -375.6      3.0      2.8      3.2 2022  4 22 17 55 41.660  0.00  43
   108378  40.491052 -124.206502    20.705     -215.9      -30.7     -362.2      3.7      2.6      2.3 2022  7 27  4 35 27.980  0.00  43
   108379  40.491227 -124.207218    20.704     -276.7      -11.3     -363.6      5.2      3.5      2.0 2022  8  3  6 33 48.060  0.00  43
   108380  40.491732 -124.206429    20.704     -209.7       44.7     -363.0      4.4      3.8      2.9 2022  9  1 10 45  9.880  0.00  43
   108381  40.491125 -124.206608    20.706     -224.9      -22.6     -361.4      2.8      2.6      2.1 2022 11 26 10 34 34.000  0.00  43
   108454  40.484021 -124.236776    19.095    -2782.6     -811.5    -1972.2      4.9      2.4      2.2 2021 12 22  7 38 16.620  0.00  43
   109536  40.490063 -124.200073    22.415      329.1     -140.5     1347.2      4.2      3.7      3.8 2021  3  3 21 43  3.720  0.00  43
   109537  40.490800 -124.199422    22.440      384.3      -58.7     1372.6      4.7      4.5      5.1 2021  9 27  2 58  8.360  0.00  43
   109538  40.489213 -124.201172    22.415      236.0     -235.0     1347.5      4.2      4.5      4.1 2021 12 23 14 37 21.580  0.00  43
   109539  40.490177 -124.199927    22.447      341.5     -127.9     1379.3      4.0      3.1      3.2 2022  9 12  3 59 29.200  0.00  43
   109540  40.490169 -124.199919    22.447      342.2     -128.8     1379.3      4.0      3.1      3.1 2022 10  8  6 41 27.060  0.00  43
   109635  40.497884 -124.168294    21.228     3023.1      727.9      160.8     65.9      8.4     12.9 2021  6  4 21 21 58.240  0.00  43
   109636  40.500509 -124.187663    21.859     1381.1     1019.4      791.9      6.1      4.3      5.0 2021 12 20 21 17 32.980  0.00  43
   109637  40.496000 -124.191398    21.583     1064.5      518.7      515.3      6.5     10.3      6.7 2022  5 25  8  4 48.420  0.00  43
   110460  40.486540 -124.182365    20.362     1830.5     -531.8     -705.6      3.8      3.2      4.4 2023  3 15  6  1 38.120  0.94  43
   110498  40.491069 -124.206266    20.709     -195.9      -28.9     -358.6      2.4      1.6      2.1 2023  1 15 11 51 19.200  1.50  43
   110504  40.483944 -124.237655    19.098    -2857.2     -820.1    -1969.0      4.8      2.4      2.2 2023  2  5 13 48 53.130  1.08  43
   110642  40.489331 -124.199495    22.450      378.1     -221.9     1382.6      3.6      3.2      3.4 2023  2 27 12 40  1.270  1.39  43
   110662  40.500358 -124.189998    21.946     1183.2     1002.6      879.0      5.2      4.0      4.2 2023  5  9 11 38 20.680  1.02  43
