   103313  40.387158 -124.284603    30.562       73.2       17.6      -38.3     58.9     98.9     40.9 2020  2 15 13  9 35.880  0.00  41
   103314  40.387130 -124.284627    30.559       71.2       14.5      -41.3     50.4    102.2     45.0 2020  2 15 12 12 19.360  0.00  41
   103315  40.387183 -124.284839    30.610       53.2       20.3       10.5     62.4     61.1     40.7 2020  3 18 22 35 28.520  0.00  41
   103318  40.386922 -124.285848    30.592      -32.5       -8.6       -8.2     82.5     61.5     49.9 2021  3 24  9 30 55.440  0.00  41
   103319  40.386930 -124.285278    30.586       15.9       -7.7      -14.4     51.7     47.7     37.7 2021  8 17  5 27  3.920  0.00  41
   103320  40.386633 -124.282959    30.586      212.8      -40.7      -14.3    178.7     73.2     39.5 2021  9 14  9 59 47.740  0.00  41
   103322  40.386100 -124.274097    30.576      965.3      -99.9      -23.9    294.3    138.8     77.4 2021 11  3  0 28 20.280  0.00  41
   103323  40.386877 -124.286206    30.574      -62.9      -13.6      -26.2    117.8     75.3     43.5 2021 11  3  6 31 54.860  0.00  41
   103325  40.385946 -124.279801    30.575      480.9     -117.0      -25.4    322.6     74.1     40.5 2021 11 13  5 33 46.340  0.00  41
   103327  40.387447 -124.285140    30.627       27.6       49.7       27.2     60.9     91.6     59.9 2021 12 20 21 25  6.680  0.00  41
   103328  40.387191 -124.285083    30.618       32.5       21.2       18.1     65.0     69.7     51.9 2021 12 20 20 24 46.540  0.00  41
   103329  40.387317 -124.287695    30.618     -189.3       35.2       18.0    177.4     69.7     41.6 2021 12 20 20 56 50.100  0.00  41
   103330  40.385929 -124.287842    30.562     -201.8     -118.8      -37.6     81.3     62.7     41.4 2021 12 20 22 41  8.120  0.00  41
   103331  40.386898 -124.285563    30.591       -8.3      -11.3       -9.0     66.7     61.9     42.9 2021 12 21 20 23 41.540  0.00  41
   103332  40.386987 -124.285213    30.602       21.4       -1.4        1.8     79.6     60.8     43.1 2021 12 21  0  9 50.600  0.00  41
   103333  40.386886 -124.285392    30.585        6.2      -12.7      -15.5     83.0     34.9     56.1 2021 12 21  2 46  7.160  0.00  41
   103337  40.387345 -124.286930    30.614     -124.4       38.4       14.4    143.5     83.9     48.6 2021 12 21  4 41 45.900  0.00  41
   103341  40.387931 -124.287484    30.633     -171.4      103.5       33.0    124.0     73.7     64.6 2021 12 21  1 59 38.600  0.00  41
   103345  40.386275 -124.285417    30.577        4.1      -80.4      -23.0     54.6     73.7     39.8 2021 12 22 12  3 31.780  0.00  41
   103348  40.387659 -124.287069    30.628     -136.1       73.2       27.9    115.3     88.3     56.7 2021 12 25 13  9 17.400  0.00  41
   103349  40.389364 -124.286914    30.700     -123.0      262.5       99.7    685.5    186.8    104.7 2021 12 25  2 19 30.600  0.00  41
   103350  40.386910 -124.285368    30.611        8.3       -9.9       10.7     79.0     59.2     49.9 2021 12 26  4 29 53.280  0.00  41
   103353  40.387480 -124.286930    30.616     -124.4       53.3       15.7    125.5     85.8     53.3 2022  1  1 16 21 37.340  0.00  41
   103354  40.387305 -124.288029    30.598     -217.7       33.9       -2.4    185.7     74.3     44.8 2022  1  7  0 16 26.240  0.00  41
   103356  40.387052 -124.285042    30.603       35.9        5.9        2.6     87.0     50.5     41.0 2022  1 20  8 13 37.120  0.00  41
   103361  40.387142 -124.285173    30.609       24.9       15.8        9.0     82.9     64.5     41.2 2022  4 25 14 43 53.920  0.00  41
   103363  40.387223 -124.285319    30.628       12.4       24.9       27.9     49.2     92.4     64.2 2022  5 15  0 24 23.100  0.00  41
   103366  40.386816 -124.285409    30.591        4.8      -20.3       -8.7     53.7     58.2     39.0 2022  6 29 19 18 19.300  0.00  41
   103367  40.387679 -124.279598    30.598      498.2       75.5       -1.8    249.8     74.1     47.4 2022  8  2 13 46 54.320  0.00  41
   103369  40.386918 -124.286068    30.591      -51.1       -9.0       -8.5    102.6     60.0     36.6 2022  9  1 22 17 11.240  0.00  41
   103370  40.387801 -124.288607    30.581     -266.7       89.0      -19.0    389.9     75.2     41.4 2022 10 13  6  5 38.260  0.00  41
   110320  40.386906 -124.285457    30.601        0.7      -10.4        1.4     51.0     53.3     37.0 2023  5  3 16 44 54.560  1.67  41
