   106452  40.707353 -124.368823    23.852     -277.2      493.0    -1115.7     18.5     17.4     20.8 2021  2 24  1 13  1.120  0.00  71
   106453  40.707284 -124.368628    23.755     -260.7      485.3    -1212.1     23.2     25.8     32.8 2021  6  9  4 11 41.800  0.00  71
   106454  40.706730 -124.368766    24.371     -272.3      423.8     -596.2     23.2     31.6     99.4 2021  6 15  1 44 36.180  0.00  71
   106455  40.707894 -124.369189    25.840     -308.1      553.1      873.2     38.8     27.3     78.2 2021  9 20  7 30 52.220  0.00  71
   106456  40.706685 -124.368774    24.455     -273.0      418.9     -511.9     25.2     25.7     97.9 2021  9 22  9 23  9.220  0.00  71
   106457  40.706718 -124.369043    24.794     -295.7      422.5     -173.4     41.8     25.2    123.4 2021  9 26 15 38 26.700  0.00  71
   106458  40.706673 -124.368766    24.454     -272.3      417.5     -513.5     28.5     27.4    113.2 2021 12 28  4 59 52.400  0.00  71
   106459  40.707385 -124.369010    25.087     -293.0      496.6      119.8     32.6     14.3     80.8 2022  8  5  4  2 33.760  0.00  71
   106470  40.683850 -124.350993    28.988     1229.9    -2116.9     4020.3     34.4     28.8     47.6 2021  6 27 14 23 24.780  0.00  71
   110401  40.707214 -124.368864    23.944     -280.6      477.6    -1023.6     19.9     20.9     23.1 2023  1 19  3  6 27.480  1.40  71
   110402  40.684725 -124.351058    29.004     1224.4    -2019.8     4036.6     34.5     28.8     47.6 2023  2 17  9 24 34.670  1.19  71
