   103299  40.303788 -124.440625    16.115     -305.1      952.4     4811.2    244.6    836.4    347.5 2020  1 11  8  9 53.220  0.00   3
   103302  40.318408 -124.437809    16.240      -65.7     2575.9     4935.9    357.5    586.6    407.1 2020  6 20  1 12  2.720  0.00   3
   103304  40.281079 -124.451050    13.743    -1191.6    -1569.2     2438.8    277.7    834.9    568.6 2021  9  3 16 25 22.980  0.00   3
   103305  40.305937 -124.441577    16.349     -386.1     1191.0     5044.5    259.4    884.4    444.2 2021 10 26 20 14 25.640  0.00   3
   103306  40.308285 -124.439884    16.579     -242.2     1451.7     5274.5    255.5    701.4    389.1 2021 11 29  3 55 54.720  0.00   3
   103308  40.292074 -124.449552    14.629    -1064.2     -348.4     3324.8    308.6    591.4    637.6 2022  1 17  0 41 16.960  0.00   3
   103309  40.294722 -124.443644    15.618     -561.9      -54.2     4314.2    275.3    598.7    410.9 2022  4 21 18 50  2.480  0.00   3
   103310  40.296798 -124.450187    14.984    -1118.2      176.2     3680.3    331.2    566.5    489.4 2022  6 13 23 51 29.320  0.00   3
   104529  40.273979 -124.450806    14.100    -1170.9    -2357.6     2796.2    244.2    530.3    460.2 2020  3 14  9  6 38.520  0.00   3
   104530  40.264404 -124.449731    14.651    -1079.7    -3420.8     3346.8    268.1    414.0    384.9 2020  7  5  7 46  8.620  0.00   3
   104531  40.293392 -124.449967    15.408    -1099.5     -202.0     4103.5    266.3    558.7    323.0 2021  6 10 16  5 44.680  0.00   3
   104533  40.271456 -124.452116    14.223    -1282.4    -2637.8     2919.2    234.0    494.8    471.0 2022  4 17 20 31 47.720  0.00   3
   104534  40.275871 -124.452360    14.607    -1303.1    -2147.5     3302.6    312.5    523.2    509.8 2022  5 15  1 35 15.920  0.00   3
   104535  40.295846 -124.448934    15.300    -1011.6       70.5     3995.3    228.3    572.2    383.2 2022  9 24 21 28 45.640  0.00   3
   104693  40.297925 -124.468481     6.836    -2673.6      301.4    -4468.7    163.9    394.2    401.7 2020  1 24  1 39  2.400  0.00   3
   104694  40.294722 -124.467456     7.968    -2586.5      -54.2    -3335.9    196.4    471.7    301.0 2020  2 21  1 12  7.100  0.00   3
   104696  40.280790 -124.465332     8.063    -2406.1    -1601.3    -3241.2    354.5    795.6    779.5 2021  1  1 15 20 43.060  0.00   3
   104698  40.293209 -124.469238     8.111    -2738.0     -222.3    -3193.1    187.9    506.8    423.1 2021  5 16  2 25 38.800  0.00   3
   104703  40.301164 -124.464453     8.455    -2331.0      661.0    -2849.1    233.8    424.3    439.8 2021  9 20 16 48 26.020  0.00   3
   104712  40.293335 -124.466382     7.898    -2495.2     -208.3    -3406.5    207.5    456.1    279.1 2022  8  6  8 20 30.200  0.00   3
   104713  40.291821 -124.466390     8.716    -2495.9     -376.4    -2588.1    186.7    510.4    384.9 2022  8  7  0 51 52.880  0.00   3
   104715  40.301099 -124.466756     8.298    -2526.8      653.8    -3006.1    181.4    412.6    459.6 2022  9 22  7  9 12.140  0.00   3
   104895  40.292912 -124.433081    10.434      336.3     -255.3     -869.8    261.7    410.1    406.0 2021  1  2 20 59 55.420  0.00   3
   104900  40.294401 -124.436060     9.491       83.0      -89.9    -1813.6    205.4    342.0    327.1 2022  6 30 13 34 13.920  0.00   3
   105395  40.289030 -124.476147     9.897    -3325.6     -686.3    -1407.1    189.8    411.5    337.1 2020  2 27  1 53 26.280  0.00   3
   105396  40.290426 -124.476090     9.859    -3320.7     -531.3    -1445.6    162.6    420.0    235.2 2020  2 27  1  4 58.680  0.00   3
   105401  40.291325 -124.476343     9.831    -3342.1     -431.5    -1473.1    248.2    433.1    408.6 2021  5 27 20 55 42.820  0.00   3
   105402  40.290137 -124.476172     9.660    -3327.6     -563.4    -1644.3    183.6    427.7    341.8 2021 11  2 18 31 25.320  0.00   3
   105405  40.295052 -124.476717     9.902    -3373.9      -17.6    -1401.9    185.1    418.6    239.5 2022  2  5 14  9 41.840  0.00   3
   105567  40.296126 -124.410197     9.124     2282.0      101.7    -2180.6    127.2    262.5    178.3 2020  2  6 20  4 39.780  0.00   3
   105568  40.296257 -124.410132     9.127     2287.5      116.1    -2176.8    119.9    270.3    185.1 2020  2  6 12 55 50.160  0.00   3
   105573  40.296155 -124.410213     9.126     2280.6      104.8    -2178.1    124.1    283.0    174.6 2020  2  6  9 49 16.800  0.00   3
   105578  40.296106 -124.410091     9.098     2291.0       99.4    -2205.8    131.6    250.9    198.4 2020  2  6  8 23 41.280  0.00   3
   105580  40.295793 -124.410148     9.093     2286.1       64.6    -2211.3    123.1    264.7    178.8 2020  2  6  8 22 33.120  0.00   3
   105582  40.296545 -124.410067     9.171     2293.1      148.2    -2133.2    112.4    267.3    207.9 2020  2  6  9 57 11.480  0.00   3
   105583  40.295846 -124.410270     9.122     2275.8       70.5    -2182.4    111.8    281.0    175.9 2020  2  6  8 34 54.000  0.00   3
   105586  40.296745 -124.410067     9.157     2293.0      170.3    -2147.1    113.2    251.5    213.6 2020  2  6 12  3  0.260  0.00   3
   105587  40.295308 -124.410140     9.055     2286.8       10.8    -2249.6    121.1    278.8    199.6 2020  2  6  9 41 35.420  0.00   3
   105589  40.296216 -124.410189     9.112     2282.7      111.6    -2192.6    126.3    267.6    187.6 2020  2  6  8 20 25.240  0.00   3
   105590  40.296297 -124.410099     9.168     2290.3      120.6    -2136.2    123.9    263.9    205.3 2020  2  6 10  7 53.040  0.00   3
   105591  40.297888 -124.410433     9.055     2261.9      297.3    -2248.8    166.3    284.9    226.3 2020  2  6 15 55 41.420  0.00   3
   105592  40.295288 -124.410433     9.090     2261.9        8.6    -2214.4    129.9    278.2    171.8 2020  2  6  9 51 27.520  0.00   3
   105594  40.296533 -124.412467     8.587     2088.9      146.8    -2716.8    193.0    250.6    258.4 2020  2  6  9 27 33.820  0.00   3
   105597  40.295614 -124.410417     9.090     2263.3       44.7    -2214.1    126.8    265.0    183.5 2020  2  6  8 53 42.040  0.00   3
   105604  40.296147 -124.410246     9.111     2277.8      103.9    -2193.4    139.6    278.6    178.7 2020  2  7  7 15 45.340  0.00   3
   105609  40.295862 -124.410164     9.074     2284.8       72.3    -2230.0    124.6    263.6    186.7 2020  4 19 12 52 19.420  0.00   3
   105610  40.297803 -124.410433     9.053     2261.9      287.8    -2251.0    166.3    275.5    225.9 2020  4 30  7 39 39.040  0.00   3
   105616  40.296252 -124.410173     9.108     2284.1      115.7    -2196.3    134.3    264.1    172.2 2020  8  4  3 15 29.880  0.00   3
   105617  40.296366 -124.410205     9.121     2281.3      128.3    -2183.0    150.6    308.3    196.4 2020  8  4  3 11 39.640  0.00   3
   105625  40.296236 -124.410246     9.128     2277.8      113.9    -2176.4    129.1    301.2    195.9 2020 10  5 20  6 31.680  0.00   3
   105626  40.295996 -124.410181     9.120     2283.4       87.2    -2183.9    120.0    266.9    182.9 2020 10 17 13 13 57.540  0.00   3
   105632  40.294572 -124.411605     8.727     2162.3      -70.9    -2577.3    156.1    303.6    243.2 2020 11  6  0 35 33.340  0.00   3
   105636  40.296497 -124.410270     9.038     2275.8      142.8    -2266.3    139.2    221.6    211.4 2020 11 22 18 48 25.880  0.00   3
   105639  40.296818 -124.410205     9.126     2281.3      178.5    -2177.8    162.7    340.6    222.5 2021  1  8  0  5 36.980  0.00   3
   105643  40.295386 -124.410295     9.110     2273.7       19.4    -2194.5    118.1    255.1    172.7 2021  1 14 18  3 40.280  0.00   3
   105647  40.295015 -124.410303     9.132     2273.0      -21.7    -2172.0    138.4    284.3    199.6 2021  4  5  1 28  0.080  0.00   3
   105651  40.295898 -124.410286     9.050     2274.4       76.4    -2254.4    115.7    277.8    200.9 2021  4 25 19 33 56.380  0.00   3
   105652  40.296651 -124.410221     9.106     2279.9      159.9    -2198.6    143.6    329.4    210.7 2021  4 25 21 29  3.360  0.00   3
   105653  40.295809 -124.410319     9.087     2271.6       66.4    -2217.7    170.1    345.7    245.9 2021  4 25 19 57 12.780  0.00   3
   105655  40.296179 -124.410213     9.100     2280.6      107.5    -2204.1    141.1    297.5    214.5 2021  6 18  6 16 35.580  0.00   3
   105657  40.296358 -124.410474     9.105     2258.5      127.4    -2199.0    151.3    337.3    212.7 2021  8 11  0 30 31.640  0.00   3
   105659  40.296480 -124.410034     9.107     2295.8      141.0    -2196.8    136.2    290.3    189.5 2021  8 18  4 22 52.080  0.00   3
   105660  40.295793 -124.410270     9.058     2275.8       64.6    -2246.5    111.0    271.7    203.8 2021  8 29 18  9 38.000  0.00   3
   105663  40.297164 -124.410571     9.014     2250.1      216.9    -2290.1    163.2    332.1    224.5 2021  9 23 10 13 37.280  0.00   3
   105664  40.296252 -124.410213     9.109     2280.6      115.7    -2194.9    135.2    274.2    191.5 2021 10  8 15 58 36.020  0.00   3
   105669  40.296285 -124.410425     9.103     2262.6      119.3    -2201.3    122.2    279.9    217.2 2022  1  7 21 32 16.160  0.00   3
   105670  40.295483 -124.410262     9.127     2276.5       30.3    -2177.6    131.8    259.9    191.2 2022  1 29 22 57 58.940  0.00   3
   105671  40.294189 -124.410254     9.086     2277.2     -113.4    -2218.0    116.4    299.5    186.3 2022  1 29 22 56 14.480  0.00   3
   105672  40.293400 -124.410213     9.081     2280.6     -201.1    -2223.7    131.5    344.4    192.2 2022  2 19 21 35 38.840  0.00   3
   105673  40.295508 -124.410262     9.120     2276.5       33.0    -2184.0    136.0    261.1    173.2 2022  2 19 23 16 35.580  0.00   3
   105679  40.296106 -124.410205     9.091     2281.3       99.4    -2213.1    123.7    270.5    188.2 2022  4 25 10 16 52.960  0.00   3
   105680  40.296309 -124.410164     9.132     2284.8      122.0    -2172.3    125.0    274.6    179.2 2022  4 25  7 10 34.500  0.00   3
   105681  40.296212 -124.410262     9.117     2276.5      111.1    -2186.8    120.2    288.1    198.0 2022  4 25  7 16 11.420  0.00   3
   105684  40.295487 -124.410229     9.079     2279.2       30.7    -2225.6    107.0    268.6    189.1 2022  8 10 20 46 20.420  0.00   3
   105685  40.295638 -124.410246     9.083     2277.8       47.4    -2221.7    112.5    252.8    178.3 2022  9  2 17 54  0.080  0.00   3
   105686  40.295284 -124.410335     9.034     2270.2        8.1    -2270.4    109.4    269.5    191.0 2022  9 11  2 28 21.580  0.00   3
   105687  40.295650 -124.410197     9.078     2282.0       48.8    -2226.4    116.8    260.2    191.2 2022  9 11 12 26 35.060  0.00   3
   105688  40.296387 -124.410075     9.126     2292.4      130.6    -2177.9    122.5    271.4    187.1 2022  9 11  3 24  6.220  0.00   3
   105690  40.296195 -124.410197     9.123     2282.0      109.3    -2181.7    125.3    264.9    187.6 2022  9 24 15 21 42.660  0.00   3
   105691  40.295703 -124.410205     9.116     2281.3       54.7    -2188.0    118.5    276.3    168.3 2022  9 24 15 21 16.720  0.00   3
   105692  40.296069 -124.410238     9.133     2278.5       95.3    -2171.5    129.7    283.1    195.4 2022  9 24 21 44  3.460  0.00   3
   105694  40.295540 -124.410050     9.071     2294.5       36.6    -2232.8    111.1    275.0    181.1 2022 11  8 22 47 56.820  0.00   3
   105696  40.295638 -124.410181     9.090     2283.4       47.4    -2213.8    123.4    277.9    200.6 2022 11  8 17 35  8.240  0.00   3
   105697  40.295907 -124.410205     9.146     2281.3       77.3    -2157.9    114.8    280.9    176.5 2022 11  8 18 59 51.840  0.00   3
   105699  40.295650 -124.410197     9.120     2282.0       48.8    -2184.2    130.5    267.9    187.2 2022 11  9 12 22 28.280  0.00   3
   105700  40.295601 -124.410091     9.105     2291.0       43.4    -2199.1    117.2    283.1    184.2 2022 11 11  1 39  8.080  0.00   3
   105703  40.296631 -124.410083     9.160     2291.7      157.7    -2144.5    145.3    299.5    210.0 2022 11 19  3  3  9.960  0.00   3
   105704  40.296171 -124.410010     9.085     2297.9      106.6    -2219.6    152.9    357.9    239.7 2022 11 26 18 35 17.380  0.00   3
   105968  40.290784 -124.482633     8.827    -3877.0     -491.6    -2476.9    150.3    289.8    261.6 2020  7 20 10 55 41.360  0.00   3
   105969  40.290523 -124.482454     8.831    -3861.8     -520.5    -2472.8    153.1    283.2    318.7 2020  7 21  9 15 14.060  0.00   3
   105970  40.290633 -124.482780     8.868    -3889.5     -508.3    -2436.1    139.6    243.0    309.8 2020  7 21 21 15 11.400  0.00   3
   105971  40.289917 -124.482202     8.816    -3840.4     -587.8    -2488.1    149.8    432.9    295.2 2020  7 21 17 28  7.260  0.00   3
   105972  40.292444 -124.482764     8.531    -3888.1     -307.2    -2772.8    128.4    278.9    250.1 2020  7 23  2 34 15.900  0.00   3
   105974  40.291899 -124.482316     8.907    -3850.0     -367.8    -2397.2    156.5    284.8    319.7 2020  9 13  2 27 30.260  0.00   3
   105980  40.290776 -124.482015     8.879    -3824.5     -492.5    -2424.9    154.8    458.4    326.2 2021  4 30 22 52 27.680  0.00   3
   105981  40.289355 -124.485319     7.180    -4105.4     -650.2    -4124.0    188.5    356.3    380.7 2021  5 18 18 56 59.020  0.00   3
   105983  40.294902 -124.481885     8.852    -3813.3      -34.3    -2451.8    165.9    465.4    296.9 2021  7 16 12 23  3.900  0.00   3
   105985  40.296627 -124.483040     8.689    -3911.5      157.2    -2615.1    172.9    330.2    276.9 2022  2 19 13 54 44.280  0.00   3
   105992  40.293477 -124.481812     8.763    -3807.1     -192.5    -2541.6    150.1    332.2    271.5 2022  4 15  0 12 22.780  0.00   3
   105994  40.293331 -124.482349     8.602    -3852.8     -208.7    -2702.1    165.6    331.1    308.3 2022  6 13  7  3 31.880  0.00   3
   106894  40.305184 -124.454167    12.665    -1456.4     1107.4     1361.3    220.4    537.6    341.3 2020  3  9 15 21  5.000  0.00   3
   106901  40.296570 -124.452384    13.043    -1305.0      150.9     1738.8    207.2    567.5    321.6 2021  6  6  1 39 40.840  0.00   3
   106903  40.296440 -124.452401    13.037    -1306.4      136.5     1733.1    208.0    576.9    321.7 2022  1 24  1 49 57.800  0.00   3
   106905  40.304993 -124.452889    13.025    -1347.8     1086.2     1720.5    170.8    666.1    352.7 2022  9  3 12  2 18.720  0.00   3
   106906  40.300464 -124.452547    12.847    -1318.8      583.3     1543.0    199.1    490.2    337.5 2022 11 15 19 56 24.360  0.00   3
   107733  40.302051 -124.438110    14.318      -91.3      759.5     3013.6    195.2    234.7    320.3 2020  7 29 15 46 20.300  0.00   3
   107735  40.301949 -124.437012    14.402        2.1      748.2     3097.7    203.0    248.7    301.4 2020  9  4  2 42 39.160  0.00   3
   107737  40.303097 -124.437386    14.332      -29.8      875.6     3027.6    202.0    258.0    321.8 2020  9 16  7 22  8.180  0.00   3
   107742  40.300798 -124.438005    14.032      -82.3      620.4     2727.4    203.8    343.6    336.2 2021  1 21 15  1 43.620  0.00   3
   107743  40.301591 -124.437028    14.336        0.7      708.5     3031.9    197.4    278.5    327.3 2021  2 10  9 13 35.100  0.00   3
   107745  40.301587 -124.437223    14.368      -15.9      708.0     3063.8    196.9    236.6    309.9 2021  5  2 16 32  4.860  0.00   3
   107747  40.301233 -124.438151    14.430      -94.8      668.7     3126.1    206.1    263.6    299.2 2021  6 19  9  7 31.460  0.00   3
   107749  40.301241 -124.437744    14.403      -60.2      669.6     3099.2    195.1    211.2    290.5 2021  8  4 16 55 19.760  0.00   3
   107750  40.302344 -124.437004    14.369        2.8      792.0     3065.3    204.7    247.7    329.3 2021  8  5 13 56 27.560  0.00   3
   107751  40.301355 -124.437988    14.337      -81.0      682.3     3033.2    184.3    247.2    383.8 2021 10  4 13 30 54.640  0.00   3
   107754  40.298779 -124.438127    14.306      -92.7      396.3     3002.1    201.7    378.4    358.9 2021 11 29 17 37 32.460  0.00   3
   107755  40.301742 -124.437516    14.347      -40.8      725.2     3043.0    205.1    202.6    302.3 2021 12 26  7 17 50.120  0.00   3
   107756  40.302596 -124.437207    14.374      -14.5      820.1     3069.8    212.6    276.4    313.5 2021 12 28 17 48 55.620  0.00   3
   107758  40.296419 -124.438452    14.225     -120.4      134.2     2920.9    217.3    394.5    321.0 2022  1 22  0  4 57.400  0.00   3
   107760  40.301306 -124.435775    14.708      107.2      676.8     3403.8    254.2    427.8    326.9 2022  2  4 23 36 48.780  0.00   3
   107761  40.301888 -124.438167    14.300      -96.2      741.4     2995.5    209.6    287.6    365.6 2022  2 10 11 52 51.360  0.00   3
   107764  40.301229 -124.437028    14.437        0.7      668.2     3133.2    198.0    255.5    294.2 2022  3 20 23 32 39.400  0.00   3
   107766  40.300321 -124.438102    14.278      -90.6      567.5     2973.9    214.8    207.4    323.1 2022  3 28  2 57 46.540  0.00   3
   107767  40.302364 -124.437850    14.271      -69.2      794.3     2967.3    211.9    220.9    314.8 2022  4  2 10 43 37.000  0.00   3
   107769  40.297750 -124.438363    14.237     -112.8      281.9     2932.9    188.1    284.8    334.4 2022  4 28 17 13  7.820  0.00   3
   107770  40.300985 -124.437516    14.432      -40.8      641.1     3127.8    211.6    229.5    302.1 2022  5 13  1 16 48.300  0.00   3
   107772  40.302262 -124.436084    14.432       81.0      783.0     3128.1    220.3    234.7    292.0 2022  5 21 13 41 32.340  0.00   3
   107773  40.302885 -124.437728    14.328      -58.8      852.1     3023.4    204.7    276.5    315.6 2022  5 22 19 28 25.500  0.00   3
   107774  40.302018 -124.435986    14.501       89.3      755.9     3196.8    210.7    222.0    289.7 2022  6 11 12 56  1.180  0.00   3
   107778  40.301204 -124.435962    14.485       91.3      665.5     3180.7    215.3    229.5    280.6 2022  7  7 10 44 49.700  0.00   3
   107780  40.301371 -124.438102    14.303      -90.6      684.1     2999.3    209.2    241.3    329.6 2022  7 10 20 40 42.680  0.00   3
   107781  40.301786 -124.437109    14.532       -6.2      730.1     3228.2    223.3    248.5    312.8 2022  7 17 22  5 39.680  0.00   3
   107782  40.301229 -124.437508    14.403      -40.1      668.2     3098.8    200.6    204.1    290.4 2022  7 26 21 59  5.840  0.00   3
   107785  40.302633 -124.438232    14.273     -101.7      824.1     2968.8    191.6    287.2    305.1 2022  8  7  7 26 12.620  0.00   3
   107786  40.300814 -124.437842    14.431      -68.5      622.2     3126.8    210.3    209.0    302.9 2022  8  9  3 28 29.720  0.00   3
   107788  40.296814 -124.433805    14.923      274.7      178.0     3618.5    247.4    332.6    344.9 2022  8 14 16 35 40.980  0.00   3
   107792  40.308968 -124.439201    14.225     -184.0     1527.6     2920.5    212.4    412.7    323.9 2022  8 30 14  2  1.080  0.00   3
   107793  40.301164 -124.438021    14.312      -83.7      661.0     3007.8    199.3    313.0    356.4 2022  9  6 17 29 43.260  0.00   3
   107795  40.302608 -124.437093    14.395       -4.8      821.4     3090.4    202.0    248.4    317.2 2022 10  6  1 28  7.480  0.00   3
   107796  40.302108 -124.437427    14.367      -33.2      765.8     3063.1    211.0    245.7    307.5 2022 10 21 12 57 48.880  0.00   3
   107797  40.302336 -124.437305    14.354      -22.8      791.1     3050.1    218.5    229.7    310.8 2022 10 30  5  0 39.040  0.00   3
   107798  40.290007 -124.436491    14.948       46.4     -577.9     3644.2    228.3    461.2    365.5 2022 11  2 11  0 10.360  0.00   3
   107799  40.300415 -124.437093    14.539       -4.8      577.9     3234.8    197.8    250.8    296.2 2022 11  5 13 55 55.220  0.00   3
   107804  40.301237 -124.437687    14.368      -55.4      669.2     3063.8    203.1    260.8    317.1 2022 11 29  6 33  6.480  0.00   3
   108087  40.306649 -124.449715     8.892    -1077.9     1270.1    -2412.7    165.5    372.3    294.8 2020 11  2 19 25 14.760  0.00   3
   108098  40.304061 -124.451115     8.807    -1197.0      982.7    -2497.2    151.8    382.1    233.6 2022  7 31  9  3 31.640  0.00   3
   108101  40.300846 -124.451766     8.575    -1252.4      625.8    -2728.8    202.6    505.8    303.1 2022  9 21 11  5 36.240  0.00   3
   108715  40.307865 -124.440422    11.176     -287.8     1405.2     -127.8    263.5    380.3    270.3 2020  6  7 18 13 58.060  0.00   3
   108716  40.302043 -124.443888    11.191     -582.6      758.6     -113.4    284.5    320.6    321.7 2020  8 14 12 38 33.660  0.00   3
   108717  40.298128 -124.441935    11.832     -416.5      324.0      528.1    307.6    487.0    455.2 2021  5 18 12  5 50.720  0.00   3
   108718  40.304602 -124.443392    11.148     -540.4     1042.8     -156.7    254.4    336.0    321.8 2021  7 18 19 18 32.920  0.00   3
   108719  40.285840 -124.441545    12.194     -383.4    -1040.6      889.9    345.5    735.6    497.2 2022  2  3  9 12 34.820  0.00   3
   108720  40.301660 -124.443766    11.147     -572.2      716.1     -157.1    282.4    372.7    301.8 2022 11 14  0 20 45.400  0.00   3
   108721  40.304952 -124.439364    11.491     -197.9     1081.7      187.2    295.9    328.7    287.6 2022 11 15  3 39 49.740  0.00   3
   108722  40.306738 -124.442977    11.587     -505.1     1280.0      282.9    321.6    421.5    292.5 2022 11 15  3 35 34.140  0.00   3
   108734  40.302999 -124.431738     8.628      450.4      864.8    -2675.9    206.5    309.3    283.4 2020  6 14  9 19 55.660  0.00   3
   108737  40.303548 -124.431868     8.784      439.4      925.8    -2519.8    191.5    271.3    279.2 2021  7  3  4  9  4.600  0.00   3
   108740  40.310563 -124.431657     8.682      457.3     1704.7    -2622.4    193.2    333.0    309.9 2021  8 20 23 51  4.580  0.00   3
   108741  40.309880 -124.431893     8.733      437.3     1628.8    -2571.6    183.4    306.8    283.5 2021  8 20 17 34 19.920  0.00   3
   108742  40.303434 -124.431909     8.783      435.9      913.1    -2521.3    192.5    275.2    276.4 2021  8 20 21 38  4.660  0.00   3
   108745  40.310604 -124.431836     8.655      442.1     1709.3    -2649.6    169.3    341.4    317.6 2021  8 22 13  1 31.960  0.00   3
   108746  40.316207 -124.436572     6.606       39.4     2331.4    -4697.9    254.9    471.9    605.5 2021  9 20 22 54 47.060  0.00   3
   108747  40.313159 -124.432121     8.489      417.9     1993.0    -2815.0    154.4    313.0    297.6 2021 11 29 10 57 42.520  0.00   3
   108748  40.303491 -124.431860     8.787      440.0      919.5    -2517.7    193.2    273.9    281.2 2021 11 29 19 42  7.460  0.00   3
   108906  40.269124 -124.492472     8.845    -4714.4    -2896.6    -2459.1    178.7    591.3    352.0 2020 11 25  7 46 37.480  0.00   3
   108908  40.274064 -124.492399     9.099    -4708.0    -2348.1    -2204.8    164.4    552.3    382.0 2022  9  2 10 39  0.760  0.00   3
   108911  40.279114 -124.493555     8.765    -4806.1    -1787.4    -2538.8    200.4    475.2    399.8 2022  9  3  0 18  5.460  0.00   3
   109091  40.279541 -124.404354    13.929     2779.1    -1740.0     2624.8    233.1    509.2    372.1 2021  1  4 22  6 23.820  0.00   3
   109092  40.281038 -124.403198    13.922     2877.4    -1573.7     2618.0    222.5    332.4    368.0 2021  1 23 22 32 45.160  0.00   3
   109093  40.282727 -124.403475    13.909     2853.8    -1386.2     2604.5    228.9    353.0    338.2 2021  5 29 22  7 48.900  0.00   3
   109094  40.282788 -124.403418    13.915     2858.6    -1379.4     2610.6    225.7    345.8    297.5 2021 12  5 19 33 15.380  0.00   3
   109634  40.300281 -124.445256    16.652     -698.8      563.0     5348.0    252.5    706.1    422.1 2021  8 20 12 43  0.920  0.00   3
   109759  40.292814 -124.479574    17.187    -3616.8     -266.1     5882.9    277.5    587.8    366.0 2021  9 15 12 25 18.520  0.00   3
   109760  40.276689 -124.484139    15.668    -4005.5    -2056.7     4363.3    355.2    770.0    551.6 2021  9 17 18 39 17.700  0.00   3
   109763  40.264901 -124.480347    15.826    -3683.3    -3365.6     4522.2    300.4    686.8    494.5 2021 11  6 13  8 56.220  0.00   3
   109764  40.274935 -124.481250    15.841    -3759.8    -2251.4     4537.2    276.7    605.4    390.0 2021 11 19 21 25 30.120  0.00   3
   109765  40.286153 -124.477865    17.341    -3471.7    -1005.8     6036.9    248.3    679.6    365.5 2022  7 10 23 46 28.140  0.00   3
   109766  40.286178 -124.477889    17.356    -3473.7    -1003.1     6051.5    249.9    693.9    370.0 2022  8 21  2 28 17.120  0.00   3
   109769  40.275350 -124.481388    15.834    -3771.6    -2205.4     4529.9    283.7    621.6    398.2 2022 11  7 22 22 57.180  0.00   3
   110319  40.298962 -124.444865    15.776     -665.6      416.6     4471.9    285.3    495.7    422.3 2023  4 23  3 48 36.540  1.34   3
   110343  40.299744 -124.407422    10.786     2517.9      503.3     -518.5    254.2    383.1    332.0 2023  2 27  0 14 11.430  1.57   3
   110344  40.271521 -124.452393    14.382    -1305.9    -2630.5     3078.1    270.7    468.7    525.1 2023  3 19  5 41 40.620  0.92   3
   110349  40.291361 -124.466268     8.302    -2485.5     -427.4    -3002.0    193.7    268.8    222.9 2023  4 14 19 20 25.080  1.57   3
   110353  40.290495 -124.432560    10.504      380.6     -523.7     -800.2    229.7    392.8    294.6 2023  5  2 13 44  6.040  1.79   3
   110369  40.292399 -124.475798    10.150    -3295.8     -312.2    -1154.7    135.2    377.3    255.0 2023  4  1  7 44 57.710  1.31   3
   110377  40.294938 -124.409538     9.136     2338.1      -30.3    -2167.8    101.9    302.2    198.6 2023  5 20 23 47 40.440  1.10   3
   110383  40.291996 -124.482511     8.767    -3866.6     -356.9    -2537.1    131.5    222.6    280.1 2023  3  7 12 11 57.690  1.17   3
   110421  40.301017 -124.452881    12.762    -1347.1      644.8     1457.9    175.1    460.3    310.3 2023  2  3 10  4 53.380  1.07   3
   110450  40.295361 -124.434733    15.094      195.8       16.7     3789.9    264.4    283.1    366.3 2022 12  9  5  6 23.270  2.34   3
   110478  40.300387 -124.449585     8.958    -1066.9      574.7    -2346.0    184.3    359.2    312.6 2023  4 16 19 40  2.760  1.19   3
   110545  40.297371 -124.442114    11.997     -431.8      239.9      692.9    285.8    398.0    343.9 2023  1 26 19 34 22.320  1.51   3
   110548  40.304976 -124.435173     8.049      158.4     1084.4    -3255.4    216.6    232.5    400.2 2023  2 24 19 10 37.800  1.22   3
   110567  40.281197 -124.493880     8.785    -4833.7    -1556.1    -2519.4    186.0    476.2    348.7 2023  5 16 14 31 27.390  0.62   3
   110599  40.278060 -124.405111    14.300     2714.8    -1904.4     2995.4    221.7    452.0    393.9 2023  5 24 13 54 23.240  1.23   3
   110661  40.270894 -124.451668    15.600    -1244.3    -2700.1     4295.9    281.2    564.0    456.2 2023  3 20  2 26 25.420  1.09   3
   110696  40.274150 -124.481706    15.978    -3798.6    -2338.6     4673.5    295.7    681.2    473.1 2023  4 10  6 54  3.150  0.88   3
   110763  40.290629 -124.395679    12.871     3516.5     -508.8     1566.7    256.2    381.3    305.8 2023  2  8 10 13  5.860  1.00   3
