   103313  40.387154 -124.284611    30.562       72.6       17.2      -37.6     59.4    108.1     54.9 2020  2 15 13  9 35.880  0.00  41
   103314  40.387126 -124.284635    30.559       70.5       14.0      -40.6     49.1    113.4     61.0 2020  2 15 12 12 19.360  0.00  41
   103315  40.387187 -124.284847    30.611       52.5       20.8       10.8     60.0     61.5     39.9 2020  3 18 22 35 28.520  0.00  41
   103318  40.386922 -124.285832    30.592      -31.1       -8.6       -8.0     83.8     61.4     50.2 2021  3 24  9 30 55.440  0.00  41
   103319  40.386934 -124.285278    30.586       15.9       -7.2      -14.1     52.2     44.8     41.8 2021  8 17  5 27  3.920  0.00  41
   103320  40.386633 -124.283049    30.586      205.2      -40.7      -14.4    197.5     71.2     38.8 2021  9 14  9 59 47.740  0.00  41
   103322  40.386056 -124.274479    30.574      932.9     -104.8      -25.6    309.5    138.5     77.2 2021 11  3  0 28 20.280  0.00  41
   103323  40.386873 -124.286174    30.574      -60.1      -14.0      -25.7    124.1     85.7     51.3 2021 11  3  6 31 54.860  0.00  41
   103325  40.385946 -124.279915    30.575      471.3     -117.0      -25.4    380.5     76.2     42.1 2021 11 13  5 33 46.340  0.00  41
   103327  40.387472 -124.285148    30.629       26.9       52.4       28.6     66.4    101.8     62.8 2021 12 20 21 25  6.680  0.00  41
   103328  40.387207 -124.285099    30.619       31.1       23.0       18.9     61.8     64.8     49.5 2021 12 20 20 24 46.540  0.00  41
   103329  40.387329 -124.287744    30.619     -193.5       36.6       18.6    184.3     65.6     42.0 2021 12 20 20 56 50.100  0.00  41
   103330  40.385933 -124.287858    30.562     -203.2     -118.4      -37.5     79.1     60.9     40.5 2021 12 20 22 41  8.120  0.00  41
   103331  40.386898 -124.285555    30.591       -7.6      -11.3       -8.8     65.8     60.5     42.4 2021 12 21 20 23 41.540  0.00  41
   103332  40.386987 -124.285221    30.602       20.7       -1.4        1.6     78.5     60.7     43.2 2021 12 21  0  9 50.600  0.00  41
   103333  40.386886 -124.285384    30.583        6.9      -12.7      -16.5     82.5     33.3     73.4 2021 12 21  2 46  7.160  0.00  41
   103337  40.387366 -124.286898    30.615     -121.6       40.7       15.3    134.0     79.2     46.5 2021 12 21  4 41 45.900  0.00  41
   103341  40.387927 -124.287435    30.633     -167.2      103.0       33.4    122.7     79.4     65.8 2021 12 21  1 59 38.600  0.00  41
   103345  40.386275 -124.285417    30.577        4.1      -80.4      -23.0     53.7     73.3     39.5 2021 12 22 12  3 31.780  0.00  41
   103348  40.387659 -124.287028    30.628     -132.7       73.2       27.8    118.6     95.5     60.0 2021 12 25 13  9 17.400  0.00  41
   103349  40.389473 -124.285303    30.704       13.8      274.7      103.7    963.9    204.6    114.9 2021 12 25  2 19 30.600  0.00  41
   103350  40.386914 -124.285376    30.610        7.6       -9.5       10.2     80.0     61.1     57.1 2021 12 26  4 29 53.280  0.00  41
   103353  40.387472 -124.286882    30.615     -120.2       52.4       15.4    144.5    105.0     60.6 2022  1  1 16 21 37.340  0.00  41
   103354  40.387321 -124.288070    30.598     -221.1       35.7       -1.7    183.4     69.9     44.3 2022  1  7  0 16 26.240  0.00  41
   103356  40.387048 -124.285059    30.602       34.5        5.4        2.4     86.4     58.0     40.5 2022  1 20  8 13 37.120  0.00  41
   103361  40.387138 -124.285189    30.609       23.5       15.4        8.8     85.2     68.5     42.5 2022  4 25 14 43 53.920  0.00  41
   103363  40.387248 -124.285327    30.630       11.7       27.6       29.5     50.1    104.7     67.8 2022  5 15  0 24 23.100  0.00  41
   103366  40.386820 -124.285409    30.591        4.8      -19.9       -8.5     55.2     59.7     45.3 2022  6 29 19 18 19.300  0.00  41
   103367  40.387667 -124.279777    30.599      483.0       74.1       -1.4    272.7     91.1     48.8 2022  8  2 13 46 54.320  0.00  41
   103369  40.386922 -124.286043    30.592      -49.1       -8.6       -8.3    113.7     59.5     38.7 2022  9  1 22 17 11.240  0.00  41
   103370  40.387797 -124.288477    30.581     -255.7       88.6      -19.2    407.8     79.2     43.6 2022 10 13  6  5 38.260  0.00  41
   110320  40.386902 -124.285457    30.601        0.7      -10.8        1.1     49.5     51.6     37.0 2023  5  3 16 44 54.560  1.67  41
