   108581  40.630538 -124.460002     6.789      100.5      -39.8      178.7     41.8     35.1     52.2 2020  5 13 20  3  4.300  0.00  69
   108582  40.630546 -124.460555     6.789       53.7      -38.9      178.5     29.7     39.7     55.0 2020  5 13 18 31 14.120  0.00  69
   108583  40.630611 -124.460498     6.809       58.5      -31.6      198.7     30.2     37.7     58.9 2020  5 14 18 38 58.560  0.00  69
   108584  40.630717 -124.459342     6.873      156.3      -19.9      262.8     55.1     76.3     90.2 2020  5 20 16 51 14.680  0.00  69
   108589  40.630937 -124.461271     6.595       -6.9        4.5      -15.3     19.1     21.8     29.3 2021  3 31 17 40 58.500  0.00  69
   108590  40.630933 -124.461092     6.565        8.3        4.1      -45.0     28.9     25.9     71.3 2021  4  1  6 16 55.760  0.00  69
   108592  40.630831 -124.461157     6.629        2.8       -7.2       19.1     27.1     18.2     28.3 2021  4  7  4 37 52.260  0.00  69
   108593  40.631018 -124.461491     6.573      -25.5       13.6      -36.5     37.6     27.4     46.6 2021  9 26 20 33 15.780  0.00  69
   108594  40.630937 -124.461287     6.596       -8.3        4.5      -13.5     22.7     18.0     30.5 2021 12 17 19 37 36.640  0.00  69
   108595  40.630933 -124.461312     6.596      -10.3        4.1      -14.2     21.9     18.0     33.1 2022  8 28 14 42 15.860  0.00  69
   108596  40.630823 -124.461084     6.635        9.0       -8.1       24.6     29.3     17.3     31.3 2022 10 24 21 45 36.600  0.00  69
   108598  40.630904 -124.461328     6.585      -11.7        0.9      -24.7     26.6     23.1     33.1 2022 11 11 16 42 55.460  0.00  69
   110528  40.630973 -124.461426     6.566      -20.0        8.6      -44.1     21.0     17.9     28.8 2023  4 29  9 23  2.130  0.95  69
