   108581  40.630538 -124.459888     6.801      110.2      -39.8      191.2     45.7     45.1     56.1 2020  5 13 20  3  4.300  0.00  69
   108582  40.630538 -124.460506     6.808       57.8      -39.8      198.5     30.6     41.4     56.3 2020  5 13 18 31 14.120  0.00  69
   108583  40.630623 -124.460482     6.827       59.9      -30.3      217.4     29.8     41.7     60.0 2020  5 14 18 38 58.560  0.00  69
   108584  40.630981 -124.459147     6.907      172.8        9.5      297.0     53.0     83.7     84.0 2020  5 20 16 51 14.680  0.00  69
   108589  40.630949 -124.461296     6.590       -9.0        5.9      -19.8     22.1     24.1     35.0 2021  3 31 17 40 58.500  0.00  69
   108590  40.630949 -124.461068     6.551       10.3        5.9      -58.7     29.5     26.3     69.6 2021  4  1  6 16 55.760  0.00  69
   108592  40.630823 -124.461174     6.631        1.4       -8.1       21.0     29.7     21.6     34.3 2021  4  7  4 37 52.260  0.00  69
   108593  40.631042 -124.461548     6.566      -30.3       16.3      -44.2     38.6     27.9     47.5 2021  9 26 20 33 15.780  0.00  69
   108594  40.630949 -124.461312     6.592      -10.3        5.9      -17.8     26.5     20.6     35.6 2021 12 17 19 37 36.640  0.00  69
   108595  40.630937 -124.461344     6.592      -13.1        4.5      -18.1     25.5     21.7     37.0 2022  8 28 14 42 15.860  0.00  69
   108596  40.630819 -124.461092     6.635        8.3       -8.6       25.4     34.6     21.8     39.1 2022 10 24 21 45 36.600  0.00  69
   108598  40.630900 -124.461361     6.579      -14.5        0.5      -31.4     26.7     25.7     38.4 2022 11 11 16 42 55.460  0.00  69
   110528  40.630965 -124.461426     6.566      -20.0        7.7      -44.3     23.6     20.2     30.6 2023  4 29  9 23  2.130  0.95  69
