   103991  40.298271 -124.338908     9.643    -2539.7    -1648.3     -156.1    769.9    826.6    589.9 2020  1 17  9 45 59.140  0.00  47
   103993  40.298564 -124.339421     9.636    -2583.3    -1615.7     -163.3    359.4    410.5    394.3 2020  5 10  3 42 52.940  0.00  47
   103994  40.299032 -124.339372     9.622    -2579.1    -1563.8     -176.6    405.1    383.3    422.0 2020  5 10  5 35 35.000  0.00  47
   103998  40.298893 -124.340259     9.698    -2654.5    -1579.1     -101.2    388.1    524.9    575.7 2020  9 14  9  1 19.540  0.00  47
   104000  40.298735 -124.340739     9.693    -2695.4    -1596.8     -105.6    318.8    621.7    424.0 2021  3 25  0  8 59.680  0.00  47
   104002  40.299247 -124.340552     9.685    -2679.4    -1539.8     -113.4    320.7    317.2    399.3 2021  8 22  5 40 15.640  0.00  47
   104004  40.299744 -124.340381     9.694    -2664.9    -1484.7     -105.0    322.3    435.5    364.0 2021  9  4  3 28 39.640  0.00  47
   104007  40.298869 -124.340316     9.684    -2659.4    -1581.8     -115.2    341.6    581.5    404.9 2022  5 10 23 26 29.780  0.00  47
   104008  40.298376 -124.340674     9.686    -2689.8    -1636.5     -113.0    323.0    541.7    488.4 2022  5 30  7 25 58.420  0.00  47
   104010  40.299056 -124.340226     9.707    -2651.8    -1561.1      -92.1    876.6   1377.1   1063.2 2022  6 28  1 22 18.540  0.00  47
   104011  40.298254 -124.339811     9.666    -2616.5    -1650.1     -133.2    319.5    503.2    326.5 2022 10 19 21 53 36.280  0.00  47
   106813  40.294153 -124.330518     9.476    -1826.5    -2105.5     -322.6    412.8    499.4    361.1 2020  3 17  5 56 19.560  0.00  47
   106827  40.293559 -124.330591     9.431    -1832.7    -2171.5     -367.7    319.6    404.9    399.5 2022  2 25  5 29 56.100  0.00  47
   106830  40.293217 -124.330721     9.433    -1843.8    -2209.4     -365.9    324.4    466.7    373.9 2022  7  5 15 16 47.800  0.00  47
   106831  40.294299 -124.330526     9.478    -1827.2    -2089.2     -320.6    337.8    422.1    340.0 2022  8 21 21 28 41.340  0.00  47
   106832  40.293547 -124.330656     9.463    -1838.3    -2172.8     -336.2    304.0    415.5    290.8 2022  8 21 21 40 11.720  0.00  47
   106834  40.293819 -124.330216     9.383    -1800.9    -2142.6     -415.5    461.5    536.1    550.4 2022 10 20 17 49 27.620  0.00  47
   107004  40.333830 -124.210848     7.111     8344.7     2300.2    -2687.5    553.3    483.1    304.2 2022  3  4 18 57 23.080  0.00  47
   107006  40.333435 -124.211410     7.123     8297.0     2256.4    -2675.4    350.1    273.4    497.4 2022 10 10 12 43 31.860  0.00  47
   108402  40.380306 -124.250553    12.723     4968.5     7461.0     2923.8    393.2    519.3    510.9 2022 10  8 11 13  1.020  0.00  47
   108407  40.380469 -124.250228    12.737     4996.1     7479.1     2938.3    438.9    639.0    609.1 2022 11 12 15 29 41.060  0.00  47
   110332  40.298926 -124.340454     9.646    -2671.1    -1575.5     -152.8    447.6    612.2    538.6 2023  3 12 10 38 34.580  0.73  47
   110415  40.294600 -124.330404     9.535    -1816.8    -2055.8     -264.1    536.8    577.0    504.5 2023  3 15 21 22 18.100  1.02  47
   110424  40.333512 -124.211108     7.120     8322.6     2265.0    -2679.1    337.8    343.3    415.5 2023  5  3  7 32 56.730  0.50  47
   110499  40.379492 -124.251090    12.652     4922.9     7370.6     2853.0    433.1    523.5    537.2 2023  3 19 16 35 12.330  0.73  47
   110740  40.348389 -124.248739    12.209     5123.9     3916.9     2411.4    419.2    585.6    493.7 2023  2  1  5  8 29.030  0.91  47
