   108663  40.489299 -124.339478    19.319      -39.3       -3.6      -10.4      6.1      5.2      4.7 2022  3  5 15  4 56.760  0.00  37
   108665  40.489286 -124.339665    19.321      -55.2       -5.0       -8.7      5.8      6.4      5.4 2022  3  5 14 13 15.560  0.00  37
   108670  40.489632 -124.339429    19.338      -35.2       33.4        8.2      4.7      5.2      4.3 2022  3 18  2  2 21.140  0.00  37
   108671  40.489494 -124.339404    19.340      -33.1       18.1       10.2      3.6      4.4      4.0 2022  3 18  2 55 56.140  0.00  37
   108673  40.489486 -124.339705    19.319      -58.6       17.2      -10.4      4.7      3.5      5.7 2022  5 13 21 13  4.360  0.00  37
   108674  40.489319 -124.339559    19.291      -46.2       -1.4      -38.2      6.2      5.1      6.2 2022  5 13 11  3  1.340  0.00  37
   108675  40.489360 -124.339681    19.327      -56.6        3.2       -2.7      7.0      5.4      6.5 2022  7  9 13 10 58.000  0.00  37
   108676  40.489307 -124.339697    19.320      -58.0       -2.7       -9.5      7.4      6.1      7.1 2022  7 19 14 43  3.060  0.00  37
   108678  40.489510 -124.339421    19.316      -34.5       19.9      -13.0      4.7      4.5      4.7 2022  7 24 16 37 15.260  0.00  37
   108680  40.489449 -124.339608    19.350      -50.4       13.1       21.0      5.5      5.9      7.2 2022  7 26  2 56 53.120  0.00  37
   108681  40.489412 -124.339502    19.306      -41.4        9.0      -23.3      3.9      4.7      4.9 2022  9 12  7 56 19.840  0.00  37
   108682  40.489408 -124.339608    19.319      -50.4        8.6      -10.2      3.6      3.9      5.9 2022  9 12 16 26 23.860  0.00  37
   108683  40.489632 -124.339640    19.334      -53.1       33.4        4.3      4.3      5.0      5.6 2022  9 12  6 56 34.320  0.00  37
   108684  40.489482 -124.339559    19.309      -46.2       16.7      -20.5      3.9      4.7      5.4 2022  9 12  6 57 16.840  0.00  37
   108686  40.489388 -124.339404    19.316      -33.1        6.3      -13.4      5.3      5.6      5.6 2022  9 12  7  2 14.940  0.00  37
   108687  40.489661 -124.339632    19.337      -52.4       36.6        7.6      4.9      5.1      5.7 2022  9 12  6 55 47.640  0.00  37
   108688  40.489221 -124.339616    19.326      -51.1      -12.2       -3.2      6.6      6.0      5.3 2022  9 12  7  0 41.780  0.00  37
   108689  40.489144 -124.339469    19.310      -38.6      -20.8      -19.1      5.4      5.7      5.9 2022  9 12  6 58 44.140  0.00  37
   108690  40.489437 -124.339787    19.303      -65.5       11.7      -26.8      6.0      3.6      6.2 2022  9 13 12  0  9.260  0.00  37
   108692  40.489482 -124.339730    19.329      -60.7       16.7       -0.4      5.0      4.2      6.3 2022  9 13 23 59 39.940  0.00  37
   108693  40.489433 -124.339388    19.299      -31.7       11.3      -30.5      4.8      5.5      5.8 2022  9 15  4 38 42.340  0.00  37
   108694  40.489563 -124.339567    19.311      -46.9       25.8      -18.3      3.0      4.4      6.1 2022  9 19 10 45 20.920  0.00  37
   108695  40.489465 -124.339559    19.319      -46.2       14.9      -10.3      3.7      3.7      4.9 2022 10 13  0  1 53.180  0.00  37
   108697  40.489551 -124.339591    19.328      -49.0       24.4       -1.7      4.1      4.9      5.4 2022 11 21 11  3 27.100  0.00  37
   108698  40.489445 -124.339396    19.309      -32.4       12.7      -20.0      4.6      5.1      5.6 2022 11 21  9 56 47.360  0.00  37
   108699  40.489600 -124.339689    19.318      -57.3       29.8      -11.4      4.5      5.3      6.6 2022 11 21 11 24 43.840  0.00  37
   108700  40.489461 -124.339567    19.328      -46.9       14.5       -1.9      4.8      4.6      4.5 2022 11 21 11  5 34.240  0.00  37
   108701  40.489571 -124.339445    19.312      -36.6       26.7      -17.9      5.1      5.2      5.6 2022 11 21 12  2 33.900  0.00  37
   108704  40.489486 -124.339640    19.311      -53.1       17.2      -18.8      5.3      3.7      6.0 2022 11 22  1 39 11.480  0.00  37
   108705  40.489510 -124.339827    19.338      -69.0       19.9        8.6      5.8      4.8      6.4 2022 11 24  7 16 24.120  0.00  37
   108706  40.489530 -124.339469    19.335      -38.6       22.1        5.4      3.8      4.0      6.5 2022 11 27  8 29 21.460  0.00  37
   108707  40.489099 -124.339657    19.312      -54.5      -25.8      -17.8      3.9      4.6      5.6 2022 11 27  7 15  5.860  0.00  37
   110543  40.489124 -124.339421    19.363      -34.5      -23.0       33.1      3.7      3.8      4.3 2023  1 10 17 58 54.640  1.07  37
