   107373  40.473234 -124.492977    16.977        0.0        4.1        6.8     14.8     22.0     33.6 2020  4 14  6 23  7.000  0.00  45
   107379  40.473218 -124.492977    16.975        0.0        2.3        5.0     15.7     15.5     26.3 2020  6 15  1 46 51.580  0.00  45
   107387  40.473222 -124.493009    16.978       -2.8        2.7        7.6     11.9     18.1     29.7 2020  7 27  4 46 34.380  0.00  45
   107392  40.473263 -124.493001    16.987       -2.1        7.2       17.0     17.2     22.4     34.0 2020  8 30 19  4 40.040  0.00  45
   107394  40.473230 -124.492977    16.977        0.0        3.6        7.0     14.9     16.7     28.2 2020  9  3 10 23 36.500  0.00  45
   107395  40.473218 -124.492928    16.964        4.1        2.3       -6.0     22.8     35.9     59.3 2020  9 29 12 22 30.880  0.00  45
   107400  40.473193 -124.492961    16.961        1.4       -0.5       -8.6     18.0     26.1     46.2 2020 11 24 20 36 18.500  0.00  45
   107408  40.473201 -124.492969    16.966        0.7        0.5       -3.9     16.0     22.6     40.0 2021  2 19 15 52  7.820  0.00  45
   107410  40.473246 -124.492993    16.980       -1.4        5.4        9.9     12.8     22.8     31.9 2021  3  7 10 35 31.160  0.00  45
   107414  40.473246 -124.493018    16.986       -3.5        5.4       15.8     14.0     20.3     36.6 2021  4 25 18 54 25.160  0.00  45
   107415  40.473193 -124.492961    16.965        1.4       -0.5       -4.6     16.4     21.4     34.5 2021  4 28  6 32 18.440  0.00  45
   107416  40.473230 -124.493009    16.979       -2.8        3.6        9.0     15.1     21.5     36.4 2021  5  3  2  6 28.960  0.00  45
   107417  40.473242 -124.492977    16.979        0.0        5.0        8.8     15.7     22.6     29.7 2021  5 30 11 37 49.540  0.00  45
   107421  40.473222 -124.493009    16.977       -2.8        2.7        7.1     11.4     17.6     29.1 2021  7 18 15  2 20.760  0.00  45
   107422  40.473197 -124.492977    16.968        0.0        0.0       -2.1     12.1     14.1     22.7 2021  7 18 15 31 52.420  0.00  45
   107423  40.473238 -124.493018    16.981       -3.5        4.5       11.2     14.5     19.0     32.3 2021  7 27 13 51 30.020  0.00  45
   107424  40.473197 -124.492977    16.967        0.0        0.0       -2.5     15.0     19.1     30.5 2021  7 30  0 23  4.580  0.00  45
   107425  40.473214 -124.493001    16.974       -2.1        1.8        3.5     10.3     16.6     28.4 2021  7 31  8 31  9.420  0.00  45
   107427  40.473242 -124.492985    16.979       -0.7        5.0        9.1     14.8     20.7     29.1 2021  8 22  9 57 36.520  0.00  45
   107431  40.473210 -124.492993    16.971       -1.4        1.4        1.3     11.5     15.8     28.6 2021  8 28 18 49 43.480  0.00  45
   107433  40.473246 -124.492993    16.981       -1.4        5.4       10.7     12.7     22.7     31.8 2021  9 26  9 56 24.080  0.00  45
   107439  40.473226 -124.493009    16.978       -2.8        3.2        8.1     14.9     21.3     39.0 2021 12  4  2 17  7.060  0.00  45
   107440  40.473238 -124.492969    16.977        0.7        4.5        7.2     18.2     25.8     36.5 2021 12 29 22  3  1.540  0.00  45
   107445  40.473246 -124.493018    16.986       -3.5        5.4       15.9     14.3     20.2     36.7 2022  2 13  8 35 50.880  0.00  45
   107453  40.473193 -124.492961    16.965        1.4       -0.5       -4.7     16.3     21.2     34.3 2022  5  5 12 32 31.180  0.00  45
   107460  40.473214 -124.492993    16.973       -1.4        1.8        2.5     11.6     16.1     29.3 2022 10  5 16 12 57.180  0.00  45
   107461  40.473250 -124.493018    16.986       -3.5        5.9       16.5     14.4     20.4     36.9 2022 10 18  5 42 38.700  0.00  45
   110437  40.473181 -124.493001    16.965       -2.1       -1.8       -5.4     12.1     17.0     27.0 2023  2 22  3  3 18.930  1.24  45
