   105298  40.408073 -124.559342    28.926      124.3       86.3     -244.3    229.1    271.7    303.0 2020  2 11 15 19 28.020  0.00  55
   105301  40.407296 -124.560807    29.174        0.0        0.0        4.5     46.6     52.9     58.9 2020  2 25  5 13 53.560  0.00  55
   105305  40.406885 -124.560465    29.066       29.0      -45.6     -104.3    126.7    145.0    210.0 2020  4 29 23  1 49.900  0.00  55
   105309  40.407243 -124.560767    29.164        3.5       -5.9       -6.4     59.5     82.9     94.3 2020  7 31 12 47 13.580  0.00  55
   105313  40.407438 -124.560815    29.169       -0.7       15.8       -1.4     42.2     98.0     75.1 2021  1  5  0 23  5.820  0.00  55
   105319  40.406856 -124.560905    29.170       -8.3      -48.8       -0.0     96.2    198.5     84.1 2021  7 21 11 28 57.520  0.00  55
   105321  40.407581 -124.560718    29.172        7.6       31.6        2.4     78.7    157.3    100.5 2021  8 18  8 21 26.720  0.00  55
   105322  40.407540 -124.560929    29.191      -10.4       27.1       21.2    108.6    161.4    146.8 2021  8 19  7 18 10.260  0.00  55
   105325  40.407247 -124.560775    29.172        2.8       -5.4        1.8     67.4    104.5    107.3 2021  9  3 21 30 53.400  0.00  55
   105331  40.407251 -124.560767    29.166        3.5       -5.0       -4.2     55.3     93.4     86.2 2021 12 25 10 34 41.640  0.00  55
   105333  40.407654 -124.560579    29.152       19.3       39.8      -17.6     99.5    220.3    127.4 2022  1 25 11 52 13.660  0.00  55
   105336  40.407255 -124.560758    29.167        4.1       -4.5       -3.4     53.4     98.2     91.5 2022  2  4 20 41 36.720  0.00  55
   105337  40.407052 -124.560986    29.188      -15.2      -27.1       18.3     88.9    183.6    114.0 2022  2 26  7 23 30.220  0.00  55
   105340  40.406604 -124.561076    29.177      -22.8      -76.8        7.2    131.7    265.1     91.4 2022  3 12 15 17  2.720  0.00  55
   105351  40.407247 -124.561003    29.185      -16.6       -5.4       14.6    119.7    185.9    168.0 2022  7 31 17 59 40.980  0.00  55
   105356  40.407393 -124.560856    29.180       -4.1       10.8       10.4     88.5    132.1    124.3 2022  9  6  2 12 31.600  0.00  55
   105357  40.407369 -124.561076    29.199      -22.8        8.1       29.3    144.5    212.2    193.3 2022  9  9 11 44 44.400  0.00  55
   105359  40.407284 -124.560864    29.169       -4.8       -1.4       -1.3     80.6    100.4    109.9 2022 11  7 15 50 24.900  0.00  55
   105360  40.407442 -124.560856    29.181       -4.1       16.3       11.3     86.1    141.7    124.1 2022 11 21  5 14 55.680  0.00  55
   110364  40.407300 -124.560824    29.179       -1.4        0.5        8.6     77.1     85.2    101.1 2023  4 18 11 40  6.890  2.03  55
