   100575  40.369027 -124.459766    17.754     -778.9     -640.7     -804.5      2.1      3.0      2.9 2020  1  3 15 57 51.560  0.00  30
   100576  40.366313 -124.458219    17.132     -647.6     -942.1    -1427.1      6.2     14.1      8.5 2020  1 14  1  9 31.340  0.00  30
   100577  40.368591 -124.459985    17.721     -797.6     -689.0     -838.2      2.7      3.9      2.1 2020  2 16  2 38  6.780  0.00  30
   100578  40.368172 -124.459782    17.773     -780.3     -735.6     -786.2      2.0      4.5      2.2 2020  2 28  7 47  9.140  0.00  30
   100580  40.368380 -124.459782    17.728     -780.3     -712.5     -831.0      3.1      3.8      4.4 2020  3 24 20 10 18.920  0.00  30
   100581  40.369027 -124.459481    17.698     -754.7     -640.7     -860.8      4.8      8.1      6.0 2020  5  4 10 41 42.840  0.00  30
   100582  40.365190 -124.458895    17.736     -705.0    -1066.8     -822.6      5.0     11.1      8.7 2020  5 13  5 11 45.540  0.00  30
   100583  40.368351 -124.459741    17.759     -776.9     -715.7     -799.3      1.7      2.8      2.2 2020  6  9 10 47  6.140  0.00  30
   100584  40.368099 -124.459839    17.756     -785.2     -743.7     -803.2      1.7      2.2      2.3 2020  6 13  7  8 34.340  0.00  30
   100587  40.368270 -124.459969    17.749     -796.2     -724.7     -809.5      1.6      2.7      3.7 2020  8 20 18 40 55.160  0.00  30
   100588  40.368872 -124.459749    17.787     -777.5     -657.9     -771.4      3.2      5.7      2.3 2020  9 12 21 54 44.740  0.00  30
   100589  40.368880 -124.459619    17.783     -766.5     -657.0     -775.8      3.6      6.2      2.7 2020  9 12 21 37 16.080  0.00  30
   100590  40.368046 -124.459823    17.729     -783.8     -749.6     -829.4      2.0      3.0      3.7 2020 11 29 17 24 14.040  0.00  30
   100591  40.368062 -124.459993    17.784     -798.3     -747.8     -775.0      2.0      2.4      2.3 2021  4 17 10 27 49.580  0.00  30
   100592  40.367969 -124.459847    17.774     -785.8     -758.2     -784.6      2.5      2.7      2.3 2021  4 26 21 46 39.180  0.00  30
   100593  40.368111 -124.460067    17.774     -804.5     -742.4     -785.2      1.8      2.3      2.5 2021  5 11 12 13 44.620  0.00  30
   100594  40.367900 -124.459977    17.747     -796.9     -765.9     -811.4      2.0      3.4      3.8 2021  5 20  1 35 27.000  0.00  30
   100595  40.368827 -124.460645    17.691     -853.6     -662.8     -867.9      2.9      5.2      2.6 2021  6 15 11 27 24.780  0.00  30
   100596  40.368461 -124.460140    17.737     -810.7     -703.5     -821.9      2.6      4.9      2.4 2021  6 15 11 31  8.000  0.00  30
   100597  40.368184 -124.460156    17.727     -812.1     -734.2     -832.0      2.1      2.6      2.8 2021  6 15 11 58 52.480  0.00  30
   100598  40.368441 -124.460116    17.740     -808.7     -705.8     -818.3      1.6      2.7      2.4 2021  6 15 13  9 16.300  0.00  30
   100600  40.368559 -124.460246    17.718     -819.7     -692.7     -841.2      2.4      4.7      2.4 2021  8 12 11 50 12.180  0.00  30
   100602  40.369430 -124.460156    17.738     -812.1     -596.0     -820.9      2.8      2.7      2.8 2021  9 15  3 21  7.320  0.00  30
   100603  40.367456 -124.459969    17.760     -796.2     -815.1     -799.2      3.4      5.4      2.9 2021  9 24  8 15 17.120  0.00  30
   100604  40.368205 -124.459204    17.669     -731.2     -732.0     -889.7      5.0      6.3      4.7 2021 10 10 16 46 24.120  0.00  30
   100605  40.368424 -124.460295    17.705     -823.9     -707.6     -854.3      2.3      2.7      3.4 2021 10 29  1 24 55.020  0.00  30
   100606  40.368457 -124.460295    17.681     -823.9     -704.0     -877.7      1.9      3.4      2.5 2021 11  8 10 41 50.820  0.00  30
   100607  40.368742 -124.460189    17.746     -814.9     -672.3     -812.4      3.2      2.8      2.3 2021 11 15  1 46 35.440  0.00  30
   100610  40.370251 -124.457397    17.651     -577.8     -504.7     -908.2      5.2      8.2      5.0 2021 12 31 10  4 37.000  0.00  30
   100611  40.369027 -124.459709    17.786     -774.1     -640.7     -772.8      3.2      5.1      4.1 2022  3 22 11  4 35.800  0.00  30
   100612  40.369515 -124.459741    17.743     -776.9     -586.5     -815.9      3.0      6.2      2.9 2022  6  5  8 21 59.320  0.00  30
   100613  40.368595 -124.459855    17.726     -786.5     -688.6     -832.5      2.9      4.8      3.4 2022  8 17  5  6 21.800  0.00  30
   100614  40.366593 -124.460368    17.728     -830.1     -910.9     -830.7      3.8      4.4      3.3 2022  8 21  5 51  8.080  0.00  30
   100615  40.367948 -124.460010    17.754     -799.7     -760.4     -804.5      2.3      3.2      3.8 2022 10 25 21 20 54.620  0.00  30
   106864  40.419023 -124.408219    24.706     3597.5     4911.0     6147.2      6.1     39.1      9.5 2021 10  4  7 13 43.640  0.00  30
   106865  40.407479 -124.412801    25.354     3208.8     3629.1     6794.8      6.5     11.1      6.7 2021 12 21 23 35 58.700  0.00  30
   106871  40.418311 -124.408455    24.681     3577.5     4831.9     6121.9      5.8     37.4      9.1 2022 11 22 23  5 32.660  0.00  30
   109433  40.412126 -124.398966    19.905     4383.3     4145.1     1346.1      4.3      4.3      3.9 2021 12 22  1 59 55.300  0.00  30
   109434  40.412496 -124.398926    19.839     4386.7     4186.2     1280.4      4.0      4.4      3.9 2022  4 16 21  8 59.900  0.00  30
   110289  40.368738 -124.460482    17.721     -839.8     -672.8     -838.0      1.7      2.3      2.3 2023  1 26 21 33 28.920  1.26  30
   110418  40.403890 -124.421200    25.058     2495.8     3230.6     6499.0      5.1     11.1      6.6 2023  2 15 12  9 12.570  0.98  30
   110621  40.413542 -124.397054    19.967     4545.6     4302.3     1407.9      4.2      4.2      3.8 2023  2 12 15 30 31.930  3.14  30
