   106108  40.495793 -123.975521    20.735       31.7     -752.3     -156.2    100.1     99.2     91.0 2020  8  9  5 42 39.180  0.00  60
   106111  40.495805 -123.975553    20.739       29.0     -751.0     -151.8    111.1    101.0     86.9 2020 11 30  1 29 11.000  0.00  60
   106114  40.495650 -123.975635    20.730       22.1     -768.1     -161.3     97.7     87.9    127.8 2021  7 10  6 45  4.760  0.00  60
   106118  40.495850 -123.975684    20.752       17.9     -746.0     -139.6    140.6    141.9    142.5 2022  4 18 15 56 36.880  0.00  60
   106120  40.495723 -123.975692    20.732       17.2     -760.0     -159.5    105.1    118.1     80.7 2022  9  7 20 48 18.260  0.00  60
   106122  40.495508 -123.976017    20.716      -10.3     -783.9     -175.1    168.0    153.5    161.7 2022 11 18  1 46 11.180  0.00  60
   108843  40.507316 -123.976074    20.991      -15.2      527.3      100.0    110.6     92.7     98.7 2020  6 30 18 24 45.540  0.00  60
   108845  40.507442 -123.975854    21.010        3.4      541.3      118.6    111.8    104.8    108.1 2021  6 25 11 47  3.720  0.00  60
   108846  40.507406 -123.975944    21.008       -4.1      537.2      116.9    101.8    112.7    105.8 2021  6 29 14 49 28.900  0.00  60
   108847  40.507418 -123.975928    21.009       -2.8      538.6      117.7    101.0    107.2    121.8 2021  7 12  8  6 52.460  0.00  60
   108848  40.507422 -123.975920    21.010       -2.1      539.0      118.7    104.4    103.2    118.3 2021  7 31 15 40 27.060  0.00  60
   108850  40.507532 -123.975741    21.026       13.1      551.2      134.8    186.3    138.2    177.7 2022  1  7 22 34 42.920  0.00  60
   108851  40.507361 -123.976074    21.007      -15.2      532.3      116.1    167.3     85.2    214.4 2022  1 21 15 52 59.180  0.00  60
   108854  40.507060 -123.976693    20.978      -67.6      498.8       86.6    212.6    204.9    182.1 2022  7 26  5 20 28.200  0.00  60
   108855  40.507296 -123.976139    20.998      -20.7      525.0      106.8    124.6    109.9     99.2 2022 11 19 11 57  9.280  0.00  60
   110393  40.495829 -123.975553    20.743       29.0     -748.2     -148.0    101.9     96.4     95.2 2023  1  5 23 38  8.240  1.45  60
   110557  40.507263 -123.976164    20.992      -22.8      521.4      100.4    101.1     84.1    109.1 2023  1  2 17 21 40.040  1.10  60
