   108265  40.291386 -124.507178     7.260     -941.0    -1463.0      336.6      8.4     14.8     12.8 2020  7 19 14 14  0.040  0.00  61
   108266  40.293892 -124.506999     7.226     -925.8    -1184.7      302.5      8.6     16.2     13.4 2020  7 19  7 16  2.840  0.00  61
   108267  40.293884 -124.506942     7.241     -920.9    -1185.6      317.8      8.1     16.5     13.2 2020  7 19 13 47  8.720  0.00  61
   108274  40.308639 -124.505965     7.438     -837.8      452.7      514.0     19.9     49.2     34.4 2022  4 19 17 20 28.740  0.00  61
   108275  40.274264 -124.507894     7.642    -1002.0    -3364.3      718.8     12.7     89.9     31.9 2022  7 20  7 49  1.020  0.00  61
   108276  40.295585 -124.507772     7.799     -991.5     -996.7      875.4     10.8     29.8     20.1 2022  8 28 20 28 45.740  0.00  61
   109172  40.308809 -124.490186     6.496      503.6      471.7     -427.1      5.7     14.9     17.0 2020 11  8  0 15 47.520  0.00  61
   109173  40.312496 -124.489876     6.204      529.9      881.1     -719.2      6.1      8.1     11.1 2020 11  8  4 20 27.200  0.00  61
   109175  40.307731 -124.490690     5.316      460.8      352.0    -1607.1      6.3     11.3     15.2 2021  2 24  7 25 37.980  0.00  61
   109176  40.311117 -124.490063     6.309      514.0      727.9     -614.1      2.9      9.4     14.3 2021  7 12 22  0 22.220  0.00  61
   109178  40.306897 -124.490861     6.200      446.2      259.3     -723.8      6.0     15.6     16.2 2022  2 22  0 13  4.580  0.00  61
   109179  40.311723 -124.489795     6.228      536.8      795.2     -695.7      5.1      5.2      6.7 2022  3 25 20 18 45.560  0.00  61
   109180  40.312520 -124.489844     6.177      532.7      883.8     -746.4      4.6      7.1      9.9 2022  3 26 15 11 17.340  0.00  61
   109181  40.311735 -124.489803     6.246      536.1      796.6     -677.1      5.1      4.6      5.8 2022  3 26  5 22 28.200  0.00  61
   109185  40.310767 -124.490609     5.822      467.7      689.0    -1102.0     11.7     23.9     26.9 2022  7 19 10 59 54.100  0.00  61
   110490  40.290055 -124.507340     7.412     -954.8    -1610.8      488.9      7.5     16.6     14.0 2023  5  7  7 21 24.340  0.91  61
   110612  40.311906 -124.489730     6.229      542.4      815.5     -694.8      2.6      3.6      4.6 2023  3 17 11 55 14.190  1.91  61
