   104725  40.729911 -124.223804    20.735      -26.8        2.3        4.9     47.9     19.9     26.1 2021  8  1 17 14 21.960  0.00  18
   104728  40.729834 -124.222998    20.713       41.2       -6.3      -16.6     29.0     16.6     28.3 2021  8 12  1  5 10.400  0.00  18
   104729  40.729822 -124.222982    20.713       42.6       -7.7      -16.6     29.0     16.5     26.9 2021  8 12  1  0 35.920  0.00  18
   104730  40.729846 -124.223006    20.698       40.6       -5.0      -32.3     38.6     21.4     39.0 2021  8 12  4  6 13.180  0.00  18
   104731  40.729928 -124.223324    20.712       13.7        4.1      -18.0     27.9     15.7     23.9 2021  8 12  1 11 44.700  0.00  18
   104732  40.729919 -124.223340    20.714       12.4        3.2      -15.6     31.1     17.9     22.1 2021  8 12  4 31 21.500  0.00  18
   104736  40.729883 -124.223047    20.704       37.1       -0.9      -25.6     37.9     22.0     37.4 2021  8 12  4 26 21.340  0.00  18
   104738  40.729948 -124.223324    20.705       13.7        6.3      -25.1     24.7     15.1     23.6 2021  8 12  1 38 51.820  0.00  18
   104739  40.729862 -124.223047    20.722       37.1       -3.2       -8.4     32.3     19.5     30.0 2021  8 12  1 40 19.140  0.00  18
   104743  40.729850 -124.222933    20.721       46.7       -4.5       -8.5     40.2     20.8     37.6 2021  8 12  2  8 24.840  0.00  18
   104746  40.729915 -124.223169    20.717       26.8        2.7      -12.9     31.5     22.6     35.5 2021  8 12  1 17 20.740  0.00  18
   104751  40.729952 -124.223267    20.717       18.6        6.8      -12.9     25.0     17.7     22.7 2021  9 25 19 29 33.640  0.00  18
   104752  40.729891 -124.223039    20.727       37.8        0.0       -2.8     30.9     18.9     23.9 2021  9 25 19 41 25.880  0.00  18
   104753  40.729862 -124.223096    20.724       33.0       -3.2       -6.4     31.7     17.1     22.9 2021  9 25 20  4 29.320  0.00  18
   104754  40.729944 -124.223169    20.706       26.8        5.9      -24.5     30.1     18.3     31.5 2021  9 25 19 41 55.140  0.00  18
   104755  40.729915 -124.223291    20.703       16.5        2.7      -26.6     34.0     19.3     27.9 2021  9 25 21 31 36.900  0.00  18
   104756  40.729875 -124.222982    20.720       42.6       -1.8       -9.6     26.9     16.3     35.9 2021  9 25 19 57 59.400  0.00  18
   104757  40.729842 -124.223055    20.712       36.4       -5.4      -17.8     34.0     20.4     24.2 2021  9 25 19 21 20.700  0.00  18
   104758  40.729919 -124.223315    20.724       14.4        3.2       -5.6     25.6     19.0     28.7 2021  9 25 21 50 47.040  0.00  18
   104759  40.729883 -124.223022    20.723       39.2       -0.9       -7.4     32.5     21.4     21.9 2021  9 25 19 42 14.420  0.00  18
   104760  40.729972 -124.223283    20.724       17.2        9.0       -6.5     29.7     24.3     30.9 2021  9 25 19 30 41.020  0.00  18
   104765  40.729952 -124.223185    20.721       25.4        6.8       -8.8     23.3     15.8     27.1 2021  9 26  0 23 57.940  0.00  18
   104766  40.729915 -124.223242    20.708       20.6        2.7      -21.7     28.1     17.9     26.6 2021  9 26  4 48 58.440  0.00  18
   104767  40.729944 -124.223397    20.706        7.6        5.9      -23.6     27.5     16.7     29.5 2021  9 26  4 47 56.220  0.00  18
   104768  40.729924 -124.223291    20.711       16.5        3.6      -19.1     26.8     17.0     22.9 2021  9 26  4 58 59.300  0.00  18
   104769  40.729810 -124.223022    20.718       39.2       -9.0      -11.9     33.9     16.5     23.6 2021  9 26  3  8  4.900  0.00  18
   104770  40.729899 -124.223283    20.717       17.2        0.9      -12.5     28.6     15.5     21.1 2021  9 26  6 47  1.820  0.00  18
   104778  40.729761 -124.223136    20.723       29.6      -14.5       -6.9     45.2     29.9     36.8 2021  9 26  4 52 20.080  0.00  18
   104779  40.729907 -124.223022    20.707       39.2        1.8      -23.5     30.7     19.8     27.9 2021  9 27  3 38 24.020  0.00  18
   104780  40.729883 -124.223275    20.729       17.9       -0.9       -1.2     41.7     16.9     18.4 2021 10  2 13 58 43.600  0.00  18
   104782  40.729867 -124.222852    20.715       53.6       -2.7      -14.6     31.4     16.4     29.9 2021 10  2 16  3 32.660  0.00  18
   104785  40.729899 -124.223698    20.731      -17.9        0.9        1.1     48.0     19.2     25.6 2021 10 10  8 36 52.560  0.00  18
   104787  40.729895 -124.223779    20.746      -24.7        0.5       15.7     51.9     20.3     33.0 2021 10 10  9 56 51.320  0.00  18
   104791  40.729867 -124.223088    20.704       33.7       -2.7      -25.7     45.4     26.9     36.1 2021 10 18  5  9 10.720  0.00  18
   104793  40.729944 -124.223226    20.696       22.0        5.9      -34.2     42.6     25.2     36.5 2021 10 18  5  9 57.000  0.00  18
   104794  40.729858 -124.223079    20.724       34.4       -3.6       -6.4     26.9     16.0     22.2 2021 10 30 10 59 31.620  0.00  18
   104797  40.729956 -124.223771    20.723      -24.1        7.2       -7.0     44.1     17.8     23.6 2021 11  7 19 48  6.500  0.00  18
   104800  40.729907 -124.223104    20.687       32.3        1.8      -42.5     43.2     17.2     44.3 2022  3 25 13 28 32.140  0.00  18
   104801  40.729871 -124.222990    20.711       41.9       -2.3      -19.2     42.6     19.1     34.2 2022  3 25 22  6 11.360  0.00  18
   104803  40.729928 -124.223136    20.674       29.6        4.1      -56.5     44.5     19.5     45.2 2022  3 25 14  8 59.840  0.00  18
   104804  40.729940 -124.223177    20.692       26.1        5.4      -37.8     45.6     20.4     38.7 2022  3 25 13 50 50.600  0.00  18
   104805  40.729834 -124.222917    20.686       48.1       -6.3      -44.1     33.3     14.0     39.2 2022  3 25  8 23 32.880  0.00  18
   104806  40.729944 -124.223161    20.679       27.5        5.9      -50.6     44.0     19.8     43.8 2022  3 25 14 20 37.640  0.00  18
   104808  40.729879 -124.222925    20.678       47.4       -1.4      -51.7     48.0     17.6     46.4 2022  3 25 15 24 24.460  0.00  18
   104809  40.729936 -124.223169    20.689       26.8        5.0      -40.7     45.8     20.7     39.7 2022  3 25  9 31 23.220  0.00  18
   104810  40.729936 -124.223153    20.675       28.2        5.0      -55.2     45.9     20.8     41.0 2022  3 25 12 25 14.960  0.00  18
   104811  40.729903 -124.222974    20.685       43.3        1.4      -44.8     48.9     19.3     41.4 2022  3 25  8  9 50.540  0.00  18
   104814  40.729936 -124.223112    20.660       31.6        5.0      -69.8     47.2     21.3     42.3 2022  3 25 11 52 42.820  0.00  18
   104825  40.729842 -124.222795    20.704       58.4       -5.4      -25.9     45.4     20.5     32.1 2022  3 27  3 21 36.620  0.00  18
   104826  40.729891 -124.223104    20.681       32.3        0.0      -48.6     33.5     19.5     42.8 2022  6  6  6 54 28.160  0.00  18
   104829  40.729850 -124.223226    20.726       22.0       -4.5       -3.9     36.5     15.8     18.7 2022  6 27 15 18 26.760  0.00  18
   104831  40.729911 -124.223885    20.739      -33.7        2.3        8.7     62.3     24.0     33.5 2022  6 27 15 19 54.380  0.00  18
   104834  40.729810 -124.223600    20.691       -9.6       -9.0      -38.7     42.8     23.5     27.7 2022  9 22  6  7 32.900  0.00  18
   104836  40.729952 -124.223543    20.672       -4.8        6.8      -58.4     31.4     20.2     57.4 2022 11 19 14 19 54.200  0.00  18
   110351  40.729903 -124.223600    20.749       -9.6        1.4       19.1     23.6     14.3     25.0 2023  1  6 12 32 56.510  1.36  18
