   102182  40.446248 -124.654346    25.065       -6.2      -52.9     -154.7      2.6      3.9      9.8 2020  1 15 17 42 30.720  0.00  10
   102184  40.448942 -124.652694    25.340      133.9      246.3      120.5      7.3     10.1     28.4 2020  1 17  0 45  9.680  0.00  10
   102188  40.446098 -124.654118    25.474       13.1      -69.6      253.9      3.3      5.0     11.0 2020  1 21  4 20 43.480  0.00  10
   102200  40.449626 -124.651335    22.477      249.2      322.2    -2743.1     10.5     13.6     13.0 2020  3 19  5 35 45.780  0.00  10
   102205  40.446558 -124.654264    25.497        0.7      -18.5      277.1      2.2      4.5     12.8 2020  3 30 12 52 56.680  0.00  10
   102210  40.448291 -124.653402    25.416       73.9      174.0      195.9      6.3      8.6     23.3 2020  4 19 20 24 43.340  0.00  10
   102212  40.454618 -124.650887    23.796      287.2      876.6    -1423.5      4.5     14.4      5.8 2020  4 23 16 58 36.620  0.00  10
   102228  40.447038 -124.654191    25.574        6.9       34.8      354.3      3.7      4.2     13.4 2020  6  6 17 33 56.240  0.00  10
   102230  40.444368 -124.654842    25.333      -48.3     -261.6      112.8      5.5      8.4     14.7 2020  6  8  6 32 15.660  0.00  10
   102238  40.445182 -124.654622    25.303      -29.7     -171.2       83.3      5.0      7.2     16.6 2020  6 26 15 28 13.260  0.00  10
   102242  40.434001 -124.657699    26.080     -290.7    -1412.9      859.8      5.4      7.8     16.1 2020  7  2  9 45 28.780  0.00  10
   102243  40.451546 -124.652970    25.738      110.5      535.4      518.2      7.1     12.6     17.8 2020  7  4 10 27 11.180  0.00  10
   102245  40.446692 -124.654150    25.469       10.4       -3.6      249.4      2.7      3.7     10.8 2020  7 15 14 48 38.640  0.00  10
   102246  40.444059 -124.654696    25.420      -35.9     -296.0      199.9      4.1     10.4     12.3 2020  7 15  6 44  5.980  0.00  10
   102248  40.448376 -124.653906    24.980       31.1      183.4     -240.1      3.2      6.2     13.1 2020  7 19 18 15 35.580  0.00  10
   102251  40.448214 -124.654110    25.219       13.8      165.4       -0.5      5.7      7.4     12.0 2020  7 24 17 25 56.900  0.00  10
   102255  40.444234 -124.655054    25.158      -66.3     -276.5      -61.8      6.6      9.9     21.9 2020  8  9  8 20 35.060  0.00  10
   102264  40.449817 -124.653198    25.225       91.1      343.4        5.2      3.9      9.5      9.9 2020  8 30  7 38 46.020  0.00  10
   102266  40.446521 -124.654028    25.468       20.7      -22.6      247.7      3.1      3.9     11.5 2020  9  9 23 36 32.240  0.00  10
   102267  40.446891 -124.654093    25.446       15.2       18.5      226.1      2.6      4.3     10.9 2020  9 10  0 16 17.420  0.00  10
   102268  40.444076 -124.654777    25.208      -42.8     -294.1      -12.0      3.6     10.4     10.5 2020  9 10  3 19 24.240  0.00  10
   102270  40.446460 -124.654191    24.931        6.9      -29.4     -289.0      3.5      5.3     18.1 2020  9 18  0 58 33.740  0.00  10
   102277  40.443457 -124.655103    25.126      -70.4     -362.8      -93.9      8.9     13.4     20.8 2020 10 12 19 25 13.660  0.00  10
   102279  40.453308 -124.652148    25.184      180.2      731.1      -35.6      5.3     11.9     16.6 2020 10 14  1 51 41.000  0.00  10
   102282  40.448157 -124.653564    25.448       60.1      159.0      228.0      5.6      7.7     19.5 2020 10 21  8 40 43.180  0.00  10
   102283  40.445251 -124.655615    25.454     -113.9     -163.6      233.7      7.8     10.3     24.6 2020 10 24 23  4 54.880  0.00  10
   102285  40.446293 -124.654150    25.356       10.4      -47.9      135.7      2.9      6.2     11.5 2020 11  1 13 18 54.340  0.00  10
   102294  40.444312 -124.654867    25.788      -50.4     -267.9      567.7      3.9     10.0     10.2 2020 11 14  6 37 54.500  0.00  10
   102301  40.449491 -124.653288    25.409       83.5      307.2      188.5      7.0     11.3     22.5 2020 12  1 22 12 47.360  0.00  10
   102303  40.446012 -124.654102    24.739       14.5      -79.1     -480.9      3.9      6.5     18.6 2020 12  5 11 45  1.180  0.00  10
   102322  40.444385 -124.657104    26.948     -240.3     -259.8     1728.5      9.7     15.2     22.0 2021  3 12  0 34 57.040  0.00  10
   102324  40.443652 -124.654240    24.565        2.8     -341.1     -655.3      7.9     11.8     40.4 2021  3 12  1 21 53.360  0.00  10
   102333  40.447180 -124.654329    25.038       -4.8       50.6     -182.2      2.7      3.9     14.2 2021  4  2 13 31 56.200  0.00  10
   102336  40.445142 -124.654932    25.045      -55.9     -175.8     -174.6      5.4      8.2     21.0 2021  4 10 16 40 38.080  0.00  10
   102338  40.446187 -124.654362    25.056       -7.6      -59.6     -164.2      2.8      4.7     14.5 2021  4 16  5 33 23.300  0.00  10
   102340  40.445711 -124.654403    25.153      -11.0     -112.5      -67.3      2.8      5.2     11.7 2021  4 16  5 35 19.500  0.00  10
   102344  40.444792 -124.655273    25.409      -84.9     -214.6      189.2      7.2     11.2     23.1 2021  5  4 21 50 51.440  0.00  10
   102345  40.443856 -124.656592    26.721     -196.8     -318.5     1501.0      8.9     10.1     24.2 2021  5  4 21 38 56.240  0.00  10
   102355  40.446224 -124.654004    25.502       22.8      -55.6      282.3      4.9      4.7     10.4 2021  5 30  0 32 40.240  0.00  10
   102360  40.449084 -124.650431    23.368      325.9      262.1    -1852.0      7.1     12.7      8.7 2021  6 12 12 22 59.900  0.00  10
   102362  40.450277 -124.653377    25.143       75.9      394.5      -77.4      4.9      9.7     16.7 2021  6 24 19 30 18.060  0.00  10
   102371  40.447266 -124.654232    25.465        3.5       60.1      245.5      3.9      4.4     13.6 2021  7 21 12 26  5.200  0.00  10
   102372  40.447184 -124.654264    25.451        0.7       51.1      231.1      2.6      4.0      9.4 2021  7 21 11 22 14.200  0.00  10
   102373  40.445007 -124.653817    25.218       38.7     -190.7       -1.6      3.4      6.1     19.4 2021  7 21 11 54 55.820  0.00  10
   102384  40.447998 -124.654305    25.548       -2.8      141.4      327.7      2.5      4.9      7.9 2021  9  8  2 16  1.420  0.00  10
   102385  40.445549 -124.654435    25.029      -13.8     -130.6     -190.5      3.9      5.9     15.1 2021  9  9 12 37 57.360  0.00  10
   102387  40.446375 -124.654313    25.053       -3.5      -38.9     -167.3      3.1      4.0     14.0 2021  9 10  1  1 31.200  0.00  10
   102388  40.447282 -124.654289    25.363       -1.4       61.9      143.2      3.0      4.2      8.8 2021  9 15  6 30 53.620  0.00  10
   102390  40.445243 -124.654631    25.148      -30.4     -164.5      -71.7      5.7      7.6     19.1 2021 10  4  4 32 17.280  0.00  10
   102392  40.446781 -124.654329    25.587       -4.8        6.3      366.6      2.9      3.8     11.2 2021 10 18  2 39 39.300  0.00  10
   102393  40.445972 -124.654329    24.993       -4.8      -83.6     -227.4      4.1      5.1     16.3 2021 10 23 14 44 14.460  0.00  10
   102399  40.448503 -124.653768    25.465       42.8      197.5      244.9      4.8      7.7     15.7 2021 11 10  9 26 40.460  0.00  10
   102404  40.449064 -124.649341    23.298      418.4      259.8    -1921.6     14.5     22.2     17.7 2021 11 13  7 46 30.500  0.00  10
   102408  40.446318 -124.654150    25.047       10.4      -45.2     -173.1      3.8      4.1     12.8 2021 11 30  5 12 25.660  0.00  10
   102410  40.447253 -124.654069    25.123       17.3       58.7      -97.0      3.2      4.9      9.5 2021 12  1 15  9 27.140  0.00  10
   102414  40.446468 -124.654346    24.893       -6.2      -28.5     -326.8      4.1      4.6     20.4 2021 12 11 10  9 36.640  0.00  10
   102418  40.446269 -124.654224    25.199        4.1      -50.6      -20.7      3.0      6.2      9.4 2022  1  6 20 31  6.480  0.00  10
   102422  40.446212 -124.654142    25.056       11.0      -56.9     -164.5      3.9      4.0     13.7 2022  1 16 20  3 25.640  0.00  10
   102423  40.446785 -124.654199    24.728        6.2        6.8     -492.2      3.3      3.5     17.4 2022  1 16 23 26 59.440  0.00  10
   102424  40.446224 -124.654256    24.837        1.4      -55.6     -383.1      3.9      5.0     16.6 2022  1 16 23 21 31.880  0.00  10
   102425  40.446167 -124.654297    25.069       -2.1      -61.9     -150.7      4.8      5.3     15.7 2022  1 16 23 34 44.500  0.00  10
   102429  40.448250 -124.653874    25.455       33.8      169.4      234.9      3.7      6.5     11.9 2022  2 11  7 42  4.820  0.00  10
   102437  40.446537 -124.654224    25.341        4.1      -20.8      121.4      3.9      4.0     10.6 2022  3 26  2  8 37.740  0.00  10
   102439  40.447701 -124.654134    25.536       11.7      108.4      316.2      4.3      5.8     14.0 2022  3 26  3 20 55.020  0.00  10
   102441  40.448816 -124.651758    24.421      213.3      232.2     -799.0      6.9      8.4     32.9 2022  3 27  9  2  0.020  0.00  10
   102452  40.439172 -124.656047    25.110     -150.5     -838.6     -109.5      5.3     11.3     16.2 2022  5 19  4 59 54.560  0.00  10
   102456  40.445772 -124.654362    25.474       -7.6     -105.7      253.7      2.9      5.0     10.9 2022  5 26 14 46 51.040  0.00  10
   102460  40.447375 -124.654102    25.244       14.5       72.3       23.9      5.0      5.6     15.2 2022  6  4 18 39 40.820  0.00  10
   102461  40.447469 -124.654150    25.579       10.4       82.7      359.2      5.3      5.9     16.8 2022  6  4 18 37 39.740  0.00  10
   102462  40.446574 -124.654142    24.547       11.0      -16.7     -672.5      3.6      5.1     25.1 2022  6  7  7 42  2.260  0.00  10
   102467  40.447123 -124.654183    24.956        7.6       44.3     -263.6      3.8      5.6     12.7 2022  6 29 15 43 49.420  0.00  10
   102478  40.453357 -124.652881    25.404      118.1      736.5      184.1      6.9      9.9     20.3 2022  7 28  0 49 37.560  0.00  10
   102479  40.444804 -124.654997    24.594      -61.4     -213.3     -625.7      6.3     10.3     27.9 2022  8  1 11 26 14.540  0.00  10
   102480  40.445015 -124.654842    24.215      -48.3     -189.8    -1005.1      6.4      9.7     41.1 2022  8  1 11 14 15.880  0.00  10
   102484  40.447591 -124.654020    25.217       21.4       96.2       -2.7      3.9      6.1     10.4 2022  9  2 22 28 11.020  0.00  10
   102487  40.446257 -124.654264    24.779        0.7      -52.0     -440.8      3.3      4.9     18.7 2022  9 13 10 25 13.400  0.00  10
   102488  40.446842 -124.654167    25.372        9.0       13.1      151.7      2.6      4.4      9.8 2022  9 15 10 27 10.840  0.00  10
   102495  40.447664 -124.654134    25.507       11.7      104.4      286.9      4.6      6.2     14.3 2022 10  2 19 19 28.360  0.00  10
   102497  40.445646 -124.654631    25.298      -30.4     -119.7       78.5      5.7      8.6     17.0 2022 10  7 21 58 55.180  0.00  10
   102498  40.448238 -124.653394    25.241       74.6      168.1       20.5      7.2      9.6     22.6 2022 10  8 23 33 52.300  0.00  10
   102502  40.445768 -124.654134    25.211       11.7     -106.2       -8.7      2.8      7.3     12.4 2022 10 22  7  6 12.100  0.00  10
   102504  40.446476 -124.654110    25.433       13.8      -27.6      212.7      4.9      5.0      9.8 2022 11  8  8 25 11.960  0.00  10
   102510  40.449406 -124.652531    23.915      147.7      297.8    -1305.1      5.8     12.3      7.9 2022 11 22 13 37 11.000  0.00  10
   110301  40.446594 -124.654297    25.280       -2.1      -14.5       60.2      2.4      3.5      8.0 2023  5 20  8 26 59.420  1.66  10
