   105485  40.699280 -124.199268    17.332      129.3       24.4     -151.2    364.8    272.3    410.0 2020  2  5  5 58 25.560  0.00  53
   105486  40.699337 -124.199300    17.388      126.6       30.7      -94.9    484.7    364.0    487.4 2020  3 17 12 51 45.720  0.00  53
   105487  40.699377 -124.200163    17.399       53.6       35.2      -83.6    523.6    382.2    465.1 2020  4 15  7 17 47.580  0.00  53
   105489  40.699447 -124.199235    17.372      132.1       42.9     -111.1    442.5    323.0    361.0 2020  9  1  3 23  1.060  0.00  53
   105491  40.699174 -124.199137    17.312      140.3       12.7     -170.6    408.8    295.0    394.3 2022  6 26  6 12 19.280  0.00  53
   105492  40.699166 -124.199463    17.405      112.8       11.7      -77.3    463.1    247.6    260.1 2022  9 22  6  0 32.400  0.00  53
   105493  40.699357 -124.199365    17.366      121.1       33.0     -116.7    313.6    238.9    229.4 2022  9 22  6  2 18.960  0.00  53
   105494  40.699520 -124.199276    17.351      128.6       51.1     -131.7    344.8    303.3    281.3 2022  9 22  7 21 46.180  0.00  53
   105495  40.699638 -124.198625    17.336      183.6       64.2     -146.6    774.1    405.0    673.5 2022  9 22 15 52 11.740  0.00  53
   105496  40.699333 -124.199837    17.388       81.2       30.3      -95.2    368.0    242.6    277.3 2022  9 23  7 36 42.680  0.00  53
   105498  40.699325 -124.199967    17.387       70.2       29.4      -96.2    370.2    242.9    262.9 2022  9 25 11 10 14.460  0.00  53
   105501  40.699312 -124.199569    17.334      103.9       28.0     -149.0    345.0    250.8    293.3 2022 10 26 12 52 38.720  0.00  53
   105502  40.699410 -124.199715    17.371       91.5       38.9     -111.9    332.3    237.6    270.1 2022 10 28 19 52 59.400  0.00  53
   105503  40.699394 -124.199463    17.333      112.8       37.1     -149.6    299.6    230.6    278.7 2022 10 28 19 54 10.800  0.00  53
   108832  40.721802 -124.233415    17.093    -2756.2     2525.4     -389.8    770.5    439.5    518.9 2020  6 27  1 38 36.220  0.00  53
   108833  40.722477 -124.233049    16.991    -2725.3     2600.4     -492.0   1123.8    654.8   1102.7 2020  7  7 22 53  4.560  0.00  53
   108870  40.673897 -124.184896    18.311     1344.2    -2794.3      828.6    658.1    386.1    736.4 2021  3 19  7  6 30.900  0.00  53
   108873  40.674259 -124.172111    18.073     2424.9    -2754.1      590.1   1143.7    486.5   1808.7 2022  9 22 18 46  5.320  0.00  53
   110375  40.699239 -124.199609    17.423      100.4       19.9      -59.4    517.2    312.3    408.5 2023  4 18 21 27 56.500  2.49  53
   110555  40.722489 -124.234212    17.472    -2823.6     2601.8      -10.3    725.1    615.7    609.9 2023  5  5 10 40  9.930  1.00  53
   110562  40.673108 -124.174333    18.469     2237.2    -2881.9      986.1   1030.5    448.5    993.5 2023  2  1  1 28 26.490  1.31  53
   110714  40.704146 -124.194019    18.121      572.9      564.8      637.9    944.7    482.7    763.4 2023  1  6 12 27 19.440  3.44  53
