   106108  40.495809 -123.975505    20.735       33.1     -750.5     -155.7     22.9     17.5     20.6 2020  8  9  5 42 39.180  0.00  60
   106111  40.495748 -123.975627    20.735       22.8     -757.3     -156.7     22.5     20.6     20.1 2020 11 30  1 29 11.000  0.00  60
   106114  40.495638 -123.975627    20.726       22.8     -769.5     -164.7     28.0     27.9     28.5 2021  7 10  6 45  4.760  0.00  60
   106118  40.495760 -123.975749    20.746       12.4     -755.9     -145.7     21.8     19.6     18.7 2022  4 18 15 56 36.880  0.00  60
   106120  40.495736 -123.975618    20.733       23.5     -758.6     -158.1     23.1     20.5     19.8 2022  9  7 20 48 18.260  0.00  60
   106122  40.495817 -123.975505    20.737       33.1     -749.6     -154.5     21.5     16.7     20.3 2022 11 18  1 46 11.180  0.00  60
   108843  40.507312 -123.976082    20.992      -15.9      526.8      100.5     25.1     18.8     20.5 2020  6 30 18 24 45.540  0.00  60
   108845  40.507312 -123.976050    20.992      -13.1      526.8      100.7     18.0     17.2     18.5 2021  6 25 11 47  3.720  0.00  60
   108846  40.507320 -123.976074    20.998      -15.2      527.8      107.0     16.3     15.0     15.6 2021  6 29 14 49 28.900  0.00  60
   108847  40.507324 -123.976074    20.999      -15.2      528.2      107.5     15.5     13.9     15.1 2021  7 12  8  6 52.460  0.00  60
   108848  40.507320 -123.976074    20.998      -15.2      527.8      107.1     14.0     12.3     14.2 2021  7 31 15 40 27.060  0.00  60
   108850  40.507312 -123.976090    20.995      -16.6      526.8      104.3     22.2     18.2     19.9 2022  1  7 22 34 42.920  0.00  60
   108851  40.507312 -123.976090    20.992      -16.6      526.8      100.6     24.6     18.8     24.2 2022  1 21 15 52 59.180  0.00  60
   108854  40.507324 -123.976115    21.000      -18.6      528.2      108.8     16.4     11.4     15.3 2022  7 26  5 20 28.200  0.00  60
   108855  40.507316 -123.976107    21.000      -17.9      527.3      108.8     17.3     11.9     16.9 2022 11 19 11 57  9.280  0.00  60
   110393  40.495793 -123.975627    20.740       22.8     -752.3     -151.0     17.7     16.2     17.3 2023  1  5 23 38  8.240  1.45  60
   110557  40.507312 -123.976107    20.998      -17.9      526.8      106.6     17.0     12.9     15.8 2023  1  2 17 21 40.040  1.10  60
