   104481  40.457528 -124.594434    15.108     1496.0     2092.9     -986.4     41.6     38.2    106.3 2020  3 18 23  8 26.040  0.00  33
   104487  40.457271 -124.595516    14.634     1404.2     2064.4    -1460.5     15.0     31.3     48.3 2020 10  8  1 55 57.720  0.00  33
   104490  40.457084 -124.594108    15.450     1523.7     2043.7     -644.9     51.8     62.7     52.2 2021  5  6 21 17  8.520  0.00  33
   104492  40.456413 -124.595076    15.048     1441.5     1969.1    -1046.5     26.7     64.7     91.3 2021  5 22 23 14 19.040  0.00  33
   104497  40.457190 -124.595614    14.752     1395.9     2055.4    -1342.4     15.7     23.8     38.3 2021  9 11  3  0 21.140  0.00  33
   104498  40.456323 -124.595695    15.070     1389.0     1959.2    -1024.4     22.4     32.9     51.3 2021  9 11  3  1  4.800  0.00  33
   104499  40.457198 -124.594889    14.881     1457.4     2056.3    -1213.5     28.5     25.0     67.3 2021 11 16  9  0 22.520  0.00  33
   104500  40.456340 -124.595313    15.053     1421.5     1961.0    -1041.5     23.8     44.3     56.2 2021 12 10 12 25 58.640  0.00  33
   104501  40.457060 -124.595215    14.842     1429.8     2040.9    -1252.7     22.2     22.7     59.4 2021 12 10 12 35 52.640  0.00  33
   104502  40.456083 -124.595825    14.858     1378.0     1932.5    -1237.3     28.1     48.4     97.0 2021 12 20 12 11 43.960  0.00  33
   104507  40.456820 -124.595451    15.281     1409.8     2014.3     -814.1     29.8     53.6     73.3 2022 11 12 18 19 26.940  0.00  33
   104508  40.456360 -124.596012    14.974     1362.1     1963.2    -1120.9     43.2     58.0    107.7 2022 11 13 22 28 58.880  0.00  33
   108030  40.442948 -124.586711    20.187     2151.4      474.0     4091.7     45.5     60.2    103.2 2020  3 20  4 57 46.360  0.00  33
   108034  40.445028 -124.589225    20.803     1938.1      704.9     4707.7     73.6    120.9    106.0 2020  4 18  6  9 25.600  0.00  33
   108040  40.441553 -124.586076    20.939     2205.3      319.0     4843.7     34.6     58.2     65.7 2022  5 14  3 53 43.320  0.00  33
   108050  40.444421 -124.585807    20.352     2228.1      637.5     4257.3     57.4     92.8    131.2 2022  9 25  5 36 43.760  0.00  33
   109018  40.426156 -124.625944    15.942    -1177.4    -1390.8     -153.3     39.5     49.4     37.4 2020  9 11 21 15 56.120  0.00  33
   109019  40.426017 -124.625643    15.984    -1151.8    -1406.1     -110.5     30.0     45.6     44.9 2020  9 11 21 24 14.140  0.00  33
   109020  40.424939 -124.625830    16.177    -1167.7    -1525.9       82.5     29.9     45.4     38.9 2021  7 18  4  2  8.360  0.00  33
   109021  40.428170 -124.625667    15.832    -1153.9    -1167.1     -263.3     33.8     44.3     50.3 2022  1  6 16 11 51.780  0.00  33
   109022  40.428231 -124.625692    15.833    -1155.9    -1160.3     -262.3     36.5     42.8     41.8 2022  1  7  3 48 25.000  0.00  33
   109023  40.427844 -124.625570    15.989    -1145.6    -1203.2     -105.7     38.5     56.6     74.0 2022  7 28 23 32 44.180  0.00  33
   109024  40.425159 -124.625968    16.082    -1179.4    -1501.5      -13.2     31.5     44.0     62.3 2022  9  3  4 53  8.380  0.00  33
   109025  40.424674 -124.625358    16.814    -1127.7    -1555.2      719.2     42.2     65.7     92.3 2022  9 26 20 40 26.760  0.00  33
   109026  40.428853 -124.624837    15.449    -1083.4    -1091.2     -645.7     32.4     67.6     75.5 2022 11  8 12 31 51.720  0.00  33
   109720  40.414836 -124.649023    13.959    -3136.0    -2647.8    -2136.0     56.9     89.9    150.7 2021  7 23  3 43  1.120  0.00  33
   109722  40.412923 -124.650521    15.017    -3263.1    -2860.1    -1077.4     41.2     78.5    142.1 2022  5 16 16 24 49.400  0.00  33
   109723  40.410038 -124.651066    15.040    -3309.4    -3180.5    -1054.9     51.0     83.5    153.7 2022  5 16 16 26 37.480  0.00  33
   110340  40.456982 -124.595557    14.728     1400.8     2032.4    -1367.1     13.9     27.9     50.3 2023  5 28 21 51 34.820  1.43  33
   110473  40.442008 -124.586393    21.108     2178.4      369.6     5012.9     32.7     49.1     66.5 2022 12 29 18 28  9.820  1.32  33
   110585  40.427356 -124.625578    15.896    -1146.3    -1257.5     -198.5     32.6     37.1     36.8 2023  1 23  1 44 26.910  2.18  33
   110680  40.412626 -124.649813    16.320    -3203.0    -2893.1      225.5     40.6     66.8    152.3 2022 12 20 19 17  5.280  2.32  33
   110800  40.454118 -124.584359    19.102     2350.8     1714.3     3007.4     42.3     69.2     80.0 2023  4  2 19 37 29.680  0.86  33
