   108663  40.489217 -124.339657    19.306      -54.5      -12.7      -23.7      4.3      3.5      3.6 2022  3  5 15  4 56.760  0.00  37
   108665  40.489225 -124.339787    19.304      -65.5      -11.7      -25.0      4.0      4.3      4.0 2022  3  5 14 13 15.560  0.00  37
   108670  40.489823 -124.339380    19.328      -31.0       54.7       -1.4      3.6      3.7      4.0 2022  3 18  2  2 21.140  0.00  37
   108671  40.489583 -124.339323    19.339      -26.2       28.0        9.4      2.5      3.0      2.7 2022  3 18  2 55 56.140  0.00  37
   108673  40.489539 -124.339893    19.286      -74.5       23.0      -43.5      3.4      2.6      4.1 2022  5 13 21 13  4.360  0.00  37
   108674  40.489351 -124.339901    19.256      -75.2        2.3      -73.0      4.5      3.5      4.3 2022  5 13 11  3  1.340  0.00  37
   108675  40.489368 -124.339974    19.324      -81.4        4.1       -5.0      4.4      2.4      3.5 2022  7  9 13 10 58.000  0.00  37
   108676  40.489258 -124.340055    19.310      -88.3       -8.1      -19.6      4.4      2.5      3.0 2022  7 19 14 43  3.060  0.00  37
   108678  40.489705 -124.339469    19.297      -38.6       41.6      -32.5      3.3      3.5      3.8 2022  7 24 16 37 15.260  0.00  37
   108680  40.489417 -124.339673    19.353      -55.9        9.5       23.5      2.4      2.9      3.4 2022  7 26  2 56 53.120  0.00  37
   108681  40.489604 -124.339559    19.281      -46.2       30.3      -48.3      2.8      3.5      3.6 2022  9 12  7 56 19.840  0.00  37
   108682  40.489364 -124.339730    19.291      -60.7        3.6      -38.0      2.8      2.6      4.3 2022  9 12 16 26 23.860  0.00  37
   108683  40.489726 -124.339665    19.317      -55.2       43.8      -12.7      2.9      3.4      3.5 2022  9 12  6 56 34.320  0.00  37
   108684  40.489600 -124.339681    19.276      -56.6       29.8      -53.6      3.0      3.6      4.0 2022  9 12  6 57 16.840  0.00  37
   108686  40.489522 -124.339478    19.309      -39.3       21.2      -20.5      3.4      3.5      2.8 2022  9 12  7  2 14.940  0.00  37
   108687  40.489848 -124.339705    19.311      -58.6       57.4      -18.0      3.4      3.4      3.8 2022  9 12  6 55 47.640  0.00  37
   108688  40.489119 -124.339819    19.329      -68.3      -23.5       -0.7      4.5      3.8      2.8 2022  9 12  7  0 41.780  0.00  37
   108689  40.489111 -124.339575    19.321      -47.6      -24.4       -8.5      3.6      3.8      3.9 2022  9 12  6 58 44.140  0.00  37
   108690  40.489449 -124.340080    19.256      -90.4       13.1      -73.2      4.5      2.8      4.7 2022  9 13 12  0  9.260  0.00  37
   108692  40.489502 -124.339909    19.308      -75.9       19.0      -21.3      3.2      2.4      4.3 2022  9 13 23 59 39.940  0.00  37
   108693  40.489657 -124.339437    19.275      -35.9       36.1      -54.6      3.2      3.8      3.5 2022  9 15  4 38 42.340  0.00  37
   108694  40.489701 -124.339616    19.267      -51.1       41.1      -62.4      2.7      3.6      5.0 2022  9 19 10 45 20.920  0.00  37
   108695  40.489563 -124.339657    19.302      -54.5       25.8      -27.4      2.8      2.8      3.7 2022 10 13  0  1 53.180  0.00  37
   108697  40.489665 -124.339600    19.312      -49.7       37.1      -17.2      2.9      3.4      3.7 2022 11 21 11  3 27.100  0.00  37
   108698  40.489563 -124.339412    19.298      -33.8       25.8      -31.6      3.5      3.8      4.3 2022 11 21  9 56 47.360  0.00  37
   108699  40.489762 -124.339787    19.276      -65.5       47.9      -53.3      2.8      3.5      4.4 2022 11 21 11 24 43.840  0.00  37
   108700  40.489636 -124.339624    19.317      -51.7       33.9      -12.7      3.4      3.4      3.1 2022 11 21 11  5 34.240  0.00  37
   108701  40.489787 -124.339494    19.282      -40.7       50.6      -47.2      3.9      4.3      4.7 2022 11 21 12  2 33.900  0.00  37
   108704  40.489526 -124.339860    19.273      -71.8       21.7      -56.0      4.0      3.1      4.6 2022 11 22  1 39 11.480  0.00  37
   108705  40.489469 -124.340023    19.314      -85.6       15.4      -14.9      3.9      2.8      4.0 2022 11 24  7 16 24.120  0.00  37
   108706  40.489620 -124.339510    19.339      -42.1       32.1        9.3      4.1      4.5      5.2 2022 11 27  8 29 21.460  0.00  37
   108707  40.489278 -124.339648    19.308      -53.8       -5.9      -21.9      2.7      3.2      4.2 2022 11 27  7 15  5.860  0.00  37
   110543  40.489034 -124.339323    19.382      -26.2      -33.0       52.1      2.7      2.8      3.1 2023  1 10 17 58 54.640  1.07  37
