   108265  40.291805 -124.507031     7.269     -928.5    -1416.5      345.3     91.8    140.5    127.9 2020  7 19 14 14  0.040  0.00  61
   108266  40.296057 -124.506925     7.290     -919.5     -944.3      366.4     79.9    134.3    162.1 2020  7 19  7 16  2.840  0.00  61
   108267  40.295841 -124.506909     7.299     -918.1     -968.3      375.3     79.9    131.3    160.0 2020  7 19 13 47  8.720  0.00  61
   108274  40.316740 -124.506901     7.488     -917.3     1352.3      564.8    105.2    257.5    264.6 2022  4 19 17 20 28.740  0.00  61
   108275  40.278772 -124.507243     7.933     -946.6    -2863.7     1009.0    114.2    254.6    212.7 2022  7 20  7 49  1.020  0.00  61
   108276  40.300671 -124.507463     7.888     -965.1     -431.9      964.2     77.6    313.4    144.3 2022  8 28 20 28 45.740  0.00  61
   109172  40.306482 -124.489974     6.308      521.6      213.3     -615.1     73.2    160.1    194.2 2020 11  8  0 15 47.520  0.00  61
   109173  40.312264 -124.489982     6.124      520.9      855.3     -799.9     54.8     98.7    139.7 2020 11  8  4 20 27.200  0.00  61
   109175  40.308162 -124.491398     4.870      400.6      399.9    -2053.6    130.6    284.3    303.5 2021  2 24  7 25 37.980  0.00  61
   109176  40.310404 -124.490031     6.180      516.8      648.8     -743.5     48.4    100.2    149.8 2021  7 12 22  0 22.220  0.00  61
   109178  40.304183 -124.490820     6.126      449.7      -42.0     -797.1     70.6    253.5    191.9 2022  2 22  0 13  4.580  0.00  61
   109179  40.311808 -124.489600     6.248      553.4      804.7     -675.3     52.0     72.3     97.1 2022  3 25 20 18 45.560  0.00  61
   109180  40.312878 -124.489941     6.230      524.4      923.5     -693.1     58.4     78.1    113.5 2022  3 26 15 11 17.340  0.00  61
   109181  40.311764 -124.489632     6.248      550.7      799.7     -675.1     51.5     66.1     87.8 2022  3 26  5 22 28.200  0.00  61
   109185  40.310588 -124.491528     5.699      389.5      669.2    -1224.1    109.6    247.9    306.8 2022  7 19 10 59 54.100  0.00  61
   110490  40.286877 -124.507324     7.344     -953.5    -1963.6      420.8     91.0    191.3    140.0 2023  5  7  7 21 24.340  0.91  61
   110612  40.312016 -124.489746     6.232      541.0      827.7     -691.4     47.9     68.5     95.0 2023  3 17 11 55 14.190  1.91  61
