   100045  40.492000 -124.337899    19.020        0.7        4.1       -0.0      0.0      0.0      0.0 2021  8 26 18 32 24.440  0.00  11
   100046  40.492000 -124.337899    19.020        0.7        4.1       -0.0      0.0      0.0      0.0 2021  8 26 19 24  2.720  0.00  11
   100064  40.492000 -124.337899    19.020        0.7        4.1       -0.0      0.0      0.0      0.0 2021 12 20 21 52  7.440  0.00  11
   100066  40.492000 -124.337899    19.020        0.7        4.1       -0.0      0.0      0.0      0.0 2021 12 21 21 30 51.420  0.00  11
   100067  40.492000 -124.337899    19.020        0.7        4.1       -0.0      0.0      0.0      0.0 2021 12 21 12 55 53.380  0.00  11
   100068  40.492000 -124.337899    19.020        0.7        4.1       -0.0      0.0      0.0      0.0 2021 12 21 12 45 57.660  0.00  11
   100069  40.492000 -124.337899    19.020        0.7        4.1       -0.0      0.0      0.0      0.0 2021 12 21 12 37 28.080  0.00  11
   100070  40.492000 -124.337899    19.020        0.7        4.1       -0.0      0.0      0.0      0.0 2021 12 21 13 17 10.920  0.00  11
   100072  40.492000 -124.337899    19.020        0.7        4.1       -0.0      0.0      0.0      0.0 2021 12 21 12 47 57.820  0.00  11
   100086  40.492000 -124.337899    19.020        0.7        4.1       -0.0      0.0      0.0      0.0 2021 12 22  5 15 45.380  0.00  11
   100092  40.492000 -124.337899    19.020        0.7        4.1       -0.0      0.0      0.0      0.0 2021 12 23 12 18 27.560  0.00  11
   100099  40.492000 -124.337899    19.020        0.7        4.1       -0.0      0.0      0.0      0.0 2021 12 26 10 40 33.820  0.00  11
   100101  40.492000 -124.337899    19.020        0.7        4.1       -0.0      0.0      0.0      0.0 2021 12 28 20 37  0.280  0.00  11
   100106  40.492000 -124.337899    19.020        0.7        4.1       -0.0      0.0      0.0      0.0 2021 12 31 19 14 39.200  0.00  11
   100107  40.492000 -124.337899    19.020        0.7        4.1       -0.0      0.0      0.0      0.0 2021 12 31 19 57 44.880  0.00  11
   100108  40.492000 -124.337899    19.020        0.7        4.1       -0.0      0.0      0.0      0.0 2021 12 31 15  4  0.320  0.00  11
   100110  40.492000 -124.337899    19.020        0.7        4.1       -0.0      0.0      0.0      0.0 2021 12 31 20 59 57.000  0.00  11
   100114  40.492000 -124.337899    19.020        0.7        4.1       -0.0      0.0      0.0      0.0 2021 12 31 23 29 55.280  0.00  11
   100115  40.492000 -124.337899    19.020        0.7        4.1       -0.0      0.0      0.0      0.0 2021 12 31 21  9 58.240  0.00  11
   100116  40.492000 -124.337899    19.020        0.7        4.1       -0.0      0.0      0.0      0.0 2021 12 31 21 35 51.300  0.00  11
   100117  40.492000 -124.337899    19.020        0.7        4.1       -0.0      0.0      0.0      0.0 2021 12 31 20 55  7.260  0.00  11
   100120  40.492000 -124.337899    19.020        0.7        4.1       -0.0      0.0      0.0      0.0 2021 12 31 21 53 53.900  0.00  11
   100121  40.492000 -124.337899    19.020        0.7        4.1       -0.0      0.0      0.0      0.0 2021 12 31 22 47 38.720  0.00  11
   100123  40.492000 -124.337899    19.020        0.7        4.1       -0.0      0.0      0.0      0.0 2021 12 31 21 19 47.040  0.00  11
   100124  40.492000 -124.337899    19.020        0.7        4.1       -0.0      0.0      0.0      0.0 2021 12 31 22 39 32.540  0.00  11
   100127  40.492000 -124.337899    19.020        0.7        4.1       -0.0      0.0      0.0      0.0 2021 12 31 21 23 57.420  0.00  11
   100128  40.492000 -124.337899    19.020        0.7        4.1       -0.0      0.0      0.0      0.0 2021 12 31 23 19 30.920  0.00  11
   100129  40.492000 -124.337899    19.020        0.7        4.1       -0.0      0.0      0.0      0.0 2021 12 31 21 37 52.420  0.00  11
   100134  40.492000 -124.337899    19.020        0.7        4.1       -0.0      0.0      0.0      0.0 2021 12 31 21 16 16.260  0.00  11
   100143  40.492000 -124.337899    19.020        0.7        4.1       -0.0      0.0      0.0      0.0 2021 12 31 20 59 17.960  0.00  11
   100148  40.492000 -124.337899    19.020        0.7        4.1       -0.0      0.0      0.0      0.0 2021 12 31 21  8 19.840  0.00  11
   100178  40.492000 -124.337899    19.020        0.7        4.1       -0.0      0.0      0.0      0.0 2021 12 31 21  3 45.720  0.00  11
   100182  40.492000 -124.337899    19.020        0.7        4.1       -0.0      0.0      0.0      0.0 2022  1  1 11  0 43.600  0.00  11
   100185  40.492000 -124.337899    19.020        0.7        4.1       -0.0      0.0      0.0      0.0 2022  1  1 18 22 21.660  0.00  11
   100190  40.492000 -124.337899    19.020        0.7        4.1       -0.0      0.0      0.0      0.0 2022  1  1  0 10 48.480  0.00  11
   100192  40.492000 -124.337899    19.020        0.7        4.1       -0.0      0.0      0.0      0.0 2022  1  1  0 27 55.780  0.00  11
   100204  40.492000 -124.337899    19.020        0.7        4.1       -0.0      0.0      0.0      0.0 2022  1  1 16 47 26.520  0.00  11
   100206  40.492000 -124.337899    19.020        0.7        4.1       -0.0      0.0      0.0      0.0 2022  1  1 16 43 47.340  0.00  11
   100207  40.492000 -124.337899    19.020        0.7        4.1       -0.0      0.0      0.0      0.0 2022  1  1  8 28  6.960  0.00  11
   100217  40.492000 -124.337899    19.020        0.7        4.1       -0.0      0.0      0.0      0.0 2022  1  1  6 41  0.200  0.00  11
   100224  40.492000 -124.337899    19.020        0.7        4.1       -0.0      0.0      0.0      0.0 2022  1  1 15  9 42.160  0.00  11
   100253  40.492000 -124.337899    19.020        0.7        4.1       -0.0      0.0      0.0      0.0 2022  1  2  2 34 13.020  0.00  11
   100259  40.492000 -124.337899    19.020        0.7        4.1       -0.0      0.0      0.0      0.0 2022  1  2  3  0 10.440  0.00  11
   100304  40.492000 -124.337899    19.020        0.7        4.1       -0.0      0.0      0.0      0.0 2022  1  6 12  5 41.240  0.00  11
   100308  40.492000 -124.337899    19.020        0.7        4.1       -0.0      0.0      0.0      0.0 2022  1  6 20 13 30.520  0.00  11
   100314  40.492000 -124.337899    19.020        0.7        4.1       -0.0      0.0      0.0      0.0 2022  1  6  8 13  8.760  0.00  11
   100328  40.492000 -124.337899    19.020        0.7        4.1       -0.0      0.0      0.0      0.0 2022  1  7  1 20 21.340  0.00  11
   100337  40.492000 -124.337899    19.020        0.7        4.1       -0.0      0.0      0.0      0.0 2022  1  9 19 50 37.000  0.00  11
   100342  40.492000 -124.337899    19.020        0.7        4.1       -0.0      0.0      0.0      0.0 2022  1  9 22  8 42.720  0.00  11
   100344  40.492000 -124.337899    19.020        0.7        4.1       -0.0      0.0      0.0      0.0 2022  1 10  3 24 18.400  0.00  11
   100347  40.492000 -124.337899    19.020        0.7        4.1       -0.0      0.0      0.0      0.0 2022  1 11 16 49 23.060  0.00  11
   100350  40.492000 -124.337899    19.020        0.7        4.1       -0.0      0.0      0.0      0.0 2022  1 13  3 20 48.560  0.00  11
   100353  40.492000 -124.337899    19.020        0.7        4.1       -0.0      0.0      0.0      0.0 2022  1 14  7 11 12.220  0.00  11
   100357  40.492000 -124.337899    19.020        0.7        4.1       -0.0      0.0      0.0      0.0 2022  1 15  8 56 29.000  0.00  11
   100367  40.492000 -124.337899    19.020        0.7        4.1       -0.0      0.0      0.0      0.0 2022  1 18  3 51 51.180  0.00  11
   100375  40.492000 -124.337899    19.020        0.7        4.1       -0.0      0.0      0.0      0.0 2022  1 20  2 30 19.360  0.00  11
   100385  40.492000 -124.337899    19.020        0.7        4.1       -0.0      0.0      0.0      0.0 2022  1 22  7 52  7.580  0.00  11
   100396  40.492000 -124.337899    19.020        0.7        4.1       -0.0      0.0      0.0      0.0 2022  1 26  5 31  8.980  0.00  11
   100410  40.492000 -124.337899    19.020        0.7        4.1       -0.0      0.0      0.0      0.0 2022  1 28 14 42  3.420  0.00  11
   100411  40.492000 -124.337899    19.020        0.7        4.1       -0.0      0.0      0.0      0.0 2022  1 28 15 13 34.140  0.00  11
   100413  40.492000 -124.337899    19.020        0.7        4.1       -0.0      0.0      0.0      0.0 2022  1 28 23 37 47.680  0.00  11
   100418  40.492000 -124.337899    19.020        0.7        4.1       -0.0      0.0      0.0      0.0 2022  1 30 14  9  6.460  0.00  11
   100424  40.492000 -124.337899    19.020        0.7        4.1       -0.0      0.0      0.0      0.0 2022  1 31  3 44  9.420  0.00  11
   100444  40.492000 -124.337899    19.020        0.7        4.1       -0.0      0.0      0.0      0.0 2022  2 12 11 58 56.260  0.00  11
   100446  40.492000 -124.337899    19.020        0.7        4.1       -0.0      0.0      0.0      0.0 2022  2 13  7 26 59.800  0.00  11
   100462  40.492000 -124.337899    19.020        0.7        4.1       -0.0      0.0      0.0      0.0 2022  2 23  8 39 44.380  0.00  11
   100464  40.492000 -124.337899    19.020        0.7        4.1       -0.0      0.0      0.0      0.0 2022  2 24 10 51 31.540  0.00  11
   100470  40.492000 -124.337899    19.020        0.7        4.1       -0.0      0.0      0.0      0.0 2022  3  1  0  4 49.940  0.00  11
   100477  40.492000 -124.337899    19.020        0.7        4.1       -0.0      0.0      0.0      0.0 2022  3 15 19 13 55.500  0.00  11
   100483  40.492000 -124.337899    19.020        0.7        4.1       -0.0      0.0      0.0      0.0 2022  3 23 22 33 50.700  0.00  11
   100492  40.492000 -124.337899    19.020        0.7        4.1       -0.0      0.0      0.0      0.0 2022  4  8 18 15 50.020  0.00  11
   100505  40.492000 -124.337899    19.020        0.7        4.1       -0.0      0.0      0.0      0.0 2022  5 29  1 15 33.020  0.00  11
   100517  40.492000 -124.337899    19.020        0.7        4.1       -0.0      0.0      0.0      0.0 2022  8 22 11 28 24.380  0.00  11
   100521  40.492000 -124.337899    19.020        0.7        4.1       -0.0      0.0      0.0      0.0 2022 10  9  0 31 56.300  0.00  11
   110287  40.492000 -124.337899    19.020        0.7        4.1       -0.0      0.0      0.0      0.0 2022 12 19 13 16 26.360  0.85  11
