   108265  40.291211 -124.507039     7.261     -929.2    -1482.4      337.5      4.7      7.5     10.8 2020  7 19 14 14  0.040  0.00  61
   108266  40.293368 -124.506934     7.215     -920.2    -1243.0      291.6      4.5     11.2      9.6 2020  7 19  7 16  2.840  0.00  61
   108267  40.293429 -124.506852     7.233     -913.3    -1236.2      309.6      4.3     11.5      9.4 2020  7 19 13 47  8.720  0.00  61
   108274  40.307446 -124.505721     7.378     -817.0      320.3      454.2      9.9     25.5     17.9 2022  4 19 17 20 28.740  0.00  61
   108276  40.294499 -124.507918     7.755    -1003.9    -1117.4      831.0      5.9     16.2     11.1 2022  8 28 20 28 45.740  0.00  61
   109172  40.309123 -124.490194     6.511      503.0      506.5     -412.5      3.3      7.5      9.0 2020 11  8  0 15 47.520  0.00  61
   109173  40.312549 -124.489884     6.225      529.2      886.9     -698.9      3.6      4.5      5.7 2020 11  8  4 20 27.200  0.00  61
   109175  40.307686 -124.490609     5.358      467.7      347.0    -1565.2      4.2     11.6     10.3 2021  2 24  7 25 37.980  0.00  61
   109176  40.311259 -124.490055     6.321      514.7      743.7     -602.8      1.8      5.5      8.2 2021  7 12 22  0 22.220  0.00  61
   109178  40.307157 -124.490910     6.217      442.1      288.3     -706.4      3.0      7.3      8.7 2022  2 22  0 13  4.580  0.00  61
   109179  40.311715 -124.489819     6.223      534.8      794.3     -700.8      3.1      2.8      3.6 2022  3 25 20 18 45.560  0.00  61
   109180  40.312476 -124.489819     6.171      534.8      878.8     -753.0      2.7      4.1      5.8 2022  3 26 15 11 17.340  0.00  61
   109181  40.311743 -124.489819     6.248      534.8      797.5     -675.7      3.1      2.8      3.4 2022  3 26  5 22 28.200  0.00  61
   109185  40.310689 -124.490365     5.827      488.4      680.4    -1096.9      6.7     11.0     11.6 2022  7 19 10 59 54.100  0.00  61
   110490  40.290474 -124.507422     7.418     -961.8    -1564.2      494.5      4.2     10.1      8.7 2023  5  7  7 21 24.340  0.91  61
   110612  40.311890 -124.489730     6.228      542.4      813.7     -695.3      1.4      1.7      1.9 2023  3 17 11 55 14.190  1.91  61
