   103313  40.387134 -124.285002    30.584       39.4       14.9      -15.6    482.0    393.9    373.2 2020  2 15 13  9 35.880  0.00  41
   103314  40.387130 -124.285010    30.583       38.7       14.5      -16.5    476.9    400.7    376.0 2020  2 15 12 12 19.360  0.00  41
   103315  40.387174 -124.285173    30.611       24.9       19.4       10.9    413.2    345.2    234.9 2020  3 18 22 35 28.520  0.00  41
   103318  40.386975 -124.285636    30.597      -14.5       -2.7       -2.9    378.4    374.9    287.0 2021  3 24  9 30 55.440  0.00  41
   103319  40.386979 -124.285400    30.594        5.5       -2.3       -5.7    333.4    274.1    241.0 2021  8 17  5 27  3.920  0.00  41
   103320  40.386727 -124.284456    30.590       85.7      -30.3      -10.4    543.6    493.4    266.1 2021  9 14  9 59 47.740  0.00  41
   103322  40.385844 -124.283089    30.558      201.8     -128.3      -41.5    761.2    534.8    404.9 2021 11  3  0 28 20.280  0.00  41
   103323  40.386963 -124.285742    30.592      -23.5       -4.1       -8.4    567.5    424.4    278.4 2021 11  3  6 31 54.860  0.00  41
   103325  40.386259 -124.282357    30.582      264.0      -82.2      -18.2    902.7    497.1    307.6 2021 11 13  5 33 46.340  0.00  41
   103327  40.387374 -124.285425    30.621        3.5       41.6       21.4    551.3    751.7    385.1 2021 12 20 21 25  6.680  0.00  41
   103328  40.387126 -124.285433    30.609        2.8       14.0        9.0    663.1    632.1    343.0 2021 12 20 20 24 46.540  0.00  41
   103329  40.387423 -124.287321    30.622     -157.5       47.0       22.4    824.5    388.5    211.7 2021 12 20 20 56 50.100  0.00  41
   103330  40.386304 -124.287199    30.573     -147.2      -77.3      -26.8    886.9    598.1    293.1 2021 12 20 22 41  8.120  0.00  41
   103331  40.386955 -124.285514    30.596       -4.1       -5.0       -4.0    400.9    399.2    265.8 2021 12 21 20 23 41.540  0.00  41
   103332  40.386991 -124.285392    30.600        6.2       -0.9       -0.1    339.8    358.1    251.3 2021 12 21  0  9 50.600  0.00  41
   103333  40.386959 -124.285295    30.582       14.5       -4.5      -17.7    615.7    225.4    251.9 2021 12 21  2 46  7.160  0.00  41
   103337  40.387292 -124.285815    30.612      -29.7       32.5       12.1   1185.7    495.6    294.3 2021 12 21  4 41 45.900  0.00  41
   103341  40.387528 -124.286540    30.619      -91.2       58.7       19.0    445.9    452.4    297.8 2021 12 21  1 59 38.600  0.00  41
   103345  40.386462 -124.285441    30.583        2.1      -59.6      -17.0    373.0    458.7    249.3 2021 12 22 12  3 31.780  0.00  41
   103348  40.387358 -124.286271    30.614      -68.4       39.8       14.1    375.3    427.0    265.4 2021 12 25 13  9 17.400  0.00  41
   103349  40.389921 -124.293368    30.728     -670.9      324.4      127.7   1252.6    844.1    537.8 2021 12 25  2 19 30.600  0.00  41
   103350  40.386959 -124.285465    30.602        0.0       -4.5        2.1    299.9    228.5    224.8 2021 12 26  4 29 53.280  0.00  41
   103353  40.387219 -124.286108    30.606      -54.6       24.4        6.3    458.6    369.7    220.2 2022  1  1 16 21 37.340  0.00  41
   103354  40.387382 -124.287410    30.607     -165.1       42.5        6.6    821.1    345.2    233.9 2022  1  7  0 16 26.240  0.00  41
   103356  40.387024 -124.285327    30.601       11.7        2.7        0.9    318.9    252.9    213.5 2022  1 20  8 13 37.120  0.00  41
   103361  40.387081 -124.285392    30.605        6.2        9.0        4.6    298.0    322.5    204.0 2022  4 25 14 43 53.920  0.00  41
   103363  40.387227 -124.285441    30.622        2.1       25.3       21.5    613.0    788.8    403.1 2022  5 15  0 24 23.100  0.00  41
   103366  40.386938 -124.285449    30.598        1.4       -6.8       -2.5    346.4    362.1    236.9 2022  6 29 19 18 19.300  0.00  41
   103367  40.387415 -124.282813    30.603      225.3       46.1        2.8    919.5    393.4    225.2 2022  8  2 13 46 54.320  0.00  41
   103369  40.386991 -124.285726    30.598      -22.1       -0.9       -2.0    449.9    355.5    230.2 2022  9  1 22 17 11.240  0.00  41
   103370  40.387528 -124.286743    30.584     -108.5       58.7      -15.6    694.2    480.1    263.6 2022 10 13  6  5 38.260  0.00  41
   110320  40.386926 -124.285449    30.599        1.4       -8.1       -0.6    301.3    279.2    212.6 2023  5  3 16 44 54.560  1.67  41
