   104315  40.500020 -124.471493    28.805       -3.4      -19.4      -15.0    118.6    167.3    134.2 2020  2 29  6 32  4.220  0.00  44
   104316  40.500045 -124.471313    28.795       11.7      -16.7      -24.6    120.7    130.3    137.9 2020  2 29  5 10 55.440  0.00  44
   104318  40.499707 -124.471680    28.799      -19.3      -54.2      -21.0    142.4    236.4    142.1 2020  3  9  4  5 43.220  0.00  44
   104320  40.499723 -124.471126    28.746       27.6      -52.4      -73.9    149.2    198.0    195.7 2020  4  7 20 37 32.440  0.00  44
   104328  40.500936 -124.472127    28.937      -57.3       82.2      117.2    158.6    122.1    169.0 2020  8 25  0 14 44.680  0.00  44
   104329  40.500049 -124.471436    28.808        1.4      -16.3      -11.7    108.4    166.6    140.5 2021  2 18  7 41 28.860  0.00  44
   104331  40.500041 -124.472087    28.892      -53.8      -17.2       71.6    137.3    216.8    164.8 2021  5  8  9 20 14.780  0.00  44
   104335  40.499992 -124.471208    28.789       20.7      -22.6      -31.1    142.5    143.1    166.9 2021  7  4  9 17 56.000  0.00  44
   104338  40.501493 -124.473356    29.088     -161.4      144.1      268.5    247.4    223.8    257.5 2021  7  9  8 58 26.480  0.00  44
   104341  40.498987 -124.472274    28.855      -69.7     -134.2       35.4    165.1    276.8    159.0 2021  7 22 17  3 20.420  0.00  44
   104346  40.499984 -124.471411    28.804        3.4      -23.5      -15.9    128.1    133.4    155.3 2021  8 12 22  5 24.040  0.00  44
   104348  40.499976 -124.470980    28.766       40.0      -24.4      -53.8    137.9    151.9    158.1 2021  9  9 17 29 27.180  0.00  44
   104349  40.500057 -124.471281    28.790       14.5      -15.4      -29.6    144.2    144.9    169.7 2021  9 11  3 40  9.640  0.00  44
   104353  40.501705 -124.474243    29.131     -236.6      167.6      310.9    203.1    224.3    237.9 2021  9 25  2 26 47.460  0.00  44
   104355  40.500114 -124.472046    28.868      -50.4       -9.0       47.8    148.6    211.3    155.4 2021 10 31  6  6 24.240  0.00  44
   104356  40.500065 -124.471997    28.857      -46.2      -14.5       36.6    143.0    205.4    145.3 2021 10 31  6 11 51.880  0.00  44
   104357  40.500151 -124.471403    28.802        4.1       -5.0      -18.0    124.2    136.0    152.9 2021 11 20  7 24  9.400  0.00  44
   104358  40.500004 -124.471313    28.793       11.7      -21.2      -27.3    118.5    132.0    144.2 2021 12 18  9 25 32.000  0.00  44
   104359  40.500387 -124.471606    28.868      -13.1       21.2       47.6    134.6    111.2    128.9 2021 12 18 22 39 54.400  0.00  44
   104360  40.500090 -124.471289    28.805       13.8      -11.7      -15.5    136.7    137.4    160.5 2021 12 18  9  9 50.140  0.00  44
   104364  40.501664 -124.473161    29.072     -144.9      163.1      251.8    218.4    185.9    209.1 2021 12 20 21 52 57.420  0.00  44
   104365  40.500000 -124.470996    28.767       38.6      -21.7      -53.1    136.6    152.9    157.1 2021 12 20 20 20 46.040  0.00  44
   104368  40.500077 -124.472201    28.911      -63.5      -13.1       91.2    163.7    257.8    201.6 2022  1 18 19 57 40.240  0.00  44
   104369  40.499426 -124.471265    28.739       15.9      -85.4      -81.3    164.2    220.6    202.5 2022  1 23 14 14 28.080  0.00  44
   104370  40.500928 -124.471436    28.940        1.4       81.3      119.7    236.9    143.6    154.2 2022  2 18  3 26 35.760  0.00  44
   104371  40.500220 -124.472502    28.951      -89.0        2.7      130.9    184.3    271.7    230.9 2022  3  3  0 51 53.940  0.00  44
   104372  40.500163 -124.472282    28.883      -70.4       -3.6       63.0    174.1    247.0    179.7 2022  3 20 12  6 54.320  0.00  44
   104373  40.498482 -124.470833    28.642       52.4     -190.2     -177.8    233.9    289.4    285.6 2022  3 22 20 56 34.200  0.00  44
   110336  40.500085 -124.471183    28.780       22.8      -12.2      -39.7    116.7    140.4    122.2 2022 12 22 20 56 54.800  1.39  44
