   106010  40.276579 -124.562109    18.225       13.8     -112.5      -44.5     32.0    115.0     55.5 2020  2 10 16 52 35.900  0.00  40
   106012  40.278162 -124.562264    18.247        0.7       63.3      -22.8     28.8     56.3     52.6 2020  3 20  4 52 58.960  0.00  40
   106014  40.277995 -124.562297    18.203       -2.1       44.7      -67.0     30.2     39.6     77.8 2020  4  7 23 24 48.060  0.00  40
   106017  40.277413 -124.562297    18.284       -2.1      -19.9       14.3     22.2     52.1     63.0 2020  7 16 18 56 25.600  0.00  40
   106019  40.278084 -124.562264    18.316        0.7       54.7       45.9     19.3     55.5     69.9 2020  8  4 17 55 32.040  0.00  40
   106020  40.277482 -124.562492    18.393      -18.7      -12.2      122.8     36.8     77.2     99.0 2020  9  6  7 26 57.220  0.00  40
   106021  40.276001 -124.562329    18.281       -4.8     -176.7       11.4     19.3    113.8     63.8 2020  9 17 15 29 55.440  0.00  40
   106023  40.277791 -124.562337    18.286       -5.5       22.1       15.8     21.9     47.7     51.7 2020 10  7 20 16 32.860  0.00  40
   106025  40.277747 -124.562345    18.328       -6.2       17.2       57.6     22.1     43.4     67.9 2020 10 30  5 28 15.440  0.00  40
   106026  40.277865 -124.562264    18.287        0.7       30.3       17.1     23.2     38.6     77.2 2020 12 27 14 29 51.580  0.00  40
   106027  40.279427 -124.562069    18.214       17.3      203.8      -56.4     40.8    138.9     91.3 2021  1 27 20 38 14.300  0.00  40
   106028  40.277551 -124.562362    18.295       -7.6       -4.5       25.2     22.5     39.5     54.3 2021  2 12  4 45 10.420  0.00  40
   106029  40.278145 -124.562256    18.344        1.4       61.4       74.2     21.0     61.1     78.3 2021  2 23 17  9 35.440  0.00  40
   106032  40.278040 -124.562248    18.331        2.1       49.7       60.6     25.4     61.1     91.7 2021  4  2  8 32 29.220  0.00  40
   106033  40.275216 -124.562126    18.208       12.5     -263.9      -61.6     23.3    133.6    108.6 2021  4  2 13 18 31.140  0.00  40
   106034  40.277718 -124.562297    18.273       -2.1       14.0        3.4     19.6     35.0     49.8 2021  4  3 23 18 17.580  0.00  40
   106035  40.277743 -124.562223    18.224        4.2       16.7      -46.3     31.0     39.1     46.3 2021  4  4  7 50 26.820  0.00  40
   106037  40.278687 -124.562052    18.270       18.7      121.5       -0.1     40.3     74.7     82.5 2021  4 26  6 32 31.780  0.00  40
   106039  40.277600 -124.562516    18.391      -20.8        0.9      120.6     32.4     65.2     85.2 2021  7 14 15  3 16.320  0.00  40
   106040  40.277922 -124.562329    18.318       -4.8       36.6       48.2     20.8     48.2     56.3 2021  7 28  9 36  3.100  0.00  40
   106042  40.279716 -124.562085    18.322       15.9      235.9       52.1     31.6    104.1     98.9 2021  8 24 17 52 55.220  0.00  40
   106045  40.277507 -124.562313    18.236       -3.5       -9.5      -33.9     23.0     44.7     62.8 2021 12 14 20 34 44.500  0.00  40
   106047  40.277665 -124.562280    18.268       -0.7        8.1       -1.6     21.7     39.3     43.2 2021 12 21  7  5 18.660  0.00  40
   106048  40.277738 -124.562240    18.273        2.8       16.3        3.3     20.5     44.6     47.0 2021 12 21  9  6 23.560  0.00  40
   106052  40.277763 -124.562590    18.402      -27.0       19.0      131.9     37.6     61.6    123.0 2021 12 27 23 32 51.160  0.00  40
   106053  40.277966 -124.562248    18.282        2.1       41.6       11.5     21.0     57.3     47.5 2021 12 30 22  2 34.580  0.00  40
   106054  40.273287 -124.561857    18.230       35.3     -478.0      -40.4     46.7    121.4    107.3 2022  1  1 17 29 31.920  0.00  40
   106055  40.277710 -124.562297    18.297       -2.1       13.1       27.1     23.5     47.2     50.6 2022  1  3  9 47 41.620  0.00  40
   106057  40.275500 -124.562565    18.301      -24.9     -232.2       31.0     47.4    144.8    103.0 2022  2 23  2  6 30.340  0.00  40
   106058  40.277266 -124.562427    18.289      -13.2      -36.1       19.1     35.1     99.0    102.3 2022  3 10  3 28 33.340  0.00  40
   106062  40.277356 -124.562362    18.247       -7.6      -26.2      -23.4     25.0     46.2     66.9 2022  7 25 13 33 16.740  0.00  40
   110386  40.277478 -124.562313    18.277       -3.5      -12.7        6.8     20.8     40.7     45.0 2023  4 30  3 21 23.220  1.14  40
