   103864  40.297298 -124.346297     9.400       -4.8        2.7        0.0      0.1      0.1      0.0 2020  1 15  6 50 38.220  0.00  24
   103866  40.297298 -124.346297     9.400       -4.8        2.7        0.0      0.0      0.1      0.1 2020  1 24 22  3 41.740  0.00  24
   103867  40.297298 -124.346297     9.400       -4.8        2.7        0.0      0.0      0.0      0.0 2020  1 24 15 30 20.360  0.00  24
   103868  40.297298 -124.346297     9.400       -4.8        2.7        0.0      0.0      0.0      0.0 2020  1 24 21  4  2.500  0.00  24
   103869  40.297298 -124.346297     9.400       -4.8        2.7       -0.0      0.0      0.1      0.0 2020  1 24 15 55 59.700  0.00  24
   103870  40.297298 -124.346297     9.400       -4.8        2.7       -0.0      0.0      0.0      0.0 2020  1 24 15 22 48.080  0.00  24
   103871  40.297298 -124.346297     9.400       -4.8        2.7       -0.0      0.1      0.1      0.1 2020  1 24 22 54  7.460  0.00  24
   103872  40.297298 -124.346297     9.400       -4.8        2.7        0.0      0.0      0.0      0.0 2020  1 24 15 25 13.420  0.00  24
   103873  40.297298 -124.346297     9.400       -4.8        2.7        0.0      0.0      0.1      0.0 2020  1 24 15 26 23.140  0.00  24
   103874  40.297298 -124.346297     9.400       -4.8        2.7        0.0      0.0      0.1      0.0 2020  1 24 20  3  2.500  0.00  24
   103876  40.297298 -124.346297     9.400       -4.8        2.7        0.0      0.0      0.0      0.1 2020  1 24 23 20 24.980  0.00  24
   103880  40.297298 -124.346297     9.400       -4.8        2.7        0.0      0.0      0.0      0.0 2020  1 25  3 13 59.340  0.00  24
   103882  40.297298 -124.346297     9.400       -4.8        2.7        0.0      0.0      0.0      0.0 2020  1 25  3 14 28.680  0.00  24
   103883  40.297298 -124.346297     9.400       -4.8        2.7        0.0      0.0      0.0      0.0 2020  1 25  3  9  6.220  0.00  24
   103890  40.297298 -124.346297     9.400       -4.8        2.7        0.0      0.0      0.1      0.1 2020  1 27 19  4 35.860  0.00  24
   103891  40.297298 -124.346297     9.400       -4.8        2.7       -0.0      0.0      0.1      0.1 2020  1 27 17 36 12.020  0.00  24
   103892  40.297298 -124.346297     9.400       -4.8        2.7        0.0      0.0      0.0      0.0 2020  1 27 16 23 44.480  0.00  24
   103895  40.297298 -124.346297     9.400       -4.8        2.7       -0.0      0.0      0.0      0.0 2020  3 13  2 39 50.580  0.00  24
   103896  40.297298 -124.346297     9.400       -4.8        2.7       -0.0      0.1      0.1      0.1 2020  3 13  2 37 37.340  0.00  24
   103897  40.297298 -124.346297     9.400       -4.8        2.7       -0.0      0.2      0.3      0.2 2020  3 13  5 10 12.960  0.00  24
   103898  40.297298 -124.346297     9.400       -4.8        2.7       -0.0      0.1      0.1      0.0 2020  4  7 16 50 56.420  0.00  24
   103901  40.297298 -124.346297     9.400       -4.8        2.7       -0.0      0.1      0.1      0.1 2020  5 10  3 40 47.520  0.00  24
   103902  40.297298 -124.346297     9.400       -4.8        2.7        0.0      0.1      0.2      0.1 2020  7 16 14 40 26.160  0.00  24
   103904  40.297298 -124.346297     9.400       -4.8        2.7       -0.0      0.1      0.2      0.2 2020 11  9  2 11  9.620  0.00  24
   103906  40.297298 -124.346297     9.400       -4.8        2.7        0.0      0.0      0.1      0.1 2021  2  6 20 40 14.680  0.00  24
   103908  40.297298 -124.346297     9.400       -4.8        2.7        0.0      0.1      0.1      0.1 2021  3 13 11 25  2.260  0.00  24
   103909  40.297298 -124.346297     9.400       -4.8        2.7        0.0      0.0      0.1      0.0 2021  4  5 17 17  0.360  0.00  24
   103912  40.297298 -124.346297     9.400       -4.8        2.7        0.0      0.1      0.1      0.1 2021  4 17 12 56  1.300  0.00  24
   103913  40.297298 -124.346297     9.400       -4.8        2.7        0.0      0.1      0.1      0.1 2021  4 17 13 40 53.640  0.00  24
   103915  40.297298 -124.346297     9.400       -4.8        2.7        0.0      0.0      0.0      0.0 2021  7 28 21 11  2.380  0.00  24
   103916  40.297298 -124.346297     9.400       -4.8        2.7        0.0      0.0      0.1      0.1 2021  7 28 21 33 36.020  0.00  24
   103918  40.297298 -124.346297     9.400       -4.8        2.7        0.0      0.0      0.1      0.0 2021  9  7 19 40  5.860  0.00  24
   103919  40.297298 -124.346297     9.400       -4.8        2.7        0.0      0.1      0.1      0.1 2021 11 25 16 28 40.160  0.00  24
   103921  40.297298 -124.346297     9.400       -4.8        2.7        0.0      0.0      0.1      0.0 2021 12 21  3 38 51.940  0.00  24
   103922  40.297298 -124.346297     9.400       -4.8        2.7       -0.0      0.1      0.3      0.1 2022  3 23 22 42 10.720  0.00  24
   103924  40.297298 -124.346297     9.400       -4.8        2.7       -0.0      0.0      0.1      0.0 2022  5 29 21 13 23.800  0.00  24
   103926  40.297298 -124.346297     9.400       -4.8        2.7       -0.0      0.0      0.1      0.0 2022  5 29 19 36  5.420  0.00  24
   103927  40.297298 -124.346297     9.400       -4.8        2.7       -0.0      0.0      0.1      0.1 2022  5 29 19 11 27.880  0.00  24
   103929  40.297298 -124.346297     9.400       -4.8        2.7       -0.0      0.0      0.1      0.1 2022  5 30  4 10  9.060  0.00  24
   103930  40.297298 -124.346297     9.400       -4.8        2.7        0.0      0.0      0.1      0.0 2022  5 30  1 51 30.580  0.00  24
   103932  40.297298 -124.346297     9.400       -4.8        2.7        0.0      0.0      0.1      0.0 2022  5 30  3 12  8.820  0.00  24
   103933  40.297298 -124.346297     9.400       -4.8        2.7        0.0      0.0      0.0      0.0 2022  5 30  9 43 48.840  0.00  24
   103934  40.297298 -124.346297     9.400       -4.8        2.7       -0.0      0.0      0.1      0.1 2022  5 30  6 35  3.560  0.00  24
   103935  40.297298 -124.346297     9.400       -4.8        2.7       -0.0      0.0      0.0      0.0 2022  5 30  6 42 38.800  0.00  24
   103937  40.297298 -124.346297     9.400       -4.8        2.7       -0.0      0.1      0.1      0.1 2022  5 30  4  6 28.560  0.00  24
   110328  40.297298 -124.346297     9.400       -4.8        2.7        0.0      0.1      0.1      0.1 2022 12 23 23 23  4.120  1.11  24
