   105298  40.408012 -124.559147    28.877      140.9       79.5     -293.0     19.6     28.1     39.5 2020  2 11 15 19 28.020  0.00  55
   105301  40.407296 -124.560815    29.177       -0.7        0.0        7.2      7.7     10.1     15.6 2020  2 25  5 13 53.560  0.00  55
   105305  40.406970 -124.560571    29.081       20.0      -36.1      -88.7     21.9     30.7     32.8 2020  4 29 23  1 49.900  0.00  55
   105309  40.407210 -124.560750    29.160        4.8       -9.5       -9.7     14.3     21.5     22.3 2020  7 31 12 47 13.580  0.00  55
   105313  40.407511 -124.560840    29.170       -2.8       23.9       -0.4     11.9     31.7     27.2 2021  1  5  0 23  5.820  0.00  55
   105319  40.406779 -124.560881    29.166       -6.2      -57.4       -4.1     10.8     15.9     14.2 2021  7 21 11 28 57.520  0.00  55
   105321  40.407617 -124.560726    29.177        6.9       35.7        6.9     12.4     20.2     21.2 2021  8 18  8 21 26.720  0.00  55
   105322  40.407520 -124.560905    29.191       -8.3       24.9       20.6     12.1     16.6     18.0 2021  8 19  7 18 10.260  0.00  55
   105325  40.407231 -124.560775    29.175        2.8       -7.2        4.7     10.5     22.8     19.3 2021  9  3 21 30 53.400  0.00  55
   105331  40.407231 -124.560750    29.164        4.8       -7.2       -5.7      9.4     15.8     14.4 2021 12 25 10 34 41.640  0.00  55
   105333  40.407739 -124.560588    29.153       18.7       49.2      -17.0     14.5     20.2     18.4 2022  1 25 11 52 13.660  0.00  55
   105336  40.407235 -124.560734    29.165        6.2       -6.8       -4.8     11.4     19.6     18.3 2022  2  4 20 41 36.720  0.00  55
   105337  40.407027 -124.561051    29.193      -20.7      -29.8       22.6     11.7     28.9     19.4 2022  2 26  7 23 30.220  0.00  55
   105340  40.406519 -124.561092    29.175      -24.2      -86.3        4.8     12.1     14.3     14.4 2022  3 12 15 17  2.720  0.00  55
   105351  40.407198 -124.561011    29.180      -17.3      -10.8       10.5     14.1     19.5     19.6 2022  7 31 17 59 40.980  0.00  55
   105356  40.407430 -124.560872    29.185       -5.5       14.9       15.1     12.4     18.6     18.8 2022  9  6  2 12 31.600  0.00  55
   105357  40.407288 -124.561051    29.193      -20.7       -0.9       22.9     17.7     25.3     22.5 2022  9  9 11 44 44.400  0.00  55
   105359  40.407292 -124.560905    29.167       -8.3       -0.5       -2.8     15.0     17.8     28.1 2022 11  7 15 50 24.900  0.00  55
   105360  40.407507 -124.560881    29.186       -6.2       23.5       16.1     12.2     21.0     17.4 2022 11 21  5 14 55.680  0.00  55
   110364  40.407296 -124.560815    29.179       -0.7        0.0        9.1      8.7     10.3     12.6 2023  4 18 11 40  6.890  2.03  55
