   106728  40.457503 -124.270304    25.319       84.9       73.2      358.9     19.5     13.3     17.0 2020  3 18 22 39 56.960  0.00  17
   106731  40.458590 -124.271289    25.146        1.4      193.8      186.0     29.4     22.5     21.1 2020  4 28 22 46 41.280  0.00  17
   106736  40.454504 -124.278711    25.254     -628.2     -259.8      294.8     41.7     34.9     34.3 2020  9 13 12 45 25.840  0.00  17
   106739  40.461251 -124.270264    25.626       88.4      489.3      666.4     31.1     30.8     31.3 2021  3 17  1 49 22.520  0.00  17
   106742  40.456938 -124.268953    25.411      199.5       10.4      451.7     20.4     20.7     30.6 2021  6  9 13 49 49.100  0.00  17
   106743  40.456665 -124.260653    25.316      903.6      -19.9      356.7     40.3     19.2     22.8 2021  6 10 16 57 49.660  0.00  17
   106745  40.456657 -124.237386    25.967     2877.1      -20.8     1007.3    157.9     53.0     54.1 2021  7 18 16 42 41.440  0.00  17
   106753  40.459111 -124.270890    25.454       35.2      251.7      494.3     22.0     21.0     15.9 2021 12 20 20 16 29.340  0.00  17
   106754  40.456327 -124.274666    25.431     -285.1      -57.4      471.7     20.6     21.9     16.5 2021 12 21  2 26  2.820  0.00  17
   106755  40.456917 -124.272876    25.279     -133.2        8.1      319.9     36.9     21.6     25.6 2021 12 21  3 30 46.600  0.00  17
   106756  40.461300 -124.261214    25.998      855.9      494.8     1038.3     51.1     33.0     34.5 2021 12 21 19  5 18.040  0.00  17
   106757  40.457735 -124.258057    25.476     1123.8       99.0      516.4     36.6     35.0     32.7 2021 12 21  1 43 20.320  0.00  17
   106758  40.454431 -124.270654    24.950       55.2     -267.9       -9.9     65.9     42.0     48.3 2021 12 21 21 41 57.480  0.00  17
   106760  40.457898 -124.268498    25.438      238.1      117.0      478.1     22.7     15.1     23.0 2021 12 21 23 39 48.460  0.00  17
   106761  40.457153 -124.277051    25.013     -487.3       34.3       53.2     36.2     16.8     29.3 2021 12 21  6 12 22.560  0.00  17
   106762  40.457206 -124.276660    25.042     -454.2       40.2       82.6     44.2     19.8     30.7 2021 12 21 13 12 47.980  0.00  17
   106765  40.459672 -124.272347    25.802      -88.4      314.0      842.4     27.9     46.7     31.9 2021 12 21  4 45 19.380  0.00  17
   106768  40.457914 -124.267391    25.563      332.0      118.8      603.7     24.2     16.8     31.3 2021 12 21  1 42  0.360  0.00  17
   106770  40.455908 -124.273315    25.312     -170.5     -103.9      352.8     21.8     21.2     23.0 2021 12 21 20  6 12.260  0.00  17
   106771  40.456189 -124.279883    25.426     -727.6      -72.7      466.6     33.0     25.4     19.4 2021 12 21  9 13 30.740  0.00  17
   106772  40.457633 -124.287166    25.034    -1345.4       87.7       74.1     39.0     22.8     33.6 2021 12 21  7  6 27.260  0.00  17
   106774  40.460612 -124.261987    25.799      790.4      418.4      839.4     37.6     38.6     22.7 2021 12 21  8  1 41.180  0.00  17
   106775  40.459460 -124.270361    25.334       80.1      290.5      374.2     21.5     23.5     17.1 2021 12 22 11 57 26.320  0.00  17
   106776  40.455904 -124.274585    25.417     -278.2     -104.4      457.5     21.7     24.7     18.3 2021 12 22 20 17 58.960  0.00  17
   106778  40.457422 -124.264673    25.776      562.6       64.2      816.4     39.0     30.5     39.1 2021 12 23  3 20 39.960  0.00  17
   106780  40.457971 -124.270182    25.282       95.3      125.2      322.2     20.7     17.6     18.6 2021 12 26 10  1 21.900  0.00  17
   106781  40.458203 -124.269442    25.277      158.1      150.9      317.0     19.5     21.6     17.0 2021 12 26 23 20 59.320  0.00  17
   106783  40.458390 -124.269881    25.357      120.8      171.7      396.9     22.5     21.6     18.0 2021 12 27  1  9 16.580  0.00  17
   106787  40.453625 -124.278459    25.696     -606.8     -357.4      736.2     34.7     39.0     20.3 2022  1  2 22  0  9.380  0.00  17
   106789  40.457576 -124.272542    25.261     -104.9       81.3      301.0     21.2     18.6     15.2 2022  1  2  4 53 31.180  0.00  17
   106790  40.461007 -124.263460    25.899      665.4      462.2      939.4     34.3     33.0     25.4 2022  1  2  8 17  5.880  0.00  17
   106793  40.455261 -124.274528    26.083     -273.4     -175.8     1123.6     37.4     42.4     38.8 2022  1 13 13 37 23.880  0.00  17
   106795  40.456441 -124.273218    25.007     -162.2      -44.7       47.4     47.2     21.7     21.3 2022  1 15 16 20  8.480  0.00  17
   106796  40.458256 -124.263534    25.277      659.2      156.8      316.9     31.3     20.1     16.5 2022  1 18  1  5 22.860  0.00  17
   106798  40.457747 -124.270866    25.244       37.3      100.3      284.6     20.8     20.9     15.8 2022  1 29 10 59 48.560  0.00  17
   106799  40.453353 -124.272046    24.867      -62.8     -387.7      -92.6     30.7     40.4     28.5 2022  1 30 22 25  8.500  0.00  17
   106801  40.454073 -124.273958    25.093     -225.0     -307.7      133.5     33.2     26.1     20.7 2022  2 25  4  3 34.000  0.00  17
   106803  40.457324 -124.271867    25.237      -47.6       53.3      277.2     20.2     20.0     16.2 2022  4 12  0 54 20.500  0.00  17
   106804  40.457479 -124.271655    25.286      -29.7       70.5      326.0     21.2     18.9     15.4 2022  4 15  9 43 42.080  0.00  17
   106807  40.462081 -124.270288    26.011       86.3      581.5     1051.4     43.2     23.8     25.1 2022  8 27  0 17 55.680  0.00  17
   106808  40.457324 -124.274390    25.296     -261.6       53.3      335.9     30.3     14.8     15.9 2022  9 12 11 16 51.400  0.00  17
   106809  40.451619 -124.277246    24.741     -503.9     -580.2     -219.1     38.3     35.5     22.0 2022 11  3 19 20 57.480  0.00  17
   106810  40.458130 -124.272518    25.337     -102.9      142.8      377.6     24.9     16.2     15.9 2022 11 17 18 30  3.780  0.00  17
   110130  40.458036 -124.272095    25.360      -67.0      132.4      400.4     18.8     18.1     19.3 2021 12 20 21 19 35.360  0.00  17
   110131  40.451615 -124.271143    24.537       13.8     -580.6     -422.8     35.6     18.6     26.7 2021 12 20 23 14 29.400  0.00  17
   110133  40.458215 -124.273332    25.423     -171.9      152.3      463.8     14.0     15.1     19.6 2021 12 23 18 20 46.720  0.00  17
   110134  40.457853 -124.276164    25.516     -412.1      112.1      556.3     17.7     16.1     16.7 2022  3  4 15 40 56.400  0.00  17
   110169  40.450346 -124.287996    21.966    -1415.8     -721.6    -2993.6     38.7     23.5     27.7 2021 12 21 17 40 43.880  0.00  17
   110170  40.450037 -124.281877    21.913     -896.7     -755.9    -3046.5     40.8     15.4     24.4 2021 12 21 17 46 54.000  0.00  17
   110171  40.448543 -124.273218    21.902     -162.2     -921.7    -3058.1    128.4     41.6     46.9 2021 12 21  0 56 54.660  0.00  17
   110172  40.447127 -124.291227    22.028    -1689.9    -1079.0    -2931.5     75.6     24.2     30.9 2021 12 21  9 29 42.380  0.00  17
   110173  40.450863 -124.290658    21.891    -1641.6     -664.2    -3068.3     33.2     28.1     27.2 2021 12 31  7 54 22.740  0.00  17
   110414  40.457743 -124.270256    25.280       89.0       99.9      320.2     14.6     13.1     16.8 2023  4 18  6 30 20.240  1.21  17
   110732  40.458431 -124.270841    25.477       39.3      176.2      517.2     13.7     13.5     17.6 2023  4 20  6 34 58.960  0.73  17
   110744  40.451937 -124.287581    21.865    -1380.6     -544.9    -3094.5     36.1     20.7     25.4 2022 12  6 14 13  7.240  1.22  17
