   104838  40.291459 -124.388420    21.268       89.3      -27.6     -101.7     41.6     24.6     29.5 2020  1 25 14 20 47.820  0.00  34
   104839  40.291545 -124.388452    21.287       86.5      -18.1      -83.0     41.9     19.9     30.9 2020  1 25 14 22 23.940  0.00  34
   104842  40.291382 -124.387931    21.225      130.8      -36.1     -145.4     43.6     27.1     30.1 2020  3 13 13 44 40.320  0.00  34
   104843  40.294865 -124.388916    21.324       47.1      350.6      -46.1     28.1     71.8     38.9 2020  5 23 16 19  5.400  0.00  34
   104844  40.297815 -124.388778    21.315       58.8      678.2      -54.9     38.5     82.2     46.5 2020  5 24 12  7 13.140  0.00  34
   104845  40.291300 -124.389526    21.374       -4.8      -45.2        4.1     19.1     50.4     18.3 2020  6  5 12  0 20.420  0.00  34
   104848  40.291435 -124.388110    21.254      115.6      -30.3     -116.4     41.1     25.3     45.4 2020 12 25 11 55 38.020  0.00  34
   104849  40.291500 -124.388078    21.253      118.3      -23.0     -117.1     36.5     21.5     35.6 2020 12 25 14 25 57.040  0.00  34
   104850  40.291406 -124.388249    21.254      103.8      -33.4     -116.5     41.2     19.5     49.2 2021  1 13 10  0 21.440  0.00  34
   104851  40.291886 -124.389331    21.353       11.8       19.9      -17.3     28.2     45.0     37.0 2021  2  5 11 24  9.360  0.00  34
   104854  40.291040 -124.389412    21.369        4.8      -74.1       -1.0     23.5     59.5     18.9 2021  9 17  3 49 29.860  0.00  34
   104855  40.291777 -124.389697    21.379      -19.4        7.7        8.6     38.7     72.2     28.2 2021 10 23 10 36 54.840  0.00  34
   104857  40.291569 -124.389233    21.360       20.1      -15.4       -9.7     35.0     64.9     40.0 2021 11 10 22 12  7.100  0.00  34
   104858  40.293945 -124.389453    21.355        1.4      248.5      -14.8     40.8     83.2     39.1 2021 11 17 11 58 34.440  0.00  34
   104859  40.291996 -124.389754    21.374      -24.2       32.1        3.8     28.5     26.6     41.2 2021 12 20 22 16 24.420  0.00  34
   104862  40.291793 -124.389559    21.370       -7.6        9.5        0.2     27.0     41.1     19.0 2021 12 21  0  0 44.500  0.00  34
   104863  40.291630 -124.389665    21.374      -16.6       -8.6        4.4     25.8     20.2     16.8 2021 12 21  7 32  7.940  0.00  34
   104864  40.291516 -124.389608    21.375      -11.8      -21.2        5.4     20.7     26.9     15.9 2021 12 21  7 32 38.440  0.00  34
   104866  40.291760 -124.389461    21.368        0.7        5.9       -1.8     24.4     35.8     21.8 2021 12 21 13 12 35.900  0.00  34
   104868  40.291606 -124.389648    21.381      -15.2      -11.3       11.5     23.2     37.2     19.1 2021 12 21  7 35 40.760  0.00  34
   104869  40.292236 -124.389559    21.372       -7.6       58.7        1.6     24.0     61.5     16.8 2021 12 21  5 59 26.840  0.00  34
   104870  40.291284 -124.389469    21.367        0.0      -47.0       -3.0     26.7     47.8     20.8 2021 12 21  2 41 56.780  0.00  34
   104872  40.291878 -124.390877    21.474     -119.7       19.0      104.5     35.5     44.5     55.2 2021 12 21  5 35 36.300  0.00  34
   104874  40.292525 -124.388949    21.344       44.3       90.8      -26.4     31.7     99.5     27.7 2021 12 21 13 40 27.300  0.00  34
   104875  40.291113 -124.389510    21.381       -3.5      -66.0       11.3     24.3     52.1     23.8 2021 12 22  2 25 36.120  0.00  34
   104876  40.291203 -124.389575    21.378       -9.0      -56.0        7.9     20.6     43.2     17.3 2021 12 22  4 43 41.600  0.00  34
   104878  40.291414 -124.389567    21.378       -8.3      -32.5        8.2     22.0     37.1     20.5 2021 12 23 13 23  2.200  0.00  34
   104881  40.291899 -124.389486    21.372       -1.4       21.2        2.2     24.4     43.2     18.0 2021 12 31 17  4  4.900  0.00  34
   104884  40.291646 -124.389478    21.374       -0.7       -6.8        4.2     26.6     17.6     19.7 2022  1 28 17 21 49.780  0.00  34
   104885  40.291809 -124.389510    21.375       -3.5       11.3        5.2     26.1     45.4     20.5 2022  1 28 15 57 19.160  0.00  34
   104886  40.292110 -124.389380    21.370        7.6       44.7       -0.2     26.5     54.8     23.5 2022  1 28 15 48 35.980  0.00  34
   104888  40.291390 -124.389657    21.376      -15.9      -35.2        5.8     28.2     52.4     24.9 2022  2 22  1 59 45.720  0.00  34
   104889  40.292224 -124.389657    21.371      -15.9       57.4        1.3     24.1     64.7     33.5 2022  9  2 17 28 49.180  0.00  34
   110352  40.291801 -124.389657    21.372      -15.9       10.4        2.2     19.4     19.3     18.0 2023  3 28  2 26 28.480  2.85  34
