   107300  40.713098 -124.395500    24.461       -0.7        0.0        0.6     15.3     22.4     56.2 2020 10 29 13 32  8.460  0.00  59
   107302  40.713127 -124.395508    24.456       -1.4        3.2       -4.0     17.3     21.6     38.3 2021  2  5 18 58 22.480  0.00  59
   107304  40.713143 -124.395459    24.392        2.8        5.0      -68.4     23.5     25.0     94.2 2021  2 10 18 39  4.720  0.00  59
   107305  40.713147 -124.395483    24.425        0.7        5.4      -34.9     16.4     31.7     70.4 2021  3 27 19 44 22.840  0.00  59
   107309  40.713127 -124.395483    24.447        0.7        3.2      -13.0     15.4     16.1     56.4 2021  7  1  7 49  4.920  0.00  59
   107310  40.713118 -124.395475    24.423        1.4        2.3      -37.4     19.9     16.9     74.4 2021  7 28 13 54 34.920  0.00  59
   107312  40.713114 -124.395492    24.442        0.0        1.8      -17.5     12.8     18.1     53.9 2021  9  4  2 51 43.760  0.00  59
   107313  40.713123 -124.395508    24.472       -1.4        2.7       11.6     14.2     17.0     53.2 2021  9  4  3 54 10.000  0.00  59
   107314  40.713135 -124.395459    24.403        2.8        4.1      -56.8     21.1     22.8     83.1 2021  9  7  3 43 11.160  0.00  59
   107316  40.713098 -124.395483    24.439        0.7        0.0      -20.6     24.4     16.2     84.0 2021 11 11  4 40 22.120  0.00  59
   107319  40.713094 -124.395524    24.485       -2.8       -0.5       24.6     14.9     25.1     54.2 2021 11 25 19  7 42.260  0.00  59
   107321  40.713139 -124.395508    24.456       -1.4        4.5       -4.4     16.6     20.6     37.5 2022  1  7  1 27 28.780  0.00  59
   107322  40.713131 -124.395475    24.422        1.4        3.6      -38.4     24.7     21.2     89.2 2022  3 25 15 49 48.380  0.00  59
   107323  40.713090 -124.395524    24.486       -2.8       -0.9       26.0     16.5     23.2     57.1 2022  5  3  0 18 12.600  0.00  59
   107326  40.713131 -124.395516    24.473       -2.1        3.6       12.5     18.7     21.5     63.4 2022  6 28  9 36 18.380  0.00  59
   107332  40.713139 -124.395508    24.455       -1.4        4.5       -4.6     18.7     30.7     91.1 2022 11 14 17 38 58.600  0.00  59
   110430  40.713078 -124.395508    24.466       -1.4       -2.3        6.4     15.1     16.4     39.8 2023  4 18  9 17 19.780  1.42  59
