   103673  40.375806 -124.632015    26.371       25.6      -19.9     -148.9     59.1    114.1    111.3 2020  1 14 15 15 17.280  0.00  15
   103674  40.375948 -124.632235    26.540        6.9       -4.1       19.8     29.2     58.3     72.5 2020  1 16 22 39 17.780  0.00  15
   103675  40.375903 -124.632332    26.559       -1.4       -9.0       38.6     32.1     46.8     67.6 2020  1 16 23 52  2.380  0.00  15
   103680  40.373263 -124.633097    26.527      -66.3     -302.3        7.1     54.9    179.5    109.0 2020  3 15  8 13 26.920  0.00  15
   103681  40.375505 -124.632072    26.351       20.7      -53.3     -168.5     41.2     70.5     85.4 2020  3 19  1 14 44.660  0.00  15
   103683  40.378613 -124.632804    26.626      -41.5      291.9      105.7     43.9    105.2    103.4 2020  4  6  8 32 34.940  0.00  15
   103684  40.377380 -124.632479    26.491      -13.8      155.0      -28.9     50.8    115.6     92.2 2020  4  6  8 26 12.640  0.00  15
   103685  40.374764 -124.631812    26.184       42.8     -135.5     -336.5     61.0     98.3    121.4 2020  4 11  0 30 15.880  0.00  15
   103686  40.377657 -124.631112    26.188      102.3      185.7     -331.6     59.4    166.5    113.2 2020  4 18  1 52 31.020  0.00  15
   103688  40.375960 -124.631844    26.157       40.1       -2.7     -362.9     74.6    139.5    167.1 2020  4 30 20 36 37.720  0.00  15
   103690  40.375370 -124.631030    23.563      109.2      -68.2    -2956.7     45.0    112.5    123.0 2020  5  9  0 55 49.540  0.00  15
   103693  40.373767 -124.631429    25.126       75.3     -246.2    -1394.0     53.4    131.4    191.6 2020  5 19  5  8 33.060  0.00  15
   103694  40.370093 -124.632324    25.434       -0.7     -654.3    -1086.3     60.5    195.5    193.8 2020  5 19  5 15 33.100  0.00  15
   103697  40.375952 -124.632218    26.491        8.3       -3.6      -28.7     36.0     64.3     84.1 2020  6  4 14 54 40.800  0.00  15
   103705  40.376013 -124.632275    26.499        3.5        3.2      -20.6     23.7     55.9     57.8 2020  8  7 15  6  9.460  0.00  15
   103712  40.376339 -124.632202    26.469        9.7       39.3      -51.5     30.2    100.0     85.0 2020  9 20  6  7  5.560  0.00  15
   103713  40.375968 -124.632650    26.708      -28.3       -1.8      188.1     47.0     83.8    127.0 2020  9 29 16 41  7.480  0.00  15
   103717  40.375769 -124.632340    26.542       -2.1      -23.9       22.1     22.6     57.5     59.1 2020 11  9  3 26 14.900  0.00  15
   103721  40.377132 -124.633130    26.991      -69.1      127.4      471.5     53.4     90.2    146.9 2021  1 21 20 44 37.900  0.00  15
   103724  40.376221 -124.632210    26.486        9.0       26.2      -33.9     29.7     85.1     76.3 2021  1 28  8  1 18.460  0.00  15
   103725  40.375122 -124.632821    26.698      -42.8      -95.8      177.7     41.9    113.6     73.7 2021  2 12  4 13 46.120  0.00  15
   103726  40.376925 -124.633081    26.814      -65.0      104.4      293.9     47.8     86.8    110.4 2021  2 12  4  5 42.100  0.00  15
   103727  40.376489 -124.632479    26.569      -13.8       56.0       49.1     45.4     80.9    130.4 2021  2 28 17 42  1.520  0.00  15
   103733  40.375867 -124.632593    26.643      -23.5      -13.1      123.0     34.8     70.2     64.1 2021  3 16 22 26 59.680  0.00  15
   103736  40.375618 -124.632406    26.577       -7.6      -40.7       57.4     27.0     65.0     74.0 2021  4 24 19 55 12.980  0.00  15
   103737  40.375553 -124.632503    26.596      -15.9      -47.9       76.2     27.0     78.4     88.2 2021  4 24 21 25 22.420  0.00  15
   103738  40.376619 -124.632161    26.473       13.1       70.5      -47.3     34.6    108.2    101.4 2021  5  2 10 15 15.360  0.00  15
   103739  40.375708 -124.632210    26.457        9.0      -30.7      -63.2     29.4     67.5     75.8 2021  5 17  1 51 15.000  0.00  15
   103743  40.375680 -124.632520    26.570      -17.3      -33.9       49.9     33.9     71.8     54.6 2021  6  3  9 11 16.620  0.00  15
   103746  40.375708 -124.632690    26.587      -31.8      -30.7       67.5     37.5    107.4     82.1 2021  6 21 18 25 58.900  0.00  15
   103747  40.375834 -124.632756    26.620      -37.3      -16.7      100.0     42.3    111.9     91.1 2021  6 21 18 56 10.100  0.00  15
   103748  40.375142 -124.632601    26.561      -24.2      -93.5       41.5     38.1    104.7     72.0 2021  6 26 21 34 53.920  0.00  15
   103749  40.375411 -124.632935    26.658      -52.5      -63.7      138.4     46.9    113.5     86.3 2021  6 26 21 52 52.480  0.00  15
   103752  40.376025 -124.632227    26.500        7.6        4.5      -20.0     34.2     63.5     75.8 2021  7 16  4 38  9.540  0.00  15
   103753  40.376143 -124.631974    26.455       29.0       17.6      -64.7     39.8    102.4     98.2 2021  7 23 17 27  4.080  0.00  15
   103765  40.376815 -124.633179    26.776      -73.3       92.2      256.2     61.0    109.7    101.4 2021  9 14 11  7 22.460  0.00  15
   103766  40.375773 -124.632373    26.556       -4.8      -23.5       36.3     31.4     51.7     55.9 2021  9 15 10 50 21.940  0.00  15
   103770  40.375854 -124.632365    26.534       -4.1      -14.5       14.3     28.2     48.7     54.6 2021  9 22 19 29 33.580  0.00  15
   103780  40.375578 -124.632308    26.514        0.7      -45.2       -6.2     34.4     71.5     70.4 2021 11 29  2 31 57.980  0.00  15
   103781  40.375907 -124.632202    26.507        9.7       -8.6      -13.4     29.3     68.3     66.2 2021 12  5 11 19 17.180  0.00  15
   103782  40.375940 -124.632324    26.528       -0.7       -5.0        7.9     28.8     56.9     59.2 2021 12  5 11 20 39.060  0.00  15
   103787  40.375875 -124.632593    26.609      -23.5      -12.2       89.1     36.7     70.1     57.3 2021 12 19  2 14 40.560  0.00  15
   103793  40.375736 -124.632349    26.532       -2.8      -27.6       12.3     26.9     52.7     55.6 2022  1 14  5 18 12.200  0.00  15
   103796  40.377840 -124.633040    26.692      -61.5      206.0      171.7     67.2    108.2    125.5 2022  2 18 12 44 56.020  0.00  15
   103797  40.373035 -124.631917    26.314       33.9     -327.6     -205.7     68.5    173.8    132.1 2022  2 19 12 21  1.500  0.00  15
   103802  40.376864 -124.631934    26.457       32.5       97.6      -62.7     45.0    125.8     97.5 2022  3 12  4 33 48.940  0.00  15
   103804  40.377307 -124.631632    26.384       58.1      146.8     -135.7     75.8    139.2    180.6 2022  3 15 10 40 38.520  0.00  15
   103811  40.375810 -124.632227    26.479        7.6      -19.4      -41.2     29.0     63.5     65.0 2022  5 14  0 44  9.960  0.00  15
   103814  40.377071 -124.631486    26.322       70.5      120.6     -198.2     63.6    161.1     99.2 2022  5 31 12 38 59.980  0.00  15
   103815  40.376237 -124.632332    26.517       -1.4       28.0       -3.0     30.7     58.1     63.6 2022  5 31 16 45 19.300  0.00  15
   103820  40.375765 -124.632227    26.482        7.6      -24.4      -38.2     27.6     55.4     61.8 2022  6 16 23 23 11.160  0.00  15
   103822  40.375981 -124.632576    26.589      -22.1       -0.5       68.9     38.6     71.1     63.0 2022  7  2  3 27 26.160  0.00  15
   103828  40.375830 -124.632300    26.499        1.4      -17.2      -21.1     24.3     92.2     60.0 2022  7 30 10  3 37.460  0.00  15
   103829  40.375810 -124.632332    26.519       -1.4      -19.4       -1.0     31.5     65.1     68.8 2022  8  8 16 29 41.540  0.00  15
   103831  40.375907 -124.632438    26.544      -10.4       -8.6       23.9     30.1     55.6     54.4 2022  8 21  3 43 30.740  0.00  15
   103834  40.375712 -124.632576    26.613      -22.1      -30.3       92.6     32.3     85.7     56.5 2022  9  5 17 44 25.060  0.00  15
   103835  40.375903 -124.632951    26.747      -53.9       -9.0      227.0     59.8    121.3     87.0 2022  9 22 18 37 12.600  0.00  15
   103836  40.371358 -124.631551    26.426       65.0     -513.7      -93.5     37.5     97.6     67.0 2022  9 23 19 40  3.100  0.00  15
   103837  40.375940 -124.632300    26.502        1.4       -5.0      -18.0     24.4     59.9     51.8 2022  9 25  0 13 36.240  0.00  15
   103842  40.375907 -124.632324    26.514       -0.7       -8.6       -6.4     24.1     55.3     50.5 2022 10 27 16  1  8.480  0.00  15
   103843  40.375960 -124.632235    26.488        6.9       -2.7      -32.4     32.6     63.2     72.6 2022 10 27 19 13 41.200  0.00  15
   103844  40.375883 -124.632357    26.520       -3.5      -11.3        0.4     29.8     58.3     60.3 2022 10 27 19 10 46.000  0.00  15
   103850  40.375826 -124.632267    26.528        4.1      -17.6        7.8     31.0     60.3     70.2 2022 11 22 17 13 20.760  0.00  15
   110325  40.376046 -124.632227    26.528        7.6        6.8        8.3     24.4     50.8     54.3 2023  1  6  2 11 23.440  2.07  15
