   108362  40.491121 -124.206665    20.716     -229.7      -23.0     -350.9      8.9      7.5      6.7 2020  7 11 17 19 52.600  0.00  43
   108363  40.491642 -124.206348    20.706     -202.8       34.8     -361.0     10.2     12.0      5.7 2020  8 12 11 28 24.940  0.00  43
   108364  40.491130 -124.206657    20.716     -229.1      -22.1     -351.3      9.0      7.8      6.8 2020  8 12 11 23 32.820  0.00  43
   108365  40.491081 -124.206836    20.722     -244.2      -27.6     -345.8     11.3      3.2      6.7 2020  8 16 23 21 48.480  0.00  43
   108366  40.491032 -124.206738    20.720     -236.0      -33.0     -347.4     13.2     12.4     12.5 2020 10  4  9 37 29.720  0.00  43
   108367  40.491125 -124.206592    20.712     -223.5      -22.6     -355.5     10.1      8.2      7.8 2020 10  8  4 46 56.680  0.00  43
   108369  40.491044 -124.206657    20.738     -229.1      -31.6     -329.3     10.7      6.5     10.1 2021  2 19  9 54 21.040  0.00  43
   108370  40.491272 -124.206698    20.706     -232.5       -6.3     -361.8      5.5      7.4      6.2 2021  6  1 21 55 42.420  0.00  43
   108373  40.491199 -124.206462    20.641     -212.5      -14.5     -426.8     12.7      8.0     14.5 2022  2  7 11 46 35.280  0.00  43
   108374  40.491077 -124.206779    20.709     -239.4      -28.0     -357.9      8.5      5.5      7.1 2022  2 12 15 44 27.500  0.00  43
   108375  40.491036 -124.206494    20.696     -215.3      -32.5     -371.4      8.3      4.3      7.0 2022  4 21 17  7 41.100  0.00  43
   108376  40.491069 -124.206380    20.701     -205.6      -28.9     -366.4     12.1      9.9     11.0 2022  4 22 17 55 41.660  0.00  43
   108378  40.490991 -124.206917    20.706     -251.1      -37.5     -360.8     10.5      5.6      5.6 2022  7 27  4 35 27.980  0.00  43
   108379  40.491626 -124.206022    20.671     -175.2       33.0     -396.5     22.2     12.3     18.4 2022  8  3  6 33 48.060  0.00  43
   108380  40.491386 -124.206453    20.699     -211.8        6.3     -368.7     12.5      9.6     12.4 2022  9  1 10 45  9.880  0.00  43
   108381  40.490922 -124.206738    20.693     -236.0      -45.2     -374.5      9.1      9.0      7.8 2022 11 26 10 34 34.000  0.00  43
   108454  40.483769 -124.237663    19.090    -2857.9     -839.5    -1977.4     21.7     17.6     20.8 2021 12 22  7 38 16.620  0.00  43
   109536  40.490405 -124.199707    22.417      360.1     -102.6     1349.8     14.7     13.3     14.4 2021  3  3 21 43  3.720  0.00  43
   109537  40.490361 -124.199406    22.423      385.7     -107.5     1356.2     19.1     13.6     14.9 2021  9 27  2 58  8.360  0.00  43
   109538  40.490023 -124.199536    22.420      374.6     -145.0     1352.7     13.9     13.6     13.5 2021 12 23 14 37 21.580  0.00  43
   109539  40.490051 -124.199170    22.419      405.7     -141.9     1351.3     13.9     10.8     11.7 2022  9 12  3 59 29.200  0.00  43
   109540  40.490051 -124.199154    22.418      407.1     -141.9     1350.7     14.2     10.8     11.7 2022 10  8  6 41 27.060  0.00  43
   109635  40.499788 -124.184961    21.628     1610.2      939.4      560.4     37.4     13.4     16.4 2021  6  4 21 21 58.240  0.00  43
   109636  40.500081 -124.188859    21.838     1279.7      971.9      770.8     19.6     12.7     16.5 2021 12 20 21 17 32.980  0.00  43
   109637  40.499504 -124.190096    21.803     1174.9      907.7      736.0     19.7     14.7     14.1 2022  5 25  8  4 48.420  0.00  43
   110460  40.486190 -124.182284    20.349     1837.4     -570.7     -718.5     19.5     13.4     19.9 2023  3 15  6  1 38.120  0.94  43
   110498  40.490999 -124.206405    20.703     -207.7      -36.6     -364.4      7.6      4.9      6.3 2023  1 15 11 51 19.200  1.50  43
   110504  40.484212 -124.236784    19.105    -2783.3     -790.3    -1962.5     21.6     17.1     20.5 2023  2  5 13 48 53.130  1.08  43
   110642  40.489136 -124.200293    22.452      310.5     -243.5     1384.9     13.4     16.5     14.1 2023  2 27 12 40  1.270  1.39  43
   110662  40.499634 -124.189478    21.836     1227.3      922.2      768.2     16.3      8.2     11.9 2023  5  9 11 38 20.680  1.02  43
