   103511  40.416451 -124.635522    27.567       18.0      -29.8     -223.1     29.8     54.4     64.4 2020  5  7  4 53 23.220  0.00  19
   103516  40.416935 -124.635718    27.814        1.4       23.9       24.2      9.3     23.0     24.4 2020  6 21  2  0 47.320  0.00  19
   103523  40.416508 -124.635563    27.749       14.5      -23.5      -40.7     16.9     26.2     35.2 2020  8 20 22 23  4.640  0.00  19
   103526  40.417159 -124.635864    27.840      -11.1       48.8       49.8     38.8     58.7     73.9 2020  8 31  6  6  1.700  0.00  19
   103527  40.417220 -124.635986    27.897      -21.4       55.6      106.5     19.7     39.3     30.9 2020  9  2 12 23  8.680  0.00  19
   103528  40.416581 -124.635677    27.785        4.8      -15.4       -5.3      6.9     14.9     18.6 2020  9 21 17 56 19.800  0.00  19
   103529  40.416597 -124.635498    27.753       20.0      -13.6      -37.3     25.7     48.8     55.3 2020  9 23  9  0 29.540  0.00  19
   103531  40.416622 -124.635636    27.773        8.3      -10.8      -17.2      7.8     16.3     17.3 2020 10 10  1 19 51.240  0.00  19
   103532  40.416728 -124.635710    27.795        2.1        0.9        4.5      6.4     12.8     13.3 2020 10 11 19 49 37.260  0.00  19
   103533  40.416813 -124.635750    27.807       -1.4       10.4       16.9     11.2     15.3     24.8 2020 10 16  3  5  6.520  0.00  19
   103539  40.415190 -124.636450    27.975      -60.8     -169.9      184.8     22.8     60.1     37.7 2020 11 14  7 19 30.280  0.00  19
   103545  40.416988 -124.635628    27.777        9.0       29.8      -13.1     11.9     30.3     23.8 2020 12 29 22  2 25.740  0.00  19
   103546  40.416569 -124.635636    27.775        8.3      -16.7      -14.7      7.8     13.0     17.5 2021  1 21  2 49 11.860  0.00  19
   103547  40.416764 -124.634839    27.496       76.0        5.0     -294.0     24.3     54.6     50.3 2021  2  7 23 10 50.320  0.00  19
   103553  40.416886 -124.635701    27.813        2.8       18.5       23.4     11.5     23.0     22.8 2021  4  8  6 57 45.620  0.00  19
   103554  40.416988 -124.635767    27.829       -2.8       29.8       39.3     11.4     23.7     25.0 2021  4 12  6 17  4.740  0.00  19
   103555  40.416300 -124.635685    27.791        4.1      -46.5        1.0     13.5     37.5     34.6 2021  5  5 21 30  7.880  0.00  19
   103558  40.416805 -124.635734    27.803        0.0        9.5       12.5      6.6     14.9     11.9 2021  5 25  4  7 24.640  0.00  19
   103559  40.416650 -124.635897    27.820      -13.8       -7.7       30.5     31.4     50.6     58.3 2021  5 27 18  4 14.220  0.00  19
   103563  40.416813 -124.635726    27.801        0.7       10.4       10.8      7.0     17.2     12.7 2021  6 20 17 45  6.940  0.00  19
   103564  40.416752 -124.635775    27.804       -3.5        3.6       14.4      9.7     27.0     24.9 2021  6 22  6 39 12.360  0.00  19
   103566  40.416638 -124.635636    27.781        8.3       -9.0       -9.2      8.3     16.1     18.7 2021  7  3 23 13 39.300  0.00  19
   103567  40.416642 -124.635636    27.773        8.3       -8.6      -16.9      7.3     17.6     15.2 2021  7  9 19  5 46.580  0.00  19
   103568  40.417908 -124.635010    27.606       61.5      131.9     -184.2     28.7     53.9     52.1 2021  7 11 13 20 49.540  0.00  19
   103574  40.416768 -124.635514    27.782       18.6        5.4       -7.7     28.3     50.1     54.7 2021  8  4 21 24 15.580  0.00  19
   103575  40.416565 -124.635701    27.790        2.8      -17.2        0.3     17.7     25.7     34.7 2021  8 13  6 10 27.160  0.00  19
   103580  40.416602 -124.635645    27.785        7.6      -13.1       -4.5      7.9     12.3     19.3 2021  9  5 15 20 51.120  0.00  19
   103581  40.416610 -124.635636    27.787        8.3      -12.2       -3.1      8.7     12.1     22.8 2021  9  5 18  6  2.080  0.00  19
   103588  40.416553 -124.635734    27.805        0.0      -18.5       15.5      9.3     22.8     19.4 2021 11 15 20 36 56.500  0.00  19
   103592  40.416056 -124.635848    27.831       -9.7      -73.6       40.9     12.9     37.0     22.4 2021 12 17  9 32 52.640  0.00  19
   103593  40.416813 -124.635742    27.801       -0.7       10.4       10.6     12.0     18.1     13.4 2021 12 30  8 56 43.400  0.00  19
   103595  40.416850 -124.635758    27.820       -2.1       14.5       30.3      8.7     12.5     22.8 2022  1 12  6  0 47.680  0.00  19
   103596  40.414559 -124.634375    27.253      115.3     -239.9     -537.3     98.6    145.2    216.9 2022  1 16 20 48 33.420  0.00  19
   103602  40.416732 -124.635710    27.793        2.1        1.4        3.2      6.4     12.9     11.4 2022  2 13 14 34 37.180  0.00  19
   103603  40.416162 -124.635645    27.764        7.6      -61.9      -25.9     19.0     46.6     43.5 2022  2 18 10 30 45.580  0.00  19
   103604  40.416032 -124.635563    27.737       14.5      -76.4      -52.8     22.3     49.7     48.6 2022  2 18 10 29 22.700  0.00  19
   103610  40.416654 -124.635783    27.819       -4.1       -7.2       28.9     10.9     18.8     20.3 2022  3 11  2 27 42.400  0.00  19
   103612  40.417029 -124.635946    27.883      -18.0       34.3       93.0     26.8     41.7     45.9 2022  3 27 15 36 15.060  0.00  19
   103613  40.416960 -124.635881    27.841      -12.4       26.7       50.6     15.7     29.9     10.3 2022  3 27 14 10 14.080  0.00  19
   103614  40.416923 -124.635750    27.819       -1.4       22.6       28.5     10.3     24.2     20.8 2022  4  5  7 42 15.200  0.00  19
   103616  40.416882 -124.635742    27.801       -0.7       18.1       11.5      8.3     22.3     20.2 2022  4 10 20  1 33.680  0.00  19
   103617  40.415181 -124.635962    27.806      -19.3     -170.8       16.3     19.7     31.7     31.3 2022  4 10 11 29 25.840  0.00  19
   103619  40.416117 -124.635352    27.699       32.5      -66.9      -91.1     23.0     50.2     31.2 2022  4 16 11 33 57.200  0.00  19
   103621  40.416638 -124.635872    27.828      -11.7       -9.0       37.7     19.9     32.6     36.4 2022  4 26  2 38 32.820  0.00  19
   103627  40.416728 -124.635710    27.794        2.1        0.9        3.7      6.5     11.6     11.1 2022  6 15 21 43 33.360  0.00  19
   103629  40.416720 -124.635775    27.820       -3.5        0.0       29.5      9.0     16.6     20.8 2022  6 28 22 40 13.060  0.00  19
   103633  40.415771 -124.636239    27.905      -42.8     -105.3      115.4     16.3     39.6     25.7 2022  7 21 10 58 56.360  0.00  19
   103635  40.415837 -124.636418    27.945      -58.0      -98.0      155.0     22.7     43.0     38.0 2022  7 21  9 41 45.700  0.00  19
   103638  40.417696 -124.635124    27.643       51.8      108.4     -146.8     39.0     72.2     85.0 2022  7 29  4 44  3.980  0.00  19
   103639  40.416671 -124.635669    27.789        5.5       -5.4       -1.3      7.4     12.9     15.5 2022  8  1 11 57 40.720  0.00  19
   103643  40.416589 -124.635661    27.768        6.2      -14.5      -22.2     10.6     13.8     22.4 2022  8 19  1 15 44.200  0.00  19
   103648  40.416532 -124.635677    27.779        4.8      -20.8      -10.6      7.3     22.1     12.6 2022  9 24 22  0 20.980  0.00  19
   103654  40.416614 -124.635612    27.735       10.4      -11.7      -55.1     19.4     36.7     34.0 2022 11 19 23 53 55.780  0.00  19
   103655  40.416703 -124.635677    27.791        4.8       -1.8        1.0      7.8     13.6     14.7 2022 11 21  7 59 21.280  0.00  19
   110323  40.416813 -124.635693    27.795        3.5       10.4        4.7      7.1     15.9     17.7 2022 12 17 21 51 15.200  2.06  19
