   105726  40.375936 -124.251847    26.343      225.3     -572.5     -958.7     49.3     59.8     28.4 2020  4  8  8 21 58.120  0.00  14
   105730  40.376624 -124.250936    26.406      302.7     -496.1     -895.2     35.9     32.0     29.4 2020  8 18 23 54 39.920  0.00  14
   105732  40.384639 -124.253027    26.627      125.1      394.0     -674.4     47.5    141.9     47.3 2020 12 18 23 41 26.600  0.00  14
   105733  40.381510 -124.247917    26.258      559.1       46.5    -1043.5     68.4     73.9     71.2 2021  3 13  9 16 42.120  0.00  14
   105734  40.384505 -124.248665    26.446      495.5      379.1     -855.2     47.0    101.5     42.7 2021  3 28 18 51 39.620  0.00  14
   105739  40.372152 -124.258138    26.490     -308.9     -992.7     -811.2     71.4     86.1     47.6 2021  8 26  7 46  5.300  0.00  14
   105740  40.376506 -124.250708    26.434      322.0     -509.2     -867.6     41.6     39.2     30.1 2021 11  3  0 24 55.500  0.00  14
   105742  40.376603 -124.249992    26.386      382.9     -498.4     -915.5     36.5     35.7     35.6 2021 11  3  0 56  1.640  0.00  14
   105743  40.378263 -124.247616    26.337      584.6     -314.0     -964.2     59.0     57.7     39.9 2021 11  3  7 36 58.280  0.00  14
   105744  40.364685 -124.252148    26.144      199.7    -1821.8    -1157.1     70.2    129.3     54.9 2021 11  3  4 55 54.820  0.00  14
   105745  40.377112 -124.250317    26.346      355.2     -441.9     -955.5     47.1     53.1     33.7 2021 11  3  3 50 44.720  0.00  14
   105747  40.376412 -124.248136    26.271      540.4     -519.6    -1030.2     77.3     62.8     39.8 2021 11  3  2 39 53.560  0.00  14
   105749  40.379858 -124.241545    26.133     1100.2     -136.9    -1167.9     78.6     90.5     63.4 2021 11  3  2 37 16.800  0.00  14
   105750  40.375456 -124.250675    26.463      324.8     -625.8     -838.0     43.8     49.8     45.9 2021 11  3  0 41 54.400  0.00  14
   105751  40.376656 -124.250399    26.388      348.3     -492.5     -913.6     36.7     32.2     32.1 2021 11  3  0 39 12.580  0.00  14
   105752  40.379631 -124.251440    26.430      259.8     -162.2     -871.5     71.2     73.7     45.3 2021 11  3  0 34 13.400  0.00  14
   105754  40.376835 -124.249438    26.383      429.9     -472.6     -917.9     43.4     39.7     27.6 2021 11  3  0 32  6.680  0.00  14
   105757  40.376306 -124.250602    26.413      331.0     -531.4     -888.1     38.7     32.3     31.0 2021 11  4  7 12  1.600  0.00  14
   105762  40.378573 -124.250488    26.579      340.7     -279.7     -722.3     64.8     82.5     52.3 2021 11 11 13 42 18.820  0.00  14
   105763  40.376746 -124.252816    26.310      143.1     -482.6     -991.0     53.6     60.4     55.7 2021 12 20 22  5 44.360  0.00  14
   105764  40.370870 -124.257576    26.605     -261.2    -1135.0     -695.9     66.0     92.8     51.5 2021 12 20 21 35 24.780  0.00  14
   105765  40.372677 -124.254338    26.223       13.8     -934.4    -1078.4     76.1     70.2     41.7 2021 12 20 20 32  9.520  0.00  14
   105768  40.376607 -124.246484    26.282      680.7     -497.9    -1019.1     66.3     67.4     62.8 2021 12 21  6 11 58.360  0.00  14
   105769  40.376538 -124.248584    26.007      502.4     -505.6    -1294.4     81.0    161.7     72.6 2021 12 21  7 56 43.800  0.00  14
   105772  40.379985 -124.252889    26.561      136.8     -122.9     -740.1     48.5     86.5     47.7 2021 12 21  0 19 42.020  0.00  14
   105774  40.387708 -124.254574    26.834       -6.2      734.7     -466.8     95.2     98.0     75.2 2021 12 21 20 50 48.500  0.00  14
   105775  40.379574 -124.244450    26.238      853.5     -168.5    -1063.1     64.1     82.3     49.7 2021 12 22  3 33 33.340  0.00  14
   105777  40.381657 -124.250358    26.362      351.7       62.8     -939.4     48.1     77.9     40.1 2021 12 22 18 39 56.880  0.00  14
   105778  40.380371 -124.253247    26.455      106.4      -80.0     -846.3     73.6     73.1     52.6 2021 12 22  3  7 48.260  0.00  14
   105780  40.376021 -124.252124    26.382      201.8     -563.0     -919.6     43.0     36.2     28.1 2021 12 24  3 24 30.240  0.00  14
   105782  40.385502 -124.251375    26.544      265.4      489.8     -756.7     57.9    113.8     58.1 2021 12 24 10 12  5.420  0.00  14
   105784  40.370732 -124.251595    26.292      246.7    -1150.4    -1008.7     38.9     86.4     34.5 2021 12 25 17 31 35.020  0.00  14
   105787  40.372583 -124.255981    26.538     -125.8     -944.8     -762.9     57.3     78.8     46.1 2021 12 26 19 40 33.940  0.00  14
   105789  40.374036 -124.250773    26.254      316.5     -783.5    -1046.8     63.1    118.6     48.3 2021 12 29 23 58 51.860  0.00  14
   105791  40.371399 -124.253377    26.319       95.4    -1076.3     -982.5     50.1     82.6     42.1 2022  1  4 13 16 11.840  0.00  14
   105793  40.376225 -124.252010    26.393      211.5     -540.4     -908.3     38.5     32.1     28.5 2022  1  9  0 23 57.200  0.00  14
   105794  40.375985 -124.251497    26.414      255.0     -567.0     -887.0     48.0     47.1     33.2 2022  1  9  0 25 32.700  0.00  14
   105796  40.376253 -124.252238    26.390      192.1     -537.2     -910.8     39.2     33.1     28.9 2022  1 26 19 43 31.500  0.00  14
   105798  40.373185 -124.251839    26.478      226.0     -877.9     -823.5     46.5     78.7     43.6 2022  2  6 19 27 40.580  0.00  14
   105802  40.371883 -124.255981    26.579     -125.8    -1022.5     -722.0     61.0     82.7     54.1 2022  3 23  1 53 21.540  0.00  14
   107897  40.399752 -124.267448    28.477    -1099.3     2072.1     1175.5    107.2     55.8     56.5 2020  6 13 20  4 41.920  0.00  14
   107899  40.396533 -124.261572    28.187     -600.5     1714.7      885.7     41.5     45.7     39.6 2021 11  3 20 34 30.060  0.00  14
   107900  40.396554 -124.260897    28.185     -543.1     1717.0      883.5     47.6     46.5     41.1 2021 11  3  5 51 50.700  0.00  14
   107907  40.397441 -124.261475    28.240     -592.2     1815.5      938.7     51.7     45.7     50.0 2021 12 21  5  6 47.280  0.00  14
   107910  40.397156 -124.261662    28.226     -608.1     1783.8      924.7     46.8     31.6     37.6 2021 12 27  0 40 32.520  0.00  14
   107911  40.397538 -124.263892    28.216     -797.4     1826.3      914.8     48.6     40.4     38.2 2021 12 29 17 56  6.640  0.00  14
   107912  40.400850 -124.263379    28.303     -753.8     2194.1     1001.8     82.4     64.0     55.9 2022  1  4  6 25 11.060  0.00  14
   107914  40.396733 -124.261556    28.168     -599.1     1736.8      866.8     52.3     53.8     42.8 2022  1 18  8 29 53.180  0.00  14
   107915  40.396313 -124.273804    28.395    -1639.0     1690.3     1093.7    131.2     99.7     67.5 2022  1 20 19 35 45.720  0.00  14
   107916  40.396057 -124.264038    28.182     -809.8     1661.8      880.7     70.7     52.6     40.1 2022  3 10 19 43 36.080  0.00  14
   107917  40.397400 -124.259538    28.150     -427.7     1810.9      848.8     56.6     37.8     35.9 2022  3 21 15 45 36.680  0.00  14
   107919  40.397571 -124.261418    28.158     -587.3     1829.9      856.6     52.7     56.8     39.1 2022  4 28 16 18 59.900  0.00  14
   107920  40.396822 -124.261165    28.178     -565.9     1746.8      877.0     44.4     47.6     39.6 2022  4 30 20 33  4.260  0.00  14
   107922  40.397949 -124.261092    28.204     -559.7     1871.9      903.3     59.2     31.8     31.1 2022  7  3 16 44 36.540  0.00  14
   107924  40.397831 -124.260278    28.215     -490.6     1858.8      914.2     64.0     35.4     30.6 2022  7 19  9 28  3.620  0.00  14
   107925  40.396407 -124.261613    28.179     -603.9     1700.7      878.0     41.1     47.0     39.7 2022  8 20 18 57 36.780  0.00  14
   108010  40.368331 -124.255054    29.977      -47.0    -1416.9     2676.0     41.1     39.0     36.9 2020  4  7 16 19 13.760  0.00  14
   108011  40.369625 -124.258594    30.213     -347.6    -1273.3     2911.8     72.0     53.4     47.8 2021  5 20  8  1 14.180  0.00  14
   108012  40.367851 -124.254769    30.213      -22.8    -1470.3     2911.9     97.2     74.6     38.3 2021  6  9 14 43 15.220  0.00  14
   108013  40.369983 -124.252482    30.158      171.4    -1233.5     2856.7     96.8     49.8     48.1 2021  7 19  0 53 28.240  0.00  14
   108019  40.367399 -124.254191    30.115       26.3    -1520.4     2813.8     57.0     51.9     38.1 2021 11  3  6 42 52.940  0.00  14
   108021  40.375688 -124.260881    30.171     -541.8     -600.0     2869.7     75.3     94.3     48.5 2021 12 21  2 47 39.000  0.00  14
   108024  40.376103 -124.272835    30.121    -1557.0     -553.9     2819.9    147.1     75.2     62.4 2022  1  7  2 30  4.920  0.00  14
   110380  40.375960 -124.251481    26.392      256.4     -569.8     -909.6     36.6     29.1     28.9 2022 12 26  3 17 37.280  0.86  14
   110463  40.398901 -124.261800    28.182     -619.8     1977.7      880.5     42.0     30.4     35.8 2023  5 18 12 50 14.940  1.05  14
   110471  40.367094 -124.252026    30.101      210.1    -1554.3     2800.1     52.6     41.2     34.7 2023  3 30 14 41 33.470  1.24  14
