   101567  40.500232 -124.328784    18.981       24.8       26.7       32.8      3.6      3.5      3.8 2020  1  8  8 24  6.860  0.00   8
   101570  40.500281 -124.329118    18.958       -3.4       32.1        9.9      4.1      3.7      3.9 2020  2  4  5  3 53.760  0.00   8
   101586  40.499573 -124.330208    18.865      -95.9      -46.5      -82.4      5.7      6.4      6.2 2020  3 21  8  0 18.840  0.00   8
   101587  40.498726 -124.332707    18.825     -307.7     -140.5     -123.1      9.5      6.7      5.9 2020  3 21 11 52 33.340  0.00   8
   101588  40.499544 -124.330412    18.913     -113.1      -49.7      -34.8      5.1      5.9      5.7 2020  3 23  1 53  3.720  0.00   8
   101591  40.499251 -124.330485    18.823     -119.3      -82.2     -125.0      5.6      5.8      6.2 2020  3 24  2 29  9.600  0.00   8
   101595  40.499744 -124.330745    18.878     -141.4      -27.6      -69.4      5.7      6.3      5.9 2020  3 26 11 38 46.880  0.00   8
   101598  40.499736 -124.330176    18.903      -93.1      -28.5      -44.3      6.9      7.9      8.0 2020  3 31  8 19 44.260  0.00   8
   101600  40.499630 -124.330298    18.872     -103.5      -40.2      -75.5      5.2      6.3      4.5 2020  4  4  2 58  6.780  0.00   8
   101609  40.497624 -124.331372    18.593     -194.5     -263.0     -354.8      3.7      7.6      7.1 2020  4 29  9 43 36.800  0.00   8
   101611  40.499272 -124.330583    18.849     -127.6      -80.0      -98.9      5.1      6.1      5.6 2020  5  2 10 40 51.540  0.00   8
   101617  40.499410 -124.331348    18.771     -192.5      -64.6     -176.7      5.6      5.9      5.4 2020  5  5 23 12  1.580  0.00   8
   101642  40.499939 -124.329150    19.010       -6.2       -5.9       61.8      3.1      2.7      5.0 2020  6 27  2 24 12.740  0.00   8
   101651  40.500020 -124.328866    19.011       17.9        3.2       63.3      3.4      3.4      7.3 2020  7 22 19  2  4.880  0.00   8
   101656  40.499646 -124.329964    18.995      -75.2      -38.4       47.2      5.1      5.1      5.2 2020  7 27 23  4 49.560  0.00   8
   101664  40.501050 -124.328223    19.020       72.4      117.5       72.4      4.3      6.1      6.3 2020  8  9  9 42 22.360  0.00   8
   101707  40.499561 -124.329370    19.013      -24.8      -47.9       65.2      3.2      2.8      5.8 2020  9 17  5 27 31.820  0.00   8
   101718  40.500106 -124.329045    18.988        2.8       12.7       40.7      3.3      3.9      4.7 2020 10  7 21 52 58.220  0.00   8
   101724  40.499915 -124.329281    18.969      -17.2       -8.6       21.7      3.2      3.6      3.3 2020 10 11  9 41 33.180  0.00   8
   101728  40.500065 -124.328955    18.973       10.3        8.1       25.5      3.4      3.0      4.1 2020 10 15 13 44 48.000  0.00   8
   101733  40.501021 -124.328556    18.935       44.1      114.3      -12.4      5.5      6.2      4.9 2020 11  3  4 30  4.000  0.00   8
   101734  40.500110 -124.329183    18.949       -9.0       13.1        0.8      3.0      3.5      3.2 2020 11  4 22  3 31.060  0.00   8
   101738  40.499207 -124.329346    19.006      -22.8      -87.2       58.3      3.8      4.2      4.6 2020 11  7  6 52 27.340  0.00   8
   101769  40.499719 -124.329175    18.986       -8.3      -30.3       38.5      3.0      3.4      4.4 2021  2  6 17  0 25.160  0.00   8
   101805  40.500114 -124.330119    18.997      -88.3       13.6       49.6      4.7      2.8      3.9 2021  6  2 10 32 38.320  0.00   8
   101815  40.499646 -124.329460    19.033      -32.4      -38.4       84.8      3.6      4.2      5.1 2021  6 30 19 26 57.240  0.00   8
   101821  40.499740 -124.329403    19.016      -27.6      -28.0       67.9      3.3      3.7      4.5 2021  7  1  7  7  5.600  0.00   8
   101827  40.499817 -124.328752    19.038       27.6      -19.4       89.8      4.1      4.4      5.9 2021  7  2 19 32  9.360  0.00   8
   101830  40.499748 -124.329362    19.017      -24.1      -27.1       69.1      3.5      3.7      4.5 2021  7  5 10  0 14.660  0.00   8
   101831  40.499736 -124.329102    18.977       -2.1      -28.5       29.3      3.1      3.4      3.9 2021  7  7  0 19 55.420  0.00   8
   101847  40.500020 -124.328727    19.012       29.7        3.2       64.3      4.6      3.4      4.7 2021  7 29  7 37 32.960  0.00   8
   101849  40.500346 -124.328882    19.001       16.6       39.3       52.9      4.1      3.4      3.4 2021  8 10 19 29 16.640  0.00   8
   101851  40.500138 -124.328825    18.977       21.4       16.3       29.3      4.0      3.4      4.0 2021  8 11 11  7 46.760  0.00   8
   101854  40.500073 -124.329224    18.963      -12.4        9.0       15.3      3.6      2.9      3.5 2021  8 16  7 26  5.700  0.00   8
   101857  40.499597 -124.329159    18.988       -6.9      -43.8       40.2      3.2      3.7      4.8 2021  8 26 21 53 11.220  0.00   8
   101872  40.500106 -124.329346    19.004      -22.8       12.7       56.0      5.4      5.4      4.9 2021 10 13  0 53 49.860  0.00   8
   101877  40.499866 -124.329191    18.970       -9.7      -14.0       22.3      3.5      3.7      4.5 2021 10 24  3 28  2.920  0.00   8
   101883  40.499748 -124.329297    19.017      -18.6      -27.1       69.6      3.5      3.8      4.6 2021 11 22 12  1 21.520  0.00   8
   101888  40.500382 -124.328792    18.952       24.1       43.4        4.0      4.6      4.2      2.8 2021 12  3 11 16  4.320  0.00   8
   101889  40.501029 -124.328247    19.048       70.4      115.2      100.6      4.2      6.4      6.8 2021 12 11  8 24 10.240  0.00   8
   101891  40.500346 -124.328182    19.007       75.9       39.3       58.9      4.6      4.0      4.4 2021 12 17  4 15 33.120  0.00   8
   101897  40.499373 -124.330192    18.965      -94.5      -68.7       17.3      3.8      3.5      3.2 2021 12 20 23 21 40.620  0.00   8
   101902  40.499483 -124.330127    18.965      -89.0      -56.5       17.6      3.6      3.2      3.4 2021 12 21  0 28  2.920  0.00   8
   101903  40.499585 -124.329883    18.977      -68.3      -45.2       29.3      3.3      3.0      3.6 2021 12 21  0  6 57.220  0.00   8
   101905  40.499471 -124.330168    18.963      -92.4      -57.8       15.4      3.5      3.1      3.2 2021 12 21  0  5 32.380  0.00   8
   101910  40.499829 -124.329744    18.998      -56.6      -18.1       49.9      4.8      3.5      4.4 2021 12 21  4 55 49.020  0.00   8
   101918  40.496326 -124.332292    18.532     -272.5     -407.1     -415.7      6.1      6.4      6.0 2021 12 21  5 44 49.760  0.00   8
   101919  40.500574 -124.332935    19.511     -327.0       64.6      563.0      9.2     18.5     15.6 2021 12 21 13 49 48.060  0.00   8
   101921  40.499556 -124.329728    18.972      -55.2      -48.3       24.4      3.5      3.0      3.7 2021 12 22 13 40 52.240  0.00   8
   101931  40.499483 -124.329785    18.957      -60.0      -56.5        9.4      3.5      3.2      2.9 2021 12 26  0 16 30.600  0.00   8
   101946  40.499504 -124.330900    18.917     -154.5      -54.2      -31.0      4.5      3.5      5.3 2022  1  1  6 53 17.640  0.00   8
   101948  40.499862 -124.329842    18.917      -64.8      -14.5      -30.9      5.9      2.9      4.3 2022  1  1  1 52 43.980  0.00   8
   101951  40.499325 -124.330916    18.901     -155.9      -74.1      -46.5      4.6      3.6      5.1 2022  1  1  1 53 23.840  0.00   8
   101952  40.499312 -124.330819    18.901     -147.6      -75.5      -46.3      4.4      3.6      5.0 2022  1  1  1 48 34.900  0.00   8
   101953  40.499223 -124.331478    18.925     -203.5      -85.4      -22.5      5.1      4.1      4.6 2022  1  1  9 41  8.920  0.00   8
   101954  40.499459 -124.331055    18.925     -167.6      -59.2      -22.3      4.5      3.6      5.3 2022  1  1  2  2 56.520  0.00   8
   101955  40.499255 -124.331413    18.921     -198.0      -81.8      -26.3      5.1      3.9      4.5 2022  1  1  4 12 15.740  0.00   8
   101958  40.499406 -124.333008    18.925     -333.2      -65.1      -22.8      9.9      5.3      7.0 2022  1  1 13 49 11.080  0.00   8
   101965  40.499235 -124.331340    18.928     -191.8      -84.0      -19.8      4.9      4.0      4.5 2022  1  2  6 49  8.980  0.00   8
   101966  40.499548 -124.330680    18.963     -135.9      -49.3       15.1      3.7      2.3      2.9 2022  1  2  1 53 53.080  0.00   8
   101968  40.499353 -124.333325    18.942     -360.1      -70.9       -5.6      8.5      5.0      5.1 2022  1  2 16 10 44.740  0.00   8
   101969  40.498958 -124.333008    18.951     -333.2     -114.8        3.6      7.8      6.3      5.5 2022  1  2 16  2 56.640  0.00   8
   101979  40.499898 -124.329248    18.970      -14.5      -10.4       22.3      3.1      2.9      3.4 2022  1  6  4  7 28.080  0.00   8
   102007  40.499019 -124.333236    18.997     -352.5     -108.0       49.4      7.3      4.9      4.1 2022  1 27 21 16 13.540  0.00   8
   102014  40.500016 -124.329199    18.985      -10.3        2.7       37.2      3.8      3.4      3.9 2022  2  8  2  4 12.560  0.00   8
   102020  40.499902 -124.329012    18.986        5.5       -9.9       38.3      3.3      2.7      4.2 2022  2 17 23 16 42.540  0.00   8
   102021  40.499858 -124.329313    18.966      -20.0      -14.9       18.4      3.4      2.2      3.4 2022  2 18 15 33 38.900  0.00   8
   102023  40.500415 -124.328060    19.011       86.2       47.0       63.3      4.8      4.5      4.5 2022  2 19  2 24 48.480  0.00   8
   102028  40.500301 -124.328654    19.003       35.9       34.3       54.8      4.7      3.5      5.0 2022  2 24 10 41 46.260  0.00   8
   102030  40.499845 -124.329769    18.984      -58.6      -16.3       36.6      4.7      3.4      3.8 2022  2 25 16  6  5.320  0.00   8
   102034  40.500065 -124.328849    19.003       19.3        8.1       55.4      5.2      5.9      6.7 2022  3  5  7 24 47.280  0.00   8
   102035  40.499845 -124.329818    18.986      -62.8      -16.3       37.8      3.6      3.3      4.0 2022  3  6 14 41 27.160  0.00   8
   102037  40.499015 -124.321338    18.779      656.0     -108.4     -168.4      6.0      3.2      4.6 2022  3  8 15  5 38.280  0.00   8
   102041  40.499679 -124.329631    19.029      -46.9      -34.8       81.5      4.7      3.4      5.6 2022  3 11  3 55 17.340  0.00   8
   102047  40.499255 -124.330542    18.939     -124.2      -81.8       -9.0      8.4      6.0      6.2 2022  3 21 15 25 14.340  0.00   8
   102049  40.499813 -124.329297    18.977      -18.6      -19.9       29.0      4.9      4.6      4.7 2022  3 23 12 32  3.000  0.00   8
   102050  40.498779 -124.321566    18.807      636.7     -134.6     -141.1     10.5      2.9      6.0 2022  3 23 20  8 19.980  0.00   8
   102052  40.499927 -124.329574    18.993      -42.1       -7.2       45.5      3.6      3.1      3.8 2022  3 29 23 38  9.800  0.00   8
   102053  40.499951 -124.328914    18.985       13.8       -4.5       37.6      3.9      2.4      4.2 2022  3 30  8 35 44.720  0.00   8
   102054  40.500142 -124.329663    18.911      -49.7       16.7      -37.1      4.0      3.9      5.2 2022  4  2  3 33 15.280  0.00   8
   102055  40.499023 -124.321777    18.710      618.8     -107.5     -237.8      5.3      3.3      3.1 2022  4  7 11 10  9.600  0.00   8
   102057  40.499109 -124.330640    18.913     -132.5      -98.0      -34.9      8.3      5.0      5.5 2022  4  9 14 38 19.420  0.00   8
   102058  40.499605 -124.330135    18.947      -89.7      -42.9       -1.0      8.0      5.9      6.8 2022  4 10  8 30  7.000  0.00   8
   102059  40.500053 -124.328743    18.953       28.3        6.8        5.4      5.5      5.3      5.8 2022  4 11  4 53 23.600  0.00   8
   102060  40.500077 -124.329240    18.976      -13.8        9.5       28.7      3.7      2.7      3.3 2022  4 13  9 17 30.040  0.00   8
   102061  40.500004 -124.329085    19.009       -0.7        1.4       61.7      4.2      3.8      4.7 2022  4 13  9 32  6.260  0.00   8
   102065  40.499752 -124.332536    18.967     -293.2      -26.7       19.0      6.1      4.3      4.0 2022  4 15 14 22 29.140  0.00   8
   102069  40.498779 -124.321647    18.796      629.8     -134.6     -151.9     10.7      2.3      6.1 2022  4 18 12 12 46.380  0.00   8
   102081  40.499715 -124.328621    18.928       38.6      -30.7      -19.9      5.0      5.3      6.1 2022  5 11 10 37  1.000  0.00   8
   102089  40.499556 -124.329118    19.051       -3.4      -48.3      102.8      3.5      4.2      6.8 2022  5 20 16 20 39.280  0.00   8
   102091  40.498779 -124.321794    18.790      617.4     -134.6     -158.0     11.2      2.4      6.3 2022  5 26  3 24 29.520  0.00   8
   102106  40.500081 -124.329378    18.950      -25.5        9.9        1.9      3.7      2.9      3.7 2022  6 28  9 45 35.360  0.00   8
   102110  40.499723 -124.329590    19.038      -43.5      -29.8       90.7      3.3      2.7      5.2 2022  7  5  3 23  4.960  0.00   8
   102117  40.496195 -124.332161    18.535     -261.5     -421.6     -413.2     10.1      9.2      9.1 2022  7 25  4 29 34.600  0.00   8
   102120  40.500224 -124.329110    18.997       -2.8       25.8       49.4      3.6      3.1      4.0 2022  8  2 10 25  0.900  0.00   8
   102123  40.500090 -124.329199    18.963      -10.3       10.8       15.1      3.6      3.0      3.5 2022  8 13  6  7  5.240  0.00   8
   102126  40.500081 -124.329199    18.962      -10.3        9.9       14.4      3.6      2.9      3.5 2022  8 21 11 27 27.640  0.00   8
   102132  40.499731 -124.328678    18.929       33.8      -28.9      -18.9      6.7      7.0      8.5 2022  8 29 18 57 44.560  0.00   8
   102133  40.499715 -124.329134    19.021       -4.8      -30.7       72.9      4.1      3.1      5.8 2022  8 30  9 26 56.220  0.00   8
   102134  40.499353 -124.332813    18.993     -316.6      -70.9       45.1      7.9      5.3      3.9 2022  9 11 22  1 21.540  0.00   8
   102135  40.500126 -124.329028    18.973        4.1       14.9       24.8      3.7      3.0      3.2 2022  9 12  8 29 28.620  0.00   8
   102136  40.498877 -124.333317    19.000     -359.4     -123.8       51.9      6.9      5.1      5.3 2022  9 12  3 52 43.340  0.00   8
   102137  40.500085 -124.328988    18.988        7.6       10.4       40.0      3.8      2.9      3.5 2022  9 18  1 49 24.880  0.00   8
   102142  40.499382 -124.329346    19.017      -22.8      -67.8       69.0      4.2      4.4      5.7 2022 10  4  5 42 14.320  0.00   8
   102145  40.500838 -124.327922    18.970       98.0       94.0       22.0      5.9      5.2      4.2 2022 10  7  7 48  9.680  0.00   8
   102147  40.499552 -124.328988    19.058        7.6      -48.8      110.3      4.4      4.0      7.2 2022 10 11 18 50 44.380  0.00   8
   102148  40.501005 -124.327775    18.989      110.4      112.5       41.1      6.6      6.1      5.4 2022 10 13 13 50 24.820  0.00   8
   102154  40.500240 -124.328906    18.966       14.5       27.6       18.5      4.1      3.3      3.2 2022 11 12 14 35 34.340  0.00   8
   102155  40.500203 -124.328874    18.977       17.2       23.5       29.1      3.8      3.5      2.9 2022 11 14  8 51 17.180  0.00   8
   102157  40.499866 -124.329110    18.978       -2.8      -14.0       30.3      3.2      2.9      3.7 2022 11 15  9 35 43.080  0.00   8
   102159  40.499788 -124.331283    18.905     -186.9      -22.6      -42.3      9.4      7.5      8.3 2022 11 16  5 58 41.520  0.00   8
   102162  40.499707 -124.329386    18.968      -26.2      -31.6       19.9      3.9      3.1      2.5 2022 11 19 19 26 21.640  0.00   8
   102164  40.499980 -124.329134    18.975       -4.8       -1.4       27.1      3.4      2.9      3.5 2022 11 20  8 52 54.700  0.00   8
   102166  40.500606 -124.328052    19.015       86.9       68.2       67.3      7.1      6.2      5.5 2022 11 20 12 22 50.880  0.00   8
   102174  40.500024 -124.328906    18.984       14.5        3.6       36.2      3.7      3.7      4.0 2022 11 30  2  8  2.960  0.00   8
   110299  40.500118 -124.328923    18.945       13.1       14.0       -2.5      3.1      2.6      3.2 2023  2  9 16 51 34.400  0.90   8
