   102991  40.495943 -124.498861    29.785     -921.1     1975.4      122.2      8.8     25.2     21.5 2020  1  9 13 40 58.740  0.00  27
   102998  40.497725 -124.497087    29.629     -770.7     2173.3      -33.7     14.9     27.4     28.4 2020 10  4  6 55  1.040  0.00  27
   103000  40.490210 -124.498494    29.733     -890.1     1338.8       69.9     14.7     14.6     18.0 2020 10  8 16 45 53.320  0.00  27
   103003  40.493351 -124.500285    29.872    -1041.9     1687.6      208.8      8.4      7.7     16.1 2020 12  7  8 22 35.820  0.00  27
   103004  40.491618 -124.501326    29.947    -1130.2     1495.1      284.0     11.2     18.6     13.9 2020 12 17 16 52 32.620  0.00  27
   103005  40.492733 -124.500578    29.890    -1066.7     1618.9      226.8     10.1      9.5     14.2 2020 12 23 12 56 52.620  0.00  27
   103006  40.494796 -124.499487    29.793     -974.3     1848.0      130.7      9.8     19.3     15.4 2021  1 17 10 19 59.280  0.00  27
   103012  40.491663 -124.501424    29.932    -1138.5     1500.1      269.6     12.8     17.6     12.9 2021  7 21 12  6 54.160  0.00  27
   103015  40.494759 -124.499382    29.859     -965.3     1844.0      196.4     12.1     13.6     17.2 2021  8  4 20 21 42.980  0.00  27
   103016  40.492171 -124.501213    29.845    -1120.6     1556.6      182.2     16.7     18.7     22.5 2021  8  5 18 12 32.940  0.00  27
   103017  40.492188 -124.501131    29.836    -1113.7     1558.4      173.6     17.7     19.3     23.7 2021  8  5 16 53 27.500  0.00  27
   103022  40.492737 -124.500399    29.780    -1051.5     1619.4      117.6     17.8     13.9     14.8 2021 11 14 22 32 35.820  0.00  27
   103023  40.493237 -124.500366    29.932    -1048.8     1675.0      268.8      8.8      8.8     15.0 2021 11 27  7 32 25.300  0.00  27
   103026  40.492513 -124.500806    29.891    -1086.0     1594.5      228.1      9.1     13.5     11.4 2021 12 21 17 14  4.720  0.00  27
   103028  40.492086 -124.500724    29.882    -1079.2     1547.1      218.8     14.8     15.4     20.0 2021 12 29 22 51 33.620  0.00  27
   103029  40.494128 -124.500057    29.830    -1022.6     1773.9      167.0     11.7     17.8     13.8 2022  1 23 14 14  2.380  0.00  27
   103031  40.492627 -124.500179    29.882    -1032.9     1607.2      219.4     10.8     14.1     12.1 2022  6 14 14 54 54.680  0.00  27
   103033  40.493970 -124.499927    29.887    -1011.5     1756.3      224.3      9.2     13.1     10.9 2022  9 26  8  0 17.200  0.00  27
   103034  40.492940 -124.500431    29.795    -1054.3     1642.0      131.7     10.2     12.7     13.7 2022  9 26  1 25  9.900  0.00  27
   103035  40.493030 -124.500488    29.839    -1059.1     1651.9      176.1      9.2      9.1     12.3 2022  9 26  3 48 41.620  0.00  27
   104657  40.467281 -124.479663    30.118      706.7    -1207.3      455.2     14.2     30.6     15.2 2020  3  9 10 51 18.620  0.00  27
   104658  40.462598 -124.476766    29.478      952.4    -1727.4     -184.7     10.6     12.5     14.0 2020  3 18 23 16  2.080  0.00  27
   104659  40.462545 -124.476823    29.455      947.6    -1733.3     -207.9     15.1     12.7     12.5 2020  3 20 11  9 12.380  0.00  27
   104660  40.462097 -124.476546    29.516      971.0    -1783.0     -147.1     12.5     19.1     17.7 2020  5 10 15 44 38.280  0.00  27
   104662  40.466182 -124.473551    29.337     1225.0    -1329.3     -326.2     22.9     41.3     26.2 2020 12 30 23  3 58.660  0.00  27
   104663  40.466443 -124.473885    29.277     1196.7    -1300.4     -385.5     21.0     40.7     24.3 2020 12 31 13 12 57.180  0.00  27
   104665  40.464498 -124.476090    29.464     1009.7    -1516.4     -198.8     21.6     18.6     20.3 2021  6 24 14 45  8.020  0.00  27
   104667  40.463037 -124.476595    29.517      966.9    -1678.6     -146.0     11.6     12.5     13.0 2021  6 30 18 57 19.900  0.00  27
   104668  40.464433 -124.475602    29.539     1051.1    -1523.6     -123.8     13.8     17.8     11.8 2021  7  6 10 17  1.880  0.00  27
   104670  40.463428 -124.477124    29.601      922.0    -1635.2      -62.1     16.7     13.8     11.3 2021  7 21 11 24 19.480  0.00  27
   104672  40.462724 -124.477938    29.612      853.0    -1713.4      -50.7     13.5     21.3     11.3 2021  8 17  0  6 25.200  0.00  27
   104676  40.463997 -124.479028    30.021      760.5    -1571.9      358.1     18.6     25.8     25.3 2021 10 23  3  0  5.120  0.00  27
   104677  40.463688 -124.476058    29.405     1012.4    -1606.3     -257.8     13.2     20.6     12.9 2021 11  3 10 40 27.040  0.00  27
   104678  40.461361 -124.478931    29.877      768.8    -1864.7      214.6     15.4     19.9     17.8 2021 11 18  6 17 11.960  0.00  27
   104679  40.464213 -124.475618    29.569     1049.7    -1548.0      -93.7     10.6     16.6     11.5 2021 11 23  3 25  3.320  0.00  27
   104681  40.462236 -124.476611    29.589      965.5    -1767.6      -73.8     10.0     12.8     11.5 2021 12 22  1 49  7.300  0.00  27
   104682  40.463005 -124.476123    29.542     1006.9    -1682.2     -120.9     10.3     13.5     11.3 2021 12 22  2  6  5.140  0.00  27
   104684  40.465625 -124.481486    29.989      552.1    -1391.2      326.1     22.6     37.5     30.8 2022  4 16  8 34 43.700  0.00  27
   104685  40.458419 -124.472746    29.088     1293.4    -2191.4     -574.5     18.2     36.0     27.2 2022  4 21  0 59 15.880  0.00  27
   104686  40.463696 -124.476888    29.610      942.0    -1605.4      -52.3     15.1     17.8     15.1 2022  6 27 17 46 59.340  0.00  27
   104692  40.463326 -124.476253    29.569      995.9    -1646.5      -93.4     11.1     13.7     11.4 2022  9 24 22 42 50.600  0.00  27
   110314  40.493180 -124.499967    29.885    -1015.0     1668.6      221.8      9.1     10.6     12.8 2023  4 23 20 44 41.260  1.76  27
   110348  40.462455 -124.476611    29.614      965.5    -1743.2      -48.6      8.6     10.3     10.8 2022 12 15  2 16  4.110  2.47  27
