   103673  40.378389 -124.632194    26.081       10.4      267.0     -439.0     10.9     28.0     32.1 2020  1 14 15 15 17.280  0.00  15
   103674  40.375924 -124.631885    26.662       36.6       -6.8      142.4      9.2     17.7     21.2 2020  1 16 22 39 17.780  0.00  15
   103675  40.375224 -124.632145    26.676       14.5      -84.5      155.8      9.6     12.7     18.9 2020  1 16 23 52  2.380  0.00  15
   103680  40.365540 -124.634684    26.260     -201.1    -1159.9     -259.6     24.0     55.9     54.3 2020  3 15  8 13 26.920  0.00  15
   103681  40.375854 -124.632186    25.913       11.1      -14.5     -606.9     11.0     18.0     27.7 2020  3 19  1 14 44.660  0.00  15
   103683  40.385059 -124.633130    26.363      -69.1     1007.6     -156.9     10.0     30.6     34.1 2020  4  6  8 32 34.940  0.00  15
   103684  40.381197 -124.633081    26.212      -65.0      578.8     -307.9     10.9     28.4     23.0 2020  4  6  8 26 12.640  0.00  15
   103685  40.375012 -124.632243    25.246        6.2     -108.0    -1273.7     13.9     25.0     43.9 2020  4 11  0 30 15.880  0.00  15
   103686  40.387964 -124.629590    25.610      231.5     1330.2     -910.4     12.6     36.5     41.6 2020  4 18  1 52 31.020  0.00  15
   103688  40.379757 -124.632039    25.517       23.5      418.8    -1002.8     20.5     33.1     57.5 2020  4 30 20 36 37.720  0.00  15
   103690  40.375134 -124.629785    23.017      214.9      -94.4    -3503.2     13.3     27.9     24.2 2020  5  9  0 55 49.540  0.00  15
   103693  40.368958 -124.631030    22.890      109.2     -780.3    -3629.9     15.1     95.1     21.3 2020  5 19  5  8 33.060  0.00  15
   103694  40.369071 -124.631095    22.481      103.7     -767.7    -4038.8     26.6     39.9     34.1 2020  5 19  5 15 33.100  0.00  15
   103697  40.376270 -124.632048    26.469       22.8       31.6      -50.7      7.6     15.2     17.8 2020  6  4 14 54 40.800  0.00  15
   103705  40.376375 -124.632194    26.438       10.4       43.4      -82.2      6.3     16.9     14.7 2020  8  7 15  6  9.460  0.00  15
   103712  40.377576 -124.632056    26.421       22.1      176.7      -99.3      7.3     22.3     22.1 2020  9 20  6  7  5.560  0.00  15
   103713  40.373287 -124.632235    26.413        6.9     -299.6     -107.2     13.8     26.2     36.3 2020  9 29 16 41  7.480  0.00  15
   103717  40.375016 -124.632251    26.488        5.5     -107.5      -32.1      7.3     18.5     19.4 2020 11  9  3 26 14.900  0.00  15
   103721  40.377393 -124.634123    27.406     -153.4      156.3      886.3     16.9     30.4     39.4 2021  1 21 20 44 37.900  0.00  15
   103724  40.377344 -124.632007    26.464       26.3      150.9      -56.5      7.4     21.5     18.0 2021  1 28  8  1 18.460  0.00  15
   103725  40.369731 -124.633407    26.783      -92.6     -694.5      262.9     12.0     35.4     15.2 2021  2 12  4 13 46.120  0.00  15
   103726  40.377319 -124.633854    26.907     -130.6      148.2      387.5     10.1     23.8     28.1 2021  2 12  4  5 42.100  0.00  15
   103727  40.377071 -124.632560    26.309      -20.7      120.6     -211.1      9.6     18.1     38.3 2021  2 28 17 42  1.520  0.00  15
   103733  40.374227 -124.632723    26.714      -34.6     -195.2      193.8     11.1     20.8     13.6 2021  3 16 22 26 59.680  0.00  15
   103736  40.374032 -124.632332    26.513       -1.4     -216.9       -7.2      9.2     21.2     25.5 2021  4 24 19 55 12.980  0.00  15
   103737  40.373551 -124.632617    26.453      -25.6     -270.2      -66.9      8.1     24.2     30.1 2021  4 24 21 25 22.420  0.00  15
   103738  40.378621 -124.632015    26.548       25.6      292.8       27.7      8.9     24.4     27.6 2021  5  2 10 15 15.360  0.00  15
   103739  40.375419 -124.632113    26.338       17.3      -62.8     -181.9      7.0     18.9     18.8 2021  5 17  1 51 15.000  0.00  15
   103743  40.373332 -124.632756    26.574      -37.3     -294.6       53.5     10.7     22.8     13.7 2021  6  3  9 11 16.620  0.00  15
   103746  40.371037 -124.633162    26.437      -71.9     -549.4      -82.7      9.8     32.3     24.5 2021  6 21 18 25 58.900  0.00  15
   103747  40.371118 -124.633301    26.521      -83.6     -540.4        1.1      9.4     33.9     23.7 2021  6 21 18 56 10.100  0.00  15
   103748  40.371672 -124.632926    26.433      -51.8     -478.9      -86.9     11.5     32.3     19.1 2021  6 26 21 34 53.920  0.00  15
   103749  40.370463 -124.633773    26.546     -123.7     -613.1       25.9     13.7     36.4     25.3 2021  6 26 21 52 52.480  0.00  15
   103752  40.376607 -124.632031    26.493       24.2       69.1      -27.3      7.3     15.8     17.3 2021  7 16  4 38  9.540  0.00  15
   103753  40.378223 -124.631470    26.597       71.9      248.5       76.9      9.9     26.8     28.7 2021  7 23 17 27  4.080  0.00  15
   103765  40.375342 -124.634521    27.031     -187.3      -71.4      511.4     18.6     38.9     37.8 2021  9 14 11  7 22.460  0.00  15
   103766  40.374495 -124.632284    26.613        2.8     -165.4       92.6     10.0     15.8     13.8 2021  9 15 10 50 21.940  0.00  15
   103770  40.375020 -124.632300    26.500        1.4     -107.1      -20.1      9.1     14.7     14.4 2021  9 22 19 29 33.580  0.00  15
   103780  40.373743 -124.632284    26.506        2.8     -249.0      -13.9      8.7     21.7     15.8 2021 11 29  2 31 57.980  0.00  15
   103781  40.376168 -124.632007    26.561       26.3       20.3       41.4      7.2     19.0     16.8 2021 12  5 11 19 17.180  0.00  15
   103782  40.375692 -124.632357    26.555       -3.5      -32.5       34.6      7.1     13.7     13.9 2021 12  5 11 20 39.060  0.00  15
   103787  40.373934 -124.632772    26.648      -38.7     -227.7      127.8     11.6     21.3     12.9 2021 12 19  2 14 40.560  0.00  15
   103793  40.374825 -124.632284    26.539        2.8     -128.8       19.0      8.3     16.4     13.6 2022  1 14  5 18 12.200  0.00  15
   103796  40.382133 -124.633944    26.677     -138.2      682.7      156.6     23.0     53.3     45.9 2022  2 18 12 44 56.020  0.00  15
   103797  40.370426 -124.632153    26.074       13.8     -617.2     -445.9     19.1     55.5     41.9 2022  2 19 12 21  1.500  0.00  15
   103802  40.380737 -124.631340    26.581       82.9      527.7       60.8     12.3     32.9     24.8 2022  3 12  4 33 48.940  0.00  15
   103804  40.380640 -124.630745    26.664      133.4      516.9      144.0     16.7     37.2     38.1 2022  3 15 10 40 38.520  0.00  15
   103811  40.375895 -124.632121    26.412       16.6       -9.9     -107.8      7.3     18.0     14.2 2022  5 14  0 44  9.960  0.00  15
   103814  40.384892 -124.630607    26.161      145.1      989.1     -359.1     16.6     40.6     27.3 2022  5 31 12 38 59.980  0.00  15
   103815  40.376640 -124.632161    26.429       13.1       72.7      -90.5      9.3     16.7     19.3 2022  5 31 16 45 19.300  0.00  15
   103820  40.375623 -124.632145    26.414       14.5      -40.2     -105.9      6.4     15.3     13.6 2022  6 16 23 23 11.160  0.00  15
   103822  40.374109 -124.632756    26.535      -37.3     -208.3       14.7     12.8     22.6     19.4 2022  7  2  3 27 26.160  0.00  15
   103828  40.375854 -124.632186    26.407       11.1      -14.5     -113.5      7.6     26.0     19.0 2022  7 30 10  3 37.460  0.00  15
   103829  40.374666 -124.632365    26.502       -4.1     -146.4      -17.8      7.2     18.1     15.7 2022  8  8 16 29 41.540  0.00  15
   103831  40.374670 -124.632568    26.515      -21.4     -145.9       -5.4      9.2     17.7     15.2 2022  8 21  3 43 30.740  0.00  15
   103834  40.372591 -124.632869    26.683      -47.0     -376.8      163.2      9.8     27.2     15.9 2022  9  5 17 44 25.060  0.00  15
   103835  40.370133 -124.633431    26.945      -94.7     -649.7      425.4     16.6     50.5     24.6 2022  9 22 18 37 12.600  0.00  15
   103836  40.365971 -124.631340    26.625       82.9    -1112.0      104.5     11.9     31.5     19.1 2022  9 23 19 40  3.100  0.00  15
   103837  40.376131 -124.632316    26.434        0.0       16.3      -85.8      7.0     18.1     13.2 2022  9 25  0 13 36.240  0.00  15
   103842  40.375761 -124.632259    26.455        4.8      -24.9      -64.8      7.2     17.0     13.3 2022 10 27 16  1  8.480  0.00  15
   103843  40.376233 -124.632056    26.415       22.1       27.6     -105.5      6.9     15.6     16.7 2022 10 27 19 13 41.200  0.00  15
   103844  40.374821 -124.632406    26.461       -7.6     -129.2      -58.8      7.8     18.2     16.1 2022 10 27 19 10 46.000  0.00  15
   103850  40.375411 -124.632153    26.603       13.8      -63.7       83.0      6.9     13.5     17.3 2022 11 22 17 13 20.760  0.00  15
   110325  40.376302 -124.632178    26.595       11.7       35.2       74.6      6.3     13.3     13.2 2023  1  6  2 11 23.440  2.07  15
