   105071  40.315202 -124.598804    17.810       -6.9        1.4       -0.0      0.0      0.1      0.1 2020  1 29  8 12 18.900  0.00  13
   105074  40.315202 -124.598804    17.810       -6.9        1.4       -0.0      0.1      0.1      0.1 2020  2 26  9 21 18.840  0.00  13
   105075  40.315202 -124.598804    17.810       -6.9        1.4       -0.0      0.0      0.1      0.1 2020  2 27  1 15 34.260  0.00  13
   105078  40.315202 -124.598804    17.810       -6.9        1.4       -0.0      0.1      0.1      0.1 2020  5  8 11 57 20.220  0.00  13
   105080  40.315202 -124.598804    17.810       -6.9        1.4       -0.0      0.0      0.1      0.1 2020  5 26 11 17 44.720  0.00  13
   105081  40.315202 -124.598804    17.810       -6.9        1.4       -0.0      0.0      0.0      0.0 2020  6  1 13  3 56.500  0.00  13
   105082  40.315202 -124.598804    17.810       -6.9        1.4       -0.0      0.1      0.2      0.1 2020  6  1 17 15 14.660  0.00  13
   105086  40.315202 -124.598804    17.810       -6.9        1.4       -0.0      0.0      0.1      0.1 2020  7 18  0 25 23.860  0.00  13
   105088  40.315202 -124.598804    17.810       -6.9        1.4       -0.0      0.0      0.1      0.1 2020  8  9  0  4 25.560  0.00  13
   105092  40.315202 -124.598804    17.810       -6.9        1.4       -0.0      0.0      0.1      0.1 2020 10 16 15 25 53.420  0.00  13
   105093  40.315202 -124.598804    17.810       -6.9        1.4       -0.0      0.1      0.1      0.1 2020 10 30  5 24 53.820  0.00  13
   105094  40.315202 -124.598804    17.810       -6.9        1.4       -0.0      0.1      0.1      0.1 2020 12 12 14 36 59.760  0.00  13
   105097  40.315202 -124.598804    17.810       -6.9        1.4       -0.0      0.0      0.1      0.1 2020 12 31 10 57 26.340  0.00  13
   105098  40.315202 -124.598804    17.810       -6.9        1.4       -0.0      0.1      0.1      0.1 2021  1  5  1  7 30.180  0.00  13
   105099  40.315202 -124.598804    17.810       -6.9        1.4        0.0      0.1      0.2      0.2 2021  1  6  4 41 35.040  0.00  13
   105100  40.315202 -124.598804    17.810       -6.9        1.4       -0.0      0.0      0.1      0.1 2021  1 21  1 51 43.340  0.00  13
   105101  40.315202 -124.598804    17.810       -6.9        1.4       -0.0      0.0      0.1      0.1 2021  1 22  3 18 43.280  0.00  13
   105102  40.315202 -124.598804    17.810       -6.9        1.4       -0.0      0.0      0.1      0.1 2021  1 29 17 49 54.300  0.00  13
   105105  40.315202 -124.598804    17.810       -6.9        1.4       -0.0      0.0      0.0      0.1 2021  3 10 21 27  1.460  0.00  13
   105107  40.315202 -124.598804    17.810       -6.9        1.4       -0.0      0.1      0.1      0.1 2021  3 31  8 30 48.680  0.00  13
   105109  40.315202 -124.598804    17.810       -6.9        1.4       -0.0      0.0      0.1      0.1 2021  4  2 12 52 12.100  0.00  13
   105111  40.315202 -124.598804    17.810       -6.9        1.4       -0.0      0.0      0.1      0.1 2021  4  2 10 30 49.520  0.00  13
   105112  40.315202 -124.598804    17.810       -6.9        1.4       -0.0      0.0      0.1      0.1 2021  4  2  9 31 22.380  0.00  13
   105115  40.315202 -124.598804    17.810       -6.9        1.4       -0.0      0.0      0.1      0.1 2021  4  5 20 34 12.380  0.00  13
   105116  40.315202 -124.598804    17.810       -6.9        1.4       -0.0      0.1      0.1      0.1 2021  4  5 20 27 26.720  0.00  13
   105119  40.315202 -124.598804    17.810       -6.9        1.4       -0.0      0.1      0.1      0.1 2021  4  8  4 25 20.800  0.00  13
   105120  40.315202 -124.598804    17.810       -6.9        1.4       -0.0      0.0      0.1      0.1 2021  4 10  1  0 55.380  0.00  13
   105122  40.315202 -124.598804    17.810       -6.9        1.4       -0.0      0.0      0.1      0.1 2021  4 19  5 59 54.500  0.00  13
   105123  40.315202 -124.598804    17.810       -6.9        1.4       -0.0      0.0      0.1      0.1 2021  5 14 18 13 50.280  0.00  13
   105128  40.315202 -124.598804    17.810       -6.9        1.4       -0.0      0.0      0.1      0.1 2021  6 30 20 36 48.360  0.00  13
   105129  40.315202 -124.598804    17.810       -6.9        1.4       -0.0      0.0      0.1      0.1 2021  7  1 17 16 11.740  0.00  13
   105132  40.315202 -124.598804    17.810       -6.9        1.4       -0.0      0.0      0.1      0.1 2021  7 25  3 57 32.920  0.00  13
   105135  40.315202 -124.598804    17.810       -6.9        1.4       -0.0      0.0      0.1      0.1 2021  7 25  8 29 37.560  0.00  13
   105139  40.315202 -124.598804    17.810       -6.9        1.4       -0.0      0.1      0.1      0.1 2021 10 11 11 30 59.120  0.00  13
   105140  40.315202 -124.598804    17.810       -6.9        1.4        0.0      0.1      0.1      0.1 2021 10 12 13 13 42.500  0.00  13
   105141  40.315202 -124.598804    17.810       -6.9        1.4       -0.0      0.0      0.1      0.1 2021 10 28 16 43 57.220  0.00  13
   105143  40.315202 -124.598804    17.810       -6.9        1.4       -0.0      0.0      0.1      0.1 2021 11 29 13 22  6.720  0.00  13
   105146  40.315202 -124.598804    17.810       -6.9        1.4       -0.0      0.0      0.1      0.1 2021 12 20 20 47 48.480  0.00  13
   105150  40.315202 -124.598804    17.810       -6.9        1.4       -0.0      0.1      0.1      0.1 2021 12 20 20 12 39.500  0.00  13
   105152  40.315202 -124.598804    17.810       -6.9        1.4       -0.0      0.1      0.1      0.1 2021 12 21  3 12 38.340  0.00  13
   105153  40.315202 -124.598804    17.810       -6.9        1.4       -0.0      0.0      0.1      0.1 2021 12 21  5 15 42.340  0.00  13
   105154  40.315202 -124.598804    17.810       -6.9        1.4       -0.0      0.0      0.1      0.1 2021 12 21  7 16 24.500  0.00  13
   105159  40.315202 -124.598804    17.810       -6.9        1.4       -0.0      0.0      0.1      0.1 2021 12 21  4 35 57.500  0.00  13
   105161  40.315202 -124.598804    17.810       -6.9        1.4       -0.0      0.0      0.1      0.1 2021 12 21 13  1 26.020  0.00  13
   105162  40.315202 -124.598804    17.810       -6.9        1.4       -0.0      0.0      0.1      0.1 2021 12 21  6 56 17.600  0.00  13
   105163  40.315202 -124.598804    17.810       -6.9        1.4       -0.0      0.0      0.1      0.1 2021 12 21  9  3 55.100  0.00  13
   105166  40.315202 -124.598804    17.810       -6.9        1.4        0.0      0.0      0.1      0.1 2021 12 21  3 48  2.300  0.00  13
   105168  40.315202 -124.598804    17.810       -6.9        1.4       -0.0      0.0      0.1      0.1 2021 12 21  1 10 38.460  0.00  13
   105171  40.315202 -124.598804    17.810       -6.9        1.4       -0.0      0.1      0.1      0.1 2021 12 22  6  5  7.120  0.00  13
   105175  40.315202 -124.598804    17.810       -6.9        1.4       -0.0      0.0      0.1      0.1 2021 12 22 18 18 17.240  0.00  13
   105177  40.315202 -124.598804    17.810       -6.9        1.4       -0.0      0.0      0.1      0.1 2021 12 23  1  8 40.000  0.00  13
   105178  40.315202 -124.598804    17.810       -6.9        1.4       -0.0      0.0      0.1      0.1 2021 12 23 19 27  9.040  0.00  13
   105179  40.315202 -124.598804    17.810       -6.9        1.4       -0.0      0.0      0.1      0.1 2021 12 23 19  4 46.800  0.00  13
   105180  40.315202 -124.598804    17.810       -6.9        1.4       -0.0      0.1      0.1      0.1 2021 12 23 15 40 53.880  0.00  13
   105183  40.315202 -124.598804    17.810       -6.9        1.4       -0.0      0.1      0.1      0.1 2021 12 23  3 31 30.920  0.00  13
   105185  40.315202 -124.598804    17.810       -6.9        1.4       -0.0      0.0      0.1      0.1 2021 12 24 14 22 29.520  0.00  13
   105188  40.315202 -124.598804    17.810       -6.9        1.4       -0.0      0.0      0.1      0.1 2021 12 24  2 49 14.440  0.00  13
   105190  40.315202 -124.598804    17.810       -6.9        1.4       -0.0      0.1      0.1      0.1 2021 12 26  7 28 10.580  0.00  13
   105192  40.315202 -124.598804    17.810       -6.9        1.4       -0.0      0.1      0.1      0.1 2021 12 27  2 21 46.320  0.00  13
   105196  40.315202 -124.598804    17.810       -6.9        1.4       -0.0      0.1      0.1      0.1 2021 12 30 13 35 31.280  0.00  13
   105199  40.315202 -124.598804    17.810       -6.9        1.4       -0.0      0.0      0.1      0.1 2021 12 31 14 50 18.080  0.00  13
   105201  40.315202 -124.598804    17.810       -6.9        1.4       -0.0      0.1      0.1      0.1 2022  1  1 10 17 59.220  0.00  13
   105205  40.315202 -124.598804    17.810       -6.9        1.4       -0.0      0.1      0.1      0.1 2022  1 10 15 39 12.420  0.00  13
   105206  40.315202 -124.598804    17.810       -6.9        1.4       -0.0      0.1      0.1      0.1 2022  1 14  4 41 49.780  0.00  13
   105207  40.315202 -124.598804    17.810       -6.9        1.4       -0.0      0.0      0.1      0.1 2022  1 15  7 19 33.280  0.00  13
   105209  40.315202 -124.598804    17.810       -6.9        1.4       -0.0      0.0      0.1      0.1 2022  1 23  8 23 12.840  0.00  13
   105213  40.315202 -124.598804    17.810       -6.9        1.4       -0.0      0.0      0.1      0.1 2022  2 21 19 46 57.280  0.00  13
   105216  40.315202 -124.598804    17.810       -6.9        1.4       -0.0      0.0      0.1      0.1 2022  4 21  9  0 55.420  0.00  13
   105219  40.315202 -124.598804    17.810       -6.9        1.4       -0.0      0.0      0.1      0.1 2022  6  3 20 46  6.960  0.00  13
   105220  40.315202 -124.598804    17.810       -6.9        1.4       -0.0      0.0      0.1      0.1 2022  6 29 23 58 10.920  0.00  13
   105223  40.315198 -124.598804    17.810       -6.9        0.9       -0.1      0.1      0.3      0.3 2022  9 23  3  2 49.440  0.00  13
   110360  40.315198 -124.598804    17.810       -6.9        0.9       -0.1      0.1      0.3      0.2 2022 12 31  1  9 23.440  1.24  13
