   105847  40.391431 -124.287638    27.825       -3.5       14.5        4.7     19.0     34.3     26.7 2021 12 20 20 46 28.200  0.00  65
   105849  40.391313 -124.287663    27.821       -5.5        1.4        1.0     26.5     28.2     22.1 2021 12 21  9 55 15.700  0.00  65
   105851  40.391272 -124.287785    27.821      -15.9       -3.2        1.1     34.8     32.5     23.0 2021 12 21 19 32 35.980  0.00  65
   105864  40.391581 -124.286637    27.811       81.5       31.2       -8.7     68.2     57.2     26.2 2021 12 21 18 52 36.660  0.00  65
   105872  40.391390 -124.287712    27.827       -9.7        9.9        6.7     50.4     36.0     26.0 2021 12 21  8 10  1.860  0.00  65
   105888  40.391357 -124.287671    27.825       -6.2        6.3        4.8     44.4     32.2     23.9 2021 12 22  5 26  9.740  0.00  65
   105898  40.391313 -124.287744    27.824      -12.4        1.4        4.0     29.4     32.5     24.5 2021 12 23  1  5 17.280  0.00  65
   105899  40.391431 -124.286971    27.809       53.2       14.5      -11.5     52.1     48.9     29.3 2021 12 23  1 47 11.060  0.00  65
   105919  40.391252 -124.287622    27.819       -2.1       -5.4       -1.4     23.5     24.3     20.8 2021 12 30 12 28  4.260  0.00  65
   105923  40.391077 -124.286613    27.814       83.6      -24.9       -5.6     72.5     42.2     33.3 2022  1  5 23  1 28.700  0.00  65
   105928  40.391317 -124.287630    27.821       -2.8        1.8        1.1     36.6     27.9     22.9 2022  1 16  4 44 46.820  0.00  65
   105933  40.390841 -124.287541    27.796        4.8      -51.1      -24.3     47.2     51.7     37.9 2022  2 10  9 46 48.960  0.00  65
   105946  40.391333 -124.287939    27.816      -29.0        3.6       -4.5     47.4     27.5     33.1 2022  6  9  2 40 47.580  0.00  65
   105948  40.391361 -124.287638    27.825       -3.5        6.8        5.2     48.0     33.9     24.6 2022  7  1 20 19 34.200  0.00  65
   110381  40.391300 -124.287695    27.822       -8.3        0.0        1.7     24.0     27.0     21.0 2023  2  9  3 13  2.870  0.89  65
