   108265  40.291626 -124.507210     7.277     -943.8    -1436.4      353.5     33.9     67.3     60.0 2020  7 19 14 14  0.040  0.00  61
   108266  40.294373 -124.507015     7.236     -927.1    -1131.4      312.0     26.3     71.7     54.1 2020  7 19  7 16  2.840  0.00  61
   108267  40.294299 -124.506982     7.249     -924.4    -1139.5      325.7     26.8     74.3     59.1 2020  7 19 13 47  8.720  0.00  61
   108274  40.311410 -124.506429     7.464     -877.2      760.4      540.3     53.6    131.0    116.7 2022  4 19 17 20 28.740  0.00  61
   108275  40.278613 -124.507861     7.750     -999.2    -2881.3      826.4     44.0    127.2     82.0 2022  7 20  7 49  1.020  0.00  61
   108276  40.296989 -124.507650     7.835     -981.1     -840.8      911.2     34.6    107.2     64.5 2022  8 28 20 28 45.740  0.00  61
   109172  40.308423 -124.490161     6.476      505.7      428.8     -447.1     16.8     46.4     56.0 2020 11  8  0 15 47.520  0.00  61
   109173  40.312410 -124.489884     6.179      529.2      871.6     -744.8     21.4     32.5     47.3 2020 11  8  4 20 27.200  0.00  61
   109175  40.307471 -124.490723     5.289      458.0      323.1    -1634.5     27.7     75.0     75.6 2021  2 24  7 25 37.980  0.00  61
   109176  40.310966 -124.490055     6.290      514.7      711.2     -633.8     13.1     33.0     52.8 2021  7 12 22  0 22.220  0.00  61
   109178  40.306368 -124.490845     6.189      447.6      200.6     -734.7     23.2     79.9     59.2 2022  2 22  0 13  4.580  0.00  61
   109179  40.311739 -124.489754     6.235      540.3      797.0     -688.4     19.1     25.9     36.0 2022  3 25 20 18 45.560  0.00  61
   109180  40.312569 -124.489860     6.185      531.3      889.2     -738.9     13.2     23.6     32.0 2022  3 26 15 11 17.340  0.00  61
   109181  40.311731 -124.489771     6.246      538.9      796.1     -677.3     16.6     21.4     27.9 2022  3 26  5 22 28.200  0.00  61
   109185  40.310498 -124.490739     5.844      456.6      659.2    -1079.8     27.8     63.3     63.1 2022  7 19 10 59 54.100  0.00  61
   110490  40.289486 -124.507324     7.424     -953.5    -1674.0      500.5     29.6     69.5     62.4 2023  5  7  7 21 24.340  0.91  61
   110612  40.311934 -124.489738     6.230      541.7      818.7     -693.9      9.1     17.9     22.0 2023  3 17 11 55 14.190  1.91  61
