   103991  40.298511 -124.340365     9.659    -2663.5    -1621.6     -140.0     12.3      9.5      8.5 2020  1 17  9 45 59.140  0.00  47
   103993  40.300692 -124.340373     9.549    -2664.2    -1379.4     -250.1     11.1     14.8     15.0 2020  5 10  3 42 52.940  0.00  47
   103994  40.301823 -124.340535     9.554    -2678.0    -1253.8     -244.4     11.8     20.6     14.5 2020  5 10  5 35 35.000  0.00  47
   103998  40.298043 -124.340365     9.658    -2663.5    -1673.6     -140.6      6.5     12.4      8.8 2020  9 14  9  1 19.540  0.00  47
   104000  40.299239 -124.340861     9.632    -2705.7    -1540.7     -167.0      7.6     14.3     11.0 2021  3 25  0  8 59.680  0.00  47
   104002  40.299500 -124.340845     9.645    -2704.3    -1511.8     -154.0      6.1      9.5      5.7 2021  8 22  5 40 15.640  0.00  47
   104004  40.299556 -124.340283     9.670    -2656.6    -1505.5     -128.5      6.6      8.9      8.1 2021  9  4  3 28 39.640  0.00  47
   104007  40.298787 -124.340373     9.656    -2664.2    -1590.9     -142.5      5.0     10.3      4.8 2022  5 10 23 26 29.780  0.00  47
   104008  40.297331 -124.340446     9.504    -2670.5    -1752.6     -295.1      5.4     10.4      9.2 2022  5 30  7 25 58.420  0.00  47
   104010  40.298128 -124.340023     9.623    -2634.5    -1664.1     -176.3     15.5     30.9     18.2 2022  6 28  1 22 18.540  0.00  47
   104011  40.296151 -124.339429     9.529    -2584.0    -1883.7     -269.6     13.9     21.3     17.7 2022 10 19 21 53 36.280  0.00  47
   106813  40.294767 -124.330241     9.468    -1803.0    -2037.3     -331.0      6.6     10.6      8.6 2020  3 17  5 56 19.560  0.00  47
   106827  40.293762 -124.330794     9.500    -1850.0    -2148.9     -298.5      6.6     10.3     10.2 2022  2 25  5 29 56.100  0.00  47
   106830  40.295162 -124.330908     9.428    -1859.7    -1993.5     -371.3      5.6     11.7      7.5 2022  7  5 15 16 47.800  0.00  47
   106831  40.293689 -124.330461     9.567    -1821.6    -2157.0     -232.0      7.8      8.3      7.5 2022  8 21 21 28 41.340  0.00  47
   106832  40.293001 -124.330640     9.553    -1836.9    -2233.4     -246.0      7.2      8.5      7.7 2022  8 21 21 40 11.720  0.00  47
   106834  40.295439 -124.330501     9.318    -1825.1    -1962.7     -480.9      7.7     14.2     14.0 2022 10 20 17 49 27.620  0.00  47
   107004  40.334916 -124.211776     7.250     8265.8     2420.9    -2549.1     12.4     15.5     10.9 2022  3  4 18 57 23.080  0.00  47
   107006  40.332886 -124.212451     6.902     8208.5     2195.4    -2896.4     10.0     12.9     19.7 2022 10 10 12 43 31.860  0.00  47
   108402  40.379964 -124.251180    12.688     4915.3     7423.1     2888.7      6.3      6.0      4.6 2022 10  8 11 13  1.020  0.00  47
   108407  40.379838 -124.250806    12.683     4947.1     7409.0     2884.2      6.0      4.6      3.5 2022 11 12 15 29 41.060  0.00  47
   110332  40.299032 -124.340462     9.669    -2671.8    -1563.8     -130.2      4.9      8.4      5.4 2023  3 12 10 38 34.580  0.73  47
   110415  40.294189 -124.329964     9.533    -1779.4    -2101.4     -266.0      5.6      6.2      5.8 2023  3 15 21 22 18.100  1.02  47
   110424  40.333398 -124.210091     7.199     8409.1     2252.4    -2600.1      9.8     13.3     10.4 2023  5  3  7 32 56.730  0.50  47
   110499  40.379659 -124.250594    12.675     4965.0     7389.2     2875.9      5.9      4.7      3.6 2023  3 19 16 35 12.330  0.73  47
   110740  40.350541 -124.249797    12.353     5033.9     4155.9     2554.9     17.2     14.8     14.7 2023  2  1  5  8 29.030  0.91  47
