   103964  40.354622 -124.452523    27.998       22.1     -196.5       38.3     44.3     67.8     44.9 2020  1 17 21 16  0.740  0.00  63
   103965  40.361934 -124.451253    27.872      130.0      615.4      -88.2     38.4    111.4     53.8 2020  2  4  9 57 27.160  0.00  63
   103967  40.359302 -124.451497    27.882      109.2      323.1      -78.2     38.6     91.0     55.4 2020  2 29 12 17 59.180  0.00  63
   103968  40.356445 -124.452759    27.947        2.1        5.9      -13.1     32.1     42.1     33.5 2020  3 10 15 52 55.420  0.00  63
   103969  40.361369 -124.451375    27.900      119.6      552.6      -59.5     41.0    129.3     42.0 2020  3 18 23  4 33.160  0.00  63
   103972  40.356722 -124.452873    27.970       -7.6       36.6       10.3     32.2     50.0     32.4 2020  3 18 22 23 27.000  0.00  63
   103973  40.356262 -124.452718    27.924        5.5      -14.5      -36.2     33.1     33.5     40.3 2020  3 19  2 51 21.320  0.00  63
   103974  40.356392 -124.452783    27.930        0.0        0.0      -29.9     27.9     34.2     47.5 2020  3 19  1  6 52.920  0.00  63
   103975  40.355733 -124.452840    27.942       -4.8      -73.2      -18.3     25.1     58.8     38.4 2020  3 19 10  3  1.860  0.00  63
   103977  40.354626 -124.451644    27.851       96.8     -196.1     -109.2     46.9     74.1     50.1 2020  3 19  1 20 46.660  0.00  63
   103978  40.356632 -124.452783    27.947        0.0       26.7      -13.1     32.8     47.6     36.9 2020  3 19  0  7 36.380  0.00  63
   103979  40.355420 -124.452840    27.923       -4.8     -108.0      -37.4     28.3     66.6     45.1 2020  3 20  6 22  4.300  0.00  63
   103980  40.356319 -124.452751    27.925        2.8       -8.1      -35.1     33.8     41.7     48.9 2020  3 22 20 48 12.080  0.00  63
   103988  40.356063 -124.451994    27.885       67.1      -36.6      -75.5     36.9     77.1     40.6 2022  3 28 20 25 16.460  0.00  63
   103989  40.356539 -124.452832    27.958       -4.1       16.3       -1.6     37.5     57.4     38.0 2022  5 29 17 14 40.200  0.00  63
   110331  40.356291 -124.453198    27.994      -35.3      -11.3       34.3     25.6     39.0     29.6 2023  2 13 12  0 43.360  1.05  63
