   106010  40.276632 -124.562109    18.227       13.8     -106.6      -43.5     32.2    116.9     56.0 2020  2 10 16 52 35.900  0.00  40
   106012  40.278158 -124.562256    18.246        1.4       62.8      -24.0     28.7     57.2     52.6 2020  3 20  4 52 58.960  0.00  40
   106014  40.278003 -124.562288    18.200       -1.4       45.6      -70.0     30.7     40.6     79.1 2020  4  7 23 24 48.060  0.00  40
   106017  40.277425 -124.562305    18.284       -2.8      -18.5       13.5     22.3     52.6     63.3 2020  7 16 18 56 25.600  0.00  40
   106019  40.278068 -124.562264    18.314        0.7       52.9       43.7     19.6     56.7     71.1 2020  8  4 17 55 32.040  0.00  40
   106020  40.277437 -124.562500    18.396      -19.4      -17.2      125.9     37.0     79.1     99.7 2020  9  6  7 26 57.220  0.00  40
   106021  40.276062 -124.562329    18.281       -4.8     -169.9       10.9     19.6    115.5     64.2 2020  9 17 15 29 55.440  0.00  40
   106023  40.277783 -124.562337    18.285       -5.5       21.2       15.2     22.0     48.9     52.2 2020 10  7 20 16 32.860  0.00  40
   106025  40.277743 -124.562345    18.326       -6.2       16.7       55.5     22.4     44.2     68.9 2020 10 30  5 28 15.440  0.00  40
   106026  40.277856 -124.562264    18.286        0.7       29.4       15.8     23.4     38.9     78.3 2020 12 27 14 29 51.580  0.00  40
   106027  40.279333 -124.562069    18.211       17.3      193.4      -58.7     42.9    135.3     90.9 2021  1 27 20 38 14.300  0.00  40
   106028  40.277551 -124.562362    18.294       -7.6       -4.5       24.3     22.8     40.2     55.1 2021  2 12  4 45 10.420  0.00  40
   106029  40.278129 -124.562256    18.341        1.4       59.6       71.2     21.2     62.4     79.6 2021  2 23 17  9 35.440  0.00  40
   106032  40.278023 -124.562248    18.328        2.1       47.9       58.4     25.3     61.7     92.5 2021  4  2  8 32 29.220  0.00  40
   106033  40.275305 -124.562126    18.208       12.5     -253.9      -61.6     24.2    136.4    110.1 2021  4  2 13 18 31.140  0.00  40
   106034  40.277714 -124.562297    18.273       -2.1       13.6        3.1     19.8     35.9     50.4 2021  4  3 23 18 17.580  0.00  40
   106035  40.277738 -124.562223    18.225        4.2       16.3      -44.5     31.1     39.5     46.7 2021  4  4  7 50 26.820  0.00  40
   106037  40.278727 -124.562036    18.268       20.1      126.1       -2.1     40.6     74.4     82.7 2021  4 26  6 32 31.780  0.00  40
   106039  40.277568 -124.562524    18.394      -21.5       -2.7      123.9     32.9     66.3     86.5 2021  7 14 15  3 16.320  0.00  40
   106040  40.277909 -124.562329    18.317       -4.8       35.2       46.6     21.2     49.1     57.5 2021  7 28  9 36  3.100  0.00  40
   106042  40.279647 -124.562085    18.318       15.9      228.2       48.4     32.6    104.7    101.2 2021  8 24 17 52 55.220  0.00  40
   106045  40.277511 -124.562305    18.237       -2.8       -9.0      -32.8     23.4     45.6     63.2 2021 12 14 20 34 44.500  0.00  40
   106047  40.277665 -124.562280    18.268       -0.7        8.1       -1.6     21.9     40.1     43.7 2021 12 21  7  5 18.660  0.00  40
   106048  40.277738 -124.562240    18.273        2.8       16.3        2.7     20.7     45.3     47.6 2021 12 21  9  6 23.560  0.00  40
   106052  40.277751 -124.562581    18.398      -26.3       17.6      128.2     38.2     61.7    124.5 2021 12 27 23 32 51.160  0.00  40
   106053  40.277958 -124.562248    18.281        2.1       40.7       11.0     21.2     58.4     47.9 2021 12 30 22  2 34.580  0.00  40
   106054  40.273295 -124.561841    18.220       36.7     -477.1      -50.1     47.3    123.2    109.8 2022  1  1 17 29 31.920  0.00  40
   106055  40.277706 -124.562297    18.296       -2.1       12.7       25.9     23.9     48.3     51.4 2022  1  3  9 47 41.620  0.00  40
   106057  40.275513 -124.562590    18.309      -27.0     -230.9       38.7     48.2    147.0    105.0 2022  2 23  2  6 30.340  0.00  40
   106058  40.277201 -124.562435    18.291      -13.8      -43.4       21.3     35.5    100.5    103.1 2022  3 10  3 28 33.340  0.00  40
   106062  40.277364 -124.562362    18.248       -7.6      -25.3      -22.4     25.8     47.6     67.5 2022  7 25 13 33 16.740  0.00  40
   110386  40.277486 -124.562313    18.277       -3.5      -11.7        7.1     21.1     41.6     45.6 2023  4 30  3 21 23.220  1.14  40
