   103299  40.305290 -124.440430    16.077     -288.5     1119.2     4772.7      7.3     14.6      8.4 2020  1 11  8  9 53.220  0.00   3
   103302  40.318306 -124.438208    16.216      -99.6     2564.6     4911.7     14.6     21.9     12.6 2020  6 20  1 12  2.720  0.00   3
   103304  40.282149 -124.451351    13.724    -1217.2    -1450.4     2419.4      8.3     21.4     11.9 2021  9  3 16 25 22.980  0.00   3
   103305  40.306734 -124.441447    16.287     -375.0     1279.6     4982.4      9.0     17.6     12.2 2021 10 26 20 14 25.640  0.00   3
   103306  40.310030 -124.440609    16.662     -303.7     1645.5     5357.6      9.8     18.8     12.2 2021 11 29  3 55 54.720  0.00   3
   103308  40.293062 -124.449699    14.546    -1076.7     -238.6     3241.4      7.8     16.5     10.3 2022  1 17  0 41 16.960  0.00   3
   103309  40.295447 -124.443807    15.650     -575.7       26.2     4345.8      9.4     21.4     10.9 2022  4 21 18 50  2.480  0.00   3
   103310  40.295927 -124.450155    15.034    -1115.4       79.5     3729.5      6.3     16.7      8.4 2022  6 13 23 51 29.320  0.00   3
   104529  40.272831 -124.451302    14.205    -1213.2    -2485.0     2901.2      7.0     11.1      9.3 2020  3 14  9  6 38.520  0.00   3
   104530  40.266296 -124.449862    14.754    -1090.7    -3210.7     3450.2      7.8     12.2     10.0 2020  7  5  7 46  8.620  0.00   3
   104531  40.292993 -124.450968    15.467    -1184.6     -246.2     4163.0      9.2     23.1     12.9 2021  6 10 16  5 44.680  0.00   3
   104533  40.271708 -124.452051    14.264    -1276.8    -2609.7     2959.9      4.2     10.2      8.0 2022  4 17 20 31 47.720  0.00   3
   104534  40.274483 -124.452930    14.748    -1351.6    -2301.6     3443.6      7.4     20.5     11.7 2022  5 15  1 35 15.920  0.00   3
   104535  40.294385 -124.448991    15.310    -1016.5      -91.7     4006.1      8.5     19.1     10.6 2022  9 24 21 28 45.640  0.00   3
   104693  40.293608 -124.468579     7.019    -2682.0     -178.0    -4284.9      5.6     19.6     14.4 2020  1 24  1 39  2.400  0.00   3
   104694  40.294877 -124.467603     7.930    -2598.9      -37.0    -3374.3      6.2      8.9      6.8 2020  2 21  1 12  7.100  0.00   3
   104696  40.283553 -124.464966    11.797    -2374.9    -1294.5      493.3     15.8     34.9     30.0 2021  1  1 15 20 43.060  0.00   3
   104698  40.293522 -124.469084     7.996    -2724.9     -187.5    -3308.1      6.5     14.1     12.5 2021  5 16  2 25 38.800  0.00   3
   104703  40.301550 -124.464640     8.432    -2346.9      703.9    -2871.9      6.2     14.1     12.2 2021  9 20 16 48 26.020  0.00   3
   104712  40.293876 -124.466650     7.919    -2518.0     -148.2    -3385.3      5.4      7.7     10.9 2022  8  6  8 20 30.200  0.00   3
   104713  40.292281 -124.466447     8.731    -2500.7     -325.3    -2573.2      4.4     16.1      8.7 2022  8  7  0 51 52.880  0.00   3
   104715  40.300769 -124.466976     8.444    -2545.5      617.2    -2859.8      6.3     13.0     11.8 2022  9 22  7  9 12.140  0.00   3
   104895  40.291593 -124.433545    10.413      296.8     -401.7     -891.5      6.8     11.1     10.0 2021  1  2 20 59 55.420  0.00   3
   104900  40.291956 -124.435791     9.474      105.9     -361.5    -1830.2      8.2     16.2     11.7 2022  6 30 13 34 13.920  0.00   3
   105395  40.288517 -124.476204     9.942    -3330.4     -743.3    -1361.9      4.2     14.0      9.3 2020  2 27  1 53 26.280  0.00   3
   105396  40.289250 -124.476001     9.948    -3313.1     -661.9    -1356.4      4.5     14.4      9.6 2020  2 27  1  4 58.680  0.00   3
   105401  40.290674 -124.475732     9.964    -3290.3     -503.8    -1339.9      4.7     15.2     10.6 2021  5 27 20 55 42.820  0.00   3
   105402  40.288912 -124.475586     9.838    -3277.9     -699.4    -1466.5      5.1     15.5     11.7 2021 11  2 18 31 25.320  0.00   3
   105405  40.292346 -124.476359     9.917    -3343.5     -318.1    -1387.2      7.3     16.6     11.8 2022  2  5 14  9 41.840  0.00   3
   105567  40.295850 -124.410295     9.116     2273.7       70.9    -2188.3      2.2      6.7      3.7 2020  2  6 20  4 39.780  0.00   3
   105568  40.295951 -124.410278     9.119     2275.1       82.2    -2185.6      2.9      6.4      4.6 2020  2  6 12 55 50.160  0.00   3
   105573  40.295882 -124.410311     9.117     2272.3       74.6    -2186.9      2.9      7.1      4.0 2020  2  6  9 49 16.800  0.00   3
   105578  40.295850 -124.410164     9.099     2284.8       70.9    -2205.1      2.8      5.1      3.1 2020  2  6  8 23 41.280  0.00   3
   105580  40.295703 -124.410189     9.096     2282.7       54.7    -2208.5      2.7      7.4      3.5 2020  2  6  8 22 33.120  0.00   3
   105582  40.296151 -124.410164     9.164     2284.8      104.4    -2140.6      4.1      7.8      5.2 2020  2  6  9 57 11.480  0.00   3
   105583  40.295707 -124.410335     9.115     2270.2       55.1    -2189.6      2.4      4.7      3.0 2020  2  6  8 34 54.000  0.00   3
   105586  40.296297 -124.410148     9.148     2286.1      120.6    -2156.6      3.8      8.6      5.3 2020  2  6 12  3  0.260  0.00   3
   105587  40.295821 -124.410091     9.074     2291.0       67.8    -2230.0      3.3      7.1      4.4 2020  2  6  9 41 35.420  0.00   3
   105589  40.295894 -124.410262     9.108     2276.5       75.9    -2195.7      3.0      6.6      4.3 2020  2  6  8 20 25.240  0.00   3
   105590  40.295988 -124.410189     9.160     2282.7       86.3    -2144.6      4.0      7.6      5.2 2020  2  6 10  7 53.040  0.00   3
   105591  40.296448 -124.410400     9.071     2264.7      137.4    -2233.3      4.2     10.4      5.6 2020  2  6 15 55 41.420  0.00   3
   105592  40.295443 -124.410400     9.084     2264.7       25.8    -2220.4      4.2      9.5      6.4 2020  2  6  9 51 27.520  0.00   3
   105594  40.295679 -124.411833     8.666     2142.9       52.0    -2638.7      6.3     20.5     10.2 2020  2  6  9 27 33.820  0.00   3
   105597  40.295597 -124.410417     9.085     2263.3       42.9    -2219.3      3.9      9.1      5.6 2020  2  6  8 53 42.040  0.00   3
   105604  40.295829 -124.410319     9.108     2271.6       68.7    -2196.0      2.4      5.7      3.5 2020  2  7  7 15 45.340  0.00   3
   105609  40.295841 -124.410116     9.075     2288.9       70.0    -2229.7      3.1      6.7      4.7 2020  4 19 12 52 19.420  0.00   3
   105610  40.296415 -124.410400     9.069     2264.7      133.7    -2234.8      4.3     10.0      5.7 2020  4 30  7 39 39.040  0.00   3
   105616  40.296029 -124.410254     9.107     2277.1       90.8    -2197.0      2.9      8.3      4.0 2020  8  4  3 15 29.880  0.00   3
   105617  40.296118 -124.410295     9.118     2273.7      100.8    -2186.6      2.5      7.0      3.9 2020  8  4  3 11 39.640  0.00   3
   105625  40.295870 -124.410343     9.119     2269.5       73.2    -2185.2      2.7      8.4      4.4 2020 10  5 20  6 31.680  0.00   3
   105626  40.295894 -124.410278     9.116     2275.1       75.9    -2188.2      3.3      7.0      4.5 2020 10 17 13 13 57.540  0.00   3
   105632  40.296370 -124.410897     8.908     2222.5      128.8    -2396.3      6.6     16.7     14.9 2020 11  6  0 35 33.340  0.00   3
   105636  40.296326 -124.410311     9.040     2272.3      123.8    -2263.8      2.5      5.4      4.8 2020 11 22 18 48 25.880  0.00   3
   105639  40.296293 -124.410303     9.115     2273.0      120.2    -2189.3      3.5      7.5      5.3 2021  1  8  0  5 36.980  0.00   3
   105643  40.295532 -124.410303     9.106     2273.0       35.7    -2198.0      2.3      6.4      3.8 2021  1 14 18  3 40.280  0.00   3
   105647  40.295133 -124.410335     9.123     2270.2       -8.6    -2180.8      2.6      9.6      4.3 2021  4  5  1 28  0.080  0.00   3
   105651  40.295919 -124.410238     9.077     2278.5       78.6    -2227.6      2.6      6.3      5.1 2021  4 25 19 33 56.380  0.00   3
   105652  40.296155 -124.410335     9.107     2270.2      104.8    -2197.7      3.2      9.8      3.8 2021  4 25 21 29  3.360  0.00   3
   105653  40.295719 -124.410376     9.100     2266.8       56.5    -2203.8      3.4      8.7      4.3 2021  4 25 19 57 12.780  0.00   3
   105655  40.295907 -124.410246     9.095     2277.8       77.3    -2208.9      2.7      6.8      3.8 2021  6 18  6 16 35.580  0.00   3
   105657  40.296224 -124.410433     9.097     2261.9      112.5    -2207.0      2.6      6.5      4.1 2021  8 11  0 30 31.640  0.00   3
   105659  40.296053 -124.410091     9.099     2291.0       93.5    -2205.5      3.4      7.2      4.6 2021  8 18  4 22 52.080  0.00   3
   105660  40.295862 -124.410221     9.079     2279.9       72.3    -2225.6      2.2      5.0      4.5 2021  8 29 18  9 38.000  0.00   3
   105663  40.296004 -124.410490     9.054     2257.1       88.1    -2250.6      3.7     10.4      6.4 2021  9 23 10 13 37.280  0.00   3
   105664  40.295988 -124.410262     9.105     2276.5       86.3    -2199.7      2.1      6.4      2.6 2021 10  8 15 58 36.020  0.00   3
   105669  40.295972 -124.410400     9.105     2264.7       84.5    -2198.9      2.6      5.9      3.5 2022  1  7 21 32 16.160  0.00   3
   105670  40.295463 -124.410303     9.117     2273.0       28.0    -2187.7      2.3      9.2      3.9 2022  1 29 22 57 58.940  0.00   3
   105671  40.295455 -124.410173     9.098     2284.1       27.1    -2206.5      2.0      9.5      3.0 2022  1 29 22 56 14.480  0.00   3
   105672  40.295256 -124.410018     9.095     2297.2        5.0    -2209.3      3.3     10.7      4.8 2022  2 19 21 35 38.840  0.00   3
   105673  40.295646 -124.410311     9.116     2272.3       48.3    -2188.5      2.5      7.8      4.2 2022  2 19 23 16 35.580  0.00   3
   105679  40.295968 -124.410246     9.101     2277.8       84.0    -2203.0      1.7      4.9      3.0 2022  4 25 10 16 52.960  0.00   3
   105680  40.295959 -124.410270     9.120     2275.8       83.1    -2183.8      2.7      6.4      4.5 2022  4 25  7 10 34.500  0.00   3
   105681  40.296008 -124.410335     9.113     2270.2       88.6    -2191.0      2.6      4.4      3.7 2022  4 25  7 16 11.420  0.00   3
   105684  40.295764 -124.410181     9.085     2283.4       61.4    -2219.1      2.3      5.7      4.3 2022  8 10 20 46 20.420  0.00   3
   105685  40.295760 -124.410229     9.088     2279.2       61.0    -2216.2      2.0      7.0      3.2 2022  9  2 17 54  0.080  0.00   3
   105686  40.295797 -124.410156     9.060     2285.5       65.1    -2244.1      3.7      8.2      7.0 2022  9 11  2 28 21.580  0.00   3
   105687  40.295837 -124.410140     9.081     2286.8       69.6    -2222.9      3.1      6.7      4.6 2022  9 11 12 26 35.060  0.00   3
   105688  40.296016 -124.410229     9.121     2279.2       89.5    -2183.1      3.0      7.7      4.4 2022  9 11  3 24  6.220  0.00   3
   105690  40.295878 -124.410295     9.114     2273.7       74.1    -2190.2      2.7      7.1      4.1 2022  9 24 15 21 42.660  0.00   3
   105691  40.295764 -124.410254     9.111     2277.2       61.4    -2192.9      2.1      4.7      3.1 2022  9 24 15 21 16.720  0.00   3
   105692  40.295813 -124.410327     9.122     2270.9       66.9    -2181.8      2.4      6.0      3.7 2022  9 24 21 44  3.460  0.00   3
   105694  40.295785 -124.410018     9.083     2297.2       63.7    -2221.0      2.5      7.2      3.5 2022 11  8 22 47 56.820  0.00   3
   105696  40.295776 -124.410189     9.093     2282.7       62.8    -2211.6      2.7      7.4      4.1 2022 11  8 17 35  8.240  0.00   3
   105697  40.295764 -124.410303     9.134     2273.0       61.4    -2170.4      2.7      4.7      4.1 2022 11  8 18 59 51.840  0.00   3
   105699  40.295707 -124.410229     9.114     2279.2       55.1    -2190.4      3.0      5.9      4.1 2022 11  9 12 22 28.280  0.00   3
   105700  40.295736 -124.410099     9.103     2290.3       58.3    -2201.3      1.9      5.5      2.2 2022 11 11  1 39  8.080  0.00   3
   105703  40.296285 -124.410197     9.149     2282.0      119.3    -2155.0      3.5      5.1      4.9 2022 11 19  3  3  9.960  0.00   3
   105704  40.295988 -124.410002     9.089     2298.6       86.3    -2215.2      2.3      4.7      3.1 2022 11 26 18 35 17.380  0.00   3
   105968  40.291903 -124.482601     8.790    -3874.2     -367.3    -2514.1      2.9      9.4      6.3 2020  7 20 10 55 41.360  0.00   3
   105969  40.291732 -124.482438     8.795    -3860.4     -386.3    -2509.2      3.6      9.0      7.1 2020  7 21  9 15 14.060  0.00   3
   105970  40.291638 -124.482772     8.815    -3888.8     -396.7    -2489.3      3.8      7.5      7.5 2020  7 21 21 15 11.400  0.00   3
   105971  40.291703 -124.482121     8.786    -3833.4     -389.5    -2518.3      4.3     13.4     10.2 2020  7 21 17 28  7.260  0.00   3
   105972  40.293221 -124.482414     8.577    -3858.3     -220.9    -2727.1      5.2      9.8     11.7 2020  7 23  2 34 15.900  0.00   3
   105974  40.291903 -124.482389     8.831    -3856.3     -367.3    -2472.9      4.1     12.6      8.5 2020  9 13  2 27 30.260  0.00   3
   105980  40.291882 -124.482039     8.831    -3826.5     -369.6    -2473.1      3.6     12.5      7.9 2021  4 30 22 52 27.680  0.00   3
   105981  40.284591 -124.485620     7.479    -4131.2    -1179.3    -3824.9      9.1     32.6     15.3 2021  5 18 18 56 59.020  0.00   3
   105983  40.294096 -124.481950     8.818    -3818.8     -123.8    -2486.2      5.9     15.5     10.3 2021  7 16 12 23  3.900  0.00   3
   105985  40.294539 -124.483000     8.675    -3908.1      -74.6    -2629.7      3.1     16.0      7.9 2022  2 19 13 54 44.280  0.00   3
   105992  40.292961 -124.481877     8.755    -3812.6     -249.9    -2549.0      3.1     11.4      6.7 2022  4 15  0 12 22.780  0.00   3
   105994  40.293237 -124.482357     8.622    -3853.4     -219.1    -2682.7      4.3      7.8      9.3 2022  6 13  7  3 31.880  0.00   3
   106894  40.300028 -124.453695    12.676    -1416.3      535.0     1371.9      4.7     19.1      7.3 2020  3  9 15 21  5.000  0.00   3
   106901  40.300435 -124.452637    13.007    -1326.4      580.1     1702.9      4.2     15.5      7.1 2021  6  6  1 39 40.840  0.00   3
   106903  40.300362 -124.452661    13.002    -1328.5      572.0     1697.6      4.3     15.7      7.0 2022  1 24  1 49 57.800  0.00   3
   106905  40.303475 -124.452734    13.030    -1334.7      917.7     1725.3      5.3     24.1     13.5 2022  9  3 12  2 18.720  0.00   3
   106906  40.300439 -124.452580    12.852    -1321.5      580.6     1547.8      3.1      8.3      6.0 2022 11 15 19 56 24.360  0.00   3
   107733  40.301949 -124.437874    14.381      -71.3      748.2     3077.2      3.6      8.8      5.9 2020  7 29 15 46 20.300  0.00   3
   107735  40.301652 -124.437126    14.417       -7.6      715.2     3112.9      4.0      7.4      6.4 2020  9  4  2 42 39.160  0.00   3
   107737  40.302336 -124.437215    14.365      -15.2      791.1     3060.5      4.1      7.5      5.8 2020  9 16  7 22  8.180  0.00   3
   107742  40.301156 -124.438013    14.163      -83.0      660.1     2859.2      4.6      6.9     15.4 2021  1 21 15  1 43.620  0.00   3
   107743  40.301640 -124.436979    14.386        4.8      713.9     3081.9      4.2      5.7      7.4 2021  2 10  9 13 35.100  0.00   3
   107745  40.301758 -124.437142    14.399       -9.0      727.0     3094.6      3.8      7.3      5.8 2021  5  2 16 32  4.860  0.00   3
   107747  40.301343 -124.438070    14.418      -87.9      680.9     3114.1      4.4      5.2      5.8 2021  6 19  9  7 31.460  0.00   3
   107749  40.301388 -124.437646    14.420      -51.9      685.9     3115.3      3.6      5.2      4.6 2021  8  4 16 55 19.760  0.00   3
   107750  40.301835 -124.436963    14.396        6.2      735.6     3092.2      4.0      6.4      7.2 2021  8  5 13 56 27.560  0.00   3
   107751  40.301465 -124.437834    14.388      -67.8      694.5     3083.5      4.5      7.5      6.0 2021 10  4 13 30 54.640  0.00   3
   107754  40.300330 -124.438143    14.369      -94.1      568.4     3064.9      4.4     10.2      6.3 2021 11 29 17 37 32.460  0.00   3
   107755  40.301701 -124.437476    14.377      -37.4      720.7     3072.3      3.0      4.6      5.7 2021 12 26  7 17 50.120  0.00   3
   107756  40.302222 -124.437044    14.379       -0.7      778.5     3074.7      4.3      6.9      6.7 2021 12 28 17 48 55.620  0.00   3
   107758  40.298055 -124.438192    14.270      -98.3      315.8     2965.7      6.0     12.4      8.3 2022  1 22  0  4 57.400  0.00   3
   107760  40.301139 -124.436222    14.561       69.2      658.3     3257.0      5.4     11.1     10.4 2022  2  4 23 36 48.780  0.00   3
   107761  40.301799 -124.437964    14.359      -78.9      731.5     3054.5      4.5      7.1      6.4 2022  2 10 11 52 51.360  0.00   3
   107764  40.301440 -124.436987    14.432        4.2      691.7     3128.2      3.7      6.2      5.5 2022  3 20 23 32 39.400  0.00   3
   107766  40.301042 -124.437712    14.347      -57.4      647.5     3043.1      5.5      8.7      7.9 2022  3 28  2 57 46.540  0.00   3
   107767  40.301978 -124.437630    14.331      -50.5      751.4     3027.1      4.2      5.8      7.2 2022  4  2 10 43 37.000  0.00   3
   107769  40.299813 -124.438314    14.305     -108.6      511.0     3001.0      4.9     13.2      9.4 2022  4 28 17 13  7.820  0.00   3
   107770  40.301481 -124.437500    14.434      -39.4      696.3     3129.5      3.1      8.0      5.3 2022  5 13  1 16 48.300  0.00   3
   107772  40.301884 -124.436214    14.417       69.9      741.0     3112.7      4.5      6.1      6.4 2022  5 21 13 41 32.340  0.00   3
   107773  40.302132 -124.437508    14.361      -40.1      768.6     3056.6      3.8      7.0      6.6 2022  5 22 19 28 25.500  0.00   3
   107774  40.301770 -124.436263    14.447       65.7      728.3     3143.2      5.2      7.1      7.1 2022  6 11 12 56  1.180  0.00   3
   107778  40.301506 -124.436336    14.451       59.5      699.0     3146.3      5.3      7.1      8.4 2022  7  7 10 44 49.700  0.00   3
   107780  40.301660 -124.437769    14.355      -62.3      716.1     3050.5      4.8      6.0      6.6 2022  7 10 20 40 42.680  0.00   3
   107781  40.301432 -124.437500    14.481      -39.4      690.8     3177.1      5.1      6.2      8.4 2022  7 17 22  5 39.680  0.00   3
   107782  40.301420 -124.437516    14.409      -40.8      689.5     3104.7      3.8      5.3      5.8 2022  7 26 21 59  5.840  0.00   3
   107785  40.302189 -124.437866    14.330      -70.6      774.9     3025.7      4.5      7.4      7.7 2022  8  7  7 26 12.620  0.00   3
   107786  40.301156 -124.437931    14.434      -76.1      660.1     3129.4      4.3      5.7      6.2 2022  8  9  3 28 29.720  0.00   3
   107788  40.297782 -124.434229    14.841      238.7      285.6     3536.5      7.3     12.6     14.1 2022  8 14 16 35 40.980  0.00   3
   107792  40.307206 -124.439030    14.262     -169.5     1332.0     2957.6      5.2     16.4      9.0 2022  8 30 14  2  1.080  0.00   3
   107793  40.301396 -124.437931    14.369      -76.1      686.8     3065.0      4.3      6.0      6.3 2022  9  6 17 29 43.260  0.00   3
   107795  40.302047 -124.437004    14.398        2.8      759.1     3094.2      3.3      6.9      5.1 2022 10  6  1 28  7.480  0.00   3
   107796  40.301876 -124.437272    14.381      -20.1      740.1     3076.9      3.1      5.1      4.9 2022 10 21 12 57 48.880  0.00   3
   107797  40.301961 -124.437158    14.374      -10.4      749.6     3069.8      3.2      5.3      5.1 2022 10 30  5  0 39.040  0.00   3
   107798  40.291410 -124.437020    14.842        1.4     -422.0     3538.0      9.3     11.9     15.8 2022 11  2 11  0 10.360  0.00   3
   107799  40.300863 -124.437354    14.494      -27.0      627.6     3190.1      4.8      7.0      7.7 2022 11  5 13 55 55.220  0.00   3
   107804  40.301388 -124.437541    14.401      -42.9      685.9     3096.8      3.6      5.4      5.8 2022 11 29  6 33  6.480  0.00   3
   108087  40.303247 -124.449764     8.902    -1082.1      892.4    -2402.5     11.4     24.1     20.8 2020 11  2 19 25 14.760  0.00   3
   108098  40.300411 -124.451090     8.834    -1194.9      577.4    -2470.5      6.5     16.4     12.8 2022  7 31  9  3 31.640  0.00   3
   108101  40.299084 -124.451449     8.632    -1225.4      430.1    -2672.5      5.8     11.2     14.1 2022  9 21 11  5 36.240  0.00   3
   108715  40.306303 -124.440299    11.285     -277.4     1231.7      -19.2      6.1     14.6     10.9 2020  6  7 18 13 58.060  0.00   3
   108716  40.302437 -124.443506    11.271     -550.1      802.4      -33.5      4.6     10.7      8.9 2020  8 14 12 38 33.660  0.00   3
   108717  40.298389 -124.442236    11.816     -442.1      352.9      511.9      5.4      9.7     11.8 2021  5 18 12  5 50.720  0.00   3
   108718  40.305343 -124.442700    11.155     -481.6     1125.0     -149.5      6.3     12.6     10.9 2021  7 18 19 18 32.920  0.00   3
   108719  40.288306 -124.441309    12.188     -363.3     -766.7      883.4      8.1     16.8     10.0 2022  2  3  9 12 34.820  0.00   3
   108720  40.303446 -124.443066    11.177     -512.7      914.5     -127.5      5.9     14.3     10.4 2022 11 14  0 20 45.400  0.00   3
   108721  40.304451 -124.439209    11.504     -184.7     1026.1      199.8      6.4     12.3      8.4 2022 11 15  3 39 49.740  0.00   3
   108722  40.303044 -124.442765    11.598     -487.1      869.8      293.5      8.7     17.3      8.8 2022 11 15  3 35 34.140  0.00   3
   108734  40.304159 -124.431079     8.775      506.5      993.6    -2529.0      7.3     13.6     12.6 2020  6 14  9 19 55.660  0.00   3
   108737  40.306055 -124.431779     8.762      447.0     1204.1    -2542.4      4.4     14.2      8.6 2021  7  3  4  9  4.600  0.00   3
   108740  40.308748 -124.431730     8.683      451.1     1503.2    -2621.6      3.6     11.8      6.2 2021  8 20 23 51  4.580  0.00   3
   108741  40.308468 -124.432015     8.729      426.9     1472.0    -2574.9      3.6     10.7      6.1 2021  8 20 17 34 19.920  0.00   3
   108742  40.306018 -124.431820     8.762      443.5     1200.0    -2542.5      4.7     15.8      8.6 2021  8 20 21 38  4.660  0.00   3
   108745  40.308834 -124.431868     8.653      439.3     1512.7    -2651.0      4.0     12.0      7.3 2021  8 22 13  1 31.960  0.00   3
   108746  40.315535 -124.437191     6.733      -13.1     2256.9    -4571.2      6.2     16.1     10.7 2021  9 20 22 54 47.060  0.00   3
   108747  40.311259 -124.432064     8.518      422.7     1782.0    -2786.4      4.3     14.5      9.7 2021 11 29 10 57 42.520  0.00   3
   108748  40.306010 -124.431771     8.765      447.6     1199.1    -2539.6      4.4     14.2      8.7 2021 11 29 19 42  7.460  0.00   3
   108906  40.271533 -124.492505     8.847    -4717.1    -2629.2    -2457.0      5.3     16.4     10.5 2020 11 25  7 46 37.480  0.00   3
   108908  40.275480 -124.492529     9.057    -4719.0    -2190.9    -2247.1      5.2     17.7     11.6 2022  9  2 10 39  0.760  0.00   3
   108911  40.275553 -124.493481     8.706    -4800.0    -2182.8    -2598.4      3.5     17.5      9.4 2022  9  3  0 18  5.460  0.00   3
   109091  40.279732 -124.404411    13.996     2774.3    -1718.7     2691.5      4.6      7.5      9.6 2021  1  4 22  6 23.820  0.00   3
   109092  40.280847 -124.403377    13.959     2862.1    -1594.9     2654.5      3.4      6.0      7.6 2021  1 23 22 32 45.160  0.00   3
   109093  40.282377 -124.403662    13.901     2837.9    -1425.1     2596.5      4.2      6.3      6.6 2021  5 29 22  7 48.900  0.00   3
   109094  40.282422 -124.403605    13.901     2842.7    -1420.1     2596.4      4.3      6.5      7.1 2021 12  5 19 33 15.380  0.00   3
   109634  40.302039 -124.445190    16.610     -693.3      758.2     5305.6      9.6     19.8     12.8 2021  8 20 12 43  0.920  0.00   3
   109759  40.288818 -124.479500    17.225    -3610.7     -709.8     5921.1      6.6     19.0     10.0 2021  9 15 12 25 18.520  0.00   3
   109760  40.274817 -124.484115    15.724    -4003.4    -2264.5     4419.5      7.8     16.8     10.3 2021  9 17 18 39 17.700  0.00   3
   109763  40.270365 -124.480062    15.747    -3658.9    -2758.8     4442.4      5.4     34.1      9.5 2021 11  6 13  8 56.220  0.00   3
   109764  40.275118 -124.481160    15.842    -3752.2    -2231.1     4537.5      5.8     10.6      8.7 2021 11 19 21 25 30.120  0.00   3
   109765  40.287073 -124.477490    17.252    -3439.8     -903.6     5948.0      4.6     12.3      7.0 2022  7 10 23 46 28.140  0.00   3
   109766  40.287256 -124.477523    17.266    -3442.6     -883.3     5961.7      4.9     12.4      7.3 2022  8 21  2 28 17.120  0.00   3
   109769  40.275187 -124.481307    15.838    -3764.7    -2223.4     4533.7      5.5     11.2      8.2 2022 11  7 22 22 57.180  0.00   3
   110319  40.301143 -124.444718    15.747     -653.2      658.8     4442.9      7.2     15.7      8.9 2023  4 23  3 48 36.540  1.34   3
   110343  40.297640 -124.406909    10.763     2561.5      269.7     -541.4      7.5     17.5      9.4 2023  2 27  0 14 11.430  1.57   3
   110344  40.270964 -124.452555    14.312    -1319.8    -2692.4     3007.8      4.4     10.3      7.7 2023  3 19  5 41 40.620  0.92   3
   110349  40.291744 -124.466382     8.262    -2495.2     -385.0    -3042.4      5.5      9.0     11.0 2023  4 14 19 20 25.080  1.57   3
   110353  40.290759 -124.432552    10.499      381.3     -494.3     -805.4      4.9     11.5      9.8 2023  5  2 13 44  6.040  1.79   3
   110369  40.290641 -124.475838    10.095    -3299.3     -507.4    -1208.9      5.4     12.4     12.5 2023  4  1  7 44 57.710  1.31   3
   110377  40.295642 -124.409351     9.098     2354.0       47.9    -2206.0      4.7      7.5      5.1 2023  5 20 23 47 40.440  1.10   3
   110383  40.292281 -124.482601     8.766    -3874.2     -325.3    -2538.3      3.4      7.3      7.2 2023  3  7 12 11 57.690  1.17   3
   110421  40.299996 -124.452808    12.773    -1340.9      531.3     1468.9      3.5      9.8      6.1 2023  2  3 10  4 53.380  1.07   3
   110450  40.295886 -124.435368    15.032      141.8       75.0     3727.9      7.2     12.6     13.3 2022 12  9  5  6 23.270  2.34   3
   110478  40.299894 -124.449422     9.021    -1053.1      520.1    -2283.2      6.7     11.5     11.3 2023  4 16 19 40  2.760  1.19   3
   110545  40.297518 -124.442513    11.912     -465.7      256.2      607.7      5.7     11.4      9.6 2023  1 26 19 34 22.320  1.51   3
   110548  40.305847 -124.435132     8.276      161.9     1181.1    -3028.0      6.7     12.9     10.6 2023  2 24 19 10 37.800  1.22   3
   110567  40.279765 -124.493831     8.874    -4829.6    -1715.1    -2430.6      4.7     13.0      9.4 2023  5 16 14 31 27.390  0.62   3
   110599  40.278451 -124.404858    14.205     2736.2    -1861.1     2901.0      5.2      9.9     12.0 2023  5 24 13 54 23.240  1.23   3
   110661  40.271309 -124.451497    15.592    -1229.8    -2654.0     4287.3      5.8      9.0      5.5 2023  3 20  2 26 25.420  1.09   3
   110696  40.274854 -124.482007    15.980    -3824.2    -2260.5     4675.6      6.0     11.6     10.6 2023  4 10  6 54  3.150  0.88   3
   110763  40.291484 -124.394881    12.915     3584.3     -413.9     1610.4     10.6     23.1     12.7 2023  2  8 10 13  5.860  1.00   3
