   100528  40.555176 -124.663794     7.341        1.4       -1.8        1.1    279.4    200.0    373.4 2020  2 16  4  7 45.440  0.00  51
   100537  40.554529 -124.664225     7.270      -35.2      -73.7      -70.4    443.6    603.8    616.2 2020  8  7  9 28 44.340  0.00  51
   100538  40.554574 -124.664242     7.266      -36.5      -68.7      -73.6    455.4    613.0    632.4 2020  8  7  9 28 26.060  0.00  51
   100540  40.555070 -124.663932     7.319      -10.3      -13.6      -20.7    399.7    368.1    547.1 2020  8 11 22 23 53.320  0.00  51
   100541  40.555176 -124.663778     7.343        2.8       -1.8        3.4    234.8    191.8    317.4 2020 10 21  2 37 32.940  0.00  51
   100542  40.555371 -124.663737     7.351        6.2       19.9       11.3    260.1    545.9    351.2 2020 11  8  3 54 55.800  0.00  51
   100543  40.555526 -124.663298     7.424       43.4       37.1       83.6    395.3    879.7    548.8 2020 11  8  1 32 40.980  0.00  51
   100544  40.554647 -124.664315     7.255      -42.7      -60.5      -85.3    454.8    629.3    631.7 2020 12  2  8 33 33.620  0.00  51
   100545  40.554891 -124.664152     7.282      -28.9      -33.4      -57.7    496.7    939.6    684.5 2020 12 19 10  1 43.240  0.00  51
   100547  40.554732 -124.664095     7.290      -24.1      -51.1      -49.7    433.4    961.7    596.6 2021  3 27  3  7  8.420  0.00  51
   100551  40.555090 -124.663810     7.338        0.0      -11.3       -1.6    251.8    288.7    341.6 2021  6 13 21  6 52.180  0.00  51
   100552  40.555265 -124.663664     7.363       12.4        8.1       22.5    304.0    416.2    414.7 2021  8 10 10  7 37.160  0.00  51
   100553  40.555273 -124.663729     7.351        6.9        9.0       11.0    243.1    349.7    328.0 2021  8 19  2 14 36.260  0.00  51
   100560  40.554724 -124.664111     7.288      -25.5      -52.0      -51.6    493.9    795.1    675.2 2022  2 26  9 19 53.720  0.00  51
   100562  40.554366 -124.664266     7.262      -38.6      -91.7      -77.6    498.7    677.1    692.7 2022  4  5  4 37 52.080  0.00  51
   100563  40.555168 -124.663786     7.342        2.1       -2.7        2.2    239.1    183.1    322.6 2022  5 14 21 27 27.240  0.00  51
   100566  40.555273 -124.663713     7.354        8.3        9.0       14.3    260.6    446.0    354.0 2022  7 25  5  3 56.220  0.00  51
   100569  40.554423 -124.664290     7.258      -40.7      -85.4      -81.9    395.2    559.6    549.2 2022  9  4  5 45 54.000  0.00  51
   100570  40.554683 -124.664217     7.271      -34.5      -56.5      -69.5    406.9    558.2    565.1 2022  9  6  7  2 59.900  0.00  51
   100571  40.555107 -124.663753     7.348        4.8       -9.5        7.6    266.5    237.6    362.0 2022 11  6  5  3 49.800  0.00  51
   100572  40.555241 -124.663729     7.353        6.9        5.4       12.9    294.1    430.8    411.4 2022 11  6  4 45 38.900  0.00  51
   110288  40.555351 -124.663680     7.360       11.0       17.6       19.9    277.2    256.6    376.7 2023  5 29  5 41 15.670  1.33  51
