   108433  40.748922 -124.234058    12.375     7407.9     2030.7     2941.0   3328.9   1806.9   3651.3 2020 11 21  6 25 35.720  0.00  46
   108434  40.748926 -124.234058    12.376     7407.9     2031.1     2941.6   3227.8   1693.2   3672.6 2020 11 21  7 26  9.440  0.00  46
   108435  40.748800 -124.234074    12.388     7406.5     2017.1     2953.3   4499.0   2566.2   4771.4 2021  9 18  9  5  3.000  0.00  46
   108436  40.748962 -124.233895    12.371     7421.6     2035.2     2936.9   2724.2   1232.9   2091.9 2022  1 18 23 24  5.960  0.00  46
   108437  40.748962 -124.233903    12.371     7421.0     2035.2     2937.0   2734.0   1235.6   2105.8 2022  1 18 23 25  2.140  0.00  46
   108438  40.748698 -124.236646    12.581     7189.3     2005.8     3146.8   3543.4   1084.6   2712.8 2022  1 19 20 33 45.540  0.00  46
   108439  40.748950 -124.233683    12.375     7439.5     2033.8     2940.9   4063.3   1574.8   3020.1 2022  1 19 21 29 33.980  0.00  46
   108440  40.748946 -124.233870    12.376     7423.7     2033.4     2941.4   4682.5   1920.3   3552.9 2022  1 20  0  6 19.720  0.00  46
   108960  40.735527 -124.290267     5.448     2660.4      543.1    -3985.9   4401.1   3403.7   6735.5 2020  8 22  2 46 34.640  0.00  46
   108961  40.736507 -124.290885     5.772     2608.2      652.0    -3662.1   3668.3   3545.9   4633.7 2022  9 24 17  8 17.940  0.00  46
   110222  40.721293 -124.380029     7.204    -4922.7    -1037.5    -2229.8   2231.7   1639.5   3637.4 2022  6  5  8 26 45.400  0.00  46
   110223  40.721448 -124.380412     7.191    -4955.0    -1020.3    -2243.4   2682.0   1861.5   2078.5 2022  6  5  8 51 54.180  0.00  46
   110224  40.721114 -124.380314     7.278    -4946.7    -1057.4    -2156.7   2193.9   1478.7   3480.6 2022  6  5  8 28 25.100  0.00  46
   110227  40.720797 -124.380786     7.168    -4986.6    -1092.6    -2266.3   2295.9   1429.1   2685.4 2022  6 20  0 19 17.960  0.00  46
   110230  40.735356 -124.370711     9.942    -4135.0      524.2      507.7   2308.6   1871.0   2563.9 2022  5  5 20 40 11.140  0.00  46
   110236  40.705107 -124.372681     8.595    -4302.3    -2835.0     -838.9   1948.5    975.3   2102.6 2022  8  7  6 28 12.440  0.00  46
   110238  40.705098 -124.372664     8.600    -4301.0    -2835.9     -834.4   1936.3    980.8   2123.0 2022 11  2  8  1 19.400  0.00  46
   110239  40.705098 -124.372656     8.600    -4300.3    -2835.9     -834.7   1941.2    970.7   2105.3 2022 11  3 13 46 28.020  0.00  46
   110240  40.705094 -124.372640     8.603    -4298.9    -2836.3     -831.6   1931.4    964.9   2105.1 2022 11 16  6 47 46.300  0.00  46
   110241  40.705098 -124.372656     8.599    -4300.3    -2835.9     -835.6   1953.7    967.2   2088.9 2022 11 30  8 33 59.080  0.00  46
   110502  40.748421 -124.235571    12.376     7280.1     1975.1     2941.3   3828.5   2002.3   3068.3 2022 12 23 17 30 27.280  1.15  46
   110573  40.738074 -124.295695     5.508     2201.9      826.0    -3925.9   2456.0   1893.4   2519.0 2023  5 22 19  5 30.020  1.30  46
   110603  40.737630 -124.485571     9.340   -13837.4      776.7      -94.3   2858.1   2300.7   3856.7 2023  1  1  9 39  4.360  1.46  46
   110777  40.720569 -124.380802     7.456    -4988.0    -1117.9    -1977.9   1365.8   1351.2   2189.7 2023  3 23  6  3  8.580  1.25  46
   110779  40.734566 -124.372559     9.921    -4291.1      436.5      486.5   2309.2   2113.9   3073.6 2023  1 12 21  3 16.120  1.83  46
   110784  40.704806 -124.370915     8.791    -4153.1    -2868.4     -643.3   2166.1   1258.6   2145.6 2022 12 20  0 57 24.410  1.03  46
