   102889  40.366056 -124.142244    33.255    -6036.6    -6319.8     7896.9     84.9     43.4     29.5 2021  4  4  8 10 32.760  0.00   7
   102890  40.366215 -124.143921    33.258    -6178.9    -6302.2     7900.1     83.7     42.7     29.0 2021  4  4  3 35 44.280  0.00   7
   102891  40.366300 -124.144108    33.262    -6194.8    -6292.7     7904.3     89.3     40.9     28.6 2021  4  4 18 25 54.640  0.00   7
   102894  40.367664 -124.143384    33.277    -6133.2    -6141.3     7918.9     59.9     52.1     30.7 2021  7 19 15 24 44.800  0.00   7
   102896  40.370064 -124.145833    33.335    -6341.1    -5874.8     7977.2    113.0     78.8     41.1 2021 12 20 21 22 32.640  0.00   7
   103941  40.488700 -123.982137    29.949     7549.8     7298.9     4591.4     78.8     77.1     76.9 2020  3 22 17 12 28.000  0.00   7
   103945  40.480168 -123.989689    29.660     6909.6     6351.4     4302.3     79.7     84.7     73.9 2022  5 17 10 23 27.700  0.00   7
   103946  40.483838 -123.983008    30.105     7476.2     6759.0     4747.2     74.2     52.1     55.2 2022  9 14  8 41 34.640  0.00   7
   104013  40.412179 -124.117546    21.512    -3938.3    -1198.3    -3846.0     66.0     86.5     59.0 2020  1 18 21  9  0.700  0.00   7
   104015  40.413749 -124.119434    21.681    -4098.5    -1023.9    -3676.7     79.4    112.4     69.3 2020  4  2 13  1 52.880  0.00   7
   104024  40.410917 -124.115511    21.491    -3765.7    -1338.3    -3866.8     50.8     31.2     33.2 2021  1 18  2 38 58.800  0.00   7
   104025  40.409774 -124.116732    21.558    -3869.3    -1465.3    -3799.8     47.0     38.2     37.4 2021 10  6  6 27 37.560  0.00   7
   104028  40.412699 -124.119214    21.197    -4079.9    -1140.4    -4161.1     99.8    112.6     82.9 2021 12 20 23  8 40.760  0.00   7
   105276  40.398787 -124.096297    21.707    -2135.1    -2685.3    -3650.8     36.4     39.1     20.5 2020  1 29  0  2 55.980  0.00   7
   105277  40.399186 -124.095687    21.673    -2083.3    -2641.0    -3684.8     36.3     28.9     19.6 2020  1 30 21 48 49.880  0.00   7
   105278  40.399284 -124.096899    21.737    -2186.2    -2630.1    -3620.7     31.1     27.9     20.0 2020  3  5 21  0 42.600  0.00   7
   105279  40.399976 -124.096257    21.700    -2131.6    -2553.3    -3658.2     37.9     30.7     20.6 2020 12 23 12 13 31.360  0.00   7
   105280  40.399858 -124.094808    21.718    -2008.7    -2566.4    -3640.2     48.3     30.5     25.3 2021  1  1 12 27 47.320  0.00   7
   105281  40.399467 -124.096663    21.705    -2166.2    -2609.8    -3652.6     30.9     25.6     20.2 2021  5 10 19 32 46.180  0.00   7
   105282  40.398572 -124.095630    21.748    -2078.5    -2709.2    -3609.5     35.9     38.4     24.3 2021  5 20 10 18 33.860  0.00   7
   105285  40.398722 -124.095426    21.702    -2061.2    -2692.5    -3655.9     40.1     36.0     20.9 2021 10  4 20 34 35.760  0.00   7
   105286  40.398885 -124.096533    21.707    -2155.2    -2674.4    -3650.8     24.3     31.8     21.8 2021 10 31 14 32 48.000  0.00   7
   105287  40.401229 -124.096257    21.682    -2131.6    -2414.2    -3676.3     45.3     38.9     35.5 2021 10 31 15  9 13.180  0.00   7
   105289  40.398946 -124.094670    21.694    -1997.0    -2667.6    -3664.1     45.9     47.6     20.8 2021 11 28  4 35 26.220  0.00   7
   105290  40.400826 -124.094580    21.585    -1989.3    -2458.9    -3772.7     59.6     66.0     37.9 2022  2 13 11 43  3.040  0.00   7
   105291  40.398775 -124.096004    21.710    -2110.3    -2686.6    -3648.1     36.5     40.0     22.5 2022  4  5  1 19 10.660  0.00   7
   105292  40.398674 -124.096411    21.670    -2144.8    -2697.9    -3687.5     30.6     38.3     17.4 2022  5 29 17 19 38.600  0.00   7
   105293  40.398767 -124.096452    21.706    -2148.2    -2687.5    -3652.4     24.3     31.0     21.6 2022  7 28  6 53 34.280  0.00   7
   105295  40.398857 -124.095939    21.728    -2104.7    -2677.6    -3629.5     28.6     36.1     22.8 2022  8 22  4 34 43.360  0.00   7
   105296  40.399166 -124.096151    21.711    -2122.7    -2643.2    -3646.8     23.8     30.1     20.8 2022 11  4 22 38  7.100  0.00   7
   106489  40.433911 -123.982894    25.042     7488.6     1215.0     -315.7     89.5    105.3    122.1 2020  2 18 22 54 46.760  0.00   7
   106490  40.439148 -123.980770    25.391     7668.5     1796.5       33.5     78.7     87.2    130.1 2021  6 26 10 12  6.320  0.00   7
   106491  40.441886 -123.974544    25.364     8196.6     2100.6        5.9     70.1     77.8    106.8 2021  7 10 12 28 45.800  0.00   7
   106872  40.394584 -124.059961    30.438      949.1    -3152.0     5080.3    117.8    120.3     86.9 2020  2 25 11 51 37.820  0.00   7
   106873  40.407296 -124.052856    29.835     1552.0    -1740.5     4476.6    112.9     94.0    106.0 2020  3 19 10 36 36.040  0.00   7
   106875  40.408529 -124.063574    29.898      642.4    -1603.6     4540.3    157.0    134.8    113.0 2021 12 21  0 10  7.280  0.00   7
   107831  40.465902 -124.033968    22.600     3153.8     4767.3    -2758.1     87.7     67.9     87.4 2022 10 19  0 15 29.200  0.00   7
   107832  40.378866 -124.136312    33.025    -5532.4    -4897.4     7667.3    108.1    104.4     79.9 2020  3 18 22 26 34.000  0.00   7
   107841  40.373551 -124.136344    32.861    -5535.3    -5487.5     7503.3     92.6     88.5     56.9 2021  8  4  3 22  9.320  0.00   7
   108026  40.433236 -123.976986    30.581     7990.0     1140.0     5223.3     61.0     84.3     77.5 2020  3 19  6  4 27.540  0.00   7
   108027  40.419250 -123.978817    30.984     7835.4     -413.0     5625.7    108.3    121.2     85.7 2020  4  5  7 40 43.480  0.00   7
   108029  40.432532 -123.978410    30.680     7869.2     1061.8     5322.5     68.1     59.8     57.2 2021 12 29  8 57 56.420  0.00   7
   108443  40.450655 -124.036344    25.994     2952.5     3074.3      636.0    101.3     92.3     98.7 2020  4 15  2  5 45.300  0.00   7
   108444  40.441878 -124.038037    25.528     2809.1     2099.7      170.4     88.1     77.3     65.7 2020  9 13 11 44 12.660  0.00   7
   108445  40.445479 -124.035531    25.488     3021.7     2499.6      129.9     82.9     71.9     65.3 2021  4  5 21 32  1.320  0.00   7
   108446  40.449308 -124.040462    24.884     2603.2     2924.7     -474.4     95.5    128.1     85.3 2021  6 28 16 28  2.920  0.00   7
   108619  40.447892 -124.027319    26.035     3718.4     2767.5      677.1    118.6     78.7     74.8 2020  5 30 15  6  2.180  0.00   7
   108621  40.456771 -124.020215    26.149     4320.9     3753.4      791.4     86.1    103.7     89.7 2021 10 15 19 10  7.840  0.00   7
   108875  40.362085 -124.101530    23.331    -2580.0    -6760.8    -2026.8     95.0    115.6     68.7 2021  6 17 12 35 13.960  0.00   7
   108883  40.369706 -124.104451    23.369    -2827.9    -5914.5    -1988.8     89.8     96.5     72.9 2021 12 16  2 34 44.300  0.00   7
   108968  40.462386 -123.993490    22.991     6588.1     4376.9    -2366.7     73.0     77.8     76.9 2020  8 24 14 37 42.000  0.00   7
   108969  40.458577 -123.998381    23.174     6173.3     3954.0    -2183.7     89.4     76.9     76.0 2020  9 30  6 44 49.540  0.00   7
   109100  40.369661 -124.160921    30.900    -7622.0    -5919.5     5542.5    105.2    127.9     74.8 2020 10  4 21 32 36.540  0.00   7
   109102  40.367761 -124.172477    30.549    -8603.2    -6130.5     5191.0     42.1     87.6     59.9 2021 10 19  7 26 57.180  0.00   7
   109104  40.365975 -124.171891    30.568    -8553.6    -6328.9     5210.4     87.8     81.1     56.7 2021 12 20 20 51 53.600  0.00   7
   109499  40.466361 -123.976733    22.458     8009.4     4818.4    -2899.9     85.0    107.2     68.6 2021  2 19 20 48 55.420  0.00   7
   109500  40.467155 -123.979110    22.106     7807.8     4906.5    -3251.9     52.9     60.9     59.0 2021  6 14 21 41 19.180  0.00   7
   109503  40.468477 -123.978939    22.204     7822.2     5053.3    -3153.8     53.2     91.3     58.5 2021  6 14 21 42 47.200  0.00   7
   109505  40.465320 -123.978727    22.015     7840.4     4702.7    -3343.0     48.7     51.3     59.6 2021  6 14 22 44 53.320  0.00   7
   109506  40.468127 -123.979232    22.200     7797.4     5014.5    -3158.2     53.3     88.7     57.3 2021  6 14 21 51  5.400  0.00   7
   109507  40.465588 -123.979411    22.012     7782.3     4732.5    -3346.1     56.6     61.2     53.3 2021  6 14 22 52  3.640  0.00   7
   109508  40.467208 -123.977743    22.105     7923.8     4912.3    -3252.9     53.8     81.5     48.0 2021  6 14 15  0 25.220  0.00   7
   109510  40.466292 -123.978280    22.092     7878.3     4810.7    -3265.6     55.7     63.4     53.6 2021  6 15  9 40 32.620  0.00   7
   109511  40.466406 -123.980176    22.027     7717.4     4823.3    -3330.5     56.0     56.8     55.5 2021  6 15  6 13 15.620  0.00   7
   109513  40.465942 -123.979411    22.008     7782.3     4771.8    -3349.8     52.0     51.8     56.5 2021  6 15  5 24 54.660  0.00   7
   109514  40.468250 -123.979036    22.187     7813.9     5028.0    -3170.7     54.0     90.4     59.5 2021  6 15  3 58 23.420  0.00   7
   109515  40.466125 -123.979045    21.997     7813.4     4792.2    -3361.4     51.3     52.8     59.6 2021  6 15  3 24 41.680  0.00   7
   109516  40.466532 -123.978158    22.089     7888.6     4837.3    -3268.6     52.9     61.8     59.7 2021  6 15  7  5 48.180  0.00   7
   109517  40.465686 -123.978743    22.012     7838.9     4743.4    -3345.8     52.3     53.6     60.1 2021  6 15  3 27 10.880  0.00   7
   109518  40.466064 -123.978223    22.072     7883.1     4785.4    -3286.4     50.3     58.4     57.6 2021  6 15  7 40  9.320  0.00   7
   109519  40.465751 -123.978288    22.000     7877.6     4750.6    -3357.8     48.5     50.8     60.4 2021  6 15  6 46 13.080  0.00   7
   109520  40.465800 -123.978857    22.040     7829.3     4756.0    -3318.3     52.6     53.1     55.8 2021  6 15  0  0 36.560  0.00   7
   109522  40.469417 -123.978589    22.090     7851.9     5157.7    -3268.2     59.7     89.2     51.3 2021  6 15  5  2 36.180  0.00   7
   109523  40.466313 -123.978271    22.129     7879.0     4812.9    -3229.3     57.1     55.7     54.0 2021  6 15  4 42  5.060  0.00   7
   109524  40.466606 -123.978027    22.092     7899.7     4845.5    -3265.5     51.4     64.2     65.8 2021  6 15 10 19 32.620  0.00   7
   109525  40.465702 -123.978280    22.016     7878.3     4745.2    -3341.5     48.6     51.5     59.2 2021  6 15  6 28  1.200  0.00   7
   109526  40.465462 -123.978638    22.013     7847.9     4718.5    -3344.8     48.8     50.1     58.4 2021  6 16  1 29  3.400  0.00   7
   109527  40.468254 -123.978174    22.154     7887.1     5028.5    -3203.7     55.8     90.1     60.5 2021  6 24 14 55 33.640  0.00   7
   109529  40.460604 -123.977946    22.126     7906.9     4179.0    -3231.7     62.8     62.7     58.9 2022  8 12  1 20 23.680  0.00   7
   109530  40.464791 -123.980225    22.048     7713.3     4644.0    -3310.2     67.6     79.1     54.4 2022  8 23 13 40  9.980  0.00   7
   109531  40.440995 -124.008138    28.275     5346.2     2001.6     2917.1     55.7     93.7     67.2 2021  2 20  0 31  6.820  0.00   7
   109532  40.434770 -124.009741    28.660     5210.4     1310.3     3302.2     60.0     56.6     52.1 2021  5 25  1 57 35.200  0.00   7
   109662  40.391227 -124.040088    29.523     2636.1    -3524.8     4165.4     61.5     82.9     43.0 2021  6 28 12 31 10.080  0.00   7
   109806  40.385714 -124.250456    26.841   -15221.5    -4137.0     1483.2     56.7     83.0     60.9 2021 11  9 19 48 34.540  0.00   7
   109807  40.388464 -124.247729    26.858   -14989.8    -3831.6     1500.2     71.8     69.0     31.4 2021 12 20 21 53 50.200  0.00   7
   109812  40.388306 -124.240088    26.785   -14341.2    -3849.2     1427.3    110.7     53.7     31.5 2021 12 21 17 56 14.380  0.00   7
   109813  40.386873 -124.246802    27.093   -14911.2    -4008.2     1735.5     70.9    107.1     44.1 2021 12 21 10 42 55.620  0.00   7
   109814  40.388253 -124.240259    26.789   -14355.7    -3855.1     1431.1    109.9     50.7     30.5 2021 12 21  0 36 47.480  0.00   7
   109816  40.389844 -124.267432    26.988   -16662.1    -3678.4     1630.5    146.3    126.4     58.1 2021 12 21  6 47 31.940  0.00   7
   109819  40.389954 -124.238387    26.502   -14196.6    -3666.2     1143.6    119.4     95.6     75.0 2021 12 21  5 34  4.380  0.00   7
   109820  40.393693 -124.248470    26.866   -15052.1    -3251.0     1508.4    107.0    105.7     75.3 2021 12 21  1 42 43.340  0.00   7
   109822  40.387048 -124.238175    26.779   -14178.9    -3988.8     1421.3    111.1     54.7     37.8 2021 12 21  0  6 22.480  0.00   7
   109824  40.374146 -124.249129    26.022   -15110.2    -5421.6      664.0    113.2    155.7    110.2 2021 12 21  3 26 33.380  0.00   7
   109825  40.387317 -124.266732    26.987   -16603.0    -3959.0     1629.5    138.6    103.6     75.6 2021 12 21  6 26 47.400  0.00   7
   109827  40.383573 -124.255965    26.884   -15689.5    -4374.7     1526.3    124.3    146.2    108.8 2021 12 24 12 46 23.800  0.00   7
   109829  40.393669 -124.263322    26.927   -16312.8    -3253.7     1568.7    260.0     99.7     73.1 2021 12 26  9 14 12.100  0.00   7
   109831  40.385417 -124.239925    26.572   -14327.6    -4170.0     1214.0    117.8     94.0     68.4 2022  1  8 17  8 29.240  0.00   7
   109832  40.388045 -124.244084    26.716   -14680.4    -3878.1     1357.8     96.8    110.4     77.6 2022  1 25 11 31 58.500  0.00   7
   109835  40.377665 -124.256665    27.146   -15749.6    -5030.7     1787.7    126.6    121.5     75.5 2022 10 19 20 59 36.440  0.00   7
   110135  40.401534 -124.144906    21.621    -6260.9    -2380.3    -3736.7     99.0    106.3     77.9 2021 12 20 22 59 59.900  0.00   7
   110284  40.464998 -124.020890    26.407     4263.3     4667.0     1049.4     93.8     82.9    112.9 2022 11 23  5 59 44.720  0.00   7
   110309  40.365352 -124.141545    33.266    -5977.2    -6398.0     7908.5     65.4     43.3     28.4 2023  1 19  5  8  4.700  1.05   7
   110329  40.482613 -123.986833    29.566     7151.8     6623.0     4208.5     49.9     46.5     49.3 2023  1  2  1 54 21.740  1.00   7
   110333  40.411100 -124.119100    21.432    -4070.2    -1318.0    -3926.4     39.7     30.2     31.5 2022 12 23  0 32  6.750  0.86   7
   110358  40.448100 -124.017147    26.327     4581.5     2790.5      968.9     63.3     44.3     49.8 2023  1  1 18 46 17.900  1.73   7
   110363  40.399101 -124.096208    21.681    -2127.5    -2650.5    -3677.2     27.2     24.2     18.0 2022 12 14 10 39 54.760  1.83   7
   110389  40.455904 -124.017684    27.187     4535.7     3657.2     1828.8     59.7     39.4     36.4 2023  1 17  6 16 20.570  0.99   7
   110405  40.433944 -123.983138    25.554     7467.9     1218.6      195.9     44.9     50.2     58.5 2023  1 14  2 18  4.460  1.07   7
   110419  40.401518 -124.054069    29.997     1449.2    -2382.1     4639.2    102.5     92.9     87.2 2023  3 11 22  2  2.000  2.25   7
   110456  40.463623 -124.038859    22.059     2738.9     4514.3    -3298.5     87.7     67.4     88.8 2023  1  1 23 43 15.800  0.87   7
   110457  40.372847 -124.137614    32.927    -5643.2    -5565.7     7569.1     83.5     85.6     58.9 2023  1 18 23 33 23.240  1.29   7
   110472  40.427832 -123.975993    30.663     8074.6      539.9     5305.1     42.0     51.3     38.2 2023  2  1 13  7  8.630  2.17   7
   110493  40.438208 -123.997135    29.404     6279.9     1692.1     4045.9     54.8     61.6     55.4 2023  1  1 20 39 27.200  0.90   7
   110503  40.443266 -124.035148    25.560     3054.2     2253.8      201.8     66.8     63.6     43.6 2023  1  2  5 55 55.720  1.08   7
   110536  40.448319 -124.019328    26.204     4396.4     2814.9      846.2     90.0     51.5     56.6 2023  1  1 19  9 40.500  1.03   7
   110563  40.365019 -124.109928    23.079    -3293.0    -6435.0    -2279.0     87.5     95.7     69.4 2023  3 13  6 22 55.270  1.07   7
   110576  40.457792 -123.998356    23.337     6175.4     3866.8    -2021.0     52.5     35.1     48.5 2023  1  1 19 17 41.680  1.12   7
   110601  40.363603 -124.170907    30.459    -8470.1    -6592.3     5101.1     58.5     72.0     52.3 2022 12 21 11 23 41.660  0.93   7
   110606  40.449715 -124.001286    28.124     5927.2     2969.9     2766.3     52.4     59.9     59.1 2023  1  1 19 51  1.960  0.91   7
   110616  40.441138 -124.036971    25.850     2899.6     2017.4      492.3     67.5     45.4     51.3 2023  4 19  4 14 25.130  0.93   7
   110639  40.461609 -123.979329    22.101     7789.5     4290.6    -3256.7     50.5     58.2     51.4 2023  1  1 20 22 17.380  1.37   7
   110640  40.436922 -124.014339    29.047     4820.1     1549.3     3689.1     51.8     68.6     47.4 2023  1  1 18 55 10.060  2.21   7
   110668  40.394950 -124.044425    29.462     2267.8    -3111.3     4104.4     62.7     80.4     42.9 2023  1  1 19 18 40.760  1.27   7
   110693  40.459949 -124.040885    25.446     2567.1     4106.3       88.5     70.4     54.4     63.2 2023  1  1 19  3 59.640  1.01   7
   110701  40.456388 -124.021859    24.900     4181.4     3710.9     -457.6     64.7     59.0     66.4 2023  1  2 23 43  1.560  1.21   7
   110704  40.476737 -124.047323    23.749     2020.7     5970.5    -1609.2     89.5     70.5     89.0 2022 12 29 13 14 49.800  1.45   7
   110709  40.387073 -124.245947    26.785   -14838.7    -3986.1     1427.1     64.0     46.2     26.0 2023  4 18 21  0 30.040  1.34   7
   110733  40.408358 -124.133740    22.041    -5312.9    -1622.5    -3317.4    103.5    109.2     82.4 2023  1 17  1 49  9.700  2.75   7
   110764  40.424593 -123.980745    24.663     7671.4      180.3     -695.3     78.2     91.3    131.7 2023  1  1 19 14 27.920  2.17   7
   110775  40.427661 -124.062996    27.503      691.3      521.0     2145.0    104.1     88.1     72.2 2023  1 25 22  4 46.680  1.02   7
   110792  40.435970 -124.028109    24.121     3651.7     1443.6    -1236.7     75.0     61.1     69.3 2023  2  2  4 36 49.580  0.83   7
   110811  40.462939 -124.029435    27.712     3538.4     4438.4     2354.2    100.8     86.3    101.7 2023  1  1 20 19 37.080  1.15   7
