   107694  40.533248 -123.982227    20.898       24.1       16.3       37.8   1605.4    880.6   1436.2 2021  6 15 12 30 58.240  0.00  62
   107705  40.533293 -123.982096    20.903       35.2       21.2       43.2   1621.4    939.6   1383.7 2021  6 15 14 32 56.860  0.00  62
   107712  40.533248 -123.982218    20.895       24.8       16.3       35.1   1565.8    872.0   1325.7 2021  6 15  8  3 51.620  0.00  62
   107714  40.533252 -123.982218    20.896       24.8       16.7       36.3   1603.4    873.8   1362.8 2021  6 15 10 52 14.820  0.00  62
   107717  40.533289 -123.982153    20.902       30.3       20.8       42.0   1753.6    951.2   1415.4 2021  6 16 15 46 43.780  0.00  62
   107720  40.533354 -123.981559    20.880       80.7       28.0       20.0   1631.0    909.9   1186.9 2021 10  6 17 29 42.880  0.00  62
   107721  40.533374 -123.981510    20.882       84.8       30.3       22.1   1635.0    915.1   1155.4 2021 10  6 20 25 50.100  0.00  62
   107722  40.533386 -123.981486    20.883       86.9       31.6       23.4   1624.7    917.6   1133.0 2021 10  6 18 11 58.240  0.00  62
   107723  40.533162 -123.982153    20.861       30.3        6.8        1.1   1645.6    948.0   1053.7 2021 10  9 15  7 49.740  0.00  62
   107724  40.533439 -123.981396    20.895       94.5       37.5       35.0   1269.3    834.9    964.1 2021 10  9  7 48 42.600  0.00  62
   107725  40.533386 -123.981144    20.863      115.8       31.6        2.9   2811.9    846.5   1509.9 2021 10 10 14 38 48.420  0.00  62
   107727  40.533915 -123.981112    20.939      118.6       90.4       79.0   1959.3   1521.5   1438.9 2022  8 10 10 48 36.500  0.00  62
   107728  40.533866 -123.981169    20.936      113.8       84.9       75.8   1814.6   1447.6   1363.3 2022  8 10 10 31 24.380  0.00  62
   107729  40.533049 -123.982576    20.854       -5.5       -5.9       -5.9   1398.2   1261.0   1201.2 2022  9 22  4 56  7.220  0.00  62
   107730  40.533049 -123.982576    20.853       -5.5       -5.9       -7.1   1470.6   1273.0   1331.2 2022  9 22  7  9 54.480  0.00  62
   110449  40.532878 -123.983179    20.837      -56.5      -24.9      -22.7   1047.6    829.3    829.3 2023  2 25  4  7 30.630  0.97  62
