   102927  40.325077 -124.624910    11.895    -5801.4     3629.5    -1530.6     24.4     55.2     46.8 2020  1  9 16 12 46.120  0.00   5
   102930  40.328638 -124.623592     9.880    -5689.2     4024.9    -3545.9     12.2     19.9     20.5 2020  7 10 11 40 51.780  0.00   5
   102931  40.329065 -124.623088     9.893    -5646.3     4072.3    -3533.0      9.8     20.8     19.7 2020 10  2  5 29 51.580  0.00   5
   102932  40.328857 -124.623071     9.702    -5644.9     4049.3    -3723.5     10.3     17.4     17.5 2020 12 29 18 56 53.340  0.00   5
   102933  40.330693 -124.620825     9.096    -5453.9     4253.0    -4329.7     15.5     47.5     29.1 2021  2 19 14 49 13.520  0.00   5
   102934  40.357979 -124.624748     8.466    -5786.2     7283.0    -4959.9     25.6     84.1     52.0 2021  8 23 20 46 18.340  0.00   5
   102935  40.328064 -124.621720     9.304    -5530.1     3961.1    -4122.0     14.0     26.6     24.2 2021 10 19  7 54 31.220  0.00   5
   102936  40.328874 -124.622990     9.723    -5638.0     4051.1    -3702.9      9.0     16.3     14.3 2021 11  9 11 28 29.120  0.00   5
   102937  40.328910 -124.623714    10.058    -5699.6     4055.1    -3367.6     10.9     24.9     27.2 2021 11 28 21 38 37.840  0.00   5
   102939  40.328711 -124.622892     9.698    -5629.7     4033.0    -3728.1     10.9     18.7     18.0 2021 12 21 23 30 13.180  0.00   5
   102940  40.320345 -124.622485    11.444    -5595.5     3104.0    -1981.9     16.4     58.0     52.2 2021 12 23  8 43 26.880  0.00   5
   102944  40.328634 -124.622005    10.352    -5554.3     4024.4    -3074.2     12.9     32.4     42.6 2022  1 19  8 10 37.440  0.00   5
   102946  40.329187 -124.622900     9.480    -5630.4     4085.9    -3945.6      7.7     15.8     16.7 2022  4 11  4  4 28.440  0.00   5
   102948  40.325378 -124.621484     9.614    -5510.2     3662.9    -3812.5     25.2     37.1     33.0 2022  4 19  9 28 33.920  0.00   5
   102949  40.327193 -124.623641    10.455    -5693.4     3864.5    -2971.1     13.6     22.1     37.0 2022  5  2 22 28 32.800  0.00   5
   102950  40.328666 -124.622575     8.968    -5602.7     4028.0    -4457.8     19.3     24.6     34.9 2022  6 24  0 54  1.540  0.00   5
   102951  40.328056 -124.626628     9.995    -5947.3     3960.2    -3431.1     22.2     21.3     18.7 2022  7 14 16 54 29.000  0.00   5
   102952  40.329016 -124.624593    10.038    -5774.3     4066.9    -3387.8     10.6     21.2     24.1 2022  7 22 12 35 35.500  0.00   5
   102953  40.343876 -124.621183     8.548    -5483.8     5716.9    -4878.1     25.8     64.2     51.1 2022  9 19  8 27  9.760  0.00   5
   102955  40.323735 -124.621053     9.524    -5473.6     3480.4    -3902.4     24.7     43.8     41.8 2022 10  7  7 29 37.760  0.00   5
   102957  40.292448 -124.557674    14.573      -85.8        6.3     1147.3     11.1     52.3     43.1 2020  1  9  0 25 18.340  0.00   5
   102958  40.298539 -124.558138    14.995     -125.2      682.7     1568.8     16.6     31.8     32.5 2020  1  9  5 40 55.020  0.00   5
   102959  40.295024 -124.556689    14.877       -2.1      292.3     1451.4     17.2     29.7     32.2 2020  1 10 16 19 54.400  0.00   5
   102961  40.296411 -124.556942    14.671      -23.5      446.4     1245.3     12.7     25.4     43.6 2020  5 11  5 18  3.180  0.00   5
   102962  40.255550 -124.559172    13.485     -213.2    -4090.8       59.0      3.4     18.0     10.0 2020  5 21 20 27  9.960  0.00   5
   102963  40.294202 -124.557910    14.005     -105.9      201.1      578.7     11.4     29.9     21.6 2020  6 26 12 41 46.880  0.00   5
   102966  40.294010 -124.557080    14.993      -35.3      179.8     1567.1      9.2     29.7     32.4 2020  9 15 23 23  4.260  0.00   5
   102967  40.296537 -124.557715    14.430      -89.3      460.4     1003.7      9.9     26.4     53.0 2020  9 26 13 45 23.380  0.00   5
   102968  40.300586 -124.558919    12.804     -191.7      910.0     -622.3     21.0     38.0     88.0 2020 10  7 23 57 11.980  0.00   5
   102969  40.295280 -124.557821    14.489      -98.3      320.8     1063.3      8.9     22.9     35.4 2021  3 21  4 39 28.380  0.00   5
   102970  40.294694 -124.557267    14.842      -51.2      255.7     1416.1      9.3     28.5     30.8 2021  5 26  0 52 22.700  0.00   5
   102971  40.284578 -124.559025    14.243     -200.7     -867.5      817.4     17.4     92.2     59.0 2021  6  7  3 30 47.660  0.00   5
   102972  40.297331 -124.558276    13.628     -137.0      548.5      202.0     21.2     46.6     45.5 2021  6 26 19 49 41.240  0.00   5
   102974  40.254980 -124.559196    13.460     -215.3    -4154.1       33.9      2.6     12.1      6.1 2021  8 18  7 53 43.320  0.00   5
   102976  40.292871 -124.557723    14.385      -90.0       53.3      958.9      9.7     39.7     46.3 2021 10 14 12 29 46.820  0.00   5
   102977  40.254073 -124.559212    13.426     -216.6    -4254.8        0.4      4.1     18.5     11.0 2021 12  9 17 52 24.880  0.00   5
   102978  40.293620 -124.557658    15.056      -84.4      136.5     1630.0     12.3     29.5     36.9 2021 12 20 14 26 22.420  0.00   5
   102979  40.297819 -124.556893    14.920      -19.4      602.7     1494.5     12.6     28.3     40.8 2022  1  5 13 58 42.900  0.00   5
   102981  40.291195 -124.557837    14.221      -99.6     -132.8      795.0     12.2     43.6     55.7 2022  2 19 22 27 17.340  0.00   5
   102982  40.293783 -124.557023    15.627      -30.4      154.5     2200.7     15.2     42.0     42.2 2022  4 22 22 11  8.700  0.00   5
   102983  40.297266 -124.557471    14.785      -68.5      541.3     1359.4     12.3     31.3     30.9 2022  5 14  6  2 12.840  0.00   5
   102984  40.293896 -124.557446    14.926      -66.4      167.2     1500.0     10.7     35.0     31.1 2022  5 27 21 21 41.400  0.00   5
   102986  40.298149 -124.558480    12.698     -154.3      639.3     -727.6     18.5     40.3     97.5 2022  6 10  0 40 50.580  0.00   5
   102987  40.294474 -124.557365    15.071      -59.5      231.3     1645.2     11.4     30.0     32.7 2022  6 11  1 51  4.680  0.00   5
   102988  40.296281 -124.557365    14.785      -59.5      431.9     1359.1     10.6     26.8     30.7 2022  7 24 10  6 19.260  0.00   5
   102989  40.296440 -124.556836    14.834      -14.5      449.6     1407.8     11.3     24.6     25.7 2022  8 12  8 51 14.040  0.00   5
   102990  40.287256 -124.558195    14.710     -130.1     -570.2     1284.1     21.5     76.7     41.9 2022  8 26  5 13 30.220  0.00   5
   105011  40.279610 -124.534123    16.104     1916.9    -1419.2     2678.4     24.8     90.2     55.0 2021  9 14 19 33 56.900  0.00   5
   105019  40.285803 -124.534684    15.986     1869.1     -731.5     2559.6     16.8     48.7     33.5 2021 12 17 16 25 12.180  0.00   5
   105020  40.294189 -124.531331    16.603     2154.1      199.7     3177.4      9.9     46.5     20.6 2021 12 21  3 42 22.440  0.00   5
   105021  40.294177 -124.531421    16.580     2146.4      198.4     3154.5     10.0     46.3     20.4 2021 12 21  3 24 24.160  0.00   5
   105023  40.287821 -124.533024    16.134     2010.2     -507.4     2708.3     19.2     48.9     42.2 2021 12 21 14 59  6.880  0.00   5
   105029  40.285905 -124.534725    15.972     1865.6     -720.2     2546.0     16.0     47.7     34.1 2021 12 21 16 17 37.440  0.00   5
   105030  40.277433 -124.527620    17.783     2469.9    -1660.9     4357.3     42.8     96.7     51.6 2021 12 21  5  0 54.580  0.00   5
   105031  40.288566 -124.536792    15.285     1689.8     -424.7     1858.7     25.7     71.0     47.2 2021 12 21 12 38 45.420  0.00   5
   105033  40.296554 -124.532471    16.853     2057.1      462.2     3427.2     31.0     99.1     45.7 2021 12 21  9 13 54.680  0.00   5
   105038  40.283073 -124.533065    17.170     2006.8    -1034.7     3744.3     25.6     60.4     33.3 2021 12 26  7 58 23.160  0.00   5
   105039  40.295003 -124.533008    17.314     2011.5      290.1     3887.7     29.8     78.2     47.7 2021 12 27  5 43 54.680  0.00   5
   105041  40.291638 -124.534562    16.274     1879.4      -83.6     2848.0     20.8     60.5     34.5 2022  2 11 20 35 36.260  0.00   5
   105043  40.294128 -124.531413    16.584     2147.1      192.9     3158.0     10.1     46.2     21.3 2022  4 21  0 49 10.600  0.00   5
   105368  40.289058 -124.539054     9.898     1497.4     -370.0    -3528.1     17.1     30.5     47.0 2020  2  1  1 58 46.340  0.00   5
   105369  40.290706 -124.538761    10.890     1522.3     -187.1    -2536.0     16.7     32.5     48.6 2020  4 19 18  7 57.940  0.00   5
   105370  40.273889 -124.534294    15.657     1902.5    -2054.4     2230.8     40.7     63.7    101.8 2020  8 14 11 27 29.760  0.00   5
   105371  40.277039 -124.537378    13.024     1640.1    -1704.7     -401.8     17.4     34.9     58.3 2020  9 12 12 44  3.120  0.00   5
   105374  40.281893 -124.539437    13.527     1465.0    -1165.7      101.4     15.5     48.3     44.4 2021  9 13 23  5 20.040  0.00   5
   105376  40.285189 -124.537476    10.414     1631.7     -799.7    -3012.1     18.2     35.4     62.0 2021 10 28 10 57 51.840  0.00   5
   105377  40.289266 -124.539258    11.141     1480.1     -347.0    -2284.5     13.2     29.1     38.0 2021 11 15  6 11 30.560  0.00   5
   105379  40.289791 -124.539193    10.902     1485.7     -288.7    -2523.7     16.9     56.3     47.1 2022  1 31 19  7 30.320  0.00   5
   105380  40.288053 -124.538908    11.234     1509.9     -481.6    -2191.7     11.9     23.7     31.4 2022  5  7 21  0 16.060  0.00   5
   105381  40.293555 -124.537443    11.629     1634.4      129.2    -1796.7     32.8     72.2     63.3 2022  6  7  9 50 42.720  0.00   5
   105383  40.287093 -124.537671    10.540     1615.1     -588.3    -2885.8     13.7     27.1     41.5 2022  8 18 13 36  2.300  0.00   5
   106680  40.273946 -124.556673    17.609       -0.7    -2048.1     4183.2     13.1     36.8     27.0 2020  2 22 19  6 52.320  0.00   5
   106684  40.274683 -124.556909    17.652      -20.8    -1966.3     4226.5     10.4     22.8     21.1 2020  7 11  9 46  0.560  0.00   5
   106685  40.275195 -124.557048    17.627      -32.5    -1909.4     4201.4     11.6     22.0     21.7 2020  7 24 16 55 42.900  0.00   5
   106687  40.273787 -124.557259    17.644      -50.5    -2065.7     4218.5     12.7     27.2     27.6 2020 10  2  4 24 47.100  0.00   5
   106695  40.274211 -124.557397    17.655      -62.3    -2018.8     4229.3      9.2     21.4     18.8 2021  7 16  7  9  5.340  0.00   5
   106696  40.275505 -124.557812    17.621      -97.6    -1875.1     4194.7     13.7     27.2     26.5 2021  7 18  4 33 15.200  0.00   5
   106697  40.275834 -124.557479    17.572      -69.2    -1838.5     4145.5      9.5     28.2     27.9 2021  7 27 10 19 27.640  0.00   5
   106700  40.287642 -124.557935    16.750     -108.0     -527.3     3323.6     24.3     59.9     64.7 2021  8 24 13 36 31.660  0.00   5
   106702  40.277441 -124.557780    17.385      -94.8    -1660.0     3959.0      9.9     35.3     35.1 2021 10 21 19  2  0.520  0.00   5
   106706  40.273706 -124.556543    17.585       10.4    -2074.8     4158.7     13.8     44.7     29.4 2021 12 21  0 21 19.000  0.00   5
   106710  40.276681 -124.557349    17.494      -58.1    -1744.5     4067.9     12.8     42.2     29.0 2022  1  6 21 12 58.500  0.00   5
   106711  40.274068 -124.557397    17.652      -62.3    -2034.6     4226.4     10.0     20.9     20.0 2022  1 23 11 45  1.040  0.00   5
   106713  40.272978 -124.558089    17.624     -121.1    -2155.7     4197.8     17.8     30.7     28.1 2022  3  7 10 52 39.260  0.00   5
   106714  40.273328 -124.557284    17.640      -52.6    -2116.8     4213.6     11.4     25.7     18.5 2022  4  6 12 30 20.240  0.00   5
   106716  40.270382 -124.555705    17.994       81.7    -2443.9     4568.2     10.0     26.5     20.9 2022  6  3  4 32 25.640  0.00   5
   106718  40.278581 -124.558341    17.069     -142.6    -1533.5     3643.3     18.7     47.4     49.8 2022  6 15 20 50 14.340  0.00   5
   106719  40.272172 -124.556600    17.937        5.5    -2245.1     4510.7     17.4     34.9     34.5 2022  8  6  0 50 42.000  0.00   5
   106720  40.276396 -124.558032    17.467     -116.3    -1776.1     4041.2     12.5     28.3     25.9 2022  8 11  6 16 43.060  0.00   5
   106721  40.284900 -124.558407    17.072     -148.1     -831.8     3646.5     25.3     56.8     52.1 2022  8 21 10 39 36.560  0.00   5
   106722  40.276017 -124.557178    17.606      -43.6    -1818.1     4180.0     12.1     28.4     27.2 2022  9 18 22 30 39.860  0.00   5
   106724  40.276978 -124.556812    17.756      -12.5    -1711.5     4329.9     13.1     38.0     27.7 2022 11 23 23 40 19.840  0.00   5
   107850  40.303068 -124.540999    19.207     1331.9     1185.6     5781.0     27.4     39.1     38.3 2020  3 18 10 33 16.280  0.00   5
   107851  40.295500 -124.543311    19.700     1135.5      345.2     6274.1     16.9     48.8     42.5 2020  7 23  7 57 52.860  0.00   5
   107854  40.304167 -124.544670    18.592     1019.9     1307.6     5166.5      9.4     39.5     21.4 2021  2 23 21 22 50.460  0.00   5
   107855  40.308850 -124.544181    18.163     1061.3     1827.6     4737.3     17.9     49.6     48.8 2021  3  1 21 39  8.000  0.00   5
   107856  40.304325 -124.546468    18.669      867.0     1325.2     5242.9     17.3     52.1     29.5 2021  5 30 21 13 23.020  0.00   5
   107857  40.301766 -124.545638    18.007      937.5     1041.0     4581.4     19.9     43.7     41.6 2021  8 10 16 52 12.400  0.00   5
   107858  40.304822 -124.545345    18.305      962.4     1380.3     4878.8     10.2     26.6     28.3 2021 10 30 23 24 21.000  0.00   5
   107859  40.302279 -124.544710    18.885     1016.4     1097.9     5459.4     17.6     41.1     39.7 2021 10 31  0  6 14.000  0.00   5
   107860  40.302311 -124.545125    18.655      981.1     1101.5     5229.5     11.6     26.7     24.3 2021 11  1  0  2 32.120  0.00   5
   107863  40.303715 -124.544906    18.336      999.8     1257.4     4909.7     10.3     25.4     25.1 2021 12 11 17 33  8.300  0.00   5
   107867  40.300220 -124.546216    18.554      888.4      869.3     5127.8     14.7     51.1     24.9 2022  8 11  3 22 48.620  0.00   5
   107868  40.301530 -124.545044    18.686      988.1     1014.8     5260.3     12.9     40.8     26.6 2022 10  5 10 28  0.800  0.00   5
   107869  40.305916 -124.542716    18.576     1185.9     1501.9     5149.9     18.4     50.4     29.3 2022 10 29  1 50 33.240  0.00   5
   108328  40.363131 -124.568986     8.454    -1047.1     7855.0    -4971.9     42.1     83.0    115.2 2020  4  5  1 31 54.900  0.00   5
   108329  40.329663 -124.568180     3.012     -978.9     4138.7   -10414.4      7.3     19.5      9.7 2020 12 28 14 19 23.260  0.00   5
   108330  40.335978 -124.569124     4.197    -1059.1     4839.9    -9228.7     14.6     25.1     33.7 2021  2  8 21 55 39.180  0.00   5
   108331  40.329163 -124.568766     3.125    -1028.7     4083.1   -10300.9      7.2     19.6      9.4 2021  5 31 14 18  8.300  0.00   5
   108334  40.330322 -124.567839     3.011     -949.8     4211.9   -10415.2      6.7     19.4      9.3 2022  1 23  9 42 53.580  0.00   5
   108336  40.329773 -124.568075     2.979     -969.9     4150.9   -10446.9      8.7     17.8     10.8 2022  8 25  9 19 46.880  0.00   5
   108337  40.334013 -124.567863     3.094     -951.9     4621.7   -10331.5     11.3     39.8     16.5 2022  8 30 16 15 52.160  0.00   5
   108338  40.339543 -124.568473     3.916    -1003.7     5235.7    -9510.2     13.6     49.8     24.1 2022  8 31 20 32 49.120  0.00   5
   108522  40.291056 -124.519539     9.321     3156.8     -148.2    -4104.6     19.2     47.0     44.8 2020  8 27  8 48 36.060  0.00   5
   108523  40.296187 -124.519173     8.694     3187.8      421.6    -4731.7      9.4     27.1     23.5 2020 11 19  0  1 55.140  0.00   5
   108524  40.294271 -124.519914     8.007     3124.9      208.7    -5419.0     10.6     30.7     19.6 2020 12 19 23 43 53.180  0.00   5
   108525  40.297115 -124.519670     7.902     3145.6      524.6    -5524.3     13.3     35.5     20.6 2020 12 22 13 56 55.800  0.00   5
   108526  40.298197 -124.520215     8.363     3099.2      644.8    -5062.7      9.3     38.3     66.8 2020 12 22  2 31 25.280  0.00   5
   108527  40.294218 -124.520093     8.332     3109.6      202.9    -5093.5      8.0     30.5     59.4 2021  3  6  5 49 50.980  0.00   5
   108528  40.291870 -124.519548     8.488     3156.1      -57.8    -4938.2     10.7     42.0     65.0 2021  3  7  9 29 35.160  0.00   5
   108529  40.295178 -124.519360     8.589     3171.9      309.5    -4836.9      8.6     27.5     25.1 2021  3 22 14 28 21.180  0.00   5
   108530  40.294576 -124.519425     8.507     3166.4      242.6    -4918.9      9.0     22.3     57.1 2021  3 22 16 43  7.420  0.00   5
   108531  40.294576 -124.519824     8.244     3132.5      242.6    -5182.2      8.5     23.0     72.4 2021  3 22 15 19 46.300  0.00   5
   108532  40.280603 -124.520467     5.176     3078.1    -1308.9    -8249.7     27.7     94.0     49.5 2021  3 27 20 11 40.180  0.00   5
   108533  40.296346 -124.519238     7.135     3182.3      439.2    -6290.6     14.9     41.7     43.0 2021  3 28  8 38 14.200  0.00   5
   108534  40.290348 -124.519572     8.996     3154.0     -226.8    -4429.9     16.1     51.2     56.7 2021  3 28  5 19 46.660  0.00   5
   108537  40.288224 -124.517757     4.164     3308.4     -462.7    -9261.7     20.1     62.2     35.7 2021  5 23 16 14  8.300  0.00   5
   108542  40.296948 -124.519157     8.453     3189.2      506.0    -4973.2     12.2     34.7     52.5 2022  1  7 18 16 14.140  0.00   5
   108546  40.291984 -124.519499     7.623     3160.2      -45.2    -5803.4     14.1     42.9     21.8 2022  8  3 22 11 41.100  0.00   5
   108547  40.298254 -124.519214     8.292     3184.3      651.1    -5134.0     13.7     30.7     61.9 2022  9 28  8 42 51.820  0.00   5
   108548  40.298385 -124.519173     8.573     3187.7      665.5    -4852.7     12.6     32.9     33.9 2022  9 28  8 39 11.060  0.00   5
   108549  40.298315 -124.518848     8.622     3215.4      657.9    -4804.4     12.7     31.8     37.0 2022 10  9  8 23  0.040  0.00   5
   108551  40.300045 -124.519132     8.656     3191.2      849.9    -4770.2     14.0     43.8     39.0 2022 10 27 19 46 36.020  0.00   5
   108552  40.294543 -124.519434     7.262     3165.7      239.0    -6163.6     17.0     37.5     38.9 2022 11 21 18 13 32.080  0.00   5
   108553  40.297103 -124.519523     7.950     3158.0      523.2    -5475.8     10.6     30.3     74.7 2022 11 22  5 12  0.300  0.00   5
   108554  40.297713 -124.519458     7.883     3163.5      591.0    -5543.3      9.7     31.5     21.5 2022 11 22  5 12 34.720  0.00   5
   108762  40.295549 -124.552515    10.983      352.9      350.6    -2442.8     14.8     18.0     25.9 2020  6 18 16  6 43.080  0.00   5
   108763  40.287874 -124.554875     9.766      152.2     -501.5    -3660.0     19.4     49.9     44.1 2021 11 11 11 57 34.060  0.00   5
   108764  40.304317 -124.553556     9.896      264.3     1324.3    -3530.3     16.4     48.8     35.6 2022  1  9  2 48 12.520  0.00   5
   108765  40.305066 -124.555933    10.031       62.3     1407.4    -3395.3     18.4     48.0     40.8 2022  5 12  9 11 34.360  0.00   5
   108766  40.292318 -124.554134    11.248      215.2       -8.1    -2177.8     12.7     31.9     33.9 2022  6  7  9 49  1.260  0.00   5
   109011  40.304663 -124.574276    13.785    -1497.3     1362.7      359.1     26.2     63.4    106.6 2021  7 14 15 14  4.960  0.00   5
   109012  40.327804 -124.571370    19.012    -1250.1     3932.2     5586.4     35.5    119.1     80.5 2022  5 15 19 18 57.920  0.00   5
   109013  40.284379 -124.569596     5.169    -1099.6     -889.6    -8256.5     51.0    126.0    111.5 2022  6  2 22  6 51.080  0.00   5
   109014  40.309664 -124.574870    14.874    -1547.7     1918.0     1447.7     27.2     64.1     79.1 2022  7 23 23  7 35.680  0.00   5
   110256  40.314071 -124.565405    11.607     -743.1     2407.3    -1818.9     19.7     54.3     39.3 2022  8  2 21 55 39.100  0.00   5
   110258  40.333850 -124.561043     9.970     -372.2     4603.6    -3456.3     36.6     77.2     69.6 2022  8  2 21 44 11.520  0.00   5
   110264  40.335767 -124.562207    11.815     -471.1     4816.5    -1610.9     35.2     78.0     65.2 2022  8  7 15 10 49.300  0.00   5
   110312  40.328947 -124.624382    10.000    -5756.3     4059.2    -3426.3      9.4     17.1     22.4 2022 12 19 12 20 31.700  1.28   5
   110313  40.297131 -124.557552    14.832      -75.4      526.4     1405.9     10.7     30.8     33.3 2023  2  9  8  8 42.800  2.99   5
   110357  40.286230 -124.535514    16.519     1798.5     -684.1     3093.4     22.3     51.5     38.0 2023  4 23 16  9  0.470  1.48   5
   110366  40.290214 -124.539087    10.874     1494.7     -241.7    -2552.2     13.2     31.4     39.9 2023  2 15  9 40 37.830  1.30   5
   110413  40.274280 -124.558130    17.599     -124.6    -2011.1     4173.2     11.5     26.4     30.4 2023  3 25 19 24 32.400  1.25   5
   110459  40.304460 -124.545231    18.342      972.1     1340.1     4915.6      9.3     21.8     26.1 2023  2 23  1 16  2.860  1.71   5
   110492  40.329850 -124.567570     2.943     -927.0     4159.5   -10483.2     10.1     19.7     12.9 2023  4 17  9 13 51.230  2.06   5
   110520  40.294491 -124.519385     7.029     3169.8      233.1    -6396.7     18.3     44.3     50.1 2023  1 16  3 19  0.680  1.26   5
   110550  40.295532 -124.553353    10.897      281.6      348.8    -2528.5     15.9     19.3     25.6 2023  3 30 19 31 15.280  1.92   5
   110583  40.311629 -124.573136    14.667    -1400.3     2136.2     1241.2     28.4     62.8     83.5 2023  2  7 18 35 28.040  1.14   5
   110795  40.339453 -124.560116    12.962     -293.3     5225.8     -463.8     35.5     77.5     53.4 2023  2 25 22 37 46.280  1.26   5
