   103299  40.300203 -124.440853    16.088     -324.5      554.4     4783.6      4.0      7.2      4.4 2020  1 11  8  9 53.220  0.00   3
   103302  40.318616 -124.440739    15.877     -314.8     2598.9     4572.6      8.8     14.9     10.0 2020  6 20  1 12  2.720  0.00   3
   103304  40.299202 -124.447168    15.176     -861.4      443.2     3871.6      5.3     13.7     10.9 2021  9  3 16 25 22.980  0.00   3
   103305  40.303414 -124.441911    16.112     -414.4      910.9     4808.1      4.7      9.4      6.5 2021 10 26 20 14 25.640  0.00   3
   103306  40.302568 -124.442318    16.345     -449.0      816.9     5040.9      3.2     11.1      4.9 2021 11 29  3 55 54.720  0.00   3
   103308  40.298568 -124.446777    15.186     -828.2      372.8     3882.2      5.3      8.9     10.2 2022  1 17  0 41 16.960  0.00   3
   103309  40.301949 -124.447461    15.811     -886.3      748.2     4506.5      4.9      6.4      6.1 2022  4 21 18 50  2.480  0.00   3
   103310  40.294637 -124.448413    15.366     -967.3      -63.7     4061.9      4.3      7.9      4.1 2022  6 13 23 51 29.320  0.00   3
   104529  40.273503 -124.451587    14.233    -1237.4    -2410.5     2928.9      4.1      7.2      5.9 2020  3 14  9  6 38.520  0.00   3
   104530  40.267989 -124.449805    14.663    -1085.9    -3022.7     3359.2      4.0      6.1      5.8 2020  7  5  7 46  8.620  0.00   3
   104531  40.277759 -124.452490    15.383    -1314.2    -1937.9     4078.8      3.5      6.6      4.8 2021  6 10 16  5 44.680  0.00   3
   104533  40.271684 -124.451937    14.298    -1267.2    -2612.5     2993.8      3.5      4.6      4.1 2022  4 17 20 31 47.720  0.00   3
   104534  40.271139 -124.453459    14.505    -1396.6    -2673.0     3200.7      4.0      6.0      6.6 2022  5 15  1 35 15.920  0.00   3
   104535  40.278833 -124.449487    15.179    -1058.8    -1818.6     3874.9      4.1      7.0      5.5 2022  9 24 21 28 45.640  0.00   3
   104693  40.296220 -124.468986     7.074    -2716.5      112.1    -4230.0      4.3     13.2      9.3 2020  1 24  1 39  2.400  0.00   3
   104694  40.291748 -124.466870     8.426    -2536.7     -384.5    -2878.5      3.3      6.1      7.5 2020  2 21  1 12  7.100  0.00   3
   104696  40.291768 -124.464982     8.972    -2376.2     -382.2    -2331.9      4.0      7.3     10.7 2021  1  1 15 20 43.060  0.00   3
   104698  40.289449 -124.470996     7.099    -2887.6     -639.8    -4204.8      4.4      8.8      8.6 2021  5 16  2 25 38.800  0.00   3
   104703  40.306986 -124.466976     7.433    -2545.4     1307.6    -3870.7      6.9     19.3     15.1 2021  9 20 16 48 26.020  0.00   3
   104712  40.294084 -124.466496     8.299    -2504.8     -125.2    -3005.5      3.1      5.7      7.0 2022  8  6  8 20 30.200  0.00   3
   104713  40.292159 -124.467204     8.470    -2565.1     -338.9    -2834.6      3.4      7.3      6.4 2022  8  7  0 51 52.880  0.00   3
   104715  40.307353 -124.466960     8.380    -2544.0     1348.2    -2924.3      4.6     19.1      9.7 2022  9 22  7  9 12.140  0.00   3
   104895  40.293054 -124.434163    10.215      244.3     -239.5    -1089.6      4.0     10.1      5.2 2021  1  2 20 59 55.420  0.00   3
   104900  40.288908 -124.434839     9.804      186.8     -699.9    -1500.5      3.2      6.2      4.2 2022  6 30 13 34 13.920  0.00   3
   105395  40.290739 -124.476204     9.980    -3330.4     -496.6    -1324.3      1.3      3.9      2.2 2020  2 27  1 53 26.280  0.00   3
   105396  40.291117 -124.475871    10.005    -3302.0     -454.5    -1299.6      1.9      3.1      2.8 2020  2 27  1  4 58.680  0.00   3
   105401  40.290063 -124.473877     9.902    -3132.5     -571.6    -1402.6      2.3      9.5      7.9 2021  5 27 20 55 42.820  0.00   3
   105402  40.288676 -124.475675     9.913    -3285.5     -725.6    -1391.4      2.3      3.5      2.6 2021 11  2 18 31 25.320  0.00   3
   105405  40.298348 -124.476204     9.739    -3330.2      348.4    -1565.5      2.8      7.4      5.0 2022  2  5 14  9 41.840  0.00   3
   105567  40.296021 -124.410246     9.074     2277.8       89.9    -2229.9      2.0      2.5      2.5 2020  2  6 20  4 39.780  0.00   3
   105568  40.295789 -124.410213     9.120     2280.6       64.2    -2184.4      2.4      2.1      2.4 2020  2  6 12 55 50.160  0.00   3
   105573  40.295439 -124.409896     9.220     2307.6       25.3    -2084.6      2.2      2.6      2.8 2020  2  6  9 49 16.800  0.00   3
   105578  40.293469 -124.409595     9.016     2333.2     -193.4    -2288.6      5.3     11.7      4.4 2020  2  6  8 23 41.280  0.00   3
   105580  40.291996 -124.409839     9.029     2312.5     -356.9    -2275.7      6.9     15.2     10.9 2020  2  6  8 22 33.120  0.00   3
   105582  40.296045 -124.409920     9.204     2305.5       92.6    -2100.2      2.6      2.7      3.5 2020  2  6  9 57 11.480  0.00   3
   105583  40.295345 -124.409937     9.173     2304.1       14.9    -2131.3      2.9      3.3      3.1 2020  2  6  8 34 54.000  0.00   3
   105586  40.300273 -124.409945     9.077     2303.4      562.1    -2226.8      5.1     13.4      7.9 2020  2  6 12  3  0.260  0.00   3
   105587  40.291463 -124.410360     8.980     2268.2     -416.1    -2323.9      7.1     11.9      8.6 2020  2  6  9 41 35.420  0.00   3
   105589  40.295207 -124.409635     9.248     2329.7       -0.5    -2056.4      2.0      3.3      2.9 2020  2  6  8 20 25.240  0.00   3
   105590  40.296244 -124.409635     9.270     2329.7      114.8    -2034.5      3.5      3.1      4.8 2020  2  6 10  7 53.040  0.00   3
   105591  40.303333 -124.410734     9.076     2236.2      901.8    -2228.5      5.1      8.8      6.7 2020  2  6 15 55 41.420  0.00   3
   105592  40.291589 -124.410246     8.663     2277.9     -402.1    -2641.4      5.2     10.1     10.5 2020  2  6  9 51 27.520  0.00   3
   105594  40.299943 -124.412777     8.717     2062.6      525.5    -2587.5      3.3      3.7      4.4 2020  2  6  9 27 33.820  0.00   3
   105597  40.291496 -124.410881     8.994     2223.9     -412.5    -2309.8      4.4      8.6      5.7 2020  2  6  8 53 42.040  0.00   3
   105604  40.295154 -124.410311     9.085     2272.3       -6.3    -2218.9      2.1      2.8      2.5 2020  2  7  7 15 45.340  0.00   3
   105609  40.296419 -124.409603     9.146     2332.5      134.2    -2158.0      3.0      2.6      2.6 2020  4 19 12 52 19.420  0.00   3
   105610  40.300777 -124.410563     9.049     2250.8      618.1    -2255.1      4.0      7.6      6.6 2020  4 30  7 39 39.040  0.00   3
   105616  40.296301 -124.410083     9.129     2291.7      121.1    -2175.5      2.5      3.0      2.7 2020  8  4  3 15 29.880  0.00   3
   105617  40.296000 -124.410229     9.134     2279.2       87.7    -2170.6      2.3      4.1      3.1 2020  8  4  3 11 39.640  0.00   3
   105625  40.296403 -124.410441     9.085     2261.2      132.4    -2218.8      2.1      4.1      2.7 2020 10  5 20  6 31.680  0.00   3
   105626  40.295170 -124.409521     9.195     2339.4       -4.5    -2109.0      3.1      5.9      4.7 2020 10 17 13 13 57.540  0.00   3
   105632  40.288005 -124.411206     7.885     2196.3     -800.2    -3418.8      3.2      7.0      7.6 2020 11  6  0 35 33.340  0.00   3
   105636  40.293123 -124.408903     8.714     2392.1     -231.8    -2589.8      3.4      6.7      8.4 2020 11 22 18 48 25.880  0.00   3
   105639  40.288273 -124.410254     9.283     2277.3     -770.4    -2021.6      6.3     17.7      8.0 2021  1  8  0  5 36.980  0.00   3
   105643  40.290479 -124.410189     9.110     2282.8     -525.5    -2193.8      4.3     10.7      6.4 2021  1 14 18  3 40.280  0.00   3
   105647  40.308081 -124.409912     9.075     2306.0     1429.1    -2228.8      5.5     13.3      7.0 2021  4  5  1 28  0.080  0.00   3
   105651  40.297591 -124.410124     9.231     2288.2      264.3    -2073.0      5.1      8.2      5.2 2021  4 25 19 33 56.380  0.00   3
   105652  40.295789 -124.410433     9.212     2261.9       64.2    -2092.1      3.8      3.3      2.8 2021  4 25 21 29  3.360  0.00   3
   105653  40.297839 -124.410067     9.211     2293.0      291.9    -2093.7      4.4      9.1      4.6 2021  4 25 19 57 12.780  0.00   3
   105655  40.295736 -124.410669     9.062     2241.9       58.3    -2242.7      3.0      3.1      2.7 2021  6 18  6 16 35.580  0.00   3
   105657  40.286556 -124.409993     9.247     2299.4     -961.0    -2057.3      3.4      9.6      4.9 2021  8 11  0 30 31.640  0.00   3
   105659  40.296379 -124.409969     9.063     2301.4      129.7    -2241.6      2.3      2.8      2.8 2021  8 18  4 22 52.080  0.00   3
   105660  40.296159 -124.410246     9.075     2277.8      105.3    -2229.1      1.9      2.2      2.4 2021  8 29 18  9 38.000  0.00   3
   105663  40.298027 -124.410514     8.983     2255.0      312.7    -2321.3      4.5      9.2      5.9 2021  9 23 10 13 37.280  0.00   3
   105664  40.296126 -124.409961     9.086     2302.1      101.7    -2218.1      3.0      2.7      2.7 2021 10  8 15 58 36.020  0.00   3
   105669  40.296175 -124.410612     9.066     2246.7      107.1    -2238.2      2.1      2.5      2.9 2022  1  7 21 32 16.160  0.00   3
   105670  40.279964 -124.410693     9.135     2240.0    -1693.0    -2169.2      5.7     12.1      8.5 2022  1 29 22 57 58.940  0.00   3
   105671  40.280029 -124.410417     9.135     2263.6    -1685.8    -2169.3      5.9     13.1      8.7 2022  1 29 22 56 14.480  0.00   3
   105672  40.299768 -124.409823     9.232     2313.8      506.0    -2072.1      4.4      9.0      6.0 2022  2 19 21 35 38.840  0.00   3
   105673  40.297774 -124.410628     9.136     2245.3      284.6    -2167.8      4.0      9.3      4.5 2022  2 19 23 16 35.580  0.00   3
   105679  40.295341 -124.410238     9.170     2278.5       14.5    -2134.5      3.7      2.7      2.8 2022  4 25 10 16 52.960  0.00   3
   105680  40.296431 -124.410352     9.264     2268.8      135.5    -2040.3      4.7      3.0      3.3 2022  4 25  7 10 34.500  0.00   3
   105681  40.295496 -124.410409     9.162     2264.0       31.6    -2142.4      3.7      2.8      2.7 2022  4 25  7 16 11.420  0.00   3
   105684  40.296147 -124.410783     9.249     2232.2      103.9    -2054.7      6.2      5.7      8.8 2022  8 10 20 46 20.420  0.00   3
   105685  40.295508 -124.409831     9.099     2313.1       33.0    -2205.0      4.0      2.4      2.4 2022  9  2 17 54  0.080  0.00   3
   105686  40.296179 -124.409977     9.078     2300.7      107.5    -2226.1      1.8      2.5      2.7 2022  9 11  2 28 21.580  0.00   3
   105687  40.296285 -124.410075     9.080     2292.4      119.3    -2224.1      2.0      1.9      2.5 2022  9 11 12 26 35.060  0.00   3
   105688  40.296370 -124.410181     9.060     2283.4      128.8    -2243.7      2.4      2.4      2.5 2022  9 11  3 24  6.220  0.00   3
   105690  40.296464 -124.410384     9.039     2266.1      139.2    -2265.0      1.7      2.2      2.5 2022  9 24 15 21 42.660  0.00   3
   105691  40.296086 -124.410433     9.063     2261.9       97.1    -2241.3      1.7      2.2      2.5 2022  9 24 15 21 16.720  0.00   3
   105692  40.296183 -124.410604     9.063     2247.4      108.0    -2241.6      1.9      3.5      2.9 2022  9 24 21 44  3.460  0.00   3
   105694  40.295040 -124.409782     8.975     2317.3      -19.0    -2329.5      4.0      2.8      2.5 2022 11  8 22 47 56.820  0.00   3
   105696  40.294458 -124.410002     8.928     2298.6      -83.6    -2376.0      4.6      3.8      2.9 2022 11  8 17 35  8.240  0.00   3
   105697  40.294954 -124.410490     9.106     2257.1      -28.5    -2197.9      2.0      2.7      2.7 2022 11  8 18 59 51.840  0.00   3
   105699  40.295361 -124.409937     9.046     2304.1       16.7    -2257.8      3.5      6.1      4.5 2022 11  9 12 22 28.280  0.00   3
   105700  40.295626 -124.409839     9.054     2312.4       46.1    -2249.8      3.6      5.5      4.2 2022 11 11  1 39  8.080  0.00   3
   105703  40.295785 -124.410124     9.148     2288.2       63.7    -2155.7      2.1      3.1      2.7 2022 11 19  3  3  9.960  0.00   3
   105704  40.296330 -124.410083     8.989     2291.7      124.3    -2315.4      3.1      5.5      4.0 2022 11 26 18 35 17.380  0.00   3
   105968  40.290625 -124.483268     8.724    -3931.0     -509.2    -2580.0      4.0      6.2      5.0 2020  7 20 10 55 41.360  0.00   3
   105969  40.292049 -124.482186     8.862    -3838.9     -351.1    -2442.1      3.7      4.6      5.6 2020  7 21  9 15 14.060  0.00   3
   105970  40.290755 -124.482788     8.998    -3890.2     -494.7    -2306.2      4.5      5.5      7.2 2020  7 21 21 15 11.400  0.00   3
   105971  40.290055 -124.482495     8.646    -3865.3     -572.5    -2658.1      1.6      3.2      4.3 2020  7 21 17 28  7.260  0.00   3
   105972  40.292741 -124.482340     8.543    -3852.1     -274.3    -2761.7      3.5      6.3      9.1 2020  7 23  2 34 15.900  0.00   3
   105974  40.292013 -124.482438     8.730    -3860.4     -355.1    -2574.1      2.3      2.5      3.9 2020  9 13  2 27 30.260  0.00   3
   105980  40.291488 -124.482072     8.858    -3829.3     -413.4    -2446.0      1.5      2.4      3.6 2021  4 30 22 52 27.680  0.00   3
   105981  40.291691 -124.482772     8.700    -3888.8     -390.8    -2603.9      2.9      5.2      7.1 2021  5 18 18 56 59.020  0.00   3
   105983  40.293958 -124.482121     8.770    -3833.4     -139.2    -2534.4      1.4      4.0      2.9 2021  7 16 12 23  3.900  0.00   3
   105985  40.291215 -124.483586     8.737    -3958.0     -443.7    -2567.5      3.7      8.1      6.7 2022  2 19 13 54 44.280  0.00   3
   105992  40.291874 -124.482674     8.828    -3880.5     -370.5    -2476.0      2.0      9.3      4.1 2022  4 15  0 12 22.780  0.00   3
   105994  40.292244 -124.482292     8.651    -3847.9     -329.4    -2653.6      1.6      3.5      4.3 2022  6 13  7  3 31.880  0.00   3
   106894  40.302230 -124.453377    12.665    -1389.3      779.4     1360.9      4.0     11.7      7.0 2020  3  9 15 21  5.000  0.00   3
   106901  40.307625 -124.453369    12.927    -1388.6     1378.5     1623.3      5.5     16.9     10.8 2021  6  6  1 39 40.840  0.00   3
   106903  40.308004 -124.453328    12.902    -1385.1     1420.5     1597.4      4.0     14.8      9.3 2022  1 24  1 49 57.800  0.00   3
   106905  40.299028 -124.453345    13.139    -1386.6      423.8     1834.5      4.9     12.3      6.0 2022  9  3 12  2 18.720  0.00   3
   106906  40.299601 -124.452734    12.858    -1334.7      487.5     1553.3      3.7     10.3      7.5 2022 11 15 19 56 24.360  0.00   3
   107733  40.297986 -124.436328    14.863       60.2      308.1     3558.9      3.5      4.3      6.0 2020  7 29 15 46 20.300  0.00   3
   107735  40.298263 -124.435937    14.750       93.4      338.9     3445.7      2.7      5.0      4.7 2020  9  4  2 42 39.160  0.00   3
   107737  40.299711 -124.435848    15.024      101.0      499.7     3719.9      3.9      5.9      4.1 2020  9 16  7 22  8.180  0.00   3
   107742  40.297888 -124.437370    14.385      -28.4      297.3     3080.7      2.5      6.2      7.2 2021  1 21 15  1 43.620  0.00   3
   107743  40.298417 -124.434782    14.915      191.7      356.0     3611.0      3.0      3.1      5.9 2021  2 10  9 13 35.100  0.00   3
   107745  40.297343 -124.435726    14.825      111.4      236.8     3520.6      3.5      4.0      6.0 2021  5  2 16 32  4.860  0.00   3
   107747  40.297876 -124.437044    14.658       -0.7      295.9     3353.9      3.0      3.1      4.4 2021  6 19  9  7 31.460  0.00   3
   107749  40.298108 -124.435083    14.976      166.1      321.7     3672.0      3.7      4.0      5.3 2021  8  4 16 55 19.760  0.00   3
   107750  40.298246 -124.435864    14.754       99.6      337.1     3450.1      3.0      5.2      5.0 2021  8  5 13 56 27.560  0.00   3
   107751  40.299084 -124.436605    15.030       36.7      430.1     3725.8      3.2      3.7      5.5 2021 10  4 13 30 54.640  0.00   3
   107754  40.297148 -124.437679    14.593      -54.7      215.1     3288.7      2.7      8.4      5.0 2021 11 29 17 37 32.460  0.00   3
   107755  40.298079 -124.435335    14.873      144.6      318.5     3568.4      3.2      3.9      5.1 2021 12 26  7 17 50.120  0.00   3
   107756  40.297791 -124.435710    14.712      112.8      286.5     3407.8      3.9      5.5      4.6 2021 12 28 17 48 55.620  0.00   3
   107758  40.296163 -124.436450    14.675       49.8      105.7     3370.7      4.0      8.3      6.0 2022  1 22  0  4 57.400  0.00   3
   107760  40.300761 -124.436035    14.794       85.1      616.3     3489.9      4.7      7.6      5.4 2022  2  4 23 36 48.780  0.00   3
   107761  40.299337 -124.436548    15.069       41.5      458.2     3764.6      3.9      3.7      5.6 2022  2 10 11 52 51.360  0.00   3
   107764  40.297831 -124.435734    14.781      110.7      291.0     3477.2      3.6      4.1      5.2 2022  3 20 23 32 39.400  0.00   3
   107766  40.298486 -124.435677    14.812      115.6      363.7     3507.4      3.1      7.5      3.9 2022  3 28  2 57 46.540  0.00   3
   107767  40.297961 -124.436255    14.698       66.4      305.4     3393.9      3.1      3.0      5.0 2022  4  2 10 43 37.000  0.00   3
   107769  40.297302 -124.437109    14.734       -6.2      232.2     3429.6      2.9      7.2      5.4 2022  4 28 17 13  7.820  0.00   3
   107770  40.298885 -124.435848    14.994      101.0      408.0     3689.6      3.5      3.5      4.9 2022  5 13  1 16 48.300  0.00   3
   107772  40.297913 -124.435026    14.744      170.9      300.0     3439.6      3.1      3.6      5.0 2022  5 21 13 41 32.340  0.00   3
   107773  40.296989 -124.435848    14.741      101.0      197.4     3436.6      3.9      4.9      5.0 2022  5 22 19 28 25.500  0.00   3
   107774  40.298393 -124.434001    14.937      258.1      353.3     3632.4      3.3      4.5      4.8 2022  6 11 12 56  1.180  0.00   3
   107778  40.298417 -124.434465    14.881      218.6      356.0     3576.9      3.1      3.9      4.8 2022  7  7 10 44 49.700  0.00   3
   107780  40.298088 -124.436572    14.710       39.4      319.4     3406.1      3.7      3.9      4.9 2022  7 10 20 40 42.680  0.00   3
   107781  40.297550 -124.436182    14.786       72.7      259.8     3481.7      3.3      2.9      5.1 2022  7 17 22  5 39.680  0.00   3
   107782  40.298763 -124.435181    14.847      157.8      394.4     3543.2      3.8      4.2      5.6 2022  7 26 21 59  5.840  0.00   3
   107785  40.300606 -124.435278    15.015      149.5      599.1     3710.5      5.0      5.0      5.7 2022  8  7  7 26 12.620  0.00   3
   107786  40.298230 -124.435522    14.817      128.7      335.3     3513.0      3.3      3.6      5.0 2022  8  9  3 28 29.720  0.00   3
   107788  40.300224 -124.435311    14.860      146.7      556.6     3555.7      5.0      7.6      6.4 2022  8 14 16 35 40.980  0.00   3
   107792  40.305806 -124.438477    14.584     -122.5     1176.6     3279.7      2.5      9.7      5.4 2022  8 30 14  2  1.080  0.00   3
   107793  40.299207 -124.436873    15.085       13.8      443.7     3780.8      4.0      3.3      6.0 2022  9  6 17 29 43.260  0.00   3
   107795  40.297530 -124.435701    14.738      113.5      257.5     3433.5      3.8      6.0      4.7 2022 10  6  1 28  7.480  0.00   3
   107796  40.300024 -124.436051    14.933       83.7      534.5     3628.8      3.8      3.6      4.8 2022 10 21 12 57 48.880  0.00   3
   107797  40.298010 -124.436523    14.634       43.6      310.9     3329.4      3.2      3.8      4.9 2022 10 30  5  0 39.040  0.00   3
   107798  40.297945 -124.438338    14.766     -110.7      303.6     3461.4      3.6      5.1      8.4 2022 11  2 11  0 10.360  0.00   3
   107799  40.297819 -124.436312    14.741       61.6      289.6     3436.9      2.8      3.3      4.7 2022 11  5 13 55 55.220  0.00   3
   107804  40.298507 -124.435002    14.917      173.0      366.0     3613.3      3.7      4.3      5.2 2022 11 29  6 33  6.480  0.00   3
   108087  40.285380 -124.449731     9.763    -1079.5    -1091.6    -1541.4      3.6      8.3      6.3 2020 11  2 19 25 14.760  0.00   3
   108098  40.302743 -124.450488     8.540    -1143.7      836.3    -2764.0      5.4      9.9      7.6 2022  7 31  9  3 31.640  0.00   3
   108101  40.310173 -124.450814     8.341    -1171.3     1661.4    -2963.5      5.2     12.5     10.4 2022  9 21 11  5 36.240  0.00   3
   108715  40.299646 -124.439128    11.796     -177.8      492.5      491.9      3.0      6.9      5.9 2020  6  7 18 13 58.060  0.00   3
   108716  40.300716 -124.442489    11.641     -463.6      611.3      336.7      3.2      5.3      5.9 2020  8 14 12 38 33.660  0.00   3
   108717  40.299158 -124.442350    11.834     -451.8      438.3      529.5      2.7      5.4      5.6 2021  5 18 12  5 50.720  0.00   3
   108718  40.298735 -124.440454    11.688     -290.6      391.3      384.0      4.0      8.1      6.7 2021  7 18 19 18 32.920  0.00   3
   108719  40.299967 -124.442782    11.930     -488.5      528.2      625.9      2.8      6.3      6.3 2022  2  3  9 12 34.820  0.00   3
   108720  40.298767 -124.441382    11.598     -369.5      394.9      294.0      4.2      5.4      6.7 2022 11 14  0 20 45.400  0.00   3
   108721  40.299207 -124.439445    11.656     -204.8      443.7      351.7      3.7      4.4      3.6 2022 11 15  3 39 49.740  0.00   3
   108722  40.292985 -124.442358    11.707     -452.5     -247.1      402.8      4.0     14.9      4.7 2022 11 15  3 35 34.140  0.00   3
   108734  40.307939 -124.431274     8.615      489.8     1413.3    -2688.8      4.0      4.0      4.2 2020  6 14  9 19 55.660  0.00   3
   108737  40.306852 -124.432593     8.380      377.8     1292.7    -2924.3      2.3      5.2      4.8 2021  7  3  4  9  4.600  0.00   3
   108740  40.308028 -124.432235     8.373      408.2     1423.2    -2931.7      1.7      4.2      3.8 2021  8 20 23 51  4.580  0.00   3
   108741  40.307963 -124.432576     8.480      379.1     1416.0    -2824.2      3.1      4.3      3.4 2021  8 20 17 34 19.920  0.00   3
   108742  40.308126 -124.432332     8.448      399.9     1434.1    -2856.3      2.5      3.7      4.6 2021  8 20 21 38  4.660  0.00   3
   108745  40.308773 -124.432324     8.431      400.6     1505.9    -2872.8      2.8      4.2      3.7 2021  8 22 13  1 31.960  0.00   3
   108746  40.308875 -124.433569     8.187      294.7     1517.2    -3117.2      3.3     12.4      4.9 2021  9 20 22 54 47.060  0.00   3
   108747  40.306099 -124.432357     8.417      397.8     1209.1    -2887.5      3.4      4.9      4.0 2021 11 29 10 57 42.520  0.00   3
   108748  40.306514 -124.432406     8.594      393.7     1255.2    -2710.7      1.7      4.7      3.0 2021 11 29 19 42  7.460  0.00   3
   108906  40.275659 -124.492700     8.988    -4733.5    -2171.0    -2316.7      2.3      4.3      3.2 2020 11 25  7 46 37.480  0.00   3
   108908  40.276343 -124.492928     8.849    -4752.9    -2095.1    -2455.2      1.9      3.6      4.2 2022  9  2 10 39  0.760  0.00   3
   108911  40.277295 -124.493180     8.840    -4774.3    -1989.4    -2464.5      1.2      2.1      3.5 2022  9  3  0 18  5.460  0.00   3
   109091  40.280798 -124.403906    14.000     2817.2    -1600.4     2696.3      3.4      4.6      4.3 2021  1  4 22  6 23.820  0.00   3
   109092  40.280599 -124.402409    13.928     2944.5    -1622.5     2623.8      4.7      4.3      4.9 2021  1 23 22 32 45.160  0.00   3
   109093  40.277421 -124.406893    14.329     2563.3    -1975.4     3024.8      2.7      4.1      7.5 2021  5 29 22  7 48.900  0.00   3
   109094  40.277730 -124.406559    14.306     2591.6    -1941.0     3001.4      3.9      6.0      9.6 2021 12  5 19 33 15.380  0.00   3
   109634  40.295927 -124.444849    16.661     -664.3       79.5     5357.0      4.7      8.6      6.3 2021  8 20 12 43  0.920  0.00   3
   109759  40.285132 -124.478800    17.134    -3551.3    -1119.2     5829.4      3.7      4.5      5.4 2021  9 15 12 25 18.520  0.00   3
   109760  40.274829 -124.483773    15.765    -3974.4    -2263.2     4460.6      3.6      7.3      5.2 2021  9 17 18 39 17.700  0.00   3
   109763  40.275240 -124.480111    15.708    -3663.0    -2217.6     4404.2      2.9      5.3      4.6 2021 11  6 13  8 56.220  0.00   3
   109764  40.274931 -124.481616    15.880    -3791.0    -2251.9     4575.6      3.8      5.2      4.5 2021 11 19 21 25 30.120  0.00   3
   109765  40.285787 -124.477230    17.195    -3417.7    -1046.4     5890.5      2.9      4.5      4.5 2022  7 10 23 46 28.140  0.00   3
   109766  40.286621 -124.477409    17.236    -3432.9     -953.8     5931.8      3.0      4.3      4.3 2022  8 21  2 28 17.120  0.00   3
   109769  40.274463 -124.481559    15.911    -3786.2    -2303.9     4606.6      3.3      5.4      4.6 2022 11  7 22 22 57.180  0.00   3
   110319  40.297965 -124.445076    15.598     -683.6      305.9     4294.1      3.1      5.0      3.8 2023  4 23  3 48 36.540  1.34   3
   110343  40.300602 -124.405998    10.798     2638.9      598.7     -505.8      9.4     17.0      7.7 2023  2 27  0 14 11.430  1.57   3
   110344  40.270976 -124.452319    14.405    -1299.7    -2691.1     3101.2      3.0      4.5      3.7 2023  3 19  5 41 40.620  0.92   3
   110349  40.292314 -124.466064     8.459    -2468.2     -321.7    -2844.9      3.0      5.0      5.5 2023  4 14 19 20 25.080  1.57   3
   110353  40.290275 -124.432511    10.330      384.7     -548.1     -974.0      3.2      8.5      4.5 2023  5  2 13 44  6.040  1.79   3
   110369  40.288615 -124.475985     9.996    -3311.8     -732.4    -1308.1      1.3      2.4      1.5 2023  4  1  7 44 57.710  1.31   3
   110377  40.296045 -124.409505     9.104     2340.8       92.6    -2200.7      1.8      2.1      2.4 2023  5 20 23 47 40.440  1.10   3
   110383  40.291878 -124.482585     8.699    -3872.9     -370.0    -2605.7      2.3      2.3      3.0 2023  3  7 12 11 57.690  1.17   3
   110421  40.297884 -124.452572    12.788    -1320.9      296.8     1484.0      3.6      8.7      5.8 2023  2  3 10  4 53.380  1.07   3
   110450  40.298881 -124.436987    14.831        4.2      407.5     3526.7      2.5      3.1      4.0 2022 12  9  5  6 23.270  2.34   3
   110478  40.299268 -124.449862     9.016    -1090.5      450.5    -2288.6      4.4      8.0      6.9 2023  4 16 19 40  2.760  1.19   3
   110545  40.299479 -124.443058    11.798     -512.0      474.0      493.3      2.0      3.5      3.6 2023  1 26 19 34 22.320  1.51   3
   110548  40.307129 -124.435050     8.452      168.8     1323.4    -2852.3      1.3      2.8      2.5 2023  2 24 19 10 37.800  1.22   3
   110567  40.277234 -124.493848     8.880    -4831.0    -1996.2    -2424.6      0.7      2.0      1.5 2023  5 16 14 31 27.390  0.62   3
   110599  40.279989 -124.404346    14.101     2779.8    -1690.3     2796.6      2.3      3.8      3.9 2023  5 24 13 54 23.240  1.23   3
   110661  40.282829 -124.451815    15.527    -1256.7    -1374.9     4223.2      4.6      6.6      6.4 2023  3 20  2 26 25.420  1.09   3
   110696  40.275277 -124.481999    15.957    -3823.5    -2213.5     4653.1      3.1      5.2      4.5 2023  4 10  6 54  3.150  0.88   3
   110763  40.295207 -124.392961    13.014     3747.5       -0.5     1709.4      8.2      9.9     11.0 2023  2  8 10 13  5.860  1.00   3
