   102177  40.303308 -124.483968    26.379      841.4     1794.6     5260.3      5.3     20.1      5.3 2020  4  1 11 46 58.040  0.00   2
   102179  40.292493 -124.490625    25.776      275.4      593.7     4657.2      5.5     16.2      6.2 2022  4 28 10 58 15.600  0.00   2
   102611  40.294006 -124.551440    23.148    -4895.8      761.8     2028.7      2.5      4.5      3.2 2020  1 28  5 11 32.240  0.00   2
   102614  40.301762 -124.553459    23.181    -5067.1     1623.0     2061.8      4.4      9.9      4.5 2020  2 19  4 37 44.400  0.00   2
   102615  40.295874 -124.551221    23.056    -4877.0      969.2     1937.4      3.3      6.7      5.1 2020  3  2 21 56 10.200  0.00   2
   102616  40.292615 -124.549910    23.199    -4765.7      607.3     2080.2      5.4     10.5      5.9 2020  3 12 13 19 53.560  0.00   2
   102617  40.288586 -124.553369    23.076    -5060.0      159.9     1957.0      2.3      7.3      2.7 2020  3 19  2  9 47.580  0.00   2
   102618  40.294242 -124.551335    23.171    -4886.8      788.0     2052.5      2.3      6.7      4.1 2020  3 24  8  3 36.860  0.00   2
   102619  40.292749 -124.550513    22.989    -4816.9      622.2     1869.9      3.4      5.8      4.9 2020  5  3 14  1 39.440  0.00   2
   102620  40.303809 -124.551652    22.823    -4913.4     1850.2     1704.1      4.8     11.4      9.1 2020  5  8  2 59 28.200  0.00   2
   102621  40.296200 -124.550854    23.016    -4845.9     1005.3     1897.3      5.7     14.7     10.6 2020  5 20  5 59 56.040  0.00   2
   102622  40.294059 -124.551807    23.154    -4926.9      767.6     2034.7      1.8      3.3      2.4 2020  5 25 11 34 11.100  0.00   2
   102623  40.293563 -124.551969    23.193    -4940.8      712.5     2074.6      2.3      3.2      2.4 2020  6 17  9 38  2.760  0.00   2
   102626  40.292672 -124.551506    23.221    -4901.4      613.6     2101.7      1.9      4.0      2.7 2020  7 30 14 15 55.420  0.00   2
   102627  40.293083 -124.551538    23.218    -4904.1      659.2     2098.7      2.0      3.8      2.6 2020  8  6  9 43  0.900  0.00   2
   102628  40.294727 -124.553109    23.135    -5037.6      841.7     2016.1      4.8      4.7      2.8 2020  8 12  9 16 12.860  0.00   2
   102629  40.295915 -124.553296    23.215    -5053.5      973.7     2096.2      5.8      9.7      7.0 2020  8 30 19 11 39.340  0.00   2
   102630  40.295378 -124.551017    23.119    -4859.7      914.0     1999.8      6.3     12.0      8.8 2020  9  4 12  2 45.620  0.00   2
   102631  40.301729 -124.553044    23.136    -5031.8     1619.3     2017.1      6.3     29.8     12.2 2020  9 14  2 37 30.160  0.00   2
   102632  40.293136 -124.551619    23.217    -4911.0      665.1     2097.8      2.1      5.0      3.4 2020 10 22  1 28 26.760  0.00   2
   102633  40.294812 -124.551685    23.146    -4916.5      851.2     2027.1      2.5      3.6      2.2 2020 10 29  4 23 31.560  0.00   2
   102636  40.292822 -124.551896    23.201    -4934.6      630.3     2082.1      1.7      4.0      2.4 2020 11 12  0 59 20.320  0.00   2
   102637  40.294702 -124.553377    23.157    -5060.4      839.0     2038.2      3.9      3.7      2.3 2020 11 22  4 28 11.800  0.00   2
   102638  40.293998 -124.551473    23.149    -4898.5      760.9     2030.4      1.9      3.7      2.4 2020 11 24  4 43  2.220  0.00   2
   102640  40.290039 -124.551872    23.348    -4932.6      321.2     2229.5      2.4      3.5      2.2 2020 12 20 20 43  7.720  0.00   2
   102643  40.303377 -124.554997    23.223    -5197.8     1802.3     2104.5      5.6     10.1      5.1 2021  4  2  8 21 40.740  0.00   2
   102644  40.294185 -124.552726    23.042    -5005.1      781.7     1922.9      3.1      5.6      2.4 2021  4  2 10  4 11.960  0.00   2
   102645  40.295671 -124.553735    23.115    -5090.9      946.6     1995.9      4.6      5.1      3.2 2021  4  2  8 33 31.360  0.00   2
   102646  40.294242 -124.552563    23.119    -4991.3      788.0     2000.2      2.5      3.3      2.1 2021  4  3  8 46 31.580  0.00   2
   102648  40.292253 -124.551595    23.241    -4909.0      567.0     2121.6      2.1      5.9      3.6 2021  4  4 22 47 31.720  0.00   2
   102649  40.293481 -124.551546    23.138    -4904.8      703.5     2018.7      4.8     11.3      6.1 2021  4  6 18 44  3.960  0.00   2
   102650  40.294210 -124.551685    23.167    -4916.5      784.4     2048.3      2.4      3.6      2.5 2021  4 16  7 34 37.420  0.00   2
   102652  40.304472 -124.553215    23.237    -5046.2     1923.9     2118.5      2.6     10.1      7.7 2021  4 24 10 54 59.700  0.00   2
   102653  40.294316 -124.553280    23.112    -5052.2      796.1     1993.0      3.1      6.2      3.5 2021  5 11 10 53 45.640  0.00   2
   102654  40.294645 -124.552995    23.135    -5027.9      832.7     2016.5      3.4      3.1      2.4 2021  5 18  7  9  4.920  0.00   2
   102655  40.294678 -124.551676    23.119    -4915.8      836.3     2000.3      3.3      3.2      2.0 2021  6  5 23 47 43.440  0.00   2
   102656  40.293697 -124.551961    23.151    -4940.1      727.4     2032.0      2.2      3.0      2.6 2021  7 10 10 32  6.000  0.00   2
   102657  40.294043 -124.551921    23.142    -4936.6      765.8     2023.4      2.3      2.7      2.4 2021  7 10 10 35 55.320  0.00   2
   102658  40.294397 -124.551758    23.134    -4922.8      805.2     2015.4      1.8      3.8      2.3 2021  7 10 10 44 51.580  0.00   2
   102659  40.293901 -124.551823    23.166    -4928.3      750.0     2047.1      1.8      3.5      2.4 2021  7 10 11 32 17.980  0.00   2
   102660  40.294967 -124.551839    23.161    -4929.7      868.4     2041.9      1.6      3.6      2.5 2021  7 10 12 22  8.220  0.00   2
   102661  40.294430 -124.551717    23.170    -4919.3      808.8     2051.0      1.7      4.0      2.2 2021  7 11  0 11 56.640  0.00   2
   102662  40.293327 -124.551864    23.183    -4931.8      686.3     2064.5      4.2     10.3      8.0 2021  8 14  7 32 23.840  0.00   2
   102663  40.294527 -124.551359    23.125    -4888.8      819.6     2006.5      3.9      2.8      2.0 2021  8 17  5  4 32.220  0.00   2
   102664  40.293791 -124.552743    23.142    -5006.5      737.8     2022.9      1.5      3.4      2.0 2021 10 17 20 33  5.600  0.00   2
   102665  40.294206 -124.551392    23.168    -4891.6      783.9     2048.6      1.8      4.0      2.2 2021 11  4  7 34 53.420  0.00   2
   102666  40.293758 -124.550838    23.142    -4844.6      734.2     2023.0      3.2      3.7      2.7 2021 11 17  7 26 36.100  0.00   2
   102667  40.293844 -124.551546    23.164    -4904.8      743.7     2045.2      1.8      3.7      2.2 2021 12  3 14  3  8.220  0.00   2
   102669  40.293172 -124.550773    23.224    -4839.1      669.2     2105.0      2.6      3.6      3.0 2021 12 20 23 12 47.680  0.00   2
   102670  40.294735 -124.552393    23.099    -4976.7      842.7     1980.1      2.6      3.0      1.8 2021 12 21 19 14 52.560  0.00   2
   102671  40.289026 -124.552091    23.185    -4951.3      208.7     2066.4      2.1      4.1      2.2 2021 12 21  0  6 44.760  0.00   2
   102673  40.294446 -124.552132    23.309    -4954.6      810.6     2189.8      4.7     10.0      6.3 2021 12 26  0 58 31.020  0.00   2
   102674  40.293579 -124.552360    23.185    -4974.0      714.3     2066.5      1.8      3.8      2.4 2021 12 27 21 23 56.940  0.00   2
   102675  40.296395 -124.552824    23.292    -5013.3     1027.0     2172.8      3.7     12.0      5.7 2021 12 28 23 42 32.980  0.00   2
   102677  40.294092 -124.552254    23.165    -4965.0      771.3     2046.0      1.8      3.5      2.4 2021 12 30 21 50 15.320  0.00   2
   102678  40.287427 -124.553206    23.079    -5046.2       31.2     1959.8      3.7     13.4      5.0 2021 12 31 23 44 46.660  0.00   2
   102679  40.293864 -124.551693    23.174    -4917.2      746.0     2054.6      1.7      4.2      2.6 2022  1  6 21 51 26.240  0.00   2
   102684  40.294511 -124.551530    23.093    -4903.4      817.8     1974.1      3.8      2.9      2.0 2022  2 12 18 43 42.940  0.00   2
   102685  40.293620 -124.551709    23.157    -4918.6      718.9     2037.9      1.8      3.7      2.4 2022  3  2 23 19 59.800  0.00   2
   102686  40.293738 -124.551465    23.154    -4897.9      732.0     2035.4      4.0     15.2      8.8 2022  3  2 16  8  3.180  0.00   2
   102687  40.303707 -124.553630    23.342    -5081.6     1838.9     2223.2      8.0     19.2     10.5 2022  3  9 13 42 16.640  0.00   2
   102691  40.293709 -124.551660    23.178    -4914.5      728.8     2059.3      1.9      4.0      2.3 2022  5 18 18  7 36.080  0.00   2
   102692  40.294312 -124.552718    23.113    -5004.4      795.7     1993.7      2.8      3.4      2.0 2022  5 21 20  6 56.040  0.00   2
   102693  40.295459 -124.552816    23.079    -5012.7      923.1     1960.6      4.0      3.9      3.2 2022  6 20  7 39 31.020  0.00   2
   102694  40.295162 -124.551758    23.117    -4922.7      890.1     1998.2      2.3      3.5      2.2 2022  6 27  7 43 34.160  0.00   2
   102695  40.297904 -124.550488    23.104    -4814.7     1194.6     1985.4      4.8     14.8      7.0 2022  7 18  1 42 42.840  0.00   2
   102696  40.295752 -124.552979    23.083    -5026.5      955.6     1963.8      2.9      3.3      2.2 2022  7 28  7 20 33.000  0.00   2
   102697  40.294312 -124.551766    23.169    -4923.4      795.7     2050.0      1.7      3.6      2.2 2022  8  2  3 23 52.420  0.00   2
   102698  40.294153 -124.552661    23.050    -4999.6      778.0     1931.0      3.3      3.6      3.0 2022  8 16 18 15 25.220  0.00   2
   102699  40.295093 -124.551619    23.137    -4911.0      882.4     2018.4      2.6      2.9      1.9 2022  9 16  6  1  5.000  0.00   2
   102700  40.294930 -124.552946    23.102    -5023.8      864.3     1982.9      3.6      3.6      1.8 2022  9 19  4 54 39.760  0.00   2
   102702  40.293416 -124.551432    23.109    -4895.1      696.3     1990.2      3.3      5.8      2.4 2022 10  5  5 11 18.160  0.00   2
   102705  40.294385 -124.551994    23.156    -4942.8      803.8     2037.6      1.7      3.3      2.2 2022 11  1  9 40 50.800  0.00   2
   102706  40.295483 -124.551294    23.133    -4883.3      925.8     2014.5      5.0      9.9      6.0 2022 11 27 18  0 57.680  0.00   2
   103181  40.279386 -124.470557    20.609     1982.1     -861.6     -510.2      4.5     12.3      5.2 2020  1 11  1 31 54.420  0.00   2
   103185  40.280583 -124.468815    20.577     2130.1     -728.8     -541.6      4.9      5.8      8.9 2020  3 20  0 26 38.040  0.00   2
   103189  40.285986 -124.467310    20.540     2258.1     -128.8     -578.4      4.2      7.7      5.1 2020  5 27  2 48 16.160  0.00   2
   103193  40.283769 -124.469246    20.369     2093.4     -375.0     -749.9      2.8      2.3      3.6 2020  7 17 21 44  7.800  0.00   2
   103194  40.282393 -124.468783    20.271     2132.9     -527.7     -847.9      4.2      6.1      6.3 2020  8 11  2 18 34.020  0.00   2
   103195  40.282812 -124.469417    20.361     2078.9     -481.2     -757.4      2.7      2.4      2.7 2020  9  3 21 10 12.920  0.00   2
   103196  40.283647 -124.470402    20.309     1995.1     -388.6     -809.7      2.6      2.5      3.1 2020  9 30 18 18  5.760  0.00   2
   103197  40.283268 -124.470223    20.324     2010.4     -430.6     -795.2      2.4      2.1      3.1 2020 10 13 14 33 43.200  0.00   2
   103199  40.272225 -124.469816    21.086     2045.1    -1656.8      -32.6      4.1     11.1      9.7 2020 11 26  8 19 30.520  0.00   2
   103201  40.286548 -124.469450    20.413     2076.1      -66.4     -705.4      2.0      7.6      5.4 2020 12 24  9 22 40.660  0.00   2
   103203  40.289429 -124.468237    20.503     2179.1      253.5     -615.4      3.3      5.3      3.4 2021  2 24 19 37  0.500  0.00   2
   103204  40.282625 -124.470223    20.124     2010.4     -502.0     -994.5      5.1      9.7     10.3 2021  3 22 10 31  8.140  0.00   2
   103206  40.282300 -124.470117    20.149     2019.4     -538.1     -969.9      4.6      5.8      7.2 2021  4 24  6 17 31.180  0.00   2
   103207  40.282092 -124.470174    20.469     2014.5     -561.2     -650.1      1.9      2.3      2.6 2021  5  2  8  9 31.120  0.00   2
   103210  40.283484 -124.469621    20.305     2061.6     -406.6     -813.9      3.1      2.4      2.7 2021  8  5 10 16 23.100  0.00   2
   103211  40.283614 -124.470109    20.167     2020.1     -392.2     -951.7      4.3     13.0      8.8 2021  9  5 23  3 58.160  0.00   2
   103213  40.280843 -124.468164    20.406     2185.5     -699.9     -713.2      3.5      8.1      5.2 2021 10  6  9  9 39.160  0.00   2
   103214  40.269918 -124.466113    20.714     2360.1    -1913.0     -404.7      4.7      4.2      4.5 2021 10 12 11 29  9.760  0.00   2
   103216  40.282052 -124.469149    20.310     2101.7     -565.7     -808.5      3.8      3.1      3.2 2021 11  1 12 14 16.760  0.00   2
   103218  40.281840 -124.463721    21.222     2563.3     -589.2      103.3      5.1      9.7      7.7 2021 12 20 23 42 18.160  0.00   2
   103219  40.285429 -124.468579    20.457     2150.1     -190.7     -662.1      2.0      3.2      3.4 2021 12 21 19 53 20.860  0.00   2
   103220  40.277706 -124.470776    20.556     1963.4    -1048.2     -562.7      7.0     21.8      9.6 2021 12 21  3 25  2.140  0.00   2
   103221  40.283199 -124.470329    20.391     2001.4     -438.3     -727.7      2.5      2.4      2.4 2021 12 22 23 56  7.680  0.00   2
   103222  40.283643 -124.470679    20.448     1971.6     -389.0     -670.4      4.2      2.8      3.5 2021 12 22 22 10  3.600  0.00   2
   103225  40.285482 -124.469417    20.212     2078.8     -184.8     -907.0      5.3     16.1      6.8 2021 12 22 13 50  2.900  0.00   2
   103227  40.281917 -124.469604    20.499     2063.0     -580.6     -620.0      2.0      3.0      2.5 2021 12 22  6 22 18.920  0.00   2
   103229  40.283044 -124.469360    20.476     2083.7     -455.4     -642.6      2.2      3.1      2.9 2021 12 23 10 36 56.360  0.00   2
   103232  40.283309 -124.470142    20.359     2017.3     -426.1     -759.5      2.6      2.4      2.7 2021 12 25  4 27 30.000  0.00   2
   103233  40.283199 -124.469320    20.208     2087.2     -438.3     -911.0      4.1      5.7      4.1 2021 12 25 13  7 17.660  0.00   2
   103235  40.282438 -124.469010    20.347     2113.5     -522.8     -771.5      4.0      2.7      2.6 2021 12 26 18 24 14.980  0.00   2
   103237  40.282979 -124.470003    20.282     2029.1     -462.7     -837.2      2.6      3.2      2.5 2021 12 27  3 19 14.140  0.00   2
   103238  40.274414 -124.470898    20.304     1953.1    -1413.8     -815.4      4.1     13.2      6.2 2021 12 28 10 25 14.240  0.00   2
   103239  40.283341 -124.470239    20.358     2009.0     -422.5     -761.0      2.6      2.4      2.8 2021 12 29  5 39  1.000  0.00   2
   103241  40.282092 -124.469491    20.362     2072.7     -561.2     -756.6      2.6      3.2      2.4 2021 12 31 10 16 23.220  0.00   2
   103242  40.283887 -124.469588    20.170     2064.3     -361.9     -949.1      4.4     10.2      6.9 2022  1  6 15  3 53.600  0.00   2
   103246  40.281396 -124.468522    20.604     2155.0     -638.4     -515.1      5.6     11.6      9.9 2022  1  9 14 28 34.400  0.00   2
   103250  40.283000 -124.469849    20.355     2042.2     -460.4     -764.2      2.6      2.4      2.6 2022  1 12  6 38 12.400  0.00   2
   103252  40.283590 -124.470589    20.409     1979.2     -394.9     -710.2      3.5      2.5      3.4 2022  1 15 11  2 22.680  0.00   2
   103253  40.284025 -124.468750    20.381     2135.6     -346.5     -737.4      4.2      5.8      3.0 2022  1 15 11  7 24.280  0.00   2
   103254  40.273930 -124.470850    20.184     1957.2    -1467.5     -934.7      4.3     14.7      7.1 2022  1 15 23 42 27.860  0.00   2
   103255  40.283285 -124.469751    20.204     2050.5     -428.8     -915.3      3.5      2.7      3.4 2022  1 20 23 35 26.640  0.00   2
   103256  40.281787 -124.469840    20.471     2042.9     -595.1     -648.3      3.2      4.6      2.8 2022  1 20  3 44 25.400  0.00   2
   103257  40.282731 -124.469661    20.126     2058.1     -490.2     -993.2      4.7      4.2      7.5 2022  1 21  4 17 37.100  0.00   2
   103258  40.283167 -124.469312    20.526     2087.9     -441.9     -593.2      2.0      3.1      2.6 2022  1 21  4 17  1.760  0.00   2
   103261  40.282682 -124.468848    20.358     2127.3     -495.7     -761.2      3.8      2.5      2.7 2022  1 30  5 20 41.160  0.00   2
   103262  40.282874 -124.469043    20.369     2110.7     -474.4     -750.0      3.0      2.4      2.9 2022  1 30 18 14 11.380  0.00   2
   103263  40.282804 -124.471444    20.523     1906.6     -482.1     -596.2      6.3      4.7      5.2 2022  2  6 18 14 29.480  0.00   2
   103264  40.283260 -124.469108    20.477     2105.2     -431.5     -642.3      1.9      3.2      2.5 2022  2 15  3  8 21.340  0.00   2
   103265  40.283350 -124.470492    20.270     1987.5     -421.6     -849.0      2.5      2.3      2.6 2022  2 24 22 57  5.460  0.00   2
   103266  40.283492 -124.471029    20.340     1941.9     -405.7     -778.5      3.3      2.4      2.6 2022  2 24  2  6 53.360  0.00   2
   103267  40.279236 -124.469377    20.203     2082.4     -878.3     -916.2      3.6     10.9      5.3 2022  2 24 18  1 21.640  0.00   2
   103269  40.283956 -124.470817    20.414     1959.8     -354.2     -705.1      3.3      2.3      2.5 2022  3 29 10 35 52.340  0.00   2
   103270  40.281828 -124.470174    20.407     2014.5     -590.5     -712.1      2.6      2.8      2.4 2022  3 29 19 58  7.480  0.00   2
   103271  40.282304 -124.469629    20.306     2060.9     -537.7     -813.1      3.3      4.8      4.0 2022  3 31 14 40 40.040  0.00   2
   103272  40.282808 -124.469694    20.380     2055.4     -481.6     -738.5      1.8      2.6      2.5 2022  4  3 21  3 27.520  0.00   2
   103273  40.282080 -124.468970    20.240     2117.0     -562.5     -879.4      4.2      4.0      3.6 2022  4 10 13  3 18.560  0.00   2
   103274  40.283805 -124.468604    20.381     2148.1     -370.9     -737.8      4.1      9.3      5.3 2022  4 10 20 53 45.920  0.00   2
   103277  40.283130 -124.469686    20.263     2056.0     -446.0     -855.4      2.9      2.5      3.1 2022  4 19 18 43 36.400  0.00   2
   103279  40.281470 -124.470605    20.336     1977.9     -630.3     -782.8      3.0      3.0      2.8 2022  5 12 18 20 44.500  0.00   2
   103281  40.282483 -124.469865    20.410     2040.8     -517.8     -708.5      2.5      3.0      3.0 2022  6  9 20  8 46.080  0.00   2
   103283  40.282739 -124.469523    20.455     2069.9     -489.3     -664.1      2.0      3.0      3.2 2022  6 12  6 17 47.260  0.00   2
   103284  40.282764 -124.468953    20.340     2118.3     -486.6     -779.2      3.9      2.6      2.5 2022  6 20  3  5 25.720  0.00   2
   103285  40.283752 -124.470142    20.074     2017.3     -376.8    -1045.1      4.4      6.1      8.1 2022  7  4  4 24 56.900  0.00   2
   103286  40.283049 -124.470418    20.541     1993.8     -455.0     -578.0      3.8      5.0      6.8 2022  8 12  8 24  9.100  0.00   2
   103288  40.283358 -124.470150    20.323     2016.6     -420.6     -795.6      2.5      2.4      2.5 2022  8 16  4  0 36.260  0.00   2
   103291  40.283293 -124.470011    20.383     2028.4     -427.9     -736.1      2.3      3.3      2.7 2022  9  6 14 16 14.840  0.00   2
   103292  40.282890 -124.469857    20.223     2041.5     -472.6     -896.0      3.1      5.1      2.8 2022  9  8 13 25 43.220  0.00   2
   103293  40.282125 -124.469816    20.315     2045.0     -557.6     -803.8      2.8      3.1      3.8 2022  9 12  9 10 21.960  0.00   2
   103294  40.279708 -124.469458    20.362     2075.5     -825.9     -756.9      3.1      5.1      4.3 2022  9 13 19 13 50.120  0.00   2
   103295  40.284338 -124.469637    20.122     2060.2     -311.8     -996.9      4.7     12.0      7.5 2022 10  9 14 38 43.840  0.00   2
   103297  40.282284 -124.469759    20.324     2049.8     -539.9     -794.9      3.6      3.1      3.3 2022 11 10  3 49 21.340  0.00   2
   104536  40.274125 -124.515340    21.490    -1826.4    -1445.8      371.6      1.6      2.6      1.9 2020  1 23  2 46 22.320  0.00   2
   104538  40.274202 -124.515332    21.494    -1825.7    -1437.3      375.6      2.6      2.5      1.5 2020  1 24 12 58 18.420  0.00   2
   104539  40.274593 -124.515877    21.466    -1872.1    -1393.9      347.3      1.3      2.3      1.6 2020  3 15  0 55 54.180  0.00   2
   104540  40.275260 -124.515129    21.361    -1808.4    -1319.8      242.2      1.5      3.4      1.9 2020  3 19 13  2 23.120  0.00   2
   104541  40.274992 -124.516414    21.449    -1917.8    -1349.6      330.5      1.9      2.2      1.6 2020  4  4 12 55 14.960  0.00   2
   104542  40.269100 -124.514299    21.752    -1737.9    -2003.8      633.3      4.8     13.0      9.4 2020  8  9  3 24  1.340  0.00   2
   104543  40.276103 -124.515495    20.876    -1839.5    -1226.3     -243.3      3.4      7.1     10.1 2020  8  9  0  0 42.000  0.00   2
   104544  40.280294 -124.514502    22.048    -1755.0     -760.9      929.3      3.2      2.8      3.4 2020  9  6 19 15 19.420  0.00   2
   104545  40.259403 -124.513835    21.648    -1698.6    -3080.5      528.7      2.9      7.5      4.3 2020 11 20 23  5 37.000  0.00   2
   104546  40.274438 -124.514836    21.463    -1783.5    -1411.0      343.8      2.2      2.3      1.6 2020 12  8 19 50 59.440  0.00   2
   104547  40.275985 -124.515967    21.417    -1879.7    -1239.4      298.6      1.4      3.2      2.5 2021  1 13 20 27 55.860  0.00   2
   104548  40.275228 -124.515828    21.432    -1867.9    -1323.4      313.2      2.1      2.4      1.9 2021  1 23 18  7 58.980  0.00   2
   104549  40.268408 -124.517993    20.950    -2052.1    -2080.7     -168.9      7.3      5.9     12.4 2021  2  4  8  4  6.380  0.00   2
   104550  40.272799 -124.516073    21.521    -1888.7    -1593.1      401.8      5.1      9.8      6.5 2021  2  8 10 42 43.860  0.00   2
   104552  40.267993 -124.516545    22.095    -1928.9    -2126.7      976.2      4.1      8.8      8.3 2021  4 28  9 56 53.160  0.00   2
   104555  40.271855 -124.515503    21.796    -1840.3    -1698.0      677.1      3.0      8.4      6.1 2021  8 13  3  3 14.280  0.00   2
   104557  40.275505 -124.516382    21.359    -1915.0    -1292.7      240.4      1.8      2.9      2.5 2021 10 13  0 11 57.860  0.00   2
   104558  40.270557 -124.514290    21.374    -1737.2    -1842.1      254.7      3.3      6.0      5.6 2021 10 15 23 36  0.100  0.00   2
   104561  40.273153 -124.514714    21.545    -1773.1    -1553.8      426.5      2.0      2.5      3.7 2021 12 21  4 11 42.460  0.00   2
   104562  40.273649 -124.515104    21.464    -1806.3    -1498.7      345.4      2.1      8.7      5.9 2021 12 21  5 27 13.340  0.00   2
   104563  40.273661 -124.514421    21.519    -1748.2    -1497.3      400.6      3.2      2.2      2.2 2021 12 21  9 54 44.140  0.00   2
   104565  40.273092 -124.516195    21.217    -1899.1    -1560.6       98.1      3.8     11.9      9.4 2021 12 21 14 32 11.280  0.00   2
   104566  40.263883 -124.514168    21.910    -1726.9    -2583.1      791.6      5.2     14.0      8.5 2021 12 21  7 49 38.600  0.00   2
   104567  40.266146 -124.511458    21.301    -1496.4    -2331.9      182.3      2.1      7.2      2.7 2021 12 21  0 33 29.320  0.00   2
   104568  40.282157 -124.519409    21.382    -2172.3     -553.9      263.0      3.5     10.9      8.1 2021 12 21  1 47 47.320  0.00   2
   104570  40.274451 -124.514925    21.374    -1791.1    -1409.7      255.2      2.4      2.6      3.5 2021 12 30 17  2 59.560  0.00   2
   104571  40.269714 -124.516170    21.454    -1897.1    -1935.6      335.0      2.1      9.3      4.7 2022  5  5 19 58 40.140  0.00   2
   104572  40.273287 -124.515706    21.491    -1857.6    -1538.9      372.5      1.3      3.1      1.8 2022  8  5 21  2 56.680  0.00   2
   104573  40.275114 -124.516268    21.428    -1905.3    -1336.0      309.3      1.4      2.2      1.7 2022  8 29  3 47 27.200  0.00   2
   105449  40.295691 -124.436344    21.594     4890.9      948.8      475.0      2.8      6.1      6.4 2021  3 17 15 57 54.480  0.00   2
   105451  40.296944 -124.437207    21.195     4817.5     1088.0       76.3      2.7      4.5      6.4 2021  5 17  6 50 19.300  0.00   2
   105452  40.293925 -124.436475    21.284     4879.9      752.7      165.0      2.9      2.2      2.0 2021  7  2 13 42 25.360  0.00   2
   105453  40.295675 -124.436328    21.279     4892.3      947.0      160.5      4.5      3.7      5.2 2021 12  8  7 47 53.400  0.00   2
   105454  40.294332 -124.436035    21.321     4917.2      797.9      201.9      2.3      2.4      3.8 2021 12 29  6  3 35.020  0.00   2
   105457  40.292399 -124.434774    21.324     5024.5      583.3      205.4      3.5      3.8      4.2 2022  1 23 11 56  1.960  0.00   2
   105458  40.294731 -124.437305    21.378     4809.3      842.2      259.3      3.3      3.5      4.9 2022  3  9  3 33  6.440  0.00   2
   106476  40.283386 -124.407170    19.000     7372.3     -417.5    -2118.7      3.9      8.4      4.7 2020  7 19 19 36 15.700  0.00   2
   106480  40.299418 -124.401595    20.056     7845.4     1362.7    -1061.6      7.4     11.4      8.2 2021 12 23 18  0 27.860  0.00   2
   106481  40.278320 -124.406917    19.081     7394.0     -980.0    -2037.8     10.1     22.6      6.2 2021 12 25 23 44  7.480  0.00   2
   106485  40.284798 -124.407731    19.109     7324.4     -260.7    -2009.6      3.5      7.3      5.2 2022  9 22 22 11 56.160  0.00   2
   106486  40.284993 -124.406893    19.127     7395.7     -239.0    -1992.2      4.0      9.0      4.8 2022 10 11  2 56 24.700  0.00   2
   106878  40.281925 -124.505444    19.949     -984.8     -579.7    -1169.8      4.3      5.6      5.3 2020  2 26 13  0  8.000  0.00   2
   106879  40.305843 -124.503882    20.408     -851.8     2076.1     -710.7      4.5     11.2      5.9 2020  4 14 23 52 17.340  0.00   2
   106880  40.280147 -124.507894    19.731    -1193.1     -777.1    -1388.2      4.5      4.6      7.2 2020  4 17 10 28 54.000  0.00   2
   106881  40.281335 -124.502970    19.631     -774.4     -645.2    -1487.9      4.0     12.8      5.6 2020  4 18 16 38 46.580  0.00   2
   106883  40.280131 -124.508301    19.964    -1227.7     -778.9    -1155.3      5.5      9.2      7.4 2021 10 23  3 13 39.120  0.00   2
   106884  40.280835 -124.506087    19.857    -1039.5     -700.8    -1261.5      4.8      4.8      6.5 2021 11 22 21 22  8.420  0.00   2
   106885  40.280851 -124.503182    19.910     -792.4     -699.0    -1209.0      4.1      6.5      5.0 2021 11 23  2  3 16.160  0.00   2
   106886  40.281738 -124.507422    19.844    -1152.9     -600.5    -1274.6      4.3      5.0      4.8 2021 12 21  9  4 49.080  0.00   2
   106889  40.281254 -124.503613    19.596     -829.1     -654.2    -1522.5      5.7      7.8      9.5 2022  2  8 11  1 45.260  0.00   2
   106892  40.282442 -124.502140    19.795     -703.8     -522.3    -1324.3      3.2      7.3      4.6 2022  8  6 16 32 20.620  0.00   2
   107666  40.314771 -124.440495    19.136     4537.3     3067.4    -1982.9      4.4     10.2      6.8 2021  5 17  9 39 49.060  0.00   2
   107667  40.305457 -124.438786    19.348     4682.9     2033.2    -1770.7      4.1      8.7      4.7 2021  5 19 23 39 44.980  0.00   2
   107671  40.322274 -124.429329    19.876     5486.3     3900.6    -1242.8      4.9      9.2      4.3 2021 11 28 16 37 45.460  0.00   2
   107935  40.291903 -124.377767    20.029     9872.0      528.2    -1090.4      3.4      5.2      4.2 2021  3 29  4  0 27.680  0.00   2
   107939  40.280794 -124.356632    20.333    11670.0     -705.3     -786.0      6.9      9.5      2.9 2021  9 18  8 35 54.260  0.00   2
   107941  40.289571 -124.371965    20.074    10365.5      269.3    -1044.9      6.7      7.7      5.2 2021 12 20 21 56 11.700  0.00   2
   107943  40.292655 -124.377629    20.040     9883.7      611.8    -1079.3      3.7      3.9      3.6 2021 12 21  0 26 54.420  0.00   2
   107951  40.291947 -124.376351    20.007     9992.4      533.2    -1112.2      3.8      4.3      3.8 2022  1  3 23 35 36.380  0.00   2
   107952  40.292033 -124.375692    20.077    10048.4      542.6    -1041.9      2.9      3.6      2.9 2022  1 25  7 55 31.740  0.00   2
   107954  40.291085 -124.375293    20.259    10082.4      437.4     -860.3      3.5      6.8      4.2 2022  2  4 17 40 38.160  0.00   2
   107961  40.279431 -124.379899    20.198     9691.6     -856.7     -920.4      5.6      7.3      4.0 2022 10 29  4 15 37.520  0.00   2
   108411  40.317212 -124.469474    20.739     2073.5     3338.5     -380.3      6.5     12.0      7.8 2021  9  6  2 58 10.280  0.00   2
   108899  40.303137 -124.435246    18.869     4984.0     1775.7    -2249.7      2.9      3.5      3.6 2021 10 16 11  8 25.980  0.00   2
   109574  40.296159 -124.382039    19.200     9508.4     1000.8    -1919.0      5.7     12.4      6.1 2021 12 21 22  0 51.880  0.00   2
   109576  40.284342 -124.384074    18.945     9336.2     -311.3    -2173.8      7.6     11.0      7.0 2021 12 26 21 14 32.380  0.00   2
   109582  40.273787 -124.375496    19.309    10066.4    -1483.3    -1809.6      8.1     11.3      7.5 2022 11 22 14 25 33.480  0.00   2
   110142  40.293087 -124.437183    22.405     4819.7      659.7     1286.1      4.8     17.1      5.9 2021 12 22 19 22  7.720  0.00   2
   110143  40.291597 -124.438940    22.278     4670.3      494.3     1159.5      5.8     11.0      8.1 2021 12 23 20 38  9.420  0.00   2
   110147  40.283431 -124.446761    21.895     4005.5     -412.5      775.9      5.2      7.0      8.5 2022  1  5 17 45 31.500  0.00   2
   110148  40.297664 -124.428459    22.573     5561.3     1168.0     1453.7      5.1      9.2      4.8 2022  5  3  8 37 19.960  0.00   2
   110300  40.290560 -124.480029    25.931     1176.4      379.1     4812.6      5.0     14.8      5.3 2023  3  9 12 50 51.480  1.40   2
   110304  40.293701 -124.551514    23.181    -4902.0      727.9     2061.7      1.6      2.7      1.6 2022 12 25 19 40 29.680  3.05   2
   110318  40.282703 -124.470068    20.481     2023.5     -493.4     -637.4      2.2      2.2      2.4 2023  2 20 13 18  3.960  1.48   2
   110345  40.274910 -124.515951    21.447    -1878.3    -1358.6      328.4      1.1      1.6      1.5 2023  5 22  8 39 15.920  1.61   2
   110372  40.294519 -124.434937    21.256     5010.6      818.7      137.1      1.8      1.8      2.0 2023  4  3 12 14 40.520  1.28   2
   110403  40.284644 -124.408032    19.059     7298.8     -277.9    -2060.2      3.6      6.5      4.2 2023  4  4 17 32 14.460  1.08   2
   110420  40.280339 -124.507503    19.766    -1159.9     -755.9    -1352.9      3.3      3.9      4.3 2023  2 17 14 36 10.720  2.81   2
   110446  40.307324 -124.433228    18.999     5155.5     2240.6    -2120.1      4.0      6.6      4.0 2023  5 13  1 27 17.920  1.13   2
   110461  40.292187 -124.471582    21.095     1894.7      559.8      -24.1      3.6      7.0      4.4 2023  4  9 11 53 23.790  0.91   2
   110465  40.292590 -124.376367    20.036     9991.0      604.5    -1082.8      2.6      3.2      2.6 2022 12 20  3  6 59.620  0.86   2
   110500  40.306311 -124.478255    19.708     1327.1     2128.1    -1411.3      6.3     11.6      7.8 2023  4  9 13 30 46.380  0.65   2
   110565  40.303487 -124.445247    19.440     4133.6     1814.5    -1678.9      2.8      3.7      3.5 2023  4  9 10 26 54.540  2.63   2
   110648  40.281958 -124.378768    18.955     9787.6     -576.1    -2164.2      5.4      9.5      5.4 2023  3 14 15 58 42.040  1.17   2
   110734  40.293156 -124.439299    22.998     4639.8      667.3     1878.9      4.3      4.8      4.7 2023  3 12 13 22 24.330  1.69   2
   110741  40.298649 -124.450179    19.718     3714.4     1277.3    -1400.6      4.6      7.8      3.9 2023  3 13 12 14 24.190  0.90   2
   110742  40.307955 -124.527669    25.310    -2874.2     2310.6     4191.6      2.7      9.0      6.2 2023  3 22 16  0 16.820  1.31   2
