   105415  40.279806 -124.509212    18.708       -1.4        1.4       17.8    107.4    229.6    305.7 2020 10 14 15 34 41.400  0.00  67
   105416  40.279797 -124.509188    18.683        0.7        0.5       -6.7     73.0    158.0    154.7 2021  4  1  8 19  1.020  0.00  67
   105417  40.279032 -124.509342    18.720      -12.5      -84.5       30.2    116.3    332.3    197.5 2021  5 26 14 28  8.260  0.00  67
   105420  40.279822 -124.509196    18.694        0.0        3.2        4.5    103.2    145.5    193.9 2021 11  1  8 47 28.700  0.00  67
   105423  40.278389 -124.509489    18.745      -24.9     -155.9       55.0    157.3    349.9    261.5 2021 12 21 13 39 48.980  0.00  67
   105425  40.279834 -124.509204    18.690       -0.7        4.5        0.5    107.7    182.9    166.6 2021 12 29 15 42 35.260  0.00  67
   105426  40.279907 -124.509172    18.688        2.1       12.7       -1.7    109.8    238.4    251.3 2021 12 29 15 33 22.240  0.00  67
   105431  40.279769 -124.509204    18.690       -0.7       -2.7        0.1    101.0    175.3    177.2 2022  2  7  7 47 12.980  0.00  67
   105432  40.279903 -124.509172    18.685        2.1       12.2       -4.5     86.7    208.3    146.6 2022  2  7 14 35 53.840  0.00  67
   105435  40.279826 -124.509188    18.682        0.7        3.6       -7.8     88.3    139.5    187.1 2022  5 14 19 48 33.060  0.00  67
   105436  40.279797 -124.509188    18.681        0.7        0.5       -8.7     76.3    243.0    238.7 2022  5 14 20  5 32.740  0.00  67
   105438  40.280554 -124.509025    18.630       14.5       84.5      -60.2    148.4    259.3    298.9 2022  8  1 20 28 59.300  0.00  67
   105440  40.279777 -124.509204    18.687       -0.7       -1.8       -3.4     83.5    161.3    176.0 2022 11  5 20 49 14.100  0.00  67
   110371  40.279842 -124.509188    18.686        0.7        5.4       -3.6     76.3    147.0    130.2 2023  3 11  3 37 51.890  1.01  67
