   106632  40.274300 -124.547201     3.850       -1.4        0.5        0.0      0.0      0.1      0.1 2020  2 22  5 52 18.180  0.00  38
   106633  40.274300 -124.547201     3.850       -1.4        0.5        0.0      0.1      0.1      0.1 2020  3  1 20 25 24.240  0.00  38
   106634  40.274300 -124.547201     3.850       -1.4        0.5        0.0      0.1      0.3      0.1 2020  5  3 13 38 18.400  0.00  38
   106635  40.274300 -124.547201     3.850       -1.4        0.5        0.0      0.1      0.2      0.1 2020  5  4 19  6 10.540  0.00  38
   106636  40.274300 -124.547201     3.850       -1.4        0.5        0.0      0.1      0.1      0.1 2020  5  4  9 42 44.380  0.00  38
   106637  40.274300 -124.547201     3.850       -1.4        0.5        0.0      0.1      0.1      0.1 2020  5  4  8 13 22.220  0.00  38
   106638  40.274300 -124.547201     3.850       -1.4        0.5        0.0      0.1      0.1      0.1 2020  5  4 15 33  2.520  0.00  38
   106640  40.274300 -124.547201     3.850       -1.4        0.5        0.0      0.1      0.1      0.1 2020  5  4  8 38 58.940  0.00  38
   106642  40.274300 -124.547201     3.850       -1.4        0.5        0.0      0.1      0.1      0.1 2020  5  4  8 24 12.120  0.00  38
   106643  40.274300 -124.547201     3.850       -1.4        0.5        0.0      0.1      0.1      0.1 2020  5  4  8 47  1.720  0.00  38
   106644  40.274300 -124.547201     3.850       -1.4        0.5        0.0      0.1      0.2      0.1 2020  5  5  2 52 18.880  0.00  38
   106647  40.274300 -124.547201     3.850       -1.4        0.5        0.0      0.1      0.2      0.2 2020  5  5  1 48 19.700  0.00  38
   106648  40.274300 -124.547201     3.850       -1.4        0.5        0.0      0.1      0.1      0.1 2020  5  5  9 53 47.400  0.00  38
   106651  40.274300 -124.547201     3.850       -1.4        0.5        0.0      0.1      0.2      0.1 2021  1  5 21 56  2.340  0.00  38
   106653  40.274300 -124.547201     3.850       -1.4        0.5        0.0      0.1      0.1      0.1 2021  7 10  7 24 38.580  0.00  38
   106654  40.274300 -124.547201     3.850       -1.4        0.5        0.0      0.1      0.1      0.1 2021  7 10 11 51 45.900  0.00  38
   106655  40.274300 -124.547201     3.850       -1.4        0.5        0.0      0.1      0.1      0.1 2021  7 10 19  3 50.340  0.00  38
   106656  40.274300 -124.547201     3.850       -1.4        0.5        0.0      0.1      0.1      0.1 2021  7 11 22 33 51.940  0.00  38
   106657  40.274300 -124.547201     3.850       -1.4        0.5        0.0      0.1      0.2      0.1 2021  7 15 19  8 47.300  0.00  38
   106658  40.274300 -124.547201     3.850       -1.4        0.5        0.0      0.1      0.1      0.1 2021  7 15 13  0 48.340  0.00  38
   106659  40.274300 -124.547201     3.850       -1.4        0.5        0.0      0.1      0.2      0.1 2021  8 25 19 10 39.080  0.00  38
   106660  40.274300 -124.547201     3.850       -1.4        0.5        0.0      0.1      0.1      0.1 2021 11  5  3 58 28.600  0.00  38
   106661  40.274300 -124.547201     3.850       -1.4        0.5        0.0      0.1      0.1      0.1 2021 11  5  3 59 39.640  0.00  38
   106662  40.274300 -124.547201     3.850       -1.4        0.5        0.0      0.1      0.1      0.1 2021 11  5  5 28  9.100  0.00  38
   106663  40.274300 -124.547201     3.850       -1.4        0.5        0.0      0.1      0.1      0.1 2021 11  7  2 53 22.060  0.00  38
   106664  40.274300 -124.547201     3.850       -1.4        0.5        0.0      0.0      0.1      0.1 2022  1 13  2 40 39.500  0.00  38
   106665  40.274300 -124.547201     3.850       -1.4        0.5        0.0      0.1      0.2      0.2 2022  1 15 23 23  0.380  0.00  38
   106666  40.274300 -124.547201     3.850       -1.4        0.5        0.0      0.1      0.2      0.2 2022  5  3  9 12 19.780  0.00  38
   106669  40.274300 -124.547201     3.850       -1.4        0.5        0.0      0.0      0.1      0.1 2022  5  4 12 40 45.580  0.00  38
   106672  40.274300 -124.547201     3.850       -1.4        0.5        0.0      0.1      0.1      0.1 2022  5  5 14 31 49.800  0.00  38
   106673  40.274300 -124.547201     3.850       -1.4        0.5        0.0      0.1      0.1      0.1 2022  5 10 12  8 48.400  0.00  38
   106674  40.274300 -124.547201     3.850       -1.4        0.5       -0.0      0.1      0.2      0.1 2022  7 11  7 17 29.200  0.00  38
   106675  40.274300 -124.547201     3.850       -1.4        0.5       -0.0      0.1      0.3      0.1 2022  8 17  6 48 39.560  0.00  38
   110411  40.274300 -124.547201     3.850       -1.4        0.5       -0.0      0.1      0.2      0.2 2022 12 21 19 45 27.080  1.81  38
