   102795  40.457247 -124.684115    26.195      -70.4      -47.4      605.0     35.7     47.6     86.2 2020  1 13  5 54  9.180  0.00  29
   102796  40.458451 -124.683122    25.439       13.8       86.3     -151.0     30.5     44.1    120.3 2020  2 29  7 15 32.820  0.00  29
   102799  40.456954 -124.684668    26.816     -117.3      -80.0     1225.5     64.0     61.6    178.9 2020  3 19  2 25 40.400  0.00  29
   102801  40.458390 -124.682007    23.735      108.4       79.5    -1855.3     67.9     84.3     83.1 2020  4 23 15 31 30.460  0.00  29
   102802  40.454159 -124.683333    22.306       -4.1     -390.4    -3283.8     42.4     96.9    327.6 2020  5  9 10 28 13.200  0.00  29
   102803  40.457048 -124.683927    25.790      -54.5      -69.6      200.1     37.0     60.7     93.4 2020  6  6 15 52 41.440  0.00  29
   102805  40.455709 -124.684839    26.557     -131.8     -218.2      967.2     56.3     63.6    167.7 2020 10 21 10  6  9.780  0.00  29
   102806  40.458004 -124.683057    25.359       19.3       36.6     -230.8     28.7     52.0     97.6 2020 11 20 21 51 21.400  0.00  29
   102808  40.456547 -124.684684    26.576     -118.7     -125.2      986.1     40.0     64.5    126.3 2021  2 26  3 52 50.720  0.00  29
   102810  40.455009 -124.684212    25.944      -78.7     -296.0      354.2     33.3     78.8     65.0 2021  3 12  1 59 52.820  0.00  29
   102814  40.456803 -124.684123    26.195      -71.1      -96.7      604.7     34.1     51.5     86.4 2021  5 14 17 55 34.080  0.00  29
   102816  40.456514 -124.683708    25.611      -35.9     -128.8       21.1     22.7     51.2     62.6 2021  7  2  3 22  6.040  0.00  29
   102817  40.458944 -124.683439    25.670      -13.1      141.0       80.3     36.7     56.3    120.7 2021  7  6 17  3 25.080  0.00  29
   102818  40.457381 -124.682967    25.216       26.9      -32.5     -374.5     38.2     51.2    131.1 2021  7  6 17 38 37.180  0.00  29
   102819  40.457507 -124.683228    25.472        4.8      -18.5     -117.6     24.9     43.3     70.5 2021  7 12  3 22 22.520  0.00  29
   102821  40.457739 -124.683024    25.274       22.1        7.2     -316.0     31.2     51.6    104.6 2021  7 27 13 33  6.200  0.00  29
   102824  40.457206 -124.684269    26.044      -83.5      -52.0      453.7     33.7     53.4    105.0 2021  9  2  0 10 43.380  0.00  29
   102825  40.456836 -124.683960    25.757      -57.3      -93.1      167.4     29.0     51.6     93.2 2021  9  2 12 41 16.800  0.00  29
   102826  40.457662 -124.683195    25.481        7.6       -1.4     -108.9     23.8     44.5     79.8 2021 10 27 22  1 36.760  0.00  29
   102827  40.456287 -124.683870    25.701      -49.7     -154.1      111.2     24.4     55.2     60.8 2021 11 16  3 30 25.860  0.00  29
   102831  40.458065 -124.682829    25.207       38.7       43.4     -383.5     35.1     63.8    112.2 2022  2 25  5  5 50.620  0.00  29
   102832  40.458390 -124.683057    25.332       19.3       79.5     -258.3     34.2     65.0    123.5 2022  3 12  9 57  9.340  0.00  29
   102834  40.457646 -124.683260    25.501        2.1       -3.2      -88.6     31.5     47.1    103.4 2022  4 23 21 41  5.660  0.00  29
   102835  40.456950 -124.684106    25.904      -69.7      -80.4      313.8     32.8     52.5    103.0 2022  4 25 10 17 30.100  0.00  29
   102836  40.454777 -124.684253    26.000      -82.1     -321.7      410.4     40.5     95.9     75.3 2022  4 26 18 21  6.880  0.00  29
   102837  40.457007 -124.683813    25.763      -44.9      -74.1      173.2     36.0     59.8     87.2 2022  4 29 21 52 16.440  0.00  29
   102838  40.457939 -124.683008    25.351       23.5       29.4     -239.1     28.9     55.6    131.8 2022  5  7 11 36  7.240  0.00  29
   102839  40.455794 -124.683968    25.696      -58.0     -208.7      105.7     29.7     68.8     96.0 2022  5 26 17 57  8.800  0.00  29
   102840  40.457800 -124.682967    25.315       26.9       14.0     -275.1     29.8     51.1     88.9 2022  6 11 22 53 25.820  0.00  29
   102841  40.458057 -124.683049    25.395       20.0       42.5     -195.0     28.9     49.7    126.5 2022  6 12  8 44 32.260  0.00  29
   102842  40.457613 -124.683203    25.440        6.9       -6.8     -149.8     25.8     42.8     79.2 2022  6 23 21 40 42.300  0.00  29
   102843  40.457914 -124.683073    25.438       17.9       26.7     -152.4     26.2     54.3     85.7 2022  7 28  1 50 12.780  0.00  29
   102844  40.457377 -124.683105    25.376       15.2      -33.0     -213.7     28.2     42.3     92.5 2022  7 28 20 49 41.480  0.00  29
   102847  40.457760 -124.684188    26.034      -76.6        9.5      443.7     45.1     60.3    125.7 2022  9  3 19  0 25.420  0.00  29
   102849  40.456209 -124.683708    25.552      -35.9     -162.7      -38.4     24.5     54.9     67.6 2022  9 24 15 55 46.140  0.00  29
   102850  40.458012 -124.683024    25.355       22.1       37.5     -235.2     26.5     65.4    115.0 2022 10  9  0 29 47.680  0.00  29
   102852  40.457304 -124.683911    25.945      -53.2      -41.1      354.7     39.3     61.0     87.1 2022 11 11 22 43 19.680  0.00  29
   102853  40.458240 -124.683089    25.494       16.6       62.8      -95.9     23.4     67.3    116.0 2022 11 11 12  5 43.380  0.00  29
   102854  40.457609 -124.683171    25.333        9.7       -7.2     -256.8     25.3     46.2     85.7 2022 11 19 17  1  6.200  0.00  29
   102855  40.457983 -124.683415    25.758      -11.0       34.3      168.5     30.0     37.5     74.9 2022 11 29 18 59 55.780  0.00  29
   110306  40.458582 -124.682845    25.518       37.3      100.8      -71.5     19.9     35.3     75.9 2023  4  5 22 10 57.780  1.92  29
