   102991  40.493665 -124.500423    29.772    -1053.6     1722.4      109.3      4.5      5.6      6.6 2020  1  9 13 40 58.740  0.00  27
   102998  40.493250 -124.500366    29.787    -1048.8     1676.3      124.5      3.5      5.4      6.3 2020 10  4  6 55  1.040  0.00  27
   103000  40.492924 -124.500578    29.803    -1066.7     1640.2      139.9      5.6      5.8      7.0 2020 10  8 16 45 53.320  0.00  27
   103003  40.493241 -124.500277    29.802    -1041.2     1675.4      139.1      5.8      4.8      8.5 2020 12  7  8 22 35.820  0.00  27
   103004  40.492786 -124.500309    29.858    -1044.0     1624.8      195.2      4.4      7.2      5.4 2020 12 17 16 52 32.620  0.00  27
   103005  40.492916 -124.500521    29.888    -1061.9     1639.3      225.0      5.8      6.4      8.3 2020 12 23 12 56 52.620  0.00  27
   103006  40.493424 -124.500212    29.831    -1035.7     1695.8      168.0      4.1      5.2      6.0 2021  1 17 10 19 59.280  0.00  27
   103012  40.493587 -124.500073    29.869    -1023.9     1713.8      206.3      3.6      5.8      4.1 2021  7 21 12  6 54.160  0.00  27
   103015  40.492969 -124.500350    29.859    -1047.4     1645.1      195.7      3.6      5.5      4.2 2021  8  4 20 21 42.980  0.00  27
   103016  40.493083 -124.500675    29.852    -1075.0     1657.8      189.2      5.7      6.5      7.9 2021  8  5 18 12 32.940  0.00  27
   103017  40.493083 -124.500684    29.852    -1075.7     1657.8      189.2      5.7      6.5      7.9 2021  8  5 16 53 27.500  0.00  27
   103022  40.492896 -124.500146    29.848    -1030.2     1637.0      185.7      5.4      5.6      6.3 2021 11 14 22 32 35.820  0.00  27
   103023  40.492839 -124.500220    29.860    -1036.4     1630.7      196.7      5.7      7.4      8.6 2021 11 27  7 32 25.300  0.00  27
   103026  40.492981 -124.500423    29.838    -1053.6     1646.5      175.0      3.7      7.3      4.9 2021 12 21 17 14  4.720  0.00  27
   103028  40.492790 -124.500456    29.858    -1056.4     1625.3      195.0      5.9      6.6      8.0 2021 12 29 22 51 33.620  0.00  27
   103029  40.492822 -124.500456    29.837    -1056.4     1628.9      173.8      5.2      7.4      6.5 2022  1 23 14 14  2.380  0.00  27
   103031  40.493254 -124.499821    29.853    -1002.6     1676.8      190.1      4.0      3.7      5.2 2022  6 14 14 54 54.680  0.00  27
   103033  40.493392 -124.499943    29.857    -1012.9     1692.1      194.2      3.0      3.4      3.5 2022  9 26  8  0 17.200  0.00  27
   103034  40.493685 -124.500496    29.814    -1059.8     1724.7      151.3      4.0      6.7      6.2 2022  9 26  1 25  9.900  0.00  27
   103035  40.493030 -124.500431    29.822    -1054.3     1651.9      159.4      4.6      7.3      6.6 2022  9 26  3 48 41.620  0.00  27
   104657  40.463485 -124.476457    29.577      978.6    -1628.9      -85.4      3.8      6.3      5.0 2020  3  9 10 51 18.620  0.00  27
   104658  40.463338 -124.476489    29.556      975.9    -1645.1     -106.7      4.0      5.1      4.7 2020  3 18 23 16  2.080  0.00  27
   104659  40.463057 -124.476855    29.532      944.8    -1676.3     -130.9      4.8      5.1      5.1 2020  3 20 11  9 12.380  0.00  27
   104660  40.462569 -124.476652    29.591      962.1    -1730.5      -71.8      3.2      5.4      3.6 2020  5 10 15 44 38.280  0.00  27
   104662  40.463627 -124.476497    29.581      975.2    -1613.1      -82.1      4.7      7.7      6.7 2020 12 30 23  3 58.660  0.00  27
   104663  40.463367 -124.476506    29.574      974.5    -1642.0      -89.2      4.6      6.4      6.4 2020 12 31 13 12 57.180  0.00  27
   104665  40.462651 -124.477091    29.472      924.8    -1721.5     -191.2      6.8      8.7      8.4 2021  6 24 14 45  8.020  0.00  27
   104667  40.463521 -124.476440    29.555      980.0    -1624.8     -107.5      3.9      5.8      4.9 2021  6 30 18 57 19.900  0.00  27
   104668  40.463725 -124.476302    29.595      991.7    -1602.2      -67.7      4.1      6.7      4.3 2021  7  6 10 17  1.880  0.00  27
   104670  40.463000 -124.477604    29.542      881.3    -1682.6     -120.7      6.9      6.2      6.1 2021  7 21 11 24 19.480  0.00  27
   104672  40.463302 -124.476392    29.548      984.1    -1649.2     -114.8      5.9      6.5      5.8 2021  8 17  0  6 25.200  0.00  27
   104676  40.462541 -124.476782    29.623      951.0    -1733.7      -40.3      4.1      6.1      5.5 2021 10 23  3  0  5.120  0.00  27
   104677  40.463652 -124.476685    29.534      959.3    -1610.4     -129.0      3.4      6.6      4.6 2021 11  3 10 40 27.040  0.00  27
   104678  40.461804 -124.477360    29.547      902.0    -1815.5     -115.5      5.7      9.1      5.4 2021 11 18  6 17 11.960  0.00  27
   104679  40.463745 -124.476188    29.589     1001.4    -1600.0      -73.8      5.4      7.1      5.9 2021 11 23  3 25  3.320  0.00  27
   104681  40.462911 -124.476546    29.591      971.0    -1692.6      -71.8      2.9      5.1      3.7 2021 12 22  1 49  7.300  0.00  27
   104682  40.463700 -124.476359    29.572      986.9    -1604.9      -90.6      4.2      6.2      3.9 2021 12 22  2  6  5.140  0.00  27
   104684  40.463566 -124.476172    29.585     1002.8    -1619.8      -77.7      6.2      8.4      7.4 2022  4 16  8 34 43.700  0.00  27
   104685  40.462472 -124.476603    29.606      966.2    -1741.4      -57.2      3.8      6.6      4.9 2022  4 21  0 59 15.880  0.00  27
   104686  40.463570 -124.476823    29.557      947.6    -1619.4     -105.7      4.9      6.0      5.1 2022  6 27 17 46 59.340  0.00  27
   104692  40.463896 -124.476237    29.601      997.3    -1583.2      -62.2      5.7      6.9      5.2 2022  9 24 22 42 50.600  0.00  27
   110314  40.493445 -124.499772    29.902     -998.4     1698.0      238.7      3.4      5.2      4.7 2023  4 23 20 44 41.260  1.76  27
   110348  40.462386 -124.476628    29.619      964.1    -1750.9      -43.3      3.6      6.3      4.9 2022 12 15  2 16  4.110  2.47  27
