   100823  40.497099 -124.210799    22.399       -3.4        2.3       -0.8    138.3     74.6    101.3 2020  1  3  2  9 56.020  0.00  28
   100828  40.497111 -124.210929    22.407      -14.5        3.6        6.5     85.8     48.3     58.0 2020  2 17  3 53 58.760  0.00  28
   100832  40.497091 -124.211483    22.409      -61.4        1.4        9.0    139.7     54.2     52.7 2020  3 14 21 11  5.280  0.00  28
   100833  40.497103 -124.210710    22.396        4.1        2.7       -3.9     88.6     53.5    106.3 2020  3 17  4 59 55.420  0.00  28
   100834  40.496965 -124.210815    22.378       -4.8      -12.7      -21.7     76.6     78.2    126.4 2020  3 20 11 48 15.620  0.00  28
   100861  40.497262 -124.212524    22.492     -149.7       20.3       92.3     67.7     66.5     64.7 2020  9  8 20 40 29.360  0.00  28
   100864  40.497099 -124.210677    22.399        6.9        2.3       -1.2     79.6     55.9     57.1 2020  9 15 23  5 33.140  0.00  28
   100868  40.497119 -124.211060    22.415      -25.5        4.5       15.3     88.7     65.3     78.0 2020 10  4 23 46 22.940  0.00  28
   100877  40.497095 -124.210921    22.403      -13.8        1.8        2.9     59.6     52.2     59.6 2020 10 25  1  8 44.260  0.00  28
   100878  40.497168 -124.212467    22.477     -144.9        9.9       76.7     71.0     58.2     67.5 2020 11  5 15 53 50.760  0.00  28
   100879  40.497115 -124.211027    22.412      -22.8        4.1       12.4     83.4     57.1     68.1 2020 11 16 18 47 24.720  0.00  28
   100881  40.497115 -124.211027    22.414      -22.8        4.1       13.8     83.7     63.6     76.6 2020 11 20 18 31 54.040  0.00  28
   100882  40.497074 -124.210734    22.397        2.1       -0.5       -3.4     69.0     53.5     63.4 2020 12  1 21  4 34.360  0.00  28
   100895  40.497074 -124.211410    22.414      -55.2       -0.5       14.0     73.6     49.4     55.1 2021  3 13 21  1 53.660  0.00  28
   100918  40.497123 -124.211003    22.412      -20.7        5.0       11.8     83.8     54.9     63.6 2021  6 10 14 51 11.820  0.00  28
   100919  40.497115 -124.210954    22.407      -16.6        4.1        7.3     85.2     43.5     57.9 2021  6 15 12 18 12.020  0.00  28
   100922  40.497103 -124.210978    22.408      -18.6        2.7        8.1     86.3     46.3     54.2 2021  6 29  7 50 55.520  0.00  28
   100929  40.497070 -124.209505    22.367      106.2       -0.9      -33.2    216.6    110.0    136.3 2021  7 19 21 37  9.300  0.00  28
   100933  40.497103 -124.211027    22.408      -22.8        2.7        8.0     95.2     47.8     60.4 2021  7 25 13 59 39.480  0.00  28
   100940  40.497111 -124.210897    22.406      -11.7        3.6        6.4     81.2     61.5     61.9 2021  8 19 15 50 35.180  0.00  28
   100942  40.497111 -124.211060    22.412      -25.5        3.6       12.1     98.0     52.1     65.4 2021  8 19 18  1 55.100  0.00  28
   100955  40.497107 -124.210978    22.408      -18.6        3.2        8.3     86.8     44.6     52.4 2021 11  1  1 35 30.020  0.00  28
   100956  40.497119 -124.211035    22.413      -23.5        4.5       13.1     87.3     61.4     69.6 2021 11  2  1  5 32.520  0.00  28
   100957  40.497111 -124.210946    22.408      -15.9        3.6        7.8     78.8     47.3     52.9 2021 11 12 15 38 24.340  0.00  28
   100961  40.497253 -124.211060    22.428      -25.5       19.4       27.9     89.8     86.8    115.8 2021 12  5  5 41  5.840  0.00  28
   100967  40.497070 -124.210197    22.383       47.6       -0.9      -17.4    130.7     84.5     90.3 2021 12 21  7 59  2.500  0.00  28
   100968  40.496692 -124.214062    22.345     -280.1      -42.9      -55.0    118.6     68.2    100.4 2021 12 21  3 18 42.500  0.00  28
   100979  40.497107 -124.211043    22.410      -24.1        3.2       10.1     99.8     44.3     54.8 2022  1 27 16 48 44.920  0.00  28
   100982  40.497095 -124.210653    22.398        9.0        1.8       -1.9     93.0     51.9     57.0 2022  2 13 16 48 50.860  0.00  28
   100990  40.497123 -124.211068    22.413      -26.2        5.0       12.6    101.7     47.0     58.3 2022  4  4 21 16 28.200  0.00  28
   100995  40.497107 -124.210718    22.401        3.4        3.2        0.8     81.0     52.3     52.7 2022  4  7  3 42  3.140  0.00  28
   100997  40.497107 -124.211060    22.408      -25.5        3.2        8.4     99.3     49.4     63.4 2022  4 12 17  5 36.820  0.00  28
   100998  40.497123 -124.211092    22.415      -28.3        5.0       14.8    104.7     52.9     64.2 2022  4 12 13 19  3.300  0.00  28
   100999  40.497152 -124.210734    22.406        2.1        8.1        5.8     91.0     47.2     80.6 2022  4 15  2 58 16.600  0.00  28
   101004  40.497095 -124.210718    22.399        3.4        1.8       -0.9    145.0     77.1    105.6 2022  6 25  4 35 37.880  0.00  28
   101008  40.497115 -124.210986    22.410      -19.3        4.1       10.4     78.3     56.0     62.3 2022  7 24  3 57  6.420  0.00  28
   101009  40.497091 -124.210539    22.395       18.6        1.4       -4.9    115.6     55.8     66.3 2022  8  8  6 18 14.540  0.00  28
   101011  40.497119 -124.211035    22.413      -23.5        4.5       12.6     87.8     59.8     69.1 2022  8 29  3  7 12.160  0.00  28
   101015  40.497119 -124.210994    22.411      -20.0        4.5       10.7     92.7     44.4     56.3 2022  9 12  6 56  5.880  0.00  28
   101016  40.497021 -124.210384    22.379       31.7       -6.3      -20.7    143.2     91.2     88.4 2022  9 14  8  0 43.760  0.00  28
   101020  40.497180 -124.211027    22.418      -22.8       11.3       18.2     90.2     57.8     76.8 2022 11 27  4 55 37.960  0.00  28
   110292  40.497095 -124.210400    22.395       30.4        1.8       -5.1     71.3     42.3     51.4 2023  3 16 13 57 14.250  1.04  28
