   103991  40.298523 -124.339168     9.651    -2561.8    -1620.2     -147.9     65.4     66.8     51.5 2020  1 17  9 45 59.140  0.00  47
   103993  40.298393 -124.339453     9.634    -2586.1    -1634.7     -165.1     49.1     44.9     46.6 2020  5 10  3 42 52.940  0.00  47
   103994  40.299146 -124.339575     9.626    -2596.4    -1551.1     -172.5     53.8     79.3     57.0 2020  5 10  5 35 35.000  0.00  47
   103998  40.298686 -124.340194     9.687    -2649.0    -1602.2     -111.6     43.0     58.4     61.5 2020  9 14  9  1 19.540  0.00  47
   104000  40.298515 -124.340837     9.672    -2703.7    -1621.2     -127.1     38.2     60.2     44.8 2021  3 25  0  8 59.680  0.00  47
   104002  40.299337 -124.340609     9.660    -2684.3    -1529.9     -138.8     45.2     93.1     46.1 2021  8 22  5 40 15.640  0.00  47
   104004  40.299898 -124.340381     9.670    -2664.9    -1467.5     -128.6     40.2     64.2     46.9 2021  9  4  3 28 39.640  0.00  47
   104007  40.298706 -124.340234     9.659    -2652.5    -1599.9     -140.0     44.4     35.9     40.0 2022  5 10 23 26 29.780  0.00  47
   104008  40.298108 -124.340682     9.661    -2690.5    -1666.3     -137.7     46.7     66.8     54.1 2022  5 30  7 25 58.420  0.00  47
   104010  40.298747 -124.340072     9.685    -2638.6    -1595.4     -113.4     65.7     99.9     76.0 2022  6 28  1 22 18.540  0.00  47
   104011  40.298197 -124.339852     9.656    -2620.0    -1656.4     -143.3     42.0     45.1     37.7 2022 10 19 21 53 36.280  0.00  47
   106813  40.294132 -124.330355     9.498    -1812.6    -2107.8     -300.4     47.3     70.1     46.8 2020  3 17  5 56 19.560  0.00  47
   106827  40.293363 -124.330583     9.445    -1832.0    -2193.2     -353.4     35.1     50.9     49.0 2022  2 25  5 29 56.100  0.00  47
   106830  40.293030 -124.330713     9.443    -1843.1    -2230.2     -356.1     38.9     50.7     44.5 2022  7  5 15 16 47.800  0.00  47
   106831  40.294202 -124.330371     9.498    -1814.0    -2100.1     -300.4     41.9     70.9     44.9 2022  8 21 21 28 41.340  0.00  47
   106832  40.293351 -124.330526     9.478    -1827.2    -2194.5     -320.6     38.5     56.4     44.3 2022  8 21 21 40 11.720  0.00  47
   106834  40.293473 -124.330339     9.413    -1811.3    -2181.0     -385.6     51.9     68.3     62.8 2022 10 20 17 49 27.620  0.00  47
   107004  40.333826 -124.210832     7.116     8346.1     2299.8    -2682.6     36.9     44.7     30.4 2022  3  4 18 57 23.080  0.00  47
   107006  40.333492 -124.211361     7.128     8301.2     2262.7    -2671.0     27.7     37.4     27.8 2022 10 10 12 43 31.860  0.00  47
   108402  40.379993 -124.250708    12.696     4955.4     7426.2     2897.6     37.7     69.3     64.9 2022 10  8 11 13  1.020  0.00  47
   108407  40.380098 -124.250423    12.706     4979.6     7438.0     2906.7     52.0     55.5     51.6 2022 11 12 15 29 41.060  0.00  47
   110332  40.298910 -124.340503     9.623    -2675.3    -1577.3     -175.4     29.7     46.1     31.4 2023  3 12 10 38 34.580  0.73  47
   110415  40.294743 -124.330127     9.548    -1793.3    -2040.0     -250.9     39.6     52.0     34.0 2023  3 15 21 22 18.100  1.02  47
   110424  40.333500 -124.211117     7.127     8321.9     2263.6    -2672.3     24.9     32.1     21.3 2023  5  3  7 32 56.730  0.50  47
   110499  40.379488 -124.251066    12.655     4925.0     7370.2     2856.6     56.1     76.8     72.7 2023  3 19 16 35 12.330  0.73  47
   110740  40.349398 -124.249007    12.282     5101.0     4028.9     2484.5    138.1    137.1    105.2 2023  2  1  5  8 29.030  0.91  47
