   103673  40.380151 -124.632495    25.905      -15.2      462.7     -614.8      5.9     15.4     21.4 2020  1 14 15 15 17.280  0.00  15
   103674  40.375899 -124.631657    26.746       56.0       -9.5      225.7      4.8      8.0     11.5 2020  1 16 22 39 17.780  0.00  15
   103675  40.374947 -124.631966    26.744       29.7     -115.2      223.6      5.4      5.9     10.2 2020  1 16 23 52  2.380  0.00  15
   103680  40.364555 -124.634896    26.443     -219.1    -1269.2      -77.4      5.5     18.7     13.2 2020  3 15  8 13 26.920  0.00  15
   103681  40.376156 -124.632463    25.690      -12.4       19.0     -830.2      5.4      7.4     17.6 2020  3 19  1 14 44.660  0.00  15
   103683  40.387463 -124.633228    26.203      -77.4     1274.6     -316.8      7.3     14.9     20.0 2020  4  6  8 32 34.940  0.00  15
   103684  40.381242 -124.632983    26.119      -56.7      583.8     -400.6      8.7     22.7     24.5 2020  4  6  8 26 12.640  0.00  15
   103685  40.376180 -124.632853    24.834      -45.6       21.7    -1686.3      7.6     13.4     30.9 2020  4 11  0 30 15.880  0.00  15
   103686  40.389404 -124.630103    25.783      188.0     1490.1     -737.2     11.1     17.3     28.0 2020  4 18  1 52 31.020  0.00  15
   103688  40.379924 -124.632048    25.718       22.8      437.4     -802.3      4.4      6.5     13.8 2020  4 30 20 36 37.720  0.00  15
   103697  40.376518 -124.631966    26.477       29.7       59.2      -42.8      3.4      7.5      7.9 2020  6  4 14 54 40.800  0.00  15
   103705  40.376615 -124.632170    26.412       12.4       70.0     -108.3      3.0      7.4      7.1 2020  8  7 15  6  9.460  0.00  15
   103712  40.377881 -124.632056    26.452       22.1      210.6      -67.8      3.4      8.2     10.9 2020  9 20  6  7  5.560  0.00  15
   103713  40.374040 -124.631795    26.113       44.2     -216.0     -406.8      4.7     14.5     13.2 2020  9 29 16 41  7.480  0.00  15
   103717  40.374894 -124.632153    26.435       13.8     -121.1      -85.3      3.7      7.0     10.2 2020 11  9  3 26 14.900  0.00  15
   103721  40.377405 -124.634481    27.480     -183.8      157.7      959.5      4.3      8.0     13.2 2021  1 21 20 44 37.900  0.00  15
   103724  40.377698 -124.631974    26.487       29.0      190.2      -33.5      3.3      8.8      8.5 2021  1 28  8  1 18.460  0.00  15
   103725  40.367900 -124.633586    26.785     -107.8     -897.8      264.6      5.5     16.7     10.5 2021  2 12  4 13 46.120  0.00  15
   103726  40.379179 -124.633944    26.867     -138.2      354.7      347.2      4.7     13.7     12.7 2021  2 12  4  5 42.100  0.00  15
   103727  40.377360 -124.632536    26.048      -18.7      152.7     -472.0      3.4      8.3     22.1 2021  2 28 17 42  1.520  0.00  15
   103733  40.373657 -124.632585    26.710      -22.8     -258.4      190.3      6.3      9.6      6.9 2021  3 16 22 26 59.680  0.00  15
   103736  40.373417 -124.632243    26.436        6.2     -285.1      -83.8      5.2     12.6     14.9 2021  4 24 19 55 12.980  0.00  15
   103737  40.372913 -124.632576    26.294      -22.1     -341.1     -225.7      4.6     13.2     17.0 2021  4 24 21 25 22.420  0.00  15
   103738  40.378971 -124.632072    26.665       20.7      331.6      145.2      5.2      9.6     15.0 2021  5  2 10 15 15.360  0.00  15
   103739  40.375484 -124.632113    26.298       17.3      -55.6     -221.8      3.4      7.6      8.8 2021  5 17  1 51 15.000  0.00  15
   103743  40.372371 -124.632723    26.552      -34.6     -401.2       31.9      5.9     11.6      6.8 2021  6  3  9 11 16.620  0.00  15
   103746  40.369043 -124.633024    26.304      -60.1     -770.8     -216.0      9.5     17.7     19.2 2021  6 21 18 25 58.900  0.00  15
   103747  40.368750 -124.633244    26.391      -78.8     -803.4     -128.9      8.7     17.2     18.0 2021  6 21 18 56 10.100  0.00  15
   103748  40.370329 -124.632992    26.359      -57.4     -628.0     -161.0      5.2     14.5      9.1 2021  6 26 21 34 53.920  0.00  15
   103749  40.368669 -124.633952    26.407     -138.9     -812.4     -113.0      6.7     18.0     13.8 2021  6 26 21 52 52.480  0.00  15
   103752  40.376965 -124.631925    26.510       33.2      108.9      -10.5      3.6      7.7      8.4 2021  7 16  4 38  9.540  0.00  15
   103753  40.379000 -124.631364    26.746       80.9      334.8      225.8      5.8     13.4     16.0 2021  7 23 17 27  4.080  0.00  15
   103765  40.375208 -124.635091    27.053     -235.7      -86.3      533.0      4.7     12.0     12.2 2021  9 14 11  7 22.460  0.00  15
   103766  40.373958 -124.632153    26.640       13.8     -225.0      119.5      5.5      9.3      7.0 2021  9 15 10 50 21.940  0.00  15
   103770  40.374752 -124.632194    26.472       10.4     -136.9      -48.3      5.1      6.7      7.3 2021  9 22 19 29 33.580  0.00  15
   103780  40.372827 -124.632243    26.515        6.2     -350.6       -5.2      5.0     12.0      7.3 2021 11 29  2 31 57.980  0.00  15
   103781  40.376274 -124.631942    26.614       31.8       32.1       93.9      3.4      8.5      9.1 2021 12  5 11 19 17.180  0.00  15
   103782  40.375614 -124.632357    26.571       -3.5      -41.1       51.5      3.7      6.1      6.9 2021 12  5 11 20 39.060  0.00  15
   103787  40.373067 -124.632690    26.635      -31.8     -324.0      115.0      6.3     12.0      6.6 2021 12 19  2 14 40.560  0.00  15
   103793  40.374609 -124.632186    26.545       11.1     -152.7       25.3      4.4      6.4      6.4 2022  1 14  5 18 12.200  0.00  15
   103796  40.383842 -124.634871    26.657     -217.0      872.5      136.6      7.1     14.5     17.0 2022  2 18 12 44 56.020  0.00  15
   103797  40.371566 -124.632243    26.161        6.2     -490.7     -358.8      4.9     12.3      9.6 2022  2 19 12 21  1.500  0.00  15
   103802  40.382275 -124.631071    26.663      105.7      698.5      142.6      7.0     18.9     15.0 2022  3 12  4 33 48.940  0.00  15
   103804  40.382996 -124.630371    26.845      165.2      778.5      325.1      8.3     29.8     19.9 2022  3 15 10 40 38.520  0.00  15
   103811  40.376078 -124.632113    26.399       17.3       10.4     -121.2      3.5      7.6      6.2 2022  5 14  0 44  9.960  0.00  15
   103814  40.387882 -124.630306    25.762      170.7     1321.2     -758.0     11.4     27.2     28.7 2022  5 31 12 38 59.980  0.00  15
   103815  40.376766 -124.631999    26.378       27.0       86.8     -141.8      5.6      8.6     10.0 2022  5 31 16 45 19.300  0.00  15
   103820  40.375736 -124.632129    26.395       15.9      -27.6     -125.3      3.2      6.7      6.5 2022  6 16 23 23 11.160  0.00  15
   103822  40.373002 -124.632723    26.464      -34.6     -331.2      -55.8      7.3     15.4     11.0 2022  7  2  3 27 26.160  0.00  15
   103828  40.376074 -124.632104    26.368       18.0        9.9     -152.4      3.7      9.0      7.6 2022  7 30 10  3 37.460  0.00  15
   103829  40.374003 -124.632373    26.499       -4.8     -220.0      -20.5      3.7      9.6      6.8 2022  8  8 16 29 41.540  0.00  15
   103831  40.374105 -124.632528    26.482      -18.0     -208.7      -37.8      5.3      8.9      7.8 2022  8 21  3 43 30.740  0.00  15
   103834  40.371155 -124.632878    26.665      -47.7     -536.3      145.2      5.3     13.8      8.8 2022  9  5 17 44 25.060  0.00  15
   103835  40.367989 -124.634139    27.237     -154.8     -887.8      716.7     11.0     23.3     21.0 2022  9 22 18 37 12.600  0.00  15
   103836  40.364421 -124.631087    26.720      104.4    -1284.1      199.7      6.7     13.1     10.6 2022  9 23 19 40  3.100  0.00  15
   103837  40.376375 -124.632340    26.400       -2.1       43.4     -120.1      3.8      7.9      6.8 2022  9 25  0 13 36.240  0.00  15
   103842  40.375863 -124.632194    26.421       10.4      -13.6      -99.3      3.6      6.8      6.7 2022 10 27 16  1  8.480  0.00  15
   103843  40.376424 -124.631966    26.391       29.7       48.8     -129.0      3.6      7.4      7.6 2022 10 27 19 13 41.200  0.00  15
   103844  40.374219 -124.632397    26.421       -6.9     -196.1      -98.8      4.5      9.8      7.8 2022 10 27 19 10 46.000  0.00  15
   103850  40.375297 -124.632072    26.657       20.7      -76.4      136.9      3.5      5.9      9.3 2022 11 22 17 13 20.760  0.00  15
   110325  40.376363 -124.632194    26.602       10.4       42.0       81.9      3.3      5.8      6.2 2023  1  6  2 11 23.440  2.07  15
