   106452  40.707316 -124.368693    23.856     -266.2      488.9    -1111.2    184.3    143.2    209.3 2021  2 24  1 13  1.120  0.00  71
   106453  40.707194 -124.368685    23.772     -265.5      475.4    -1195.5    180.6    141.0    189.0 2021  6  9  4 11 41.800  0.00  71
   106454  40.706816 -124.368783    24.378     -273.7      433.3     -589.2    140.6    199.2    516.1 2021  6 15  1 44 36.180  0.00  71
   106455  40.707804 -124.369027    25.778     -294.4      543.1      810.8    169.0    170.5    338.9 2021  9 20  7 30 52.220  0.00  71
   106456  40.706750 -124.368937    24.596     -286.8      426.1     -371.6    238.5    190.8    772.6 2021  9 22  9 23  9.220  0.00  71
   106457  40.706742 -124.369173    24.845     -306.7      425.2     -122.5    300.7     89.6    418.1 2021  9 26 15 38 26.700  0.00  71
   106458  40.706681 -124.368734    24.366     -269.6      418.4     -601.6    271.4    180.8    742.9 2021 12 28  4 59 52.400  0.00  71
   106459  40.707381 -124.369027    25.100     -294.4      496.1      133.0    210.2    194.7    522.1 2022  8  5  4  2 33.760  0.00  71
   106470  40.683968 -124.350838    28.961     1243.0    -2103.8     3993.4    222.7    261.4    300.0 2021  6 27 14 23 24.780  0.00  71
   110401  40.707227 -124.368864    23.942     -280.6      479.0    -1024.9    131.2     99.6    115.9 2023  1 19  3  6 27.480  1.40  71
   110402  40.684607 -124.351221    29.031     1210.6    -2032.9     4063.6    222.8    261.3    299.9 2023  2 17  9 24 34.670  1.19  71
