   104399  40.353267 -124.279915    23.896     1094.3     -835.0    -3092.5     76.9    135.0     60.4 2021  6 15  4 44 44.800  0.00  26
   104401  40.354675 -124.279272    23.864     1148.9     -678.6    -3124.9     70.8    107.6     56.3 2021  8 29  1 56 52.440  0.00  26
   104403  40.355977 -124.278027    23.856     1254.7     -534.1    -3131.9    101.3     87.6     61.5 2021 12 20 21  4 59.220  0.00  26
   104405  40.352572 -124.279508    23.823     1128.9     -912.2    -3164.9     66.0     79.3     66.6 2021 12 20 20 53 33.680  0.00  26
   104406  40.352519 -124.279207    23.848     1154.5     -918.1    -3140.6    245.8    149.9    123.9 2021 12 20 20 26 28.100  0.00  26
   104407  40.352702 -124.279476    23.853     1131.7     -897.8    -3135.1    105.8    115.5     62.4 2021 12 20 21 31 11.760  0.00  26
   104410  40.355001 -124.278833    23.872     1186.3     -642.5    -3116.4     77.9    117.6     60.6 2021 12 21  0  8 11.860  0.00  26
   104411  40.356083 -124.278459    23.841     1218.1     -522.3    -3147.8     95.8     85.7     65.5 2021 12 21 19 31 39.840  0.00  26
   104412  40.356490 -124.277067    23.892     1336.3     -477.1    -3096.8    124.3     97.9     61.2 2021 12 21 11 59  9.720  0.00  26
   104413  40.352791 -124.279346    23.819     1142.7     -887.8    -3169.4     78.4     85.1     57.6 2021 12 22  8  8 37.840  0.00  26
   104420  40.355062 -124.279004    23.877     1171.7     -635.7    -3111.7     74.3     98.0     61.0 2022  1 14  0 17 25.780  0.00  26
   104421  40.354879 -124.277694    23.872     1283.0     -656.1    -3116.4    129.5     92.6    103.6 2022  1 14  4 26 58.700  0.00  26
   104423  40.355627 -124.281746    23.908      938.8     -572.9    -3080.2    104.8     91.1     77.7 2022  1 26 22 58 55.500  0.00  26
   104426  40.355322 -124.279020    23.851     1170.4     -606.8    -3137.5     79.1     78.8     56.3 2022 11 19 20 44  5.320  0.00  26
   107213  40.339933 -124.296631    27.662     -325.6    -2315.6      673.8    154.2    190.6    141.4 2020  3 23  6 34  8.940  0.00  26
   107215  40.343184 -124.294214    27.619     -120.3    -1954.6      631.1    209.2    203.5    124.2 2021 12  1  3 23 46.460  0.00  26
   107219  40.339982 -124.297778    27.701     -423.1    -2310.2      712.4    139.7    220.1    147.6 2021 12 24 22 23 25.560  0.00  26
   107222  40.339058 -124.297510    27.780     -400.3    -2412.8      791.4    169.0    250.2    165.3 2022  1  1 10 24 30.560  0.00  26
   107224  40.345361 -124.296842    27.689     -343.6    -1712.9      700.7    128.1    262.8     93.3 2022  1 17  7 33 11.240  0.00  26
   107232  40.372135 -124.308260    29.443    -1313.3     1260.2     2454.6     58.5     64.9     46.7 2021  3 11 20  6  4.280  0.00  26
   107235  40.372091 -124.308626    29.430    -1344.4     1255.2     2441.9     63.1     58.0     40.1 2021 11  3  5 58  4.920  0.00  26
   107243  40.372107 -124.308219    29.436    -1309.8     1257.0     2447.9     61.3     75.8     39.4 2021 12 20 23 27 36.080  0.00  26
   107244  40.372139 -124.308244    29.435    -1311.9     1260.6     2446.6     56.6     66.7     36.7 2021 12 20 20 50 16.880  0.00  26
   107245  40.372087 -124.307975    29.439    -1289.1     1254.7     2451.0     65.9     82.5     41.1 2021 12 20 23 41 45.320  0.00  26
   107246  40.372327 -124.308301    29.439    -1316.8     1281.4     2450.9     66.4     59.5     47.8 2021 12 20 20 17 10.900  0.00  26
   107247  40.372107 -124.308317    29.442    -1318.1     1257.0     2453.4     81.9     71.1     44.1 2021 12 20 21 11 30.880  0.00  26
   107254  40.372034 -124.308537    29.433    -1336.8     1248.9     2444.4     82.8     71.7     50.0 2021 12 21 18  1 23.800  0.00  26
   107256  40.372168 -124.307853    29.431    -1278.7     1263.8     2443.1     80.5    114.6     74.2 2021 12 21  7 25 52.440  0.00  26
   107257  40.372026 -124.309033    29.521    -1379.0     1248.0     2532.2    127.3    113.1    131.3 2021 12 21  2 34 43.280  0.00  26
   107258  40.372469 -124.308382    29.413    -1323.7     1297.2     2424.5    142.1    142.4     48.4 2021 12 21 13  6 14.120  0.00  26
   107260  40.372058 -124.308325    29.440    -1318.8     1251.6     2451.9     68.4     53.2     36.1 2021 12 23 19 15  5.580  0.00  26
   107262  40.371761 -124.308610    29.434    -1343.0     1218.6     2445.9     59.7     67.7     37.9 2021 12 24 12 38 47.180  0.00  26
   107267  40.372306 -124.308293    29.455    -1316.1     1279.1     2466.7     87.2     98.8     78.4 2021 12 26  2 14 54.480  0.00  26
   107272  40.372103 -124.307894    29.429    -1282.2     1256.5     2440.8     79.8    117.9     67.2 2022  1  2 13 57 49.500  0.00  26
   107274  40.371997 -124.308773    29.464    -1356.8     1244.8     2475.4     89.8    100.8     86.3 2022  1 15 12 26  6.380  0.00  26
   107277  40.372046 -124.308529    29.435    -1336.1     1250.2     2446.6     66.6     55.7     36.2 2022  7  1  1 40 55.500  0.00  26
   107280  40.372017 -124.308488    29.433    -1332.7     1247.1     2444.4     81.4     69.6     47.2 2022  7 16 23 34 14.380  0.00  26
   109841  40.361320 -124.258993    25.892     2871.5       59.2    -1096.5    575.7    165.7    190.4 2021 12 21  1 16 23.360  0.00  26
   109842  40.361072 -124.265072    25.698     2355.1       31.6    -1290.0    157.6    116.2    185.0 2021 12 23  3 36 15.740  0.00  26
   109843  40.358683 -124.263534    25.751     2485.8     -233.6    -1237.3     93.7    122.6    104.4 2021 12 31 10  3  5.180  0.00  26
   110338  40.353569 -124.279370    23.850     1140.6     -801.5    -3138.9     71.7     77.6     54.8 2022 12 19 23 29  6.160  1.05  26
   110427  40.340776 -124.294344    27.667     -131.4    -2222.1      678.4    119.6    140.2    101.9 2022 12 25  7 31 55.070  0.83  26
   110428  40.371834 -124.308301    29.436    -1316.8     1226.7     2447.3     50.0     56.7     38.2 2023  4 29  3  1 22.660  0.62  26
   110713  40.360583 -124.266935    25.792     2196.8      -22.6    -1196.7    114.6    110.1    115.2 2022 12 12  1  4 54.750  2.37  26
