   105504  40.295699 -124.397103     8.110        0.7       -0.5        0.0      0.0      0.1      0.1 2020  2  6  8 39 18.320  0.00  72
   105505  40.295699 -124.397103     8.110        0.7       -0.5        0.0      0.0      0.1      0.1 2020  2  6 11 33 20.940  0.00  72
   105506  40.295699 -124.397103     8.110        0.7       -0.5        0.0      0.1      0.1      0.2 2020  2  6 11 35 41.960  0.00  72
   105515  40.295699 -124.397103     8.110        0.7       -0.5        0.0      0.0      0.1      0.1 2021  6  3 12 20 24.160  0.00  72
   105519  40.295699 -124.397103     8.110        0.7       -0.5       -0.0      0.1      0.1      0.1 2021  8  1 14  0 36.000  0.00  72
   105544  40.295699 -124.397103     8.110        0.7       -0.5       -0.0      0.1      0.2      0.1 2022  2 20 15 29 37.960  0.00  72
   105560  40.295699 -124.397103     8.110        0.7       -0.5       -0.0      0.1      0.1      0.1 2022  9 24  2 36 23.560  0.00  72
   105562  40.295699 -124.397103     8.110        0.7       -0.5        0.0      0.1      0.1      0.1 2022 11  8 18 37  6.880  0.00  72
   105563  40.295699 -124.397103     8.110        0.7       -0.5        0.0      0.1      0.1      0.1 2022 11  9  1 33 51.080  0.00  72
   110376  40.295699 -124.397103     8.110        0.7       -0.5       -0.0      0.1      0.2      0.2 2023  4  1 12 56 24.620  0.61  72
