   104725  40.729891 -124.224504    20.725      -85.9        0.0       -5.5     32.5     13.5     21.7 2021  8  1 17 14 21.960  0.00  18
   104728  40.729806 -124.222656    20.699       70.1       -9.5      -31.0     19.2     11.3     18.0 2021  8 12  1  5 10.400  0.00  18
   104729  40.729785 -124.222640    20.702       71.5      -11.7      -27.6     18.7     10.9     16.9 2021  8 12  1  0 35.920  0.00  18
   104730  40.729732 -124.222550    20.662       79.1      -17.6      -68.2     29.2     15.5     28.6 2021  8 12  4  6 13.180  0.00  18
   104731  40.729928 -124.223275    20.697       17.9        4.1      -33.0     17.4     10.6     16.3 2021  8 12  1 11 44.700  0.00  18
   104732  40.729883 -124.223185    20.721       25.4       -0.9       -8.7     24.0     13.8     16.4 2021  8 12  4 31 21.500  0.00  18
   104736  40.729785 -124.222559    20.673       78.4      -11.7      -57.2     29.2     15.8     27.7 2021  8 12  4 26 21.340  0.00  18
   104738  40.729932 -124.223169    20.695       26.8        4.5      -35.0     20.7     11.3     15.7 2021  8 12  1 38 51.820  0.00  18
   104739  40.729834 -124.222770    20.742       60.5       -6.3       11.7     25.0     14.2     22.5 2021  8 12  1 40 19.140  0.00  18
   104743  40.729907 -124.222371    20.731       94.2        1.8        1.1     27.6     13.5     26.4 2021  8 12  2  8 24.840  0.00  18
   104746  40.729972 -124.222860    20.728       52.9        9.0       -1.5     21.6     15.2     25.1 2021  8 12  1 17 20.740  0.00  18
   104751  40.729960 -124.223161    20.718       27.5        7.7      -12.3     15.2     13.1     16.9 2021  9 25 19 29 33.640  0.00  18
   104752  40.729842 -124.222754    20.720       61.9       -5.4      -10.4     22.4     13.1     13.4 2021  9 25 19 41 25.880  0.00  18
   104753  40.729814 -124.222900    20.713       49.5       -8.6      -16.9     21.4     11.8     13.7 2021  9 25 20  4 29.320  0.00  18
   104754  40.729940 -124.222762    20.681       61.2        5.4      -49.5     20.9     13.3     22.0 2021  9 25 19 41 55.140  0.00  18
   104755  40.729936 -124.223307    20.681       15.1        5.0      -48.5     19.6     12.1     19.0 2021  9 25 21 31 36.900  0.00  18
   104756  40.729846 -124.222762    20.681       61.2       -5.0      -49.1     19.6     11.0     26.3 2021  9 25 19 57 59.400  0.00  18
   104757  40.729785 -124.222827    20.701       55.7      -11.7      -29.4     22.5     12.9     18.2 2021  9 25 19 21 20.700  0.00  18
   104758  40.729915 -124.223340    20.737       12.4        2.7        6.9     17.5     12.3     19.6 2021  9 25 21 50 47.040  0.00  18
   104759  40.729830 -124.222729    20.725       63.9       -6.8       -4.7     23.4     14.6     13.4 2021  9 25 19 42 14.420  0.00  18
   104760  40.729980 -124.223153    20.752       28.2        9.9       21.6     26.9     18.4     25.5 2021  9 25 19 30 41.020  0.00  18
   104765  40.729980 -124.223031    20.723       38.5        9.9       -6.7     16.8     11.8     19.7 2021  9 26  0 23 57.940  0.00  18
   104766  40.729891 -124.222925    20.694       47.4        0.0      -35.9     19.8     12.9     18.1 2021  9 26  4 48 58.440  0.00  18
   104767  40.729936 -124.223153    20.683       28.2        5.0      -47.3     19.1     12.5     20.0 2021  9 26  4 47 56.220  0.00  18
   104768  40.729903 -124.223063    20.701       35.7        1.4      -29.4     18.4     12.4     15.5 2021  9 26  4 58 59.300  0.00  18
   104769  40.729744 -124.222892    20.705       50.2      -16.3      -25.4     22.6     10.7     14.8 2021  9 26  3  8  4.900  0.00  18
   104770  40.729887 -124.223283    20.714       17.2       -0.5      -16.2     17.1     11.0     16.6 2021  9 26  6 47  1.820  0.00  18
   104778  40.729647 -124.223022    20.732       39.2      -27.1        1.6     27.1     16.3     30.3 2021  9 26  4 52 20.080  0.00  18
   104779  40.729891 -124.222616    20.696       73.6        0.0      -33.7     19.8     14.1     17.1 2021  9 27  3 38 24.020  0.00  18
   104780  40.729826 -124.223250    20.731       19.9       -7.2        1.4     28.2     12.4     12.2 2021 10  2 13 58 43.600  0.00  18
   104782  40.729806 -124.222713    20.693       65.3       -9.5      -36.9     21.2     11.2     20.4 2021 10  2 16  3 32.660  0.00  18
   104785  40.729830 -124.224211    20.728      -61.2       -6.8       -2.4     32.9     13.2     22.8 2021 10 10  8 36 52.560  0.00  18
   104787  40.729822 -124.224577    20.755      -92.1       -7.7       25.3     37.5     12.7     24.5 2021 10 10  9 56 51.320  0.00  18
   104791  40.729875 -124.223039    20.679       37.8       -1.8      -51.2     25.4     14.5     20.3 2021 10 18  5  9 10.720  0.00  18
   104793  40.730046 -124.223039    20.659       37.8       17.2      -71.0     29.5     15.8     25.0 2021 10 18  5  9 57.000  0.00  18
   104794  40.729846 -124.222941    20.723       46.1       -5.0       -7.1     15.4     10.1     16.0 2021 10 30 10 59 31.620  0.00  18
   104797  40.729940 -124.224243    20.712      -63.9        5.4      -17.9     30.3     12.3     20.3 2021 11  7 19 48  6.500  0.00  18
   104800  40.729985 -124.222754    20.630       61.9       10.4      -99.9     30.4     12.2     31.3 2022  3 25 13 28 32.140  0.00  18
   104801  40.729952 -124.222583    20.694       76.3        6.8      -35.6     30.1     12.3     23.3 2022  3 25 22  6 11.360  0.00  18
   104803  40.730005 -124.222795    20.609       58.4       12.7     -121.0     31.7     13.8     32.0 2022  3 25 14  8 59.840  0.00  18
   104804  40.730042 -124.222949    20.647       45.4       16.7      -83.2     32.3     13.8     26.4 2022  3 25 13 50 50.600  0.00  18
   104805  40.729854 -124.222624    20.642       72.9       -4.1      -88.1     23.5      9.8     26.9 2022  3 25  8 23 32.880  0.00  18
   104806  40.730025 -124.222786    20.618       59.1       14.9     -111.6     31.5     14.0     31.1 2022  3 25 14 20 37.640  0.00  18
   104808  40.729956 -124.222453    20.616       87.3        7.2     -114.4     34.0     12.3     32.6 2022  3 25 15 24 24.460  0.00  18
   104809  40.730042 -124.222933    20.641       46.7       16.7      -88.9     32.4     14.0     27.3 2022  3 25  9 31 23.220  0.00  18
   104810  40.730033 -124.222900    20.622       49.5       15.8     -108.4     32.7     14.1     28.4 2022  3 25 12 25 14.960  0.00  18
   104811  40.730009 -124.222616    20.638       73.6       13.1      -92.4     35.1     13.8     27.5 2022  3 25  8  9 50.540  0.00  18
   104814  40.730050 -124.222852    20.602       53.6       17.6     -127.6     33.9     14.5     29.1 2022  3 25 11 52 42.820  0.00  18
   104825  40.729887 -124.222233    20.686      105.9       -0.5      -43.8     30.5     11.4     22.3 2022  3 27  3 21 36.620  0.00  18
   104826  40.729887 -124.222729    20.627       63.9       -0.5     -103.0     22.4     13.3     31.3 2022  6  6  6 54 28.160  0.00  18
   104829  40.729810 -124.223104    20.722       32.3       -9.0       -7.5     22.1     10.0     13.5 2022  6 27 15 18 26.760  0.00  18
   104831  40.729903 -124.224504    20.758      -85.9        1.4       28.3     39.8     14.4     24.2 2022  6 27 15 19 54.380  0.00  18
   104834  40.729810 -124.224097    20.668      -51.6       -9.0      -62.2     26.8     15.3     18.7 2022  9 22  6  7 32.900  0.00  18
   104836  40.730029 -124.223918    20.579      -36.4       15.4     -151.4     22.1     14.1     43.4 2022 11 19 14 19 54.200  0.00  18
   110351  40.729907 -124.223763    20.765      -23.4        1.8       35.2     15.9     10.2     16.5 2023  1  6 12 32 56.510  1.36  18
