   102795  40.455745 -124.684432    26.539      -97.3     -214.2      948.7     10.0     14.1     17.9 2020  1 13  5 54  9.180  0.00  29
   102796  40.459656 -124.683236    25.418        4.1      220.0     -172.2      8.5     10.4     28.9 2020  2 29  7 15 32.820  0.00  29
   102799  40.456702 -124.684701    26.827     -120.1     -108.0     1237.3     11.4     15.8     28.9 2020  3 19  2 25 40.400  0.00  29
   102801  40.458533 -124.681559    23.782      146.3       95.3    -1807.7      9.6     11.2     11.5 2020  4 23 15 31 30.460  0.00  29
   102802  40.452311 -124.678743    22.566      385.2     -595.5    -3023.7      9.0     16.7     10.6 2020  5  9 10 28 13.200  0.00  29
   102803  40.455070 -124.684359    25.438      -91.1     -289.2     -151.7     12.1     20.3     33.0 2020  6  6 15 52 41.440  0.00  29
   102805  40.453963 -124.685181    26.451     -160.8     -412.1      860.9      9.7     17.4     30.5 2020 10 21 10  6  9.780  0.00  29
   102806  40.459054 -124.682894    25.228       33.1      153.2     -362.2      7.9     13.6     25.3 2020 11 20 21 51 21.400  0.00  29
   102808  40.454907 -124.685775    26.841     -211.2     -307.2     1251.1     17.1     12.1     50.3 2021  2 26  3 52 50.720  0.00  29
   102810  40.452173 -124.684684    25.952     -118.7     -610.9      361.9     12.7     18.6     38.7 2021  3 12  1 59 52.820  0.00  29
   102814  40.454826 -124.684416    26.315      -96.0     -316.3      724.9     10.6     17.2     18.5 2021  5 14 17 55 34.080  0.00  29
   102816  40.455013 -124.684163    25.402      -74.6     -295.5     -188.1      7.0     16.3     22.2 2021  7  2  3 22  6.040  0.00  29
   102817  40.459941 -124.682446    24.690       71.1      251.7     -900.4     10.5     14.7     50.3 2021  7  6 17  3 25.080  0.00  29
   102818  40.457715 -124.682886    24.809       33.8        4.5     -781.4      7.9     12.4     30.6 2021  7  6 17 38 37.180  0.00  29
   102819  40.457674 -124.683179    25.353        9.0        0.0     -237.2      5.8      9.9     19.0 2021  7 12  3 22 22.520  0.00  29
   102821  40.458577 -124.682878    24.829       34.5      100.3     -761.0      7.8     13.9     30.0 2021  7 27 13 33  6.200  0.00  29
   102824  40.455713 -124.684920    25.929     -138.7     -217.8      339.2      9.3     16.5     30.3 2021  9  2  0 10 43.380  0.00  29
   102825  40.454924 -124.684456    25.331      -99.4     -305.4     -259.2      9.1     16.9     33.7 2021  9  2 12 41 16.800  0.00  29
   102826  40.458036 -124.683057    25.418       19.3       40.2     -172.0      5.9     10.2     20.5 2021 10 27 22  1 36.760  0.00  29
   102827  40.454175 -124.684489    25.588     -102.2     -388.6       -2.1      7.5     17.5     19.9 2021 11 16  3 30 25.860  0.00  29
   102831  40.459163 -124.682690    24.901       50.4      165.4     -688.6      9.3     13.3     27.8 2022  2 25  5  5 50.620  0.00  29
   102832  40.459595 -124.683228    25.046        4.8      213.3     -544.5     10.9     11.5     32.3 2022  3 12  9 57  9.340  0.00  29
   102834  40.457780 -124.683309    25.339       -2.1       11.7     -251.3      8.2     12.3     29.4 2022  4 23 21 41  5.660  0.00  29
   102835  40.455033 -124.684611    25.684     -112.5     -293.2       93.7     10.2     21.0     29.5 2022  4 25 10 17 30.100  0.00  29
   102836  40.451375 -124.684871    26.062     -134.6     -699.4      471.8     13.8     19.6     42.0 2022  4 26 18 21  6.880  0.00  29
   102837  40.455090 -124.684049    25.418      -64.9     -286.9     -172.5     12.3     20.1     31.8 2022  4 29 21 52 16.440  0.00  29
   102838  40.458500 -124.682943    25.318       29.0       91.7     -272.1      8.0      9.4     24.8 2022  5  7 11 36  7.240  0.00  29
   102839  40.453613 -124.684318    25.453      -87.7     -450.9     -137.1      6.6     21.5     23.7 2022  5 26 17 57  8.800  0.00  29
   102840  40.458634 -124.682812    25.166       40.0      106.6     -423.6      7.7     12.4     21.1 2022  6 11 22 53 25.820  0.00  29
   102841  40.458740 -124.683032    25.396       21.4      118.4     -194.0      8.0      9.6     24.3 2022  6 12  8 44 32.260  0.00  29
   102842  40.457983 -124.683187    25.268        8.3       34.3     -322.1      7.0     10.8     21.4 2022  6 23 21 40 42.300  0.00  29
   102843  40.458704 -124.682943    25.455       29.0      114.3     -134.8      6.9     12.2     21.7 2022  7 28  1 50 12.780  0.00  29
   102844  40.457446 -124.683073    25.228       17.9      -25.3     -362.3      7.1     10.0     23.0 2022  7 28 20 49 41.480  0.00  29
   102847  40.456543 -124.684904    25.968     -137.4     -125.6      378.1     15.8     22.7     48.2 2022  9  3 19  0 25.420  0.00  29
   102849  40.454175 -124.684269    25.297      -83.5     -388.6     -292.8      7.5     17.4     24.0 2022  9 24 15 55 46.140  0.00  29
   102850  40.458838 -124.682902    25.240       32.4      129.2     -349.6      6.8     11.6     24.6 2022 10  9  0 29 47.680  0.00  29
   102852  40.455534 -124.684326    26.036      -88.4     -237.7      446.0     12.4     21.0     27.0 2022 11 11 22 43 19.680  0.00  29
   102853  40.459298 -124.682975    25.555       26.2      180.3      -35.2      6.8     12.8     22.6 2022 11 11 12  5 43.380  0.00  29
   102854  40.458044 -124.683146    24.761       11.7       41.1     -828.9      6.8     11.0     35.1 2022 11 19 17  1  6.200  0.00  29
   102855  40.457743 -124.683073    25.797       17.9        7.7      207.2     11.3     15.0     28.1 2022 11 29 18 59 55.780  0.00  29
   110306  40.458940 -124.682739    25.687       46.2      140.5       97.3      5.2      8.0     18.9 2023  4  5 22 10 57.780  1.92  29
