   102927  40.324727 -124.624943    11.886    -5804.2     3590.7    -1539.9      6.3     13.3     11.9 2020  1  9 16 12 46.120  0.00   5
   102930  40.328674 -124.623625     9.871    -5692.0     4028.9    -3554.7      3.9      7.7      6.6 2020  7 10 11 40 51.780  0.00   5
   102931  40.328959 -124.623112     9.885    -5648.4     4060.5    -3541.2      4.2      7.7      8.3 2020 10  2  5 29 51.580  0.00   5
   102932  40.328866 -124.623104     9.700    -5647.7     4050.2    -3726.1      3.5      7.1      4.6 2020 12 29 18 56 53.340  0.00   5
   102933  40.329447 -124.620760     9.132    -5448.4     4114.8    -4293.8      6.4     20.5     13.2 2021  2 19 14 49 13.520  0.00   5
   102934  40.357231 -124.624756     8.506    -5786.9     7199.8    -4919.9      6.2     27.6     19.6 2021  8 23 20 46 18.340  0.00   5
   102935  40.328475 -124.621826     9.301    -5539.1     4006.8    -4124.8      6.5     12.8     12.0 2021 10 19  7 54 31.220  0.00   5
   102936  40.328878 -124.623031     9.720    -5641.5     4051.5    -3706.4      4.0      6.8      4.7 2021 11  9 11 28 29.120  0.00   5
   102937  40.328902 -124.623706    10.016    -5698.9     4054.2    -3409.9      4.8     10.1     10.9 2021 11 28 21 38 37.840  0.00   5
   102939  40.328796 -124.622941     9.692    -5633.9     4042.5    -3733.8      4.3      7.8      5.3 2021 12 21 23 30 13.180  0.00   5
   102940  40.319739 -124.622355    11.354    -5584.4     3036.7    -2072.1      9.5     22.5     21.0 2021 12 23  8 43 26.880  0.00   5
   102944  40.328772 -124.621826    10.212    -5539.1     4039.8    -3213.9      7.0     12.3     22.0 2022  1 19  8 10 37.440  0.00   5
   102946  40.329020 -124.622900     9.489    -5630.4     4067.3    -3936.7      3.3      6.9      7.5 2022  4 11  4  4 28.440  0.00   5
   102948  40.326379 -124.621956     9.577    -5550.2     3774.1    -3849.4     11.3     16.4     14.4 2022  4 19  9 28 33.920  0.00   5
   102949  40.327275 -124.623665    10.382    -5695.5     3873.5    -3044.2      5.7     10.0     17.3 2022  5  2 22 28 32.800  0.00   5
   102950  40.328764 -124.622477     8.996    -5594.4     4038.9    -4429.7      6.5      6.9     12.0 2022  6 24  0 54  1.540  0.00   5
   102951  40.327783 -124.626432     9.992    -5930.7     3930.0    -3434.4     10.7      8.8      7.5 2022  7 14 16 54 29.000  0.00   5
   102952  40.328731 -124.624463     9.977    -5763.2     4035.2    -3448.6      4.7      9.1     10.7 2022  7 22 12 35 35.500  0.00   5
   102953  40.343697 -124.621232     8.602    -5488.0     5697.1    -4823.5      7.6     16.7     21.3 2022  9 19  8 27  9.760  0.00   5
   102955  40.324980 -124.621509     9.459    -5512.3     3618.7    -3967.4      9.8     20.0     17.8 2022 10  7  7 29 37.760  0.00   5
   102957  40.294214 -124.557642    14.629      -83.0      202.4     1203.3      5.0     23.1     19.2 2020  1  9  0 25 18.340  0.00   5
   102958  40.298039 -124.558097    14.994     -121.8      627.1     1567.9      5.6     13.0     11.7 2020  1  9  5 40 55.020  0.00   5
   102959  40.295528 -124.556714    14.897       -4.2      348.4     1471.2      5.9      9.7     12.7 2020  1 10 16 19 54.400  0.00   5
   102961  40.296375 -124.556942    14.778      -23.5      442.3     1351.8      6.5     11.3     15.8 2020  5 11  5 18  3.180  0.00   5
   102962  40.255396 -124.559180    13.477     -213.9    -4108.0       50.7      1.5      7.6      4.4 2020  5 21 20 27  9.960  0.00   5
   102963  40.296041 -124.557878    17.860     -103.1      405.3     4433.6     24.1     58.7     80.4 2020  6 26 12 41 46.880  0.00   5
   102966  40.294617 -124.557137    14.975      -40.1      247.1     1549.4      4.1     12.3     13.7 2020  9 15 23 23  4.260  0.00   5
   102967  40.296403 -124.557642    14.571      -83.0      445.5     1144.8      4.6     11.2     22.2 2020  9 26 13 45 23.380  0.00   5
   102968  40.300077 -124.558781    12.776     -179.9      853.5     -649.9      8.3     21.7     31.0 2020 10  7 23 57 11.980  0.00   5
   102969  40.295532 -124.557764    14.589      -93.4      348.8     1163.1      4.3      9.9     17.2 2021  3 21  4 39 28.380  0.00   5
   102970  40.295138 -124.557292    14.882      -53.3      305.0     1455.7      4.0     11.9     12.7 2021  5 26  0 52 22.700  0.00   5
   102971  40.288057 -124.559212    14.061     -216.6     -481.2      635.3      8.0     36.5     33.1 2021  6  7  3 30 47.660  0.00   5
   102972  40.297087 -124.558016    13.699     -114.9      521.4      272.9     10.4     16.6     16.1 2021  6 26 19 49 41.240  0.00   5
   102974  40.254948 -124.559196    13.460     -215.3    -4157.7       33.5      0.8      3.9      2.1 2021  8 18  7 53 43.320  0.00   5
   102976  40.294010 -124.557666    14.492      -85.1      179.8     1066.3      5.8     17.4     22.1 2021 10 14 12 29 46.820  0.00   5
   102977  40.254305 -124.559212    13.435     -216.6    -4229.1        9.2      1.5      8.1      4.8 2021 12  9 17 52 24.880  0.00   5
   102978  40.294495 -124.557723    14.981      -90.0      233.6     1555.5      5.6     14.7     17.7 2021 12 20 14 26 22.420  0.00   5
   102979  40.296960 -124.556893    14.850      -19.4      507.4     1423.5      5.4     11.6     18.0 2022  1  5 13 58 42.900  0.00   5
   102981  40.292542 -124.557772    14.352      -94.1       16.7      926.2      6.3     19.3     26.0 2022  2 19 22 27 17.340  0.00   5
   102982  40.294637 -124.557064    15.419      -33.9      249.4     1993.1      7.5     18.1     21.5 2022  4 22 22 11  8.700  0.00   5
   102983  40.296647 -124.557357    14.807      -58.8      472.6     1381.3      5.3     13.5     14.2 2022  5 14  6  2 12.840  0.00   5
   102984  40.294743 -124.557454    14.932      -67.1      261.2     1505.9      4.5     13.7     12.1 2022  5 27 21 21 41.400  0.00   5
   102986  40.298714 -124.558317    12.686     -140.5      702.1     -740.2      6.6     18.9     29.6 2022  6 10  0 40 50.580  0.00   5
   102987  40.294983 -124.557471    14.999      -68.5      287.8     1573.2      5.2     13.4     15.2 2022  6 11  1 51  4.680  0.00   5
   102988  40.296045 -124.557332    14.822      -56.7      405.7     1395.6      4.2     10.2     12.6 2022  7 24 10  6 19.260  0.00   5
   102989  40.296159 -124.556852    14.862      -15.9      418.4     1435.6      5.0     10.0     11.1 2022  8 12  8 51 14.040  0.00   5
   102990  40.291553 -124.558276    14.743     -137.0      -93.1     1317.3      8.9     35.9     16.4 2022  8 26  5 13 30.220  0.00   5
   105011  40.281494 -124.534180    16.179     1912.1    -1210.0     2752.9     11.6     35.8     26.5 2021  9 14 19 33 56.900  0.00   5
   105019  40.286141 -124.534603    16.002     1876.0     -694.0     2576.5      8.8     26.2     19.9 2021 12 17 16 25 12.180  0.00   5
   105020  40.292753 -124.531299    16.599     2156.8       40.2     3172.7      4.6     18.2      8.6 2021 12 21  3 42 22.440  0.00   5
   105021  40.292773 -124.531372    16.582     2150.6       42.5     3156.4      4.6     18.2      8.5 2021 12 21  3 24 24.160  0.00   5
   105023  40.288273 -124.532764    16.223     2032.4     -457.2     2797.5      8.9     17.4     20.5 2021 12 21 14 59  6.880  0.00   5
   105029  40.286100 -124.534611    15.989     1875.3     -698.5     2563.0      9.2     26.8     17.7 2021 12 21 16 17 37.440  0.00   5
   105030  40.276453 -124.527490    17.747     2481.0    -1769.8     4321.1     18.5     41.2     22.2 2021 12 21  5  0 54.580  0.00   5
   105031  40.292163 -124.536938    15.337     1677.3      -25.3     1910.9     11.6     28.9     21.7 2021 12 21 12 38 45.420  0.00   5
   105033  40.294425 -124.532552    16.809     2050.3      225.9     3383.2     14.5     36.8     21.1 2021 12 21  9 13 54.680  0.00   5
   105038  40.283736 -124.533114    17.133     2002.7     -961.0     3706.7     12.3     27.0     15.0 2021 12 26  7 58 23.160  0.00   5
   105039  40.295101 -124.533268    17.350     1989.4      300.9     3924.4     13.2     35.2     22.1 2021 12 27  5 43 54.680  0.00   5
   105041  40.292135 -124.534603    16.265     1875.9      -28.5     2838.8     10.0     30.6     14.2 2022  2 11 20 35 36.260  0.00   5
   105043  40.292749 -124.531364    16.585     2151.3       39.8     3159.4      4.6     18.2      8.7 2022  4 21  0 49 10.600  0.00   5
   105368  40.289136 -124.539307    10.027     1476.0     -361.5    -3399.1      8.3     14.9     23.6 2020  2  1  1 58 46.340  0.00   5
   105369  40.290332 -124.538615    10.827     1534.8     -228.6    -2598.9      7.5     14.0     27.3 2020  4 19 18  7 57.940  0.00   5
   105370  40.273254 -124.534627    15.728     1874.1    -2124.9     2302.4     16.4     24.2     30.8 2020  8 14 11 27 29.760  0.00   5
   105371  40.277563 -124.537410    12.752     1637.4    -1646.4     -673.6     11.7     23.5     31.9 2020  9 12 12 44  3.120  0.00   5
   105374  40.281242 -124.539242    13.348     1481.6    -1238.0      -77.9     10.9     22.5     32.0 2021  9 13 23  5 20.040  0.00   5
   105376  40.286088 -124.537573    10.654     1623.4     -699.9    -2772.2      8.0     16.0     24.9 2021 10 28 10 57 51.840  0.00   5
   105377  40.288989 -124.539209    10.998     1484.3     -377.7    -2428.4      7.7     14.7     23.1 2021 11 15  6 11 30.560  0.00   5
   105379  40.289388 -124.539087    10.842     1494.7     -333.4    -2584.0      6.4     20.5     20.1 2022  1 31 19  7 30.320  0.00   5
   105380  40.288200 -124.538932    11.053     1507.8     -465.4    -2372.7      5.4     11.7     20.4 2022  5  7 21  0 16.060  0.00   5
   105381  40.291223 -124.537565    11.672     1624.1     -129.7    -1753.7     11.7     30.4     21.7 2022  6  7  9 50 42.720  0.00   5
   105383  40.287590 -124.537866    10.696     1598.5     -533.2    -2730.2      7.0     13.5     20.6 2022  8 18 13 36  2.300  0.00   5
   106680  40.274438 -124.556641    17.618        2.1    -1993.5     4192.0      6.0     13.3     10.3 2020  2 22 19  6 52.320  0.00   5
   106684  40.274809 -124.556934    17.634      -22.8    -1952.3     4207.8      5.2      8.1      8.7 2020  7 11  9 46  0.560  0.00   5
   106685  40.275024 -124.557039    17.621      -31.8    -1928.4     4195.5      5.2     10.9      9.1 2020  7 24 16 55 42.900  0.00   5
   106687  40.274170 -124.557365    17.637      -59.5    -2023.3     4211.2      5.0     10.9     12.7 2020 10  2  4 24 47.100  0.00   5
   106695  40.274447 -124.557389    17.643      -61.6    -1992.5     4217.1      4.3      9.2      8.7 2021  7 16  7  9  5.340  0.00   5
   106696  40.275090 -124.557715    17.589      -89.3    -1921.2     4163.5      6.1     11.5     13.6 2021  7 18  4 33 15.200  0.00   5
   106697  40.275488 -124.557454    17.567      -67.1    -1876.9     4141.5      4.5     10.4      9.8 2021  7 27 10 19 27.640  0.00   5
   106700  40.284623 -124.558228    16.693     -132.9     -862.5     3266.8     12.2     25.5     42.0 2021  8 24 13 36 31.660  0.00   5
   106702  40.277055 -124.557764    17.370      -93.4    -1702.9     3943.8      4.2     13.3     13.5 2021 10 21 19  2  0.520  0.00   5
   106706  40.274418 -124.556502    17.608       13.8    -1995.7     4181.8      5.9     16.1     11.0 2021 12 21  0 21 19.000  0.00   5
   106710  40.275745 -124.557284    17.518      -52.6    -1848.4     4092.2      4.8     17.1     12.7 2022  1  6 21 12 58.500  0.00   5
   106711  40.274268 -124.557471    17.638      -68.5    -2012.4     4211.5      5.1     10.0      9.9 2022  1 23 11 45  1.040  0.00   5
   106713  40.273438 -124.558089    17.620     -121.1    -2104.6     4193.9      8.4     16.0     12.9 2022  3  7 10 52 39.260  0.00   5
   106714  40.273771 -124.557373    17.629      -60.2    -2067.5     4202.7      4.4     11.2      7.8 2022  4  6 12 30 20.240  0.00   5
   106716  40.270597 -124.555705    17.993       81.7    -2420.0     4567.2      4.6     10.7      8.0 2022  6  3  4 32 25.640  0.00   5
   106718  40.276542 -124.558219    17.070     -132.2    -1759.9     3644.2      7.6     21.2     20.1 2022  6 15 20 50 14.340  0.00   5
   106719  40.271952 -124.556584    17.939        6.9    -2269.5     4512.9      8.9     18.2     17.4 2022  8  6  0 50 42.000  0.00   5
   106720  40.275907 -124.558016    17.480     -114.9    -1830.3     4053.7      6.9     14.0     13.1 2022  8 11  6 16 43.060  0.00   5
   106721  40.284172 -124.558610    16.999     -165.4     -912.7     3573.3      8.4     15.1     13.6 2022  8 21 10 39 36.560  0.00   5
   106722  40.275562 -124.557161    17.577      -42.2    -1868.7     4150.6      4.8     13.4     14.6 2022  9 18 22 30 39.860  0.00   5
   106724  40.276078 -124.556877    17.695      -18.0    -1811.4     4269.2      5.0     15.6     11.7 2022 11 23 23 40 19.840  0.00   5
   107850  40.307499 -124.541024    19.190     1329.8     1677.6     5764.3      7.9     38.6     10.1 2020  3 18 10 33 16.280  0.00   5
   107851  40.295662 -124.543433    19.660     1125.1      363.3     6234.4      6.4     21.1     17.8 2020  7 23  7 57 52.860  0.00   5
   107854  40.303699 -124.544718    18.566     1015.7     1255.6     5139.7      3.6     15.4      8.6 2021  2 23 21 22 50.460  0.00   5
   107855  40.307271 -124.544271    18.239     1053.7     1652.3     4812.7      5.6     21.1     17.3 2021  3  1 21 39  8.000  0.00   5
   107856  40.303247 -124.546403    18.595      872.5     1205.5     5168.9      7.5     19.2     11.6 2021  5 30 21 13 23.020  0.00   5
   107857  40.302734 -124.545573    18.168      943.1     1148.5     4742.2      6.6     16.4     17.9 2021  8 10 16 52 12.400  0.00   5
   107858  40.304264 -124.545231    18.358      972.1     1318.4     4932.4      4.5     11.5     12.2 2021 10 30 23 24 21.000  0.00   5
   107859  40.302144 -124.544930    18.837      997.7     1083.0     5411.2      7.7     15.7     18.5 2021 10 31  0  6 14.000  0.00   5
   107860  40.302779 -124.545231    18.619      972.1     1153.5     5192.7      5.5     10.6     11.3 2021 11  1  0  2 32.120  0.00   5
   107863  40.303638 -124.544840    18.372     1005.3     1248.8     4945.7      4.9      8.0     11.4 2021 12 11 17 33  8.300  0.00   5
   107867  40.301701 -124.546257    18.546      885.0     1033.8     5119.9      6.9     21.7     10.2 2022  8 11  3 22 48.620  0.00   5
   107868  40.302539 -124.545117    18.647      981.8     1126.9     5221.3      5.9     16.2     12.5 2022 10  5 10 28  0.800  0.00   5
   107869  40.304439 -124.542757    18.547     1182.5     1337.9     5121.3      9.0     20.9      9.9 2022 10 29  1 50 33.240  0.00   5
   108328  40.361637 -124.569458     6.417    -1087.2     7689.2    -7008.5     26.2     47.7     47.9 2020  4  5  1 31 54.900  0.00   5
   108329  40.329867 -124.568172     3.014     -978.2     4161.3   -10412.4      1.8      7.9      2.9 2020 12 28 14 19 23.260  0.00   5
   108330  40.335783 -124.569092     4.191    -1056.3     4818.3    -9234.9      5.0     14.3     12.0 2021  2  8 21 55 39.180  0.00   5
   108331  40.329492 -124.568758     3.124    -1028.0     4119.7   -10301.7      2.7      7.8      5.0 2021  5 31 14 18  8.300  0.00   5
   108334  40.330286 -124.567830     3.010     -949.1     4207.8   -10416.3      3.3      8.6      4.3 2022  1 23  9 42 53.580  0.00   5
   108336  40.329980 -124.568058     2.981     -968.5     4174.0   -10444.9      2.6      7.3      3.7 2022  8 25  9 19 46.880  0.00   5
   108337  40.332817 -124.567920     3.084     -956.7     4488.9   -10341.8      4.6     17.5      6.6 2022  8 30 16 15 52.160  0.00   5
   108338  40.338009 -124.568506     3.896    -1006.5     5065.4    -9529.6      6.2     20.5     11.1 2022  8 31 20 32 49.120  0.00   5
   108522  40.292192 -124.519678     9.347     3145.0      -22.1    -4078.8      8.4     20.7     19.1 2020  8 27  8 48 36.060  0.00   5
   108523  40.296114 -124.519141     8.651     3190.6      413.4    -4774.6      5.1     11.3      9.5 2020 11 19  0  1 55.140  0.00   5
   108525  40.296969 -124.519629     7.909     3149.0      508.3    -5516.7      3.4     11.4      6.4 2020 12 22 13 56 55.800  0.00   5
   108526  40.297103 -124.520231     8.153     3097.8      523.2    -5273.1      4.6     17.1     42.5 2020 12 22  2 31 25.280  0.00   5
   108527  40.294869 -124.520093     8.090     3109.6      275.2    -5336.3      3.9     14.0     34.2 2021  3  6  5 49 50.980  0.00   5
   108528  40.293042 -124.519523     8.436     3158.1       72.3    -4989.9      4.6     17.8     30.0 2021  3  7  9 29 35.160  0.00   5
   108529  40.295374 -124.519344     8.487     3173.3      331.2    -4939.0      4.4      7.5     22.0 2021  3 22 14 28 21.180  0.00   5
   108530  40.294963 -124.519442     8.436     3165.0      285.6    -4990.2      4.1      9.3     21.9 2021  3 22 16 43  7.420  0.00   5
   108531  40.294987 -124.519824     7.943     3132.5      288.3    -5482.6      3.5      9.5     47.1 2021  3 22 15 19 46.300  0.00   5
   108532  40.282418 -124.520565     5.106     3069.8    -1107.4    -8320.3     16.5     53.2     36.7 2021  3 27 20 11 40.180  0.00   5
   108533  40.295671 -124.519084     7.276     3195.4      364.2    -6149.9      8.4     22.8     19.2 2021  3 28  8 38 14.200  0.00   5
   108534  40.292192 -124.519523     8.948     3158.1      -22.1    -4477.6      6.4     20.9     21.3 2021  3 28  5 19 46.660  0.00   5
   108537  40.286894 -124.517920     4.134     3294.6     -610.4    -9291.9     11.5     26.6     19.4 2021  5 23 16 14  8.300  0.00   5
   108542  40.296944 -124.519181     8.281     3187.1      505.6    -5145.3      5.5     12.4     21.5 2022  1  7 18 16 14.140  0.00   5
   108546  40.292444 -124.519653     7.680     3147.1        5.9    -5746.2      6.8     17.0     11.7 2022  8  3 22 11 41.100  0.00   5
   108547  40.297827 -124.519279     8.241     3178.8      603.6    -5185.4      6.0     12.8     23.9 2022  9 28  8 42 51.820  0.00   5
   108548  40.298169 -124.519238     8.479     3182.2      641.6    -4946.5      6.6     13.3     22.9 2022  9 28  8 39 11.060  0.00   5
   108549  40.297872 -124.518848     8.618     3215.4      608.6    -4808.2      6.4     13.0     11.4 2022 10  9  8 23  0.040  0.00   5
   108551  40.299569 -124.519189     8.664     3186.3      797.0    -4761.7      7.1     16.9     14.9 2022 10 27 19 46 36.020  0.00   5
   108552  40.294092 -124.519442     7.412     3165.0      188.9    -6014.1      6.9     17.5     16.7 2022 11 21 18 13 32.080  0.00   5
   108553  40.296456 -124.519434     7.901     3165.6      451.4    -5525.0      5.3     12.1     13.3 2022 11 22  5 12  0.300  0.00   5
   108554  40.297237 -124.519474     7.881     3162.2      538.1    -5545.3      3.7     11.7      7.3 2022 11 22  5 12 34.720  0.00   5
   108762  40.295475 -124.552417    10.980      361.2      342.5    -2446.1      6.3      8.7     11.7 2020  6 18 16  6 43.080  0.00   5
   108763  40.289453 -124.555135     9.936      130.1     -326.2    -3490.4      9.6     30.7     23.1 2021 11 11 11 57 34.060  0.00   5
   108764  40.303776 -124.553467     9.886      271.9     1264.2    -3540.2      6.3     17.5     13.1 2022  1  9  2 48 12.520  0.00   5
   108765  40.304565 -124.555973    10.026       58.8     1351.9    -3400.4      7.3     16.1     11.3 2022  5 12  9 11 34.360  0.00   5
   108766  40.292745 -124.554126    11.177      215.9       39.3    -2248.8      8.2     14.9     15.4 2022  6  7  9 49  1.260  0.00   5
   109011  40.303939 -124.574064    13.778    -1479.3     1282.3      352.4      9.3     22.4     17.0 2021  7 14 15 14  4.960  0.00   5
   109012  40.327930 -124.570947    18.786    -1214.1     3946.2     5360.4     25.9     51.2     67.3 2022  5 15 19 18 57.920  0.00   5
   109013  40.278943 -124.569157     5.712    -1062.3    -1493.3    -7714.4     21.5     64.4     68.4 2022  6  2 22  6 51.080  0.00   5
   109014  40.308024 -124.574837    14.701    -1545.0     1735.9     1275.1     11.3     26.2     39.3 2022  7 23 23  7 35.680  0.00   5
   110256  40.313672 -124.565649    11.540     -763.8     2363.0    -1885.5     10.2     22.5     26.7 2022  8  2 21 55 39.100  0.00   5
   110258  40.331787 -124.561117     9.953     -378.4     4374.6    -3473.2     15.1     38.9     28.2 2022  8  2 21 44 11.520  0.00   5
   110264  40.336719 -124.562126    11.907     -464.2     4922.2    -1519.2     15.3     32.0     29.2 2022  8  7 15 10 49.300  0.00   5
   110312  40.328687 -124.624325     9.996    -5751.5     4030.3    -3430.2      4.8      7.3      8.2 2022 12 19 12 20 31.700  1.28   5
   110313  40.296509 -124.557585    14.824      -78.2      457.2     1398.5      4.7     13.4     14.2 2023  2  9  8  8 42.800  2.99   5
   110357  40.288623 -124.535604    16.510     1790.9     -418.4     3083.9     10.1     22.7     16.1 2023  4 23 16  9  0.470  1.48   5
   110366  40.289514 -124.539038    10.770     1498.8     -319.4    -2655.6      5.2     15.2     20.8 2023  2 15  9 40 37.830  1.30   5
   110413  40.274536 -124.558114    17.606     -123.2    -1982.6     4180.3      5.5     10.7     12.0 2023  3 25 19 24 32.400  1.25   5
   110459  40.304110 -124.545133    18.382      980.4     1301.3     4956.0      4.1      9.1     11.3 2023  2 23  1 16  2.860  1.71   5
   110492  40.330131 -124.567554     2.946     -925.6     4190.7   -10479.5      3.1      7.9      4.1 2023  4 17  9 13 51.230  2.06   5
   110520  40.294714 -124.519377     7.223     3170.5      258.0    -6202.8      8.0     15.7     17.3 2023  1 16  3 19  0.680  1.26   5
   110550  40.295483 -124.553312    10.926      285.1      343.4    -2500.3      8.8      9.8     11.2 2023  3 30 19 31 15.280  1.92   5
   110583  40.311088 -124.573088    14.691    -1396.2     2076.1     1265.1     12.3     28.0     37.2 2023  2  7 18 35 28.040  1.14   5
   110795  40.338574 -124.560189    13.015     -299.5     5128.2     -410.7     15.3     32.1     27.6 2023  2 25 22 37 46.280  1.26   5
