   103991  40.298433 -124.339054     9.646    -2552.2    -1630.2     -152.4     69.4     70.9     54.4 2020  1 17  9 45 59.140  0.00  47
   103993  40.298401 -124.339412     9.631    -2582.6    -1633.8     -167.5     51.1     48.6     47.8 2020  5 10  3 42 52.940  0.00  47
   103994  40.299084 -124.339494     9.622    -2589.5    -1557.9     -176.8     56.5     84.7     59.8 2020  5 10  5 35 35.000  0.00  47
   103998  40.298718 -124.340202     9.688    -2649.7    -1598.6     -110.8     45.8     62.3     65.9 2020  9 14  9  1 19.540  0.00  47
   104000  40.298527 -124.340828     9.676    -2703.0    -1619.8     -123.2     40.3     62.4     46.8 2021  3 25  0  8 59.680  0.00  47
   104002  40.299292 -124.340601     9.665    -2683.6    -1534.9     -134.2     47.1     95.9     48.4 2021  8 22  5 40 15.640  0.00  47
   104004  40.299874 -124.340373     9.675    -2664.2    -1470.2     -124.2     41.7     67.0     49.1 2021  9  4  3 28 39.640  0.00  47
   104007  40.298710 -124.340251     9.663    -2653.8    -1599.5     -135.9     46.4     40.5     41.9 2022  5 10 23 26 29.780  0.00  47
   104008  40.298120 -124.340690     9.666    -2691.2    -1665.0     -133.2     48.5     72.2     56.8 2022  5 30  7 25 58.420  0.00  47
   104010  40.298796 -124.340096     9.689    -2640.7    -1590.0     -110.0     68.7    104.6     79.7 2022  6 28  1 22 18.540  0.00  47
   104011  40.298165 -124.339819     9.656    -2617.2    -1660.0     -142.7     43.7     46.7     39.7 2022 10 19 21 53 36.280  0.00  47
   106813  40.294161 -124.330371     9.493    -1814.0    -2104.6     -305.5     49.2     74.3     49.6 2020  3 17  5 56 19.560  0.00  47
   106827  40.293400 -124.330566     9.441    -1830.6    -2189.1     -357.9     36.6     51.8     50.6 2022  2 25  5 29 56.100  0.00  47
   106830  40.293050 -124.330705     9.439    -1842.4    -2228.0     -359.4     40.6     50.8     45.7 2022  7  5 15 16 47.800  0.00  47
   106831  40.294263 -124.330387     9.494    -1815.4    -2093.3     -304.6     43.6     73.0     47.2 2022  8 21 21 28 41.340  0.00  47
   106832  40.293384 -124.330542     9.474    -1828.6    -2190.9     -324.5     40.1     59.1     46.4 2022  8 21 21 40 11.720  0.00  47
   106834  40.293563 -124.330282     9.403    -1806.4    -2171.0     -395.5     54.7     72.8     66.5 2022 10 20 17 49 27.620  0.00  47
   107004  40.333846 -124.210815     7.116     8347.5     2302.1    -2683.2     39.1     47.4     32.3 2022  3  4 18 57 23.080  0.00  47
   107006  40.333472 -124.211385     7.128     8299.1     2260.5    -2670.4     29.2     39.5     29.3 2022 10 10 12 43 31.860  0.00  47
   108402  40.380025 -124.250692    12.699     4956.7     7429.8     2900.2     39.6     73.8     69.1 2022 10  8 11 13  1.020  0.00  47
   108407  40.380147 -124.250374    12.710     4983.7     7443.4     2910.9     55.6     59.4     55.3 2022 11 12 15 29 41.060  0.00  47
   110332  40.298881 -124.340495     9.625    -2674.6    -1580.5     -174.1     30.8     47.6     32.9 2023  3 12 10 38 34.580  0.73  47
   110415  40.294755 -124.330160     9.549    -1796.0    -2038.6     -250.3     41.2     52.9     35.6 2023  3 15 21 22 18.100  1.02  47
   110424  40.333500 -124.211108     7.126     8322.6     2263.6    -2672.4     26.2     33.9     22.3 2023  5  3  7 32 56.730  0.50  47
   110499  40.379423 -124.251123    12.649     4920.1     7363.0     2850.5     59.4     80.7     76.5 2023  3 19 16 35 12.330  0.73  47
   110740  40.349251 -124.248966    12.271     5104.5     4012.7     2473.3    149.9    150.9    114.3 2023  2  1  5  8 29.030  0.91  47
