   106507  40.500191 -124.328402    19.865      142.8       33.9      -35.0     48.2     40.8     50.7 2020  2 19  1  2 53.940  0.00  22
   106508  40.499963 -124.330168    19.888       -6.9        8.6      -11.8     17.6     18.1     39.7 2020  9  1  2  9  2.720  0.00  22
   106517  40.500391 -124.328027    19.828      174.5       56.0      -72.0     50.9     47.2     54.6 2021  5  3 15 57 28.900  0.00  22
   106518  40.500256 -124.328394    19.968      143.5       41.1       68.0     55.9     38.2     55.3 2021  5 26  5 55 13.280  0.00  22
   106520  40.502100 -124.329403    20.319       57.9      245.8      418.9     64.8     59.9     85.4 2021 11 16  9 19 34.180  0.00  22
   106523  40.499601 -124.330086    19.899        0.0      -31.6       -0.5     30.2     26.2     18.1 2021 12 20 20 13 34.280  0.00  22
   106524  40.499943 -124.330168    19.911       -6.9        6.3       10.7     32.8     29.4     42.1 2021 12 20 23 36 10.800  0.00  22
   106527  40.499972 -124.330062    19.903        2.1        9.5        2.5     20.4     20.0     29.7 2021 12 21 16 55 43.720  0.00  22
   106529  40.499939 -124.329793    19.903       24.8        5.9        3.4     25.1     13.4     18.8 2021 12 22 13 48 19.960  0.00  22
   106532  40.499984 -124.329948    19.903       11.7       10.8        2.5     19.6     17.9     26.3 2021 12 31 10 42 27.260  0.00  22
   106533  40.499740 -124.330387    19.894      -25.5      -16.3       -5.9     27.5     23.8     23.9 2021 12 31  3 37 56.200  0.00  22
   106534  40.499813 -124.330379    19.887      -24.8       -8.1      -12.6     30.3     25.9     40.9 2021 12 31 21 34 28.140  0.00  22
   106536  40.500069 -124.330168    19.899       -6.9       20.3       -1.4     16.9     17.4     31.9 2022  1  9 11 45 39.380  0.00  22
   106539  40.500004 -124.330143    19.902       -4.8       13.1        1.6     15.1     12.8     26.5 2022  1 21 14 11  2.100  0.00  22
   106541  40.499902 -124.330241    19.902      -13.1        1.8        1.7     24.6     16.2     25.9 2022  2  4  4 18 16.160  0.00  22
   106542  40.499910 -124.330233    19.900      -12.4        2.7        0.3     22.7     17.5     28.2 2022  2 10  0 57 15.920  0.00  22
   106546  40.499841 -124.330160    19.892       -6.2       -5.0       -7.9     19.4     14.1     21.9 2022  2 18 16 18 39.800  0.00  22
   106549  40.499988 -124.330135    19.913       -4.1       11.3       13.5     25.9     23.3     33.7 2022  2 26  1 58 19.200  0.00  22
   106552  40.499992 -124.330200    19.919       -9.7       11.7       19.2     21.4     17.0     26.9 2022  3 10 21 16 10.420  0.00  22
   106557  40.500061 -124.329980    19.927        9.0       19.4       26.8     26.2     18.8     26.1 2022  4  6  3 51 39.260  0.00  22
   106560  40.499727 -124.330452    19.870      -31.0      -17.6      -30.2     36.0     23.7     32.2 2022  4 18  8  0 40.700  0.00  22
   106561  40.499768 -124.330037    19.877        4.1      -13.1      -23.1     21.7     14.6     22.0 2022  4 21  7 33 54.460  0.00  22
   106566  40.499915 -124.330013    19.899        6.2        3.2       -1.3     19.7     14.7     22.5 2022  5  5 21 18  3.760  0.00  22
   106567  40.499943 -124.330184    19.907       -8.3        6.3        6.5     19.4     15.1     26.9 2022  5  5 17 13 44.200  0.00  22
   106569  40.500020 -124.330086    19.921        0.0       14.9       21.0     19.2     18.8     22.1 2022  5  7 12 38 39.640  0.00  22
   106570  40.499829 -124.330103    19.887       -1.4       -6.3      -12.7     17.8     13.3     21.6 2022  5  8  7 49 19.740  0.00  22
   106572  40.499874 -124.330046    19.893        3.4       -1.4       -7.1     17.5     12.1     20.1 2022  5 16  5 33 29.740  0.00  22
   106573  40.499841 -124.330013    19.897        6.2       -5.0       -3.3     20.8     16.0     22.6 2022  5 20 19 54 22.980  0.00  22
   106574  40.499736 -124.330282    19.905      -16.6      -16.7        4.7     29.9     21.8     25.4 2022  5 20 15 50 39.120  0.00  22
   106575  40.499768 -124.329997    19.869        7.6      -13.1      -31.0     22.9     17.2     27.9 2022  5 20 22 17 57.460  0.00  22
   106576  40.499894 -124.330151    19.902       -5.5        0.9        1.7     17.6     12.7     19.4 2022  5 20 18 39 27.940  0.00  22
   106579  40.499748 -124.330534    19.866      -37.9      -15.4      -33.9     35.3     28.2     48.7 2022  5 23 22 22 59.620  0.00  22
   106581  40.499662 -124.330054    19.876        2.8      -24.9      -24.3     24.2     24.2     26.2 2022  5 24 11 32  4.600  0.00  22
   106584  40.499801 -124.330168    19.889       -6.9       -9.5      -10.8     23.2     17.1     22.1 2022  6  6  1 43  9.260  0.00  22
   106585  40.499858 -124.329940    19.891       12.4       -3.2       -8.6     21.7     18.3     26.5 2022  6  8 21 52 21.420  0.00  22
   106586  40.499858 -124.329989    19.894        8.3       -3.2       -6.5     20.8     14.3     22.5 2022  6  8  8 31  1.680  0.00  22
   106591  40.500439 -124.327995    19.844      177.3       61.5      -56.1     69.4     55.6     67.6 2022  7  6 22 51 29.360  0.00  22
   106593  40.499841 -124.330037    19.889        4.1       -5.0      -11.1     27.0     20.9     29.4 2022  7 27 21  8 17.640  0.00  22
   106594  40.499967 -124.330322    19.917      -20.0        9.0       16.7     40.1     31.9     45.3 2022  8 22 16 15 52.900  0.00  22
   106599  40.500146 -124.329932    19.913       13.1       28.9       13.3     33.5     23.8     30.3 2022  9  4  8 51 58.480  0.00  22
   106601  40.500057 -124.330037    19.916        4.1       19.0       16.3     21.9     18.3     23.3 2022  9  7  3 58 19.820  0.00  22
   106603  40.499691 -124.330298    19.858      -17.9      -21.7      -41.8     18.0     23.8     34.6 2022  9 16 11 23 56.920  0.00  22
   106604  40.499748 -124.330306    19.906      -18.6      -15.4        6.4     28.1     21.0     24.6 2022  9 21 12 55 45.460  0.00  22
   106606  40.499707 -124.330591    19.875      -42.8      -19.9      -25.1     35.3     26.9     43.1 2022  9 30  2 48 59.280  0.00  22
   106607  40.499723 -124.330981    19.878      -75.9      -18.1      -21.7     43.1     30.7     45.2 2022 10  2 22 20 34.200  0.00  22
   106608  40.499784 -124.330249    19.897      -13.8      -11.3       -3.3     23.9     18.2     19.1 2022 10  9  3 35 32.100  0.00  22
   110407  40.499890 -124.330151    19.902       -5.5        0.5        1.7     19.2     13.5     22.4 2023  5 30  8 32 35.380  1.14  22
