   107694  40.533297 -123.982137    20.913       31.7       21.7       53.4   1530.1    839.2   1365.2 2021  6 15 12 30 58.240  0.00  62
   107705  40.533366 -123.981958    20.920       46.9       29.4       60.4   1540.9    891.4   1312.7 2021  6 15 14 32 56.860  0.00  62
   107712  40.533301 -123.982121    20.909       33.1       22.1       49.4   1490.2    830.4   1259.7 2021  6 15  8  3 51.620  0.00  62
   107714  40.533309 -123.982129    20.911       32.4       23.0       50.9   1525.5    831.9   1293.8 2021  6 15 10 52 14.820  0.00  62
   107717  40.533362 -123.982031    20.919       40.7       28.9       59.0   1666.8    902.8   1341.6 2021  6 16 15 46 43.780  0.00  62
   107720  40.533403 -123.981340    20.885       99.3       33.4       24.6   1567.1    879.7   1146.7 2021 10  6 17 29 42.880  0.00  62
   107721  40.533411 -123.981299    20.886      102.7       34.3       26.0   1571.9    884.8   1117.0 2021 10  6 20 25 50.100  0.00  62
   107722  40.533435 -123.981266    20.888      105.5       37.1       28.2   1564.9    888.5   1098.3 2021 10  6 18 11 58.240  0.00  62
   107723  40.533171 -123.982056    20.860       38.6        7.7       -0.1   1567.8    911.5   1008.9 2021 10  9 15  7 49.740  0.00  62
   107724  40.533464 -123.981299    20.898      102.7       40.2       37.6   1215.9    802.8    927.2 2021 10  9  7 48 42.600  0.00  62
   107725  40.533427 -123.980729    20.859      151.0       36.1       -0.5   2656.4    806.3   1451.8 2021 10 10 14 38 48.420  0.00  62
   107727  40.534106 -123.980672    20.956      155.8      111.6       96.4   1871.8   1460.1   1386.0 2022  8 10 10 48 36.500  0.00  62
   107728  40.534041 -123.980770    20.953      147.6      104.4       92.8   1733.0   1385.5   1305.9 2022  8 10 10 31 24.380  0.00  62
   107729  40.533012 -123.982625    20.850       -9.7       -9.9      -10.0   1337.0   1209.7   1154.2 2022  9 22  4 56  7.220  0.00  62
   107730  40.533008 -123.982642    20.848      -11.0      -10.4      -12.1   1403.3   1217.2   1275.1 2022  9 22  7  9 54.480  0.00  62
   110449  40.532833 -123.983301    20.831      -66.9      -29.8      -29.3   1006.4    794.5    795.3 2023  2 25  4  7 30.630  0.97  62
