   104725  40.729911 -124.223926    20.732      -37.1        2.3        2.2     44.0     18.5     25.2 2021  8  1 17 14 21.960  0.00  18
   104728  40.729826 -124.222917    20.710       48.1       -7.2      -19.7     27.0     15.5     26.1 2021  8 12  1  5 10.400  0.00  18
   104729  40.729810 -124.222892    20.711       50.2       -9.0      -19.0     27.0     15.4     24.7 2021  8 12  1  0 35.920  0.00  18
   104730  40.729818 -124.222884    20.691       50.9       -8.1      -38.5     36.0     19.8     36.3 2021  8 12  4  6 13.180  0.00  18
   104731  40.729928 -124.223307    20.709       15.1        4.1      -21.3     25.5     14.6     22.0 2021  8 12  1 11 44.700  0.00  18
   104732  40.729907 -124.223299    20.715       15.8        1.8      -14.6     28.7     16.7     20.4 2021  8 12  4 31 21.500  0.00  18
   104736  40.729858 -124.222917    20.699       48.1       -3.6      -31.0     35.2     20.4     34.9 2021  8 12  4 26 21.340  0.00  18
   104738  40.729948 -124.223299    20.703       15.8        6.3      -27.3     23.1     14.2     21.4 2021  8 12  1 38 51.820  0.00  18
   104739  40.729850 -124.222982    20.725       42.6       -4.5       -5.0     30.5     18.1     27.9 2021  8 12  1 40 19.140  0.00  18
   104743  40.729858 -124.222827    20.722       55.7       -3.6       -8.2     37.3     19.2     34.8 2021  8 12  2  8 24.840  0.00  18
   104746  40.729924 -124.223112    20.718       31.6        3.6      -12.1     29.0     20.8     32.9 2021  8 12  1 17 20.740  0.00  18
   104751  40.729952 -124.223234    20.717       21.3        6.8      -13.1     22.7     16.6     21.1 2021  9 25 19 29 33.640  0.00  18
   104752  40.729875 -124.222957    20.726       44.7       -1.8       -4.3     28.7     17.6     21.5 2021  9 25 19 41 25.880  0.00  18
   104753  40.729846 -124.223022    20.721       39.2       -5.0       -8.6     29.4     15.9     20.7 2021  9 25 20  4 29.320  0.00  18
   104754  40.729944 -124.223079    20.701       34.4        5.9      -29.5     28.0     17.2     29.3 2021  9 25 19 41 55.140  0.00  18
   104755  40.729919 -124.223299    20.698       15.8        3.2      -32.0     31.3     17.9     26.0 2021  9 25 21 31 36.900  0.00  18
   104756  40.729867 -124.222917    20.713       48.1       -2.7      -17.3     24.9     15.1     33.4 2021  9 25 19 57 59.400  0.00  18
   104757  40.729822 -124.222982    20.709       42.6       -7.7      -21.2     31.7     18.9     22.3 2021  9 25 19 21 20.700  0.00  18
   104758  40.729919 -124.223315    20.727       14.4        3.2       -3.4     23.0     17.4     26.7 2021  9 25 21 50 47.040  0.00  18
   104759  40.729867 -124.222933    20.723       46.7       -2.7       -6.9     30.2     19.9     19.4 2021  9 25 19 42 14.420  0.00  18
   104760  40.729968 -124.223234    20.728       21.3        8.6       -1.7     28.4     22.8     28.9 2021  9 25 19 30 41.020  0.00  18
   104765  40.729956 -124.223153    20.721       28.2        7.2       -9.5     21.6     14.8     24.8 2021  9 26  0 23 57.940  0.00  18
   104766  40.729907 -124.223169    20.706       26.8        1.8      -24.4     26.1     16.8     24.5 2021  9 26  4 48 58.440  0.00  18
   104767  40.729940 -124.223332    20.702       13.1        5.4      -28.4     25.6     15.8     27.4 2021  9 26  4 47 56.220  0.00  18
   104768  40.729915 -124.223234    20.709       21.3        2.7      -21.0     24.8     16.0     20.9 2021  9 26  4 58 59.300  0.00  18
   104769  40.729793 -124.222965    20.715       44.0      -10.8      -14.5     31.4     15.3     21.5 2021  9 26  3  8  4.900  0.00  18
   104770  40.729895 -124.223275    20.717       17.9        0.5      -13.4     26.0     14.3     19.6 2021  9 26  6 47  1.820  0.00  18
   104778  40.729728 -124.223071    20.724       35.1      -18.1       -6.3     41.3     27.1     35.4 2021  9 26  4 52 20.080  0.00  18
   104779  40.729899 -124.222925    20.704       47.4        0.9      -25.7     28.5     18.5     25.5 2021  9 27  3 38 24.020  0.00  18
   104780  40.729867 -124.223234    20.730       21.3       -2.7       -0.3     38.5     15.8     16.7 2021 10  2 13 58 43.600  0.00  18
   104782  40.729850 -124.222795    20.711       58.4       -4.5      -19.1     29.0     15.2     27.8 2021 10  2 16  3 32.660  0.00  18
   104785  40.729887 -124.223779    20.730      -24.7       -0.5       -0.2     44.3     17.9     25.0 2021 10 10  8 36 52.560  0.00  18
   104787  40.729883 -124.223918    20.747      -36.4       -0.9       16.6     47.7     18.7     31.2 2021 10 10  9 56 51.320  0.00  18
   104791  40.729875 -124.223088    20.698       33.7       -1.8      -31.9     41.3     24.4     32.8 2021 10 18  5  9 10.720  0.00  18
   104793  40.729972 -124.223210    20.687       23.4        9.0      -43.2     39.7     23.2     33.8 2021 10 18  5  9 57.000  0.00  18
   104794  40.729854 -124.223047    20.723       37.1       -4.1       -6.9     24.3     14.7     20.8 2021 10 30 10 59 31.620  0.00  18
   104797  40.729956 -124.223853    20.720      -30.9        7.2       -9.6     40.8     16.5     22.7 2021 11  7 19 48  6.500  0.00  18
   104800  40.729924 -124.223055    20.676       36.4        3.6      -54.3     40.0     16.0     41.6 2022  3 25 13 28 32.140  0.00  18
   104801  40.729887 -124.222925    20.706       47.4       -0.5      -23.9     39.5     17.6     31.6 2022  3 25 22  6 11.360  0.00  18
   104803  40.729944 -124.223088    20.660       33.7        5.9      -69.7     41.3     18.2     42.4 2022  3 25 14  8 59.840  0.00  18
   104804  40.729960 -124.223161    20.682       27.5        7.7      -47.6     42.3     18.9     36.1 2022  3 25 13 50 50.600  0.00  18
   104805  40.729834 -124.222860    20.677       52.9       -6.3      -53.3     30.8     13.0     36.6 2022  3 25  8 23 32.880  0.00  18
   104806  40.729960 -124.223104    20.667       32.3        7.7      -63.1     40.8     18.5     41.0 2022  3 25 14 20 37.640  0.00  18
   104808  40.729895 -124.222852    20.665       53.6        0.5      -64.6     44.4     16.4     43.5 2022  3 25 15 24 24.460  0.00  18
   104809  40.729960 -124.223145    20.679       28.9        7.7      -51.1     42.5     19.3     37.0 2022  3 25  9 31 23.220  0.00  18
   104810  40.729956 -124.223128    20.663       30.2        7.2      -66.5     42.7     19.3     38.3 2022  3 25 12 25 14.960  0.00  18
   104811  40.729924 -124.222925    20.675       47.4        3.6      -55.2     45.3     18.1     38.7 2022  3 25  8  9 50.540  0.00  18
   104814  40.729960 -124.223088    20.648       33.7        7.7      -82.1     43.8     19.8     39.4 2022  3 25 11 52 42.820  0.00  18
   104825  40.729850 -124.222697    20.699       66.7       -4.5      -31.2     42.1     18.8     29.9 2022  3 27  3 21 36.620  0.00  18
   104826  40.729887 -124.223022    20.671       39.2       -0.5      -59.4     31.0     18.1     40.1 2022  6  6  6 54 28.160  0.00  18
   104829  40.729838 -124.223185    20.725       25.4       -5.9       -4.6     33.3     14.5     17.4 2022  6 27 15 18 26.760  0.00  18
   104831  40.729907 -124.223983    20.742      -41.9        1.8       11.7     56.7     21.7     31.0 2022  6 27 15 19 54.380  0.00  18
   104834  40.729806 -124.223690    20.686      -17.2       -9.5      -44.1     39.9     21.8     25.9 2022  9 22  6  7 32.900  0.00  18
   104836  40.729972 -124.223617    20.654      -11.0        9.0      -75.7     29.3     18.8     54.2 2022 11 19 14 19 54.200  0.00  18
   110351  40.729907 -124.223641    20.753      -13.1        1.8       22.6     21.8     13.4     23.0 2023  1  6 12 32 56.510  1.36  18
