   106108  40.495797 -123.975586    20.747       26.2     -751.9     -144.6     25.4     19.3     22.7 2020  8  9  5 42 39.180  0.00  60
   106111  40.495780 -123.975618    20.746       23.5     -753.7     -145.2     24.6     22.7     21.9 2020 11 30  1 29 11.000  0.00  60
   106114  40.495752 -123.975618    20.744       23.5     -756.8     -147.2     31.3     30.8     31.4 2021  7 10  6 45  4.760  0.00  60
   106118  40.495785 -123.975643    20.748       21.4     -753.2     -143.0     24.1     21.8     21.2 2022  4 18 15 56 36.880  0.00  60
   106120  40.495776 -123.975618    20.746       23.5     -754.1     -145.5     25.3     22.6     21.7 2022  9  7 20 48 18.260  0.00  60
   106122  40.495801 -123.975586    20.747       26.2     -751.4     -144.3     23.7     18.2     22.4 2022 11 18  1 46 11.180  0.00  60
   108843  40.507304 -123.976099    20.990      -17.2      525.9       99.0     29.3     21.9     21.8 2020  6 30 18 24 45.540  0.00  60
   108845  40.507304 -123.976090    20.990      -16.6      525.9       99.3     20.0     18.9     20.5 2021  6 25 11 47  3.720  0.00  60
   108846  40.507308 -123.976082    20.992      -15.9      526.4      101.0     18.2     16.7     17.2 2021  6 29 14 49 28.900  0.00  60
   108847  40.507312 -123.976082    20.992      -15.9      526.8      101.1     17.2     15.3     16.7 2021  7 12  8  6 52.460  0.00  60
   108848  40.507308 -123.976090    20.992      -16.6      526.4      101.0     15.5     13.6     15.8 2021  7 31 15 40 27.060  0.00  60
   108850  40.507304 -123.976099    20.991      -17.2      525.9       99.9     24.5     20.1     22.2 2022  1  7 22 34 42.920  0.00  60
   108851  40.507304 -123.976099    20.990      -17.2      525.9       99.0     28.5     21.2     26.3 2022  1 21 15 52 59.180  0.00  60
   108854  40.507312 -123.976090    20.992      -16.6      526.8      101.2     18.2     12.5     17.0 2022  7 26  5 20 28.200  0.00  60
   108855  40.507308 -123.976090    20.992      -16.6      526.4      101.3     19.1     13.3     18.7 2022 11 19 11 57  9.280  0.00  60
   110393  40.495797 -123.975610    20.748       24.1     -751.9     -143.4     19.5     17.8     19.2 2023  1  5 23 38  8.240  1.45  60
   110557  40.507304 -123.976099    20.992      -17.2      525.9      100.7     18.6     14.2     17.3 2023  1  2 17 21 40.040  1.10  60
