   102182  40.446236 -124.654362    25.043       -7.6      -54.2     -177.0      2.1      3.4      8.7 2020  1 15 17 42 30.720  0.00  10
   102184  40.448523 -124.652336    25.031      164.3      199.7     -189.4      7.3      9.0     30.2 2020  1 17  0 45  9.680  0.00  10
   102188  40.446073 -124.654085    25.513       15.9      -72.3      293.0      2.7      3.0      9.1 2020  1 21  4 20 43.480  0.00  10
   102200  40.449483 -124.651310    22.476      251.3      306.3    -2744.2      7.2      9.4      8.9 2020  3 19  5 35 45.780  0.00  10
   102205  40.446562 -124.654256    25.533        1.4      -18.1      312.9      1.8      3.6     10.6 2020  3 30 12 52 56.680  0.00  10
   102210  40.448279 -124.653402    25.507       73.9      172.6      287.4      5.2      5.6     20.3 2020  4 19 20 24 43.340  0.00  10
   102212  40.454862 -124.650871    23.803      288.6      903.7    -1416.6      3.3      9.2      3.7 2020  4 23 16 58 36.620  0.00  10
   102228  40.447058 -124.654215    25.622        4.8       37.1      402.2      3.2      3.4     10.9 2020  6  6 17 33 56.240  0.00  10
   102230  40.444222 -124.654818    25.298      -46.3     -277.9       78.2      4.6      7.0     13.5 2020  6  8  6 32 15.660  0.00  10
   102238  40.445101 -124.654574    25.250      -25.5     -180.3       30.5      4.3      5.6     15.2 2020  6 26 15 28 13.260  0.00  10
   102242  40.434033 -124.657723    26.031     -292.8    -1409.3      810.8      3.5      5.1     11.7 2020  7  2  9 45 28.780  0.00  10
   102243  40.451949 -124.652930    25.734      113.9      580.2      513.9      4.7     10.3      8.5 2020  7  4 10 27 11.180  0.00  10
   102245  40.446684 -124.654134    25.503       11.7       -4.5      283.1      2.2      2.4      9.0 2020  7 15 14 48 38.640  0.00  10
   102246  40.443998 -124.654687    25.452      -35.2     -302.7      232.4      2.8      5.0     10.4 2020  7 15  6 44  5.980  0.00  10
   102248  40.448454 -124.653923    24.936       29.7      192.0     -284.2      2.6      3.8     11.2 2020  7 19 18 15 35.580  0.00  10
   102251  40.448328 -124.654183    25.254        7.6      178.0       34.0      4.8      5.9      9.8 2020  7 24 17 25 56.900  0.00  10
   102255  40.444023 -124.655021    25.041      -63.5     -300.0     -179.2      5.5      8.5     20.9 2020  8  9  8 20 35.060  0.00  10
   102264  40.449898 -124.653182    25.253       92.5      352.4       33.1      2.7      5.4      8.2 2020  8 30  7 38 46.020  0.00  10
   102266  40.446501 -124.653996    25.511       23.5      -24.9      290.8      2.6      2.6      9.5 2020  9  9 23 36 32.240  0.00  10
   102267  40.446891 -124.654085    25.480       15.9       18.5      260.3      2.3      2.5      9.1 2020  9 10  0 16 17.420  0.00  10
   102268  40.444023 -124.654793    25.183      -44.2     -300.0      -37.4      2.1      5.0      9.0 2020  9 10  3 19 24.240  0.00  10
   102270  40.446391 -124.654175    24.871        8.3      -37.1     -349.0      3.1      4.7     16.9 2020  9 18  0 58 33.740  0.00  10
   102277  40.442973 -124.655005    25.023      -62.1     -416.6     -197.2      7.4     11.7     22.3 2020 10 12 19 25 13.660  0.00  10
   102279  40.453613 -124.652043    25.236      189.2      765.0       15.6      4.1      9.8     13.4 2020 10 14  1 51 41.000  0.00  10
   102282  40.448185 -124.653613    25.531       55.9      162.2      310.8      4.9      5.1     16.6 2020 10 21  8 40 43.180  0.00  10
   102283  40.445345 -124.655859    25.561     -134.6     -153.2      341.4      5.2      6.0     17.2 2020 10 24 23  4 54.880  0.00  10
   102285  40.446281 -124.654159    25.389        9.7      -49.3      169.4      2.9      2.7     10.6 2020 11  1 13 18 54.340  0.00  10
   102294  40.444242 -124.654850    25.824      -49.0     -275.6      604.0      2.7      4.8      8.5 2020 11 14  6 37 54.500  0.00  10
   102301  40.449760 -124.653385    25.572       75.3      337.1      351.9      5.8      8.8     18.6 2020 12  1 22 12 47.360  0.00  10
   102303  40.445980 -124.654069    24.638       17.3      -82.7     -581.7      3.2      3.7     17.0 2020 12  5 11 45  1.180  0.00  10
   102322  40.444145 -124.657275    26.961     -254.8     -286.5     1740.8      7.0     12.2     14.6 2021  3 12  0 34 57.040  0.00  10
   102324  40.443685 -124.654215    24.482        4.8     -337.5     -738.3      4.6      6.9     26.6 2021  3 12  1 21 53.360  0.00  10
   102333  40.447217 -124.654338    24.965       -5.5       54.7     -255.3      2.3      3.2     12.6 2021  4  2 13 31 56.200  0.00  10
   102336  40.445011 -124.654875    24.886      -51.1     -190.2     -333.7      4.6      6.9     18.6 2021  4 10 16 40 38.080  0.00  10
   102338  40.446163 -124.654354    24.989       -6.9      -62.4     -230.6      2.2      3.6     12.9 2021  4 16  5 33 23.300  0.00  10
   102340  40.445667 -124.654411    25.122      -11.7     -117.5      -98.0      2.3      4.4      9.8 2021  4 16  5 35 19.500  0.00  10
   102344  40.444893 -124.655518    25.479     -105.6     -203.3      258.7      6.9      8.1     25.4 2021  5  4 21 50 51.440  0.00  10
   102345  40.444039 -124.656706    26.790     -206.4     -298.2     1570.0      3.7      4.7      9.8 2021  5  4 21 38 56.240  0.00  10
   102355  40.446191 -124.653923    25.528       29.7      -59.2      308.1      4.1      3.3      8.7 2021  5 30  0 32 40.240  0.00  10
   102360  40.449093 -124.650236    23.398      342.4      263.0    -1821.7      8.3      6.5     10.3 2021  6 12 12 22 59.900  0.00  10
   102362  40.450387 -124.653418    25.230       72.5      406.7       10.4      4.0      5.6     13.0 2021  6 24 19 30 18.060  0.00  10
   102371  40.447286 -124.654272    25.525        0.0       62.4      304.7      3.4      2.6     11.2 2021  7 21 12 26  5.200  0.00  10
   102372  40.447196 -124.654281    25.476       -0.7       52.4      256.0      2.1      2.3      7.6 2021  7 21 11 22 14.200  0.00  10
   102373  40.444902 -124.653768    25.297       42.8     -202.4       77.4      2.7      5.0     15.9 2021  7 21 11 54 55.820  0.00  10
   102384  40.448031 -124.654313    25.545       -3.5      145.0      324.7      2.1      3.5      6.9 2021  9  8  2 16  1.420  0.00  10
   102385  40.445492 -124.654435    24.982      -13.8     -136.9     -237.5      3.2      5.0     13.8 2021  9  9 12 37 57.360  0.00  10
   102387  40.446354 -124.654297    25.019       -2.1      -41.1     -201.4      2.6      3.5     11.9 2021  9 10  1  1 31.200  0.00  10
   102388  40.447298 -124.654313    25.372       -3.5       63.7      152.5      2.6      2.6      7.4 2021  9 15  6 30 53.620  0.00  10
   102390  40.445138 -124.654582    25.073      -26.2     -176.2     -147.2      4.8      6.5     17.7 2021 10  4  4 32 17.280  0.00  10
   102392  40.446769 -124.654321    25.622       -4.1        5.0      402.2      2.6      2.4      9.3 2021 10 18  2 39 39.300  0.00  10
   102393  40.445927 -124.654313    24.939       -3.5      -88.6     -281.0      3.4      4.4     14.9 2021 10 23 14 44 14.460  0.00  10
   102399  40.448596 -124.653800    25.530       40.0      207.8      310.4      4.1      5.5     12.5 2021 11 10  9 26 40.460  0.00  10
   102404  40.448836 -124.649121    23.326      437.0      234.5    -1894.2      7.6     12.1      9.2 2021 11 13  7 46 30.500  0.00  10
   102408  40.446281 -124.654118    25.030       13.1      -49.3     -189.8      3.2      3.5     10.6 2021 11 30  5 12 25.660  0.00  10
   102410  40.447298 -124.654069    25.123       17.3       63.7      -97.4      2.7      3.7      7.4 2021 12  1 15  9 27.140  0.00  10
   102414  40.446444 -124.654313    24.816       -3.5      -31.2     -403.8      3.4      4.2     17.7 2021 12 11 10  9 36.640  0.00  10
   102418  40.446261 -124.654207    25.187        5.5      -51.5      -32.7      2.5      2.5      8.7 2022  1  6 20 31  6.480  0.00  10
   102422  40.446183 -124.654110    25.034       13.8      -60.1     -186.2      3.2      3.5     11.8 2022  1 16 20  3 25.640  0.00  10
   102423  40.446810 -124.654224    24.621        4.1        9.5     -598.6      2.9      2.8     15.7 2022  1 16 23 26 59.440  0.00  10
   102424  40.446187 -124.654224    24.787        4.1      -59.6     -433.1      3.0      3.8     12.2 2022  1 16 23 21 31.880  0.00  10
   102425  40.446106 -124.654256    25.039        1.4      -68.7     -180.7      4.0      4.6     13.3 2022  1 16 23 34 44.500  0.00  10
   102429  40.448299 -124.653882    25.493       33.1      174.9      272.9      3.3      4.3      9.9 2022  2 11  7 42  4.820  0.00  10
   102437  40.446521 -124.654183    25.341        7.6      -22.6      121.1      3.3      3.3      9.1 2022  3 26  2  8 37.740  0.00  10
   102439  40.447750 -124.654167    25.587        9.0      113.9      366.7      3.7      4.3     11.8 2022  3 26  3 20 55.020  0.00  10
   102441  40.448881 -124.651636    23.799      223.7      239.5    -1420.5      4.2      7.3     36.4 2022  3 27  9  2  0.020  0.00  10
   102452  40.438859 -124.656063    25.159     -151.9     -873.4      -60.6      4.0      8.9     12.3 2022  5 19  4 59 54.560  0.00  10
   102456  40.445723 -124.654354    25.508       -6.9     -111.2      288.0      2.5      3.5      9.0 2022  5 26 14 46 51.040  0.00  10
   102460  40.447428 -124.654150    25.283       10.4       78.2       63.3      4.3      4.2     13.0 2022  6  4 18 39 40.820  0.00  10
   102461  40.447514 -124.654199    25.643        6.2       87.7      423.0      4.5      4.6     14.4 2022  6  4 18 37 39.740  0.00  10
   102462  40.446590 -124.654118    24.349       13.1      -14.9     -870.8      2.9      3.3     26.5 2022  6  7  7 42  2.260  0.00  10
   102467  40.447192 -124.654199    24.912        6.2       52.0     -307.6      3.4      4.7     11.6 2022  6 29 15 43 49.420  0.00  10
   102478  40.453284 -124.652954    25.420      111.8      728.4      200.0      6.6      9.3     19.2 2022  7 28  0 49 37.560  0.00  10
   102479  40.444609 -124.654924    24.400      -55.2     -235.0     -819.8      5.1      7.9     25.7 2022  8  1 11 26 14.540  0.00  10
   102480  40.445304 -124.654744    23.828      -40.0     -157.7    -1392.2      5.8     17.5      7.9 2022  8  1 11 14 15.880  0.00  10
   102484  40.447668 -124.654028    25.228       20.7      104.8        7.7      3.2      4.8      8.4 2022  9  2 22 28 11.020  0.00  10
   102487  40.446244 -124.654248    24.707        2.1      -53.3     -512.6      2.7      3.9     16.4 2022  9 13 10 25 13.400  0.00  10
   102488  40.446842 -124.654167    25.398        9.0       13.1      177.7      2.3      2.6      8.2 2022  9 15 10 27 10.840  0.00  10
   102495  40.447738 -124.654150    25.547       10.4      112.5      326.9      3.9      4.9     12.1 2022 10  2 19 19 28.360  0.00  10
   102497  40.445492 -124.654574    25.215      -25.5     -136.9       -4.8      4.8      7.2     14.1 2022 10  7 21 58 55.180  0.00  10
   102498  40.448332 -124.653353    25.271       78.0      178.5       51.4      5.9      7.7     19.9 2022 10  8 23 33 52.300  0.00  10
   102502  40.445748 -124.654118    25.251       13.1     -108.4       30.8      2.2      3.1     10.5 2022 10 22  7  6 12.100  0.00  10
   102504  40.446464 -124.654036    25.446       20.0      -28.9      226.4      4.2      3.1      8.7 2022 11  8  8 25 11.960  0.00  10
   102510  40.449459 -124.652417    23.928      157.4      303.6    -1292.4      5.3      5.7      6.8 2022 11 22 13 37 11.000  0.00  10
   110301  40.446602 -124.654305    25.282       -2.8      -13.6       61.9      1.9      2.4      6.2 2023  5 20  8 26 59.420  1.66  10
