   109669  40.400028 -124.278979    26.867      -82.2      -74.6        7.0    127.4     85.0     59.2 2021  6 30  4  7 16.980  0.00  49
   109670  40.400688 -124.278174    26.867      -13.8       -1.4        7.0     53.8     28.1     52.7 2021 12 20 21 33 53.800  0.00  49
   109671  40.400675 -124.277848    26.846       13.8       -2.7      -14.2     47.1     60.8     48.4 2021 12 20 20 16  2.340  0.00  49
   109672  40.400907 -124.277832    26.865       15.2       23.0        4.6     63.2     69.3     47.0 2021 12 20 21  4  2.560  0.00  49
   109674  40.400842 -124.277775    26.864       20.0       15.8        4.0     69.1     60.6     45.6 2021 12 20 22  5 33.080  0.00  49
   109675  40.400903 -124.277808    26.871       17.3       22.6       10.7     71.6     63.6     49.1 2021 12 20 20 38 16.520  0.00  49
   109676  40.399577 -124.277482    26.806       44.9     -124.7      -54.0     85.6    124.6     94.2 2021 12 20 23 18 45.760  0.00  49
   109678  40.400895 -124.278215    26.866      -17.3       21.7        6.0     68.0     65.7     76.3 2021 12 20 20 28  8.320  0.00  49
   109680  40.401770 -124.277507    26.803       42.8      118.8      -57.4    103.5     79.9     53.5 2021 12 20 22 40  4.140  0.00  49
   109681  40.400199 -124.278402    26.841      -33.2      -55.6      -19.0     82.8     82.6     52.6 2021 12 20 21 16 57.840  0.00  49
   109682  40.400806 -124.277775    26.876       20.0       11.7       16.3     66.8     42.0     53.2 2021 12 21  0 35 38.260  0.00  49
   109683  40.400659 -124.278027    26.863       -1.4       -4.5        3.2     50.6     62.3     48.2 2021 12 21  1 29  1.520  0.00  49
   109684  40.399976 -124.278581    26.859      -48.4      -80.4       -0.6    167.1     70.4     49.5 2021 12 21 10 32 44.960  0.00  49
   109686  40.400830 -124.277824    26.853       15.9       14.5       -7.1     55.6     81.9     48.0 2021 12 21  9 35 39.700  0.00  49
   109688  40.400655 -124.277930    26.861        6.9       -5.0        1.1     49.9     39.1     53.0 2021 12 22 16 42 51.760  0.00  49
   109689  40.399752 -124.277791    26.814       18.7     -105.3      -45.5     81.2    110.4     66.2 2021 12 22 21 49  0.120  0.00  49
   109690  40.400671 -124.277962    26.864        4.1       -3.2        4.3     59.0     53.9     51.4 2021 12 23 19 18 59.440  0.00  49
   109691  40.400867 -124.280688    27.095     -227.3       18.5      235.2    145.4     76.5    157.0 2021 12 24 18 30 16.400  0.00  49
   109692  40.400675 -124.277987    26.857        2.1       -2.7       -3.3     48.9     48.2     41.3 2021 12 28 12 16  7.460  0.00  49
   109693  40.400639 -124.278198    26.862      -15.9       -6.8        2.4     58.0     49.3     46.4 2022  1  2  4  3 22.780  0.00  49
   109697  40.400387 -124.278589    26.890      -49.1      -34.8       30.2     66.7     88.2     53.5 2022  4  7 18 43 56.160  0.00  49
   110670  40.400769 -124.277954    26.862        4.8        7.7        1.9     46.2     34.9     42.6 2022 12 14  8 39 12.430  2.11  49
