   102991  40.496098 -124.498836    29.816     -919.0     1992.6      153.7      8.1     14.8     15.7 2020  1  9 13 40 58.740  0.00  27
   102998  40.498047 -124.496794    29.646     -745.9     2209.0      -16.7     14.2     19.4     24.6 2020 10  4  6 55  1.040  0.00  27
   103000  40.490206 -124.498486    29.744     -889.4     1338.3       81.3      8.8      8.6     11.9 2020 10  8 16 45 53.320  0.00  27
   103003  40.493355 -124.500285    29.887    -1041.9     1688.1      224.0      6.1      2.7     11.6 2020 12  7  8 22 35.820  0.00  27
   103004  40.491398 -124.501424    29.948    -1138.5     1470.7      285.6      8.4     14.8      9.6 2020 12 17 16 52 32.620  0.00  27
   103005  40.492700 -124.500627    29.896    -1070.9     1615.3      233.0      7.5      6.9     10.2 2020 12 23 12 56 52.620  0.00  27
   103006  40.494979 -124.499438    29.802     -970.1     1868.4      139.7      7.2     13.7     11.1 2021  1 17 10 19 59.280  0.00  27
   103012  40.491459 -124.501506    29.933    -1145.4     1477.5      270.7      8.9     12.0      9.2 2021  7 21 12  6 54.160  0.00  27
   103015  40.494747 -124.499398    29.870     -966.7     1842.6      207.3      7.5      8.8     11.4 2021  8  4 20 21 42.980  0.00  27
   103016  40.492057 -124.501139    29.833    -1114.3     1543.9      170.0      9.1     10.7     12.2 2021  8  5 18 12 32.940  0.00  27
   103017  40.492086 -124.501034    29.823    -1105.4     1547.1      160.0      9.5     10.5     12.7 2021  8  5 16 53 27.500  0.00  27
   103022  40.492810 -124.500586    29.781    -1067.4     1627.5      117.8     13.2     10.2     10.8 2021 11 14 22 32 35.820  0.00  27
   103023  40.493254 -124.500382    29.942    -1050.2     1676.8      279.1      6.0      5.6     10.8 2021 11 27  7 32 25.300  0.00  27
   103026  40.492436 -124.500830    29.894    -1088.1     1586.0      231.6      6.5     10.3      8.1 2021 12 21 17 14  4.720  0.00  27
   103028  40.492013 -124.500627    29.880    -1070.9     1539.0      216.9      9.1      9.4     12.7 2021 12 29 22 51 33.620  0.00  27
   103029  40.494267 -124.500041    29.826    -1021.2     1789.3      163.2      8.4     12.2     10.1 2022  1 23 14 14  2.380  0.00  27
   103031  40.492513 -124.500228    29.887    -1037.1     1594.5      223.9      7.6     11.1      8.3 2022  6 14 14 54 54.680  0.00  27
   103033  40.494023 -124.499935    29.891    -1012.2     1762.2      228.2      6.6      8.1      7.6 2022  9 26  8  0 17.200  0.00  27
   103034  40.492875 -124.500480    29.803    -1058.4     1634.8      140.6      7.8      9.4      9.7 2022  9 26  1 25  9.900  0.00  27
   103035  40.493014 -124.500505    29.842    -1060.5     1650.1      178.8      6.3      6.4      8.4 2022  9 26  3 48 41.620  0.00  27
   104657  40.466573 -124.479801    30.126      695.0    -1285.9      463.0     11.5     25.5     11.5 2020  3  9 10 51 18.620  0.00  27
   104658  40.462716 -124.476888    29.490      942.0    -1714.3     -172.8      7.5     10.3     10.3 2020  3 18 23 16  2.080  0.00  27
   104659  40.462573 -124.476978    29.451      934.5    -1730.1     -211.4     10.5     10.4     10.1 2020  3 20 11  9 12.380  0.00  27
   104660  40.462276 -124.476522    29.534      973.1    -1763.1     -128.4      8.6     11.8     12.0 2020  5 10 15 44 38.280  0.00  27
   104662  40.466532 -124.472892    29.252     1280.9    -1290.5     -411.0     14.9     37.8     20.9 2020 12 30 23  3 58.660  0.00  27
   104663  40.466931 -124.473120    29.165     1261.5    -1246.2     -497.6     17.5     42.0     24.5 2020 12 31 13 12 57.180  0.00  27
   104665  40.464522 -124.476481    29.467      976.5    -1513.7     -196.1     16.4     15.2     16.3 2021  6 24 14 45  8.020  0.00  27
   104667  40.462952 -124.476652    29.509      962.1    -1688.1     -153.5      8.5      9.2      9.6 2021  6 30 18 57 19.900  0.00  27
   104668  40.464644 -124.475716    29.549     1041.4    -1500.1     -113.4     12.8     13.4     12.7 2021  7  6 10 17  1.880  0.00  27
   104670  40.463399 -124.476904    29.602      940.7    -1638.4      -61.0     12.3     10.8      8.1 2021  7 21 11 24 19.480  0.00  27
   104672  40.462455 -124.478101    29.609      839.2    -1743.2      -53.5     11.1     15.8      9.7 2021  8 17  0  6 25.200  0.00  27
   104676  40.463855 -124.479256    30.047      741.2    -1587.8      384.6     12.3     19.8     16.8 2021 10 23  3  0  5.120  0.00  27
   104677  40.463904 -124.476123    29.395     1006.9    -1582.3     -268.3      9.9     15.4      9.5 2021 11  3 10 40 27.040  0.00  27
   104678  40.461877 -124.478955    29.907      766.8    -1807.4      244.0     11.7     20.9     13.8 2021 11 18  6 17 11.960  0.00  27
   104679  40.464384 -124.475545    29.571     1055.9    -1529.0      -91.8      8.0     13.3      8.2 2021 11 23  3 25  3.320  0.00  27
   104681  40.462126 -124.476611    29.587      965.5    -1779.8      -76.1      7.3     10.1      8.1 2021 12 22  1 49  7.300  0.00  27
   104682  40.462903 -124.476099    29.541     1009.0    -1693.5     -121.9      7.8      9.8      8.0 2021 12 22  2  6  5.140  0.00  27
   104684  40.465739 -124.481706    30.026      533.5    -1378.6      363.0     10.9     19.6     14.9 2022  4 16  8 34 43.700  0.00  27
   104685  40.457654 -124.472624    29.081     1303.7    -2276.4     -582.1      9.5     26.9     14.5 2022  4 21  0 59 15.880  0.00  27
   104686  40.463448 -124.476709    29.592      957.2    -1632.9      -71.2     11.7     13.6     12.7 2022  6 27 17 46 59.340  0.00  27
   104692  40.463241 -124.476302    29.567      991.7    -1656.0      -95.5      8.1      9.8      8.1 2022  9 24 22 42 50.600  0.00  27
   110314  40.493188 -124.499967    29.879    -1015.0     1669.5      216.0      6.4      6.6      9.0 2023  4 23 20 44 41.260  1.76  27
   110348  40.462459 -124.476611    29.614      965.5    -1742.7      -48.8      6.1      7.8      7.6 2022 12 15  2 16  4.110  2.47  27
