   102900  40.394832 -124.512508    21.078     1035.7     -178.0     1325.6    214.6    367.9    242.9 2020  1  7 21 14 24.860  0.00  68
   102901  40.395654 -124.512931    21.130      999.7      -86.8     1377.2    344.2    473.0    342.6 2020  2  9 15 30  9.720  0.00  68
   102903  40.394755 -124.512541    21.097     1032.9     -186.6     1344.1    140.3    426.5    183.1 2020  4 20 21 58  8.780  0.00  68
   102904  40.395194 -124.512484    21.038     1037.7     -137.8     1285.2    225.7    280.9    329.9 2021 11 29 10 14 46.380  0.00  68
   104441  40.401107 -124.524772    18.602       -5.5      518.7    -1150.6    427.1    575.6    936.4 2020  5 12 17 39 10.980  0.00  68
   104442  40.402075 -124.525138    18.287      -36.6      626.2    -1466.1    337.4    472.5    540.0 2020  5 17 18 32 25.060  0.00  68
   104451  40.401550 -124.524886    18.279      -15.2      568.0    -1473.7    293.9    402.6    538.9 2021  8  3  7  2 26.040  0.00  68
   104471  40.402043 -124.524837    18.773      -11.1      622.6     -980.0    358.4    663.4    771.5 2022  7  3 15 13  0.180  0.00  68
   109737  40.397111 -124.538273    18.344    -1151.7       75.0    -1409.1    141.0    232.3    236.3 2021 11 29 18 57 25.040  0.00  68
   109738  40.396960 -124.538241    18.300    -1149.0       58.3    -1453.3    156.5    247.6    234.1 2022  9 22  8 38  4.380  0.00  68
   110310  40.393693 -124.511792    20.988     1096.5     -304.5     1235.1    145.9    261.5    131.9 2022 12 24  5 13  7.020  2.60  68
   110339  40.401506 -124.524707    18.262        0.0      563.0    -1490.6    274.8    419.8    507.2 2023  1 30 19 45 47.760  1.21  68
   110684  40.397896 -124.538672    18.293    -1185.6      162.2    -1459.4    134.5    223.6    211.4 2023  3 16 11 19 56.420  1.21  68
