   108581  40.630672 -124.460514     6.715       57.1      -24.9      105.3    246.5    201.8    326.0 2020  5 13 20  3  4.300  0.00  69
   108582  40.630684 -124.460824     6.707       31.0      -23.5       96.6    204.2    178.4    371.9 2020  5 13 18 31 14.120  0.00  69
   108583  40.630705 -124.460742     6.722       37.9      -21.2      111.9    256.2    188.9    417.1 2020  5 14 18 38 58.560  0.00  69
   108584  40.630375 -124.459863     6.790      112.2      -57.8      180.0    177.7    182.9    292.2 2020  5 20 16 51 14.680  0.00  69
   108589  40.630908 -124.461214     6.606       -2.1        1.4       -3.5    139.0    150.7    211.3 2021  3 31 17 40 58.500  0.00  69
   108590  40.630900 -124.461141     6.596        4.1        0.5      -14.2    140.2    200.4    387.5 2021  4  1  6 16 55.760  0.00  69
   108592  40.630855 -124.461149     6.622        3.4       -4.5       12.3    179.3    129.7    201.6 2021  4  7  4 37 52.260  0.00  69
   108593  40.630945 -124.461304     6.597       -9.6        5.4      -13.1    263.1    191.4    326.4 2021  9 26 20 33 15.780  0.00  69
   108594  40.630908 -124.461214     6.608       -2.1        1.4       -2.4    162.6    130.8    219.9 2021 12 17 19 37 36.640  0.00  69
   108595  40.630908 -124.461230     6.607       -3.4        1.4       -3.1    156.0    136.1    235.6 2022  8 28 14 42 15.860  0.00  69
   108596  40.630847 -124.461092     6.628        8.3       -5.4       18.0    211.0    122.3    224.4 2022 10 24 21 45 36.600  0.00  69
   108598  40.630896 -124.461230     6.603       -3.4        0.0       -7.1    174.8    158.4    248.3 2022 11 11 16 42 55.460  0.00  69
   110528  40.630961 -124.461361     6.580      -14.5        7.2      -30.5    135.8    111.8    184.9 2023  4 29  9 23  2.130  0.95  69
