   103149  40.404643 -124.388501    27.731      248.7     1290.9    -1154.0   1575.5   2342.7   1816.6 2020  1 20  7 59 56.880  0.00  50
   103155  40.404948 -124.388566    27.748      243.2     1324.8    -1137.5   1700.8   2156.6   1841.6 2020  5  8 15 27 24.500  0.00  50
   103157  40.402189 -124.386694    27.508      402.1     1018.4    -1377.1   2747.7   3133.4   2947.8 2020 10 12 20 48 16.180  0.00  50
   103162  40.404118 -124.388468    27.729      251.5     1232.6    -1155.7   1887.3   2483.9   2003.7 2021  8  3  3 28  0.360  0.00  50
   103163  40.404875 -124.389071    27.772      200.4     1316.6    -1112.7   1559.5   2771.8   1869.6 2021 10  2  9 49 41.900  0.00  50
   103164  40.404915 -124.389054    27.771      201.7     1321.2    -1114.1   1567.0   2755.8   1876.2 2021 10  2  8 27 36.460  0.00  50
   103166  40.404358 -124.388257    27.702      269.4     1259.3    -1183.0   1617.3   2367.8   1833.1 2021 10 25  1 19 40.240  0.00  50
   103167  40.404582 -124.388330    27.662      263.2     1284.1    -1223.2   1692.9   2455.7   2210.4 2021 12 20 22  9 19.760  0.00  50
   103176  40.404419 -124.388289    27.707      266.7     1266.0    -1177.9   1620.8   2315.5   1829.2 2022  8 19 12 11 19.800  0.00  50
   103178  40.403813 -124.388159    27.682      277.7     1198.7    -1203.4   1464.7   2331.0   1784.8 2022 10 17  8 21 57.480  0.00  50
   103179  40.404850 -124.389079    27.773      199.7     1313.9    -1112.2   1572.1   2791.9   1882.8 2022 10 17  8 33 17.800  0.00  50
   103180  40.404928 -124.389038    27.770      203.1     1322.5    -1115.1   1565.1   2748.8   1875.0 2022 11 15  2 32 57.340  0.00  50
   103660  40.374174 -124.395638    30.566     -357.3    -2092.4     1680.5   4918.0   6918.6   5062.1 2020  3 19  2 25 29.840  0.00  50
   103662  40.377840 -124.401172    30.849     -827.1    -1685.3     1964.4   3646.6   5611.6   3332.2 2021  8  1  9 57 47.140  0.00  50
   103663  40.374337 -124.394751    30.487     -281.9    -2074.4     1602.4   4810.2   3907.0   5702.0 2021  9  4 15 10 50.460  0.00  50
   103664  40.376225 -124.395142    30.473     -315.1    -1864.7     1587.7   3786.5   6666.0   3545.6 2021  9 24 22 55 12.600  0.00  50
   103665  40.376290 -124.395150    30.473     -315.8    -1857.5     1587.6   3733.9   6665.7   3482.2 2021  9 25  0 45 28.340  0.00  50
   103666  40.374288 -124.394816    30.497     -287.5    -2079.8     1611.6   4518.1   3212.6   5288.6 2021 10  2  8 10 25.060  0.00  50
   103670  40.377303 -124.395793    30.560     -370.4    -1745.0     1675.3   5570.9   8065.2   5682.9 2021 12 21 20 41 34.660  0.00  50
   103671  40.375537 -124.395321    30.487     -330.3    -1941.1     1602.2   3950.2   5799.0   3752.7 2022  2 12  1 43 15.200  0.00  50
   110317  40.404427 -124.388127    27.681      280.5     1266.9    -1203.7   1963.7   3352.3   1818.7 2023  3 22 15 19 23.600  1.19  50
   110324  40.377519 -124.400773    30.922     -793.3    -1721.0     2037.2   2991.3   4537.5   3155.6 2022 12 22 11 49 54.180  3.63  50
