   107373  40.473271 -124.492936    16.979        3.5        8.1        9.5     11.9     17.8     27.1 2020  4 14  6 23  7.000  0.00  45
   107379  40.473234 -124.492952    16.981        2.1        4.1       11.3     12.5     12.4     20.9 2020  6 15  1 46 51.580  0.00  45
   107387  40.473238 -124.493018    16.984       -3.5        4.5       13.9      7.9     15.5     24.4 2020  7 27  4 46 34.380  0.00  45
   107392  40.473319 -124.492952    17.001        2.1       13.6       31.4     13.7     17.5     26.9 2020  8 30 19  4 40.040  0.00  45
   107394  40.473238 -124.492936    16.981        3.5        4.5       10.5     11.5     12.9     22.2 2020  9  3 10 23 36.500  0.00  45
   107395  40.473226 -124.492822    16.947       13.1        3.2      -22.7     18.2     29.3     48.4 2020  9 29 12 22 30.880  0.00  45
   107400  40.473169 -124.492904    16.946        6.2       -3.2      -23.7     14.7     21.4     37.9 2020 11 24 20 36 18.500  0.00  45
   107408  40.473185 -124.492928    16.956        4.1       -1.4      -13.8     12.9     18.2     32.2 2021  2 19 15 52  7.820  0.00  45
   107410  40.473295 -124.492961    16.986        1.4       10.8       16.2     10.6     18.5     25.5 2021  3  7 10 35 31.160  0.00  45
   107414  40.473287 -124.493026    16.998       -4.1        9.9       28.0     10.7     16.4     29.0 2021  4 25 18 54 25.160  0.00  45
   107415  40.473181 -124.492912    16.959        5.5       -1.8      -11.1     13.3     17.2     27.5 2021  4 28  6 32 18.440  0.00  45
   107416  40.473267 -124.493026    16.990       -4.1        7.7       20.0     11.4     17.9     30.2 2021  5  3  2  6 28.960  0.00  45
   107417  40.473299 -124.492928    16.987        4.1       11.3       17.4     12.4     18.4     25.3 2021  5 30 11 37 49.540  0.00  45
   107421  40.473234 -124.493009    16.983       -2.8        4.1       12.9      7.8     15.6     24.4 2021  7 18 15  2 20.760  0.00  45
   107422  40.473201 -124.492952    16.967        2.1        0.5       -3.1      9.3     11.4     19.4 2021  7 18 15 31 52.420  0.00  45
   107423  40.473267 -124.493034    16.990       -4.8        7.7       19.5     10.4     15.2     25.9 2021  7 27 13 51 30.020  0.00  45
   107424  40.473189 -124.492928    16.963        4.1       -0.9       -7.3     12.4     15.7     25.0 2021  7 30  0 23  4.580  0.00  45
   107425  40.473226 -124.492993    16.975       -1.4        3.2        4.6      7.8     13.6     22.9 2021  7 31  8 31  9.420  0.00  45
   107427  40.473291 -124.492952    16.988        2.1       10.4       18.2     11.5     16.8     24.9 2021  8 22  9 57 36.520  0.00  45
   107431  40.473222 -124.492985    16.974       -0.7        2.7        3.6      9.0     12.6     23.0 2021  8 28 18 49 43.480  0.00  45
   107433  40.473299 -124.492969    16.988        0.7       11.3       17.6     10.5     18.4     25.3 2021  9 26  9 56 24.080  0.00  45
   107439  40.473263 -124.493026    16.990       -4.1        7.2       20.4     11.4     17.2     30.9 2021 12  4  2 17  7.060  0.00  45
   107440  40.473271 -124.492904    16.982        6.2        8.1       11.5     14.3     20.6     28.5 2021 12 29 22  3  1.540  0.00  45
   107445  40.473287 -124.493034    16.998       -4.8        9.9       28.1     10.6     15.8     28.1 2022  2 13  8 35 50.880  0.00  45
   107453  40.473181 -124.492912    16.959        5.5       -1.8      -11.1     13.1     17.0     27.3 2022  5  5 12 32 31.180  0.00  45
   107460  40.473226 -124.492993    16.975       -1.4        3.2        5.3      9.0     12.7     23.2 2022 10  5 16 12 57.180  0.00  45
   107461  40.473287 -124.493034    16.999       -4.8        9.9       28.6     10.9     16.0     28.6 2022 10 18  5 42 38.700  0.00  45
   110437  40.473161 -124.493026    16.961       -4.1       -4.1       -9.2      9.3     13.6     21.9 2023  2 22  3  3 18.930  1.24  45
