   102795  40.456950 -124.684261    26.291      -82.8      -80.4      701.4     29.9     39.9     68.9 2020  1 13  5 54  9.180  0.00  29
   102796  40.458732 -124.683105    25.414       15.2      117.5     -175.9     26.9     36.5    105.3 2020  2 29  7 15 32.820  0.00  29
   102799  40.456820 -124.684814    26.892     -129.8      -94.9     1302.3     44.9     52.7    118.8 2020  3 19  2 25 40.400  0.00  29
   102801  40.458598 -124.681714    23.769      133.2      102.6    -1821.2     56.1     69.8     68.6 2020  4 23 15 31 30.460  0.00  29
   102802  40.453613 -124.681380    22.446      161.5     -450.9    -3144.3     72.1     91.2     95.5 2020  5  9 10 28 13.200  0.00  29
   102803  40.456698 -124.684082    25.785      -67.6     -108.4      194.7     31.5     51.0     78.9 2020  6  6 15 52 41.440  0.00  29
   102805  40.455123 -124.685091    26.619     -153.2     -283.3     1028.8     35.3     58.3    108.4 2020 10 21 10  6  9.780  0.00  29
   102806  40.458179 -124.683000    25.299       24.2       56.0     -290.7     24.1     43.1     83.7 2020 11 20 21 51 21.400  0.00  29
   102808  40.456014 -124.684953    26.651     -141.5     -184.3     1061.0     31.9     55.7     97.6 2021  2 26  3 52 50.720  0.00  29
   102810  40.453955 -124.684481    26.005     -101.5     -413.0      415.3     27.5     65.5     53.4 2021  3 12  1 59 52.820  0.00  29
   102814  40.456392 -124.684285    26.273      -84.9     -142.3      682.5     28.7     44.2     69.4 2021  5 14 17 55 34.080  0.00  29
   102816  40.456120 -124.683830    25.590      -46.2     -172.6        0.2     20.0     46.4     52.5 2021  7  2  3 22  6.040  0.00  29
   102817  40.459379 -124.683382    25.598       -8.3      189.3        8.3     31.9     46.9    103.7 2021  7  6 17  3 25.080  0.00  29
   102818  40.457369 -124.682910    25.110       31.8      -33.9     -480.0     30.4     41.5    109.7 2021  7  6 17 38 37.180  0.00  29
   102819  40.457491 -124.683211    25.439        6.2      -20.3     -151.1     20.2     37.3     56.7 2021  7 12  3 22 22.520  0.00  29
   102821  40.457841 -124.682959    25.176       27.6       18.5     -414.1     25.8     43.0     90.2 2021  7 27 13 33  6.200  0.00  29
   102824  40.456889 -124.684465    26.070     -100.1      -87.2      480.0     28.1     44.7     86.5 2021  9  2  0 10 43.380  0.00  29
   102825  40.456453 -124.684123    25.742      -71.1     -135.6      152.1     24.2     42.8     79.2 2021  9  2 12 41 16.800  0.00  29
   102826  40.457694 -124.683154    25.452       11.0        2.3     -138.0     19.6     37.9     66.6 2021 10 27 22  1 36.760  0.00  29
   102827  40.455778 -124.684025    25.702      -62.8     -210.6      111.9     21.1     48.5     50.0 2021 11 16  3 30 25.860  0.00  29
   102831  40.458264 -124.682723    25.103       47.6       65.5     -487.5     25.6     50.3     75.8 2022  2 25  5  5 50.620  0.00  29
   102832  40.458663 -124.683024    25.259       22.1      109.8     -330.6     27.1     51.5     94.0 2022  3 12  9 57  9.340  0.00  29
   102834  40.457650 -124.683260    25.473        2.1       -2.7     -117.3     23.0     34.6     77.6 2022  4 23 21 41  5.660  0.00  29
   102835  40.456608 -124.684261    25.904      -82.8     -118.4      314.4     26.8     45.9     84.6 2022  4 25 10 17 30.100  0.00  29
   102836  40.453577 -124.684562    26.087     -108.4     -455.0      496.7     33.1     78.8     59.8 2022  4 26 18 21  6.880  0.00  29
   102837  40.456653 -124.683936    25.759      -55.2     -113.4      168.7     30.7     50.2     73.6 2022  4 29 21 52 16.440  0.00  29
   102838  40.458049 -124.682943    25.297       29.0       41.6     -293.1     22.4     44.9    104.9 2022  5  7 11 36  7.240  0.00  29
   102839  40.455180 -124.684106    25.672      -69.7     -277.0       81.9     21.4     62.5     72.6 2022  5 26 17 57  8.800  0.00  29
   102840  40.457914 -124.682886    25.247       33.8       26.7     -343.3     23.7     41.9     70.3 2022  6 11 22 53 25.820  0.00  29
   102841  40.458199 -124.683000    25.354       24.2       58.3     -236.3     23.4     40.4    102.0 2022  6 12  8 44 32.260  0.00  29
   102842  40.457633 -124.683179    25.394        9.0       -4.5     -195.6     21.6     36.5     67.0 2022  6 23 21 40 42.300  0.00  29
   102843  40.458049 -124.683016    25.406       22.8       41.6     -183.9     20.3     44.4     66.9 2022  7 28  1 50 12.780  0.00  29
   102844  40.457332 -124.683065    25.322       18.6      -38.0     -268.5     23.5     35.9     79.3 2022  7 28 20 49 41.480  0.00  29
   102847  40.457564 -124.684367    26.045      -91.8      -12.2      454.9     37.3     50.4    100.9 2022  9  3 19  0 25.420  0.00  29
   102849  40.455701 -124.683838    25.518      -46.9     -219.1      -71.7     21.2     48.4     56.4 2022  9 24 15 55 46.140  0.00  29
   102850  40.458162 -124.682959    25.297       27.6       54.2     -293.3     18.1     51.5     83.5 2022 10  9  0 29 47.680  0.00  29
   102852  40.457003 -124.684041    25.984      -64.2      -74.6      393.8     33.3     51.7     70.4 2022 11 11 22 43 19.680  0.00  29
   102853  40.458464 -124.683032    25.480       21.4       87.7     -110.0     17.5     52.7     87.3 2022 11 11 12  5 43.380  0.00  29
   102854  40.457638 -124.683146    25.237       11.7       -4.1     -353.0     20.4     39.1     71.9 2022 11 19 17  1  6.200  0.00  29
   102855  40.458000 -124.683398    25.781       -9.7       36.1      191.5     25.4     30.6     58.9 2022 11 29 18 59 55.780  0.00  29
   110306  40.458695 -124.682812    25.549       40.0      113.4      -40.9     16.8     29.9     63.0 2023  4  5 22 10 57.780  1.92  29
