   105298  40.407686 -124.559993    29.037       69.1       43.4     -133.5      5.1      6.6      6.5 2020  2 11 15 19 28.020  0.00  55
   105301  40.407296 -124.560807    29.172        0.0        0.0        2.1      1.9      2.0      2.5 2020  2 25  5 13 53.560  0.00  55
   105305  40.407052 -124.560596    29.112       18.0      -27.1      -57.9      3.3      3.9      6.8 2020  4 29 23  1 49.900  0.00  55
   105309  40.407271 -124.560783    29.167        2.1       -2.7       -3.5      1.8      1.9      2.5 2020  7 31 12 47 13.580  0.00  55
   105313  40.407369 -124.560799    29.168        0.7        8.1       -1.8      1.8      2.2      3.5 2021  1  5  0 23  5.820  0.00  55
   105319  40.407076 -124.560848    29.170       -3.5      -24.4       -0.3      2.2      4.5      2.5 2021  7 21 11 28 57.520  0.00  55
   105321  40.407438 -124.560758    29.171        4.1       15.8        0.9      2.1      3.5      2.5 2021  8 18  8 21 26.720  0.00  55
   105322  40.407430 -124.560872    29.182       -5.5       14.9       11.8      2.8      4.3      3.9 2021  8 19  7 18 10.260  0.00  55
   105325  40.407263 -124.560775    29.170        2.8       -3.6       -0.0      2.0      3.0      2.7 2021  9  3 21 30 53.400  0.00  55
   105331  40.407267 -124.560775    29.167        2.8       -3.2       -2.7      1.9      3.0      2.7 2021 12 25 10 34 41.640  0.00  55
   105333  40.407475 -124.560710    29.162        8.3       19.9       -7.7      2.1      4.4      2.6 2022  1 25 11 52 13.660  0.00  55
   105336  40.407271 -124.560775    29.168        2.8       -2.7       -1.9      2.0      2.9      2.6 2022  2  4 20 41 36.720  0.00  55
   105337  40.407161 -124.560881    29.178       -6.2      -14.9        8.0      2.1      4.0      2.5 2022  2 26  7 23 30.220  0.00  55
   105340  40.406954 -124.560937    29.174      -11.1      -38.0        3.9      3.0      5.9      2.4 2022  3 12 15 17  2.720  0.00  55
   105351  40.407231 -124.560881    29.174       -6.2       -7.2        4.4      2.2      3.8      2.8 2022  7 31 17 59 40.980  0.00  55
   105356  40.407353 -124.560832    29.176       -2.1        6.3        5.6      2.3      3.5      3.3 2022  9  6  2 12 31.600  0.00  55
   105357  40.407271 -124.560905    29.181       -8.3       -2.7       10.7      2.6      4.1      2.9 2022  9  9 11 44 44.400  0.00  55
   105359  40.407275 -124.560824    29.169       -1.4       -2.3       -1.5      1.8      2.3      2.8 2022 11  7 15 50 24.900  0.00  55
   105360  40.407377 -124.560832    29.176       -2.1        9.0        6.2      2.2      3.7      3.3 2022 11 21  5 14 55.680  0.00  55
   110364  40.407308 -124.560824    29.176       -1.4        1.4        5.8      1.8      2.1      2.5 2023  4 18 11 40  6.890  2.03  55
