   102927  40.322347 -124.624056    11.297    -5728.9     3326.3    -2128.9      3.2      6.4      5.1 2020  1  9 16 12 46.120  0.00   5
   102930  40.328556 -124.623934     9.814    -5718.3     4015.8    -3612.0      2.1      2.3      2.7 2020  7 10 11 40 51.780  0.00   5
   102931  40.328487 -124.623291     9.827    -5663.6     4008.1    -3599.2      1.7      2.6      2.5 2020 10  2  5 29 51.580  0.00   5
   102932  40.328739 -124.623226     9.653    -5658.1     4036.1    -3773.0      1.6      2.2      2.6 2020 12 29 18 56 53.340  0.00   5
   102933  40.323865 -124.620239     9.080    -5404.4     3494.9    -4345.6      1.5      4.9      2.5 2021  2 19 14 49 13.520  0.00   5
   102934  40.344735 -124.623576     8.841    -5687.1     5812.3    -4585.0      1.6      3.6      3.2 2021  8 23 20 46 18.340  0.00   5
   102935  40.329488 -124.622249     9.295    -5575.0     4119.3    -4131.3      2.0      2.5      4.2 2021 10 19  7 54 31.220  0.00   5
   102936  40.329004 -124.623413     9.637    -5674.0     4065.5    -3789.1      1.9      2.1      2.7 2021 11  9 11 28 29.120  0.00   5
   102937  40.329187 -124.623617     9.898    -5691.3     4085.9    -3528.4      1.3      2.6      3.2 2021 11 28 21 38 37.840  0.00   5
   102939  40.329016 -124.623364     9.619    -5669.8     4066.9    -3807.0      2.4      2.6      3.2 2021 12 21 23 30 13.180  0.00   5
   102940  40.322477 -124.622030    10.821    -5556.6     3340.8    -2604.8      2.5      6.8      6.5 2021 12 23  8 43 26.880  0.00   5
   102944  40.328190 -124.621720     9.974    -5530.1     3975.2    -3452.0      1.2      2.1      2.0 2022  1 19  8 10 37.440  0.00   5
   102946  40.329203 -124.622998     9.333    -5638.7     4087.7    -4093.0      1.6      2.3      3.9 2022  4 11  4  4 28.440  0.00   5
   102948  40.332353 -124.622941    10.306    -5633.7     4437.4    -3119.9      3.6      3.2      7.8 2022  4 19  9 28 33.920  0.00   5
   102949  40.327055 -124.624032    10.278    -5726.6     3849.1    -3148.3      2.1      2.2      3.4 2022  5  2 22 28 32.800  0.00   5
   102950  40.330322 -124.623413     8.863    -5673.9     4211.9    -4562.8      2.7      4.2      4.0 2022  6 24  0 54  1.540  0.00   5
   102951  40.328145 -124.625838     9.891    -5880.2     3970.2    -3534.9      3.3      4.4      4.5 2022  7 14 16 54 29.000  0.00   5
   102952  40.328023 -124.624268     9.908    -5746.6     3956.6    -3517.7      2.0      2.5      2.9 2022  7 22 12 35 35.500  0.00   5
   102953  40.334269 -124.619897     8.741    -5374.9     4650.2    -4685.1      3.5      7.4      6.6 2022  9 19  8 27  9.760  0.00   5
   102955  40.334566 -124.622127     9.426    -5564.4     4683.2    -4000.4      2.6      4.3      3.3 2022 10  7  7 29 37.760  0.00   5
   102957  40.300932 -124.557088    14.523      -36.0      948.4     1097.5      5.7     15.6     21.0 2020  1  9  0 25 18.340  0.00   5
   102958  40.296212 -124.558154    15.044     -126.6      424.3     1618.4      2.3      3.4      4.5 2020  1  9  5 40 55.020  0.00   5
   102959  40.306571 -124.556120    15.203       46.4     1574.6     1776.6      2.9      3.3      2.9 2020  1 10 16 19 54.400  0.00   5
   102961  40.297965 -124.557585    14.903      -78.2      619.0     1477.2      3.2      4.3      8.5 2020  5 11  5 18  3.180  0.00   5
   102962  40.255070 -124.559196    13.458     -215.3    -4144.1       32.4      1.7      3.7      3.5 2020  5 21 20 27  9.960  0.00   5
   102963  40.296257 -124.557202    16.842      -45.7      429.2     3415.9      2.5      3.7      6.6 2020  6 26 12 41 46.880  0.00   5
   102966  40.295976 -124.557576    14.845      -77.5      398.1     1419.3      2.1      3.3      3.6 2020  9 15 23 23  4.260  0.00   5
   102967  40.294820 -124.557495    13.875      -70.6      269.7      449.5      2.9      6.2      5.9 2020  9 26 13 45 23.380  0.00   5
   102968  40.298136 -124.558195    12.922     -130.1      638.0     -503.5      3.1      5.0     10.0 2020 10  7 23 57 11.980  0.00   5
   102969  40.299410 -124.556714    13.348       -4.2      779.4      -78.1      3.2      2.4      8.2 2021  3 21  4 39 28.380  0.00   5
   102970  40.296208 -124.557576    14.763      -77.5      423.8     1337.5      2.1      3.2      3.5 2021  5 26  0 52 22.700  0.00   5
   102971  40.289636 -124.559408    13.990     -233.2     -305.9      564.4      1.9      4.1      2.9 2021  6  7  3 30 47.660  0.00   5
   102972  40.298092 -124.557723    17.984      -90.0      633.0     4557.7     36.5     60.8    132.5 2021  6 26 19 49 41.240  0.00   5
   102974  40.254993 -124.559196    13.456     -215.3    -4152.7       29.6      0.8      2.4      1.9 2021  8 18  7 53 43.320  0.00   5
   102976  40.296045 -124.557633    14.686      -82.3      405.7     1259.8      2.7      3.6      5.3 2021 10 14 12 29 46.820  0.00   5
   102977  40.254862 -124.559188    13.451     -214.6    -4167.2       24.7      1.4      3.1      3.1 2021 12  9 17 52 24.880  0.00   5
   102978  40.293498 -124.557788    15.313      -95.5      122.9     1887.5      4.5      6.8      8.1 2021 12 20 14 26 22.420  0.00   5
   102979  40.295536 -124.556185    14.865       40.8      349.3     1438.9      2.7      3.0      3.0 2022  1  5 13 58 42.900  0.00   5
   102981  40.291553 -124.558073    14.826     -119.7      -93.1     1400.4      3.8      7.3      7.1 2022  2 19 22 27 17.340  0.00   5
   102982  40.296375 -124.557121    14.989      -38.7      442.3     1562.9      3.0      4.3      6.6 2022  4 22 22 11  8.700  0.00   5
   102983  40.298551 -124.557145    15.293      -40.8      684.1     1867.1      1.8      3.5      3.0 2022  5 14  6  2 12.840  0.00   5
   102984  40.294535 -124.556226    14.905       37.4      238.1     1479.3      2.4      5.3      5.6 2022  5 27 21 21 41.400  0.00   5
   102986  40.299931 -124.558032    13.176     -116.2      837.2     -249.5      2.4      2.9      7.3 2022  6 10  0 40 50.580  0.00   5
   102987  40.296517 -124.557943    14.769     -108.6      458.2     1342.7      2.2      3.6      3.8 2022  6 11  1 51  4.680  0.00   5
   102988  40.295268 -124.557625    15.209      -81.7      319.4     1782.9      3.5      9.6      8.6 2022  7 24 10  6 19.260  0.00   5
   102989  40.296444 -124.557324    14.899      -56.0      450.0     1473.4      2.1      3.4      2.9 2022  8 12  8 51 14.040  0.00   5
   102990  40.294397 -124.558667    14.781     -170.2      222.7     1355.4      2.2      3.7      4.9 2022  8 26  5 13 30.220  0.00   5
   105011  40.293994 -124.534945    16.053     1846.8      178.0     2626.7      2.6      5.8      3.7 2021  9 14 19 33 56.900  0.00   5
   105019  40.291565 -124.534155    16.304     1914.0      -91.7     2877.9      2.8      6.8      6.1 2021 12 17 16 25 12.180  0.00   5
   105020  40.289697 -124.533708    16.032     1952.1     -299.1     2606.4      3.9      8.6      6.7 2021 12 21  3 42 22.440  0.00   5
   105021  40.294320 -124.533350    16.150     1982.4      214.2     2724.3      2.9      9.7      5.6 2021 12 21  3 24 24.160  0.00   5
   105023  40.289974 -124.534123    15.947     1916.8     -268.4     2521.0      2.9      6.5      4.5 2021 12 21 14 59  6.880  0.00   5
   105029  40.283577 -124.534709    16.273     1867.0     -978.7     2847.0      2.5      5.9      5.9 2021 12 21 16 17 37.440  0.00   5
   105030  40.269238 -124.529289    17.117     2328.2    -2570.9     3690.8      2.8      7.0      4.0 2021 12 21  5  0 54.580  0.00   5
   105031  40.276034 -124.532414    15.099     2062.3    -1816.3     1672.9      2.3      5.0      4.4 2021 12 21 12 38 45.420  0.00   5
   105033  40.285254 -124.533838    16.460     1941.1     -792.5     3034.3      3.0      5.6      4.9 2021 12 21  9 13 54.680  0.00   5
   105038  40.285421 -124.533602    16.610     1961.1     -774.0     3184.0      3.3      6.2      7.1 2021 12 26  7 58 23.160  0.00   5
   105039  40.283549 -124.531372    16.450     2150.8     -981.8     3023.6      2.7      4.8      4.9 2021 12 27  5 43 54.680  0.00   5
   105041  40.283748 -124.534757    16.271     1862.9     -959.7     2844.6      2.8      6.1      4.7 2022  2 11 20 35 36.260  0.00   5
   105043  40.279598 -124.531299    16.491     2157.1    -1420.5     3065.0      3.4      6.0      8.7 2022  4 21  0 49 10.600  0.00   5
   105368  40.288896 -124.539844    10.845     1430.3     -388.1    -2580.9      2.1      5.5      5.8 2020  2  1  1 58 46.340  0.00   5
   105369  40.293510 -124.537785     7.809     1605.3      124.3    -5617.0      2.3      5.6      4.2 2020  4 19 18  7 57.940  0.00   5
   105370  40.273116 -124.534692    15.712     1868.6    -2140.3     2286.5      6.0      8.9     15.7 2020  8 14 11 27 29.760  0.00   5
   105371  40.282450 -124.538550    12.290     1540.4    -1103.8    -1135.8      2.1      7.5     11.9 2020  9 12 12 44  3.120  0.00   5
   105374  40.282056 -124.539494    11.781     1460.2    -1147.6    -1645.4      3.2      7.5      7.0 2021  9 13 23  5 20.040  0.00   5
   105376  40.288574 -124.538590    11.075     1536.9     -423.8    -2350.9      2.4      5.8      4.8 2021 10 28 10 57 51.840  0.00   5
   105377  40.288322 -124.539461    10.997     1462.9     -451.8    -2429.3      2.1      3.9      6.0 2021 11 15  6 11 30.560  0.00   5
   105379  40.289929 -124.539583    10.784     1452.5     -273.4    -2642.3      2.2      3.5      6.5 2022  1 31 19  7 30.320  0.00   5
   105380  40.289803 -124.537679    10.912     1614.4     -287.4    -2514.0      2.3      5.9      6.2 2022  5  7 21  0 16.060  0.00   5
   105381  40.287821 -124.538647    11.031     1532.1     -507.4    -2395.3      2.0      4.4      4.7 2022  6  7  9 50 42.720  0.00   5
   105383  40.288965 -124.539136    10.766     1490.5     -380.4    -2659.9      2.9      7.2      7.7 2022  8 18 13 36  2.300  0.00   5
   106680  40.274320 -124.557072    17.568      -34.6    -2006.6     4142.3      2.4      3.1      2.7 2020  2 22 19  6 52.320  0.00   5
   106684  40.273450 -124.557129    17.597      -39.4    -2103.2     4171.3      1.4      3.4      3.6 2020  7 11  9 46  0.560  0.00   5
   106685  40.274296 -124.557056    17.533      -33.2    -2009.3     4107.0      1.7      2.6      2.9 2020  7 24 16 55 42.900  0.00   5
   106687  40.282190 -124.557780    17.606      -94.8    -1132.7     4180.1      1.9      5.9      6.1 2020 10  2  4 24 47.100  0.00   5
   106695  40.276888 -124.558016    17.714     -114.9    -1721.5     4288.2      3.4      6.3      7.4 2021  7 16  7  9  5.340  0.00   5
   106696  40.281612 -124.557845    17.737     -100.3    -1196.9     4310.9      1.5      5.1      5.8 2021  7 18  4 33 15.200  0.00   5
   106697  40.274251 -124.557471    17.564      -68.5    -2014.2     4137.7      1.3      3.5      2.9 2021  7 27 10 19 27.640  0.00   5
   106700  40.278630 -124.558089    17.124     -121.1    -1528.1     3698.4      2.6      9.1      9.4 2021  8 24 13 36 31.660  0.00   5
   106706  40.273926 -124.556860    17.519      -16.6    -2050.4     4093.0      2.1      3.4      3.0 2021 12 21  0 21 19.000  0.00   5
   106710  40.274727 -124.557194    17.437      -45.0    -1961.4     4011.2      1.5      2.8      2.8 2022  1  6 21 12 58.500  0.00   5
   106711  40.273401 -124.557422    17.636      -64.4    -2108.7     4209.7      2.4      4.2      3.1 2022  1 23 11 45  1.040  0.00   5
   106713  40.273356 -124.558114    17.428     -123.2    -2113.6     4002.0      2.2      3.0      3.6 2022  3  7 10 52 39.260  0.00   5
   106714  40.276778 -124.558203    17.644     -130.8    -1733.7     4218.3      3.1      6.7      2.7 2022  4  6 12 30 20.240  0.00   5
   106716  40.269364 -124.555648    17.981       86.5    -2556.9     4555.5      2.4      6.1      5.4 2022  6  3  4 32 25.640  0.00   5
   106718  40.274463 -124.557959    17.273     -110.0    -1990.7     3847.3      2.4      3.2      4.7 2022  6 15 20 50 14.340  0.00   5
   106719  40.277531 -124.556185    18.963       40.8    -1650.1     5536.8      1.5      3.4      4.4 2022  8  6  0 50 42.000  0.00   5
   106720  40.281230 -124.558008    17.456     -114.2    -1239.4     4030.1      2.7      7.3      7.8 2022  8 11  6 16 43.060  0.00   5
   106721  40.279773 -124.558138    17.075     -125.3    -1401.1     3648.9      3.3      4.6      7.5 2022  8 21 10 39 36.560  0.00   5
   106722  40.274174 -124.557202    17.502      -45.7    -2022.8     4075.7      1.3      3.3      2.7 2022  9 18 22 30 39.860  0.00   5
   106724  40.276746 -124.556527    17.780       11.8    -1737.3     4354.0      3.1      3.4      3.0 2022 11 23 23 40 19.840  0.00   5
   107850  40.303239 -124.541724    18.598     1270.3     1204.6     5172.1      2.1      6.7      2.9 2020  3 18 10 33 16.280  0.00   5
   107851  40.299036 -124.543856    19.675     1089.1      737.8     6248.6      3.0      4.7      5.9 2020  7 23  7 57 52.860  0.00   5
   107854  40.302376 -124.544181    18.622     1061.4     1108.8     5195.7      3.6      2.5      2.5 2021  2 23 21 22 50.460  0.00   5
   107855  40.306954 -124.544303    18.477     1051.0     1617.1     5051.3      3.5      5.5      6.0 2021  3  1 21 39  8.000  0.00   5
   107856  40.294478 -124.551758    18.795      417.2      231.8     5369.1      1.5      4.6      6.0 2021  5 30 21 13 23.020  0.00   5
   107857  40.303784 -124.545312    18.349      965.2     1265.1     4923.2      1.5      2.5      3.8 2021  8 10 16 52 12.400  0.00   5
   107858  40.305428 -124.545256    18.353      970.0     1447.6     4927.0      2.2      2.0      2.7 2021 10 30 23 24 21.000  0.00   5
   107859  40.304325 -124.545190    18.552      975.6     1325.2     5126.2      2.2      4.2      5.8 2021 10 31  0  6 14.000  0.00   5
   107860  40.305473 -124.545776    18.310      925.8     1452.6     4884.4      2.2      3.2      4.5 2021 11  1  0  2 32.120  0.00   5
   107863  40.303243 -124.544401    18.427     1042.7     1205.0     5001.1      1.7      2.4      3.2 2021 12 11 17 33  8.300  0.00   5
   107867  40.302950 -124.545825    18.406      921.6     1172.5     4979.8      2.0      3.1      4.3 2022  8 11  3 22 48.620  0.00   5
   107868  40.303255 -124.544816    18.622     1007.4     1206.4     5196.4      3.3      2.5      3.5 2022 10  5 10 28  0.800  0.00   5
   107869  40.303328 -124.542554    18.473     1199.8     1214.5     5047.5      2.3      2.9      2.5 2022 10 29  1 50 33.240  0.00   5
   108329  40.330282 -124.568034     3.026     -966.4     4207.4   -10400.3      2.2      2.8      3.0 2020 12 28 14 19 23.260  0.00   5
   108330  40.330090 -124.569482     4.004    -1089.5     4186.2    -9422.4      2.1      6.6      4.2 2021  2  8 21 55 39.180  0.00   5
   108331  40.327641 -124.568555     3.090    -1010.7     3914.2   -10335.7      3.1      4.7      4.0 2021  5 31 14 18  8.300  0.00   5
   108334  40.335270 -124.567700     3.096     -938.0     4761.3   -10330.1      2.0      2.4      3.2 2022  1 23  9 42 53.580  0.00   5
   108336  40.330233 -124.567879     2.985     -953.3     4202.0   -10440.8      2.1      2.6      2.6 2022  8 25  9 19 46.880  0.00   5
   108337  40.329541 -124.567904     3.065     -955.3     4125.2   -10360.7      2.1      6.1      3.0 2022  8 30 16 15 52.160  0.00   5
   108338  40.329256 -124.568896     3.703    -1039.7     4093.5    -9723.4      3.2     10.1      5.0 2022  8 31 20 32 49.120  0.00   5
   108522  40.292558 -124.519173     9.128     3187.9       18.5    -4297.7      2.1      4.6      6.0 2020  8 27  8 48 36.060  0.00   5
   108523  40.295780 -124.517847     7.584     3300.6      376.4    -5841.9      3.7      9.7      6.6 2020 11 19  0  1 55.140  0.00   5
   108525  40.299833 -124.518685     7.275     3229.2      826.4    -6150.7      3.0      6.4      6.1 2020 12 22 13 56 55.800  0.00   5
   108526  40.295862 -124.519124     7.371     3191.9      385.4    -6054.9      2.9      5.4      6.6 2020 12 22  2 31 25.280  0.00   5
   108527  40.294507 -124.519865     7.955     3129.0      234.9    -5470.7      1.7      4.6      3.3 2021  3  6  5 49 50.980  0.00   5
   108528  40.282263 -124.519214     9.639     3184.7    -1124.6    -3786.9      2.9      7.2      6.2 2021  3  7  9 29 35.160  0.00   5
   108529  40.304338 -124.518042     7.403     3283.8     1326.6    -6022.5      2.7     10.3      4.8 2021  3 22 14 28 21.180  0.00   5
   108531  40.302275 -124.519645     7.987     3147.5     1097.5    -5438.8      2.1      7.1      3.8 2021  3 22 15 19 46.300  0.00   5
   108532  40.278495 -124.520369     5.156     3086.5    -1543.0    -8269.5      3.1      9.3      6.7 2021  3 27 20 11 40.180  0.00   5
   108533  40.299727 -124.518921     7.680     3209.2      814.6    -5746.5      2.0      3.9      4.7 2021  3 28  8 38 14.200  0.00   5
   108534  40.282332 -124.518840     9.030     3216.5    -1116.9    -4396.1      1.7     10.3      6.0 2021  3 28  5 19 46.660  0.00   5
   108537  40.284985 -124.518644     4.615     3233.0     -822.3    -8811.0      2.1     11.8      6.8 2021  5 23 16 14  8.300  0.00   5
   108542  40.302856 -124.518620     7.451     3234.7     1162.1    -5974.5      1.9      9.0      8.1 2022  1  7 18 16 14.140  0.00   5
   108546  40.292460 -124.519352     7.914     3172.7        7.7    -5511.6      1.7      4.0      3.2 2022  8  3 22 11 41.100  0.00   5
   108547  40.302071 -124.519678     7.981     3144.8     1074.9    -5445.0      2.5      8.1      4.6 2022  9 28  8 42 51.820  0.00   5
   108548  40.303219 -124.519954     7.977     3121.2     1202.3    -5448.9      2.1      4.1      3.9 2022  9 28  8 39 11.060  0.00   5
   108549  40.299573 -124.518416     7.486     3252.1      797.5    -5939.7      1.7      3.9      3.3 2022 10  9  8 23  0.040  0.00   5
   108551  40.305070 -124.519906     9.487     3125.3     1407.9    -3939.0      2.0      6.5      4.4 2022 10 27 19 46 36.020  0.00   5
   108552  40.293567 -124.519043     7.516     3198.9      130.6    -5909.7      2.7      7.1      5.6 2022 11 21 18 13 32.080  0.00   5
   108553  40.293730 -124.518604     7.437     3236.3      148.7    -5988.9      2.6      4.4      4.8 2022 11 22  5 12  0.300  0.00   5
   108554  40.297884 -124.518994     7.689     3203.0      610.0    -5736.9      3.1      8.9      8.2 2022 11 22  5 12 34.720  0.00   5
   108762  40.296053 -124.552653    10.957      341.1      406.6    -2469.2      2.0      2.5      3.0 2020  6 18 16  6 43.080  0.00   5
   108763  40.295109 -124.555094    10.896      133.5      301.8    -2529.9      1.6      3.9      3.6 2021 11 11 11 57 34.060  0.00   5
   108764  40.303825 -124.554338     9.884      197.9     1269.6    -3542.2      1.3      4.5      3.8 2022  1  9  2 48 12.520  0.00   5
   108765  40.302429 -124.556299    10.222       31.1     1114.7    -3203.9      2.5      4.6      3.7 2022  5 12  9 11 34.360  0.00   5
   108766  40.293103 -124.553459    10.973      272.6       79.1    -2452.6      1.6      2.8      3.0 2022  6  7  9 49  1.260  0.00   5
   109011  40.304232 -124.574072    13.928    -1480.0     1314.8      501.6      3.9      9.6      6.0 2021  7 14 15 14  4.960  0.00   5
   109012  40.317802 -124.572347    17.559    -1333.2     2821.6     4132.6      3.8      8.1      8.1 2022  5 15 19 18 57.920  0.00   5
   109014  40.307532 -124.574463    13.584    -1513.2     1681.2      157.6      3.6      9.0     11.1 2022  7 23 23  7 35.680  0.00   5
   110256  40.322807 -124.565560    11.638     -756.1     3377.4    -1788.4      2.1      3.8      3.9 2022  8  2 21 55 39.100  0.00   5
   110258  40.335421 -124.562362    12.853     -484.2     4778.0     -572.6      3.3      8.1      8.3 2022  8  2 21 44 11.520  0.00   5
   110264  40.335718 -124.561198    13.007     -385.3     4811.0     -419.0      1.7      6.8      7.4 2022  8  7 15 10 49.300  0.00   5
   110312  40.328149 -124.624243    10.043    -5744.6     3970.6    -3383.3      1.4      2.2      4.0 2022 12 19 12 20 31.700  1.28   5
   110313  40.295980 -124.557642    14.852      -83.0      398.5     1425.7      1.9      2.4      2.7 2023  2  9  8  8 42.800  2.99   5
   110357  40.293632 -124.535352    16.768     1812.2      137.8     3341.9      2.3      4.4      3.7 2023  4 23 16  9  0.470  1.48   5
   110366  40.288005 -124.538770    10.993     1521.7     -487.1    -2433.4      1.9      3.4      4.3 2023  2 15  9 40 37.830  1.30   5
   110413  40.274369 -124.557992    17.545     -112.8    -2001.1     4118.9      1.2      3.0      2.0 2023  3 25 19 24 32.400  1.25   5
   110459  40.303813 -124.544979    18.517      993.6     1268.3     5091.3      1.2      1.8      2.2 2023  2 23  1 16  2.860  1.71   5
   110492  40.330481 -124.567603     2.951     -929.7     4229.5   -10474.5      1.9      2.6      2.3 2023  4 17  9 13 51.230  2.06   5
   110520  40.293840 -124.519767     7.503     3137.3      160.8    -5922.5      1.5      3.2      2.4 2023  1 16  3 19  0.680  1.26   5
   110550  40.295186 -124.553101    10.918      303.1      310.4    -2507.9      1.4      2.4      2.6 2023  3 30 19 31 15.280  1.92   5
   110583  40.311772 -124.573031    15.082    -1391.3     2152.0     1656.1      3.8      8.6     10.4 2023  2  7 18 35 28.040  1.14   5
   110795  40.335840 -124.560579    13.047     -332.7     4824.6     -378.6      1.7      5.0      4.6 2023  2 25 22 37 46.280  1.26   5
