   103864  40.297294 -124.345630     9.245       51.9        2.3     -155.5     17.1     17.9     20.1 2020  1 15  6 50 38.220  0.00  24
   103866  40.298885 -124.347209     9.352      -82.3      178.9      -48.1      9.0     10.3     10.3 2020  1 24 22  3 41.740  0.00  24
   103867  40.296883 -124.346834     9.268      -50.5      -43.4     -131.8      8.1     13.4     11.8 2020  1 24 15 30 20.360  0.00  24
   103868  40.298010 -124.347078     9.365      -71.3       81.8      -34.8      7.6      9.6      9.4 2020  1 24 21  4  2.500  0.00  24
   103869  40.297233 -124.346737     9.247      -42.2       -4.5     -152.8      9.8      9.2     11.1 2020  1 24 15 55 59.700  0.00  24
   103870  40.296871 -124.346802     9.236      -47.7      -44.7     -164.5      8.1      7.9     11.3 2020  1 24 15 22 48.080  0.00  24
   103871  40.299117 -124.347388     9.351      -97.6      204.7      -49.3      9.8     10.4     11.2 2020  1 24 22 54  7.460  0.00  24
   103872  40.296899 -124.346916     9.256      -57.4      -41.6     -143.8     10.6     11.4     14.9 2020  1 24 15 25 13.420  0.00  24
   103873  40.296590 -124.347030     9.230      -67.1      -75.9     -170.3     11.7     11.1     14.0 2020  1 24 15 26 23.140  0.00  24
   103874  40.297945 -124.347046     9.379      -68.5       74.6      -20.9      8.6      9.2      9.8 2020  1 24 20  3  2.500  0.00  24
   103876  40.299125 -124.347241     9.378      -85.1      205.6      -22.1      9.4     11.1     10.4 2020  1 24 23 20 24.980  0.00  24
   103880  40.292220 -124.347860     9.063     -137.7     -561.2     -337.2     17.0     35.2     18.2 2020  1 25  3 13 59.340  0.00  24
   103882  40.296086 -124.346379     9.296      -11.8     -131.9     -104.4      7.4      8.3      9.1 2020  1 25  3 14 28.680  0.00  24
   103883  40.297579 -124.346159     9.350        6.9       33.9      -50.2     10.9     10.9      9.0 2020  1 25  3  9  6.220  0.00  24
   103890  40.297774 -124.346053     9.246       15.9       55.6     -154.2      9.1     11.8     16.0 2020  1 27 19  4 35.860  0.00  24
   103891  40.296061 -124.346688     9.269      -38.1     -134.6     -130.5     11.2     15.9      8.9 2020  1 27 17 36 12.020  0.00  24
   103892  40.297038 -124.346558     9.386      -27.0      -26.2      -14.1     11.1     11.3     10.9 2020  1 27 16 23 44.480  0.00  24
   103895  40.297611 -124.345329     9.144       77.5       37.5     -255.7     12.9     10.7     15.8 2020  3 13  2 39 50.580  0.00  24
   103896  40.295707 -124.346159     9.006        6.9     -174.0     -393.7      7.6     20.2     10.3 2020  3 13  2 37 37.340  0.00  24
   103897  40.298853 -124.346712     9.257      -40.1      175.3     -143.1     22.6     26.4     20.1 2020  3 13  5 10 12.960  0.00  24
   103898  40.298853 -124.346330     9.245       -7.6      175.3     -155.2      8.2     10.2     14.5 2020  4  7 16 50 56.420  0.00  24
   103901  40.301941 -124.348722     9.437     -211.0      518.2       36.9      9.5     14.8     14.9 2020  5 10  3 40 47.520  0.00  24
   103902  40.296444 -124.346134     9.548        9.0      -92.2      147.5     10.6     16.2     15.7 2020  7 16 14 40 26.160  0.00  24
   103904  40.296379 -124.345426     8.675       69.2      -99.4     -724.9     12.3     21.3     19.9 2020 11  9  2 11  9.620  0.00  24
   103906  40.296033 -124.346167     9.384        6.2     -137.8      -16.3     18.2     17.5     24.4 2021  2  6 20 40 14.680  0.00  24
   103908  40.297306 -124.346639     9.518      -33.9        3.6      118.1      6.2      8.5     13.2 2021  3 13 11 25  2.260  0.00  24
   103909  40.295691 -124.346761     9.235      -44.3     -175.8     -164.7      7.4     13.6     14.5 2021  4  5 17 17  0.360  0.00  24
   103912  40.298092 -124.346680     9.447      -37.4       90.8       46.7      7.9     10.9     10.7 2021  4 17 12 56  1.300  0.00  24
   103913  40.297648 -124.346785     9.432      -46.4       41.6       31.6     11.6     19.0     16.3 2021  4 17 13 40 53.640  0.00  24
   103915  40.296619 -124.346590     9.462      -29.8      -72.7       61.9      8.3      8.3     11.8 2021  7 28 21 11  2.380  0.00  24
   103916  40.296545 -124.346493     9.469      -21.4      -80.9       69.4      7.9      8.2     11.7 2021  7 28 21 33 36.020  0.00  24
   103918  40.298055 -124.347038     9.345      -67.8       86.8      -54.7      8.7      8.6      9.9 2021  9  7 19 40  5.860  0.00  24
   103919  40.295923 -124.350301     9.305     -345.3     -150.0      -94.6     11.4     14.9     12.8 2021 11 25 16 28 40.160  0.00  24
   103921  40.297282 -124.346753     9.373      -43.6        0.9      -27.4      8.4     10.6      7.7 2021 12 21  3 38 51.940  0.00  24
   103922  40.296859 -124.347257     9.282      -86.5      -46.1     -117.8      7.0     13.7     11.4 2022  3 23 22 42 10.720  0.00  24
   103924  40.296513 -124.347103     9.272      -73.3      -84.5     -128.1     11.7     12.2     12.8 2022  5 29 21 13 23.800  0.00  24
   103926  40.297294 -124.347021     9.248      -66.4        2.3     -151.6     12.7     10.3     12.8 2022  5 29 19 36  5.420  0.00  24
   103927  40.297900 -124.346810     9.315      -48.4       69.6      -85.1      8.7     10.9      6.1 2022  5 29 19 11 27.880  0.00  24
   103929  40.296871 -124.346484     9.359      -20.8      -44.7      -40.7     10.0     10.6     10.1 2022  5 30  4 10  9.060  0.00  24
   103930  40.297489 -124.346672     9.366      -36.7       23.9      -33.6     10.1     10.2      8.1 2022  5 30  1 51 30.580  0.00  24
   103932  40.298551 -124.347087     9.354      -72.0      141.9      -46.1      8.6     11.6      9.0 2022  5 30  3 12  8.820  0.00  24
   103933  40.297327 -124.346696     9.386      -38.7        5.9      -14.3      9.3     10.9      8.8 2022  5 30  9 43 48.840  0.00  24
   103934  40.297628 -124.346761     9.322      -44.3       39.3      -78.1     10.4      9.0      8.8 2022  5 30  6 35  3.560  0.00  24
   103935  40.296676 -124.347209     9.178      -82.3      -66.4     -222.2      9.7     10.0     14.9 2022  5 30  6 42 38.800  0.00  24
   103937  40.298311 -124.346549     9.310      -26.3      115.2      -89.8      9.0     10.8      8.9 2022  5 30  4  6 28.560  0.00  24
   110328  40.296143 -124.345728     9.588       43.6     -125.6      188.0      6.9      7.6      7.6 2022 12 23 23 23  4.120  1.11  24
