   103444  40.380953 -124.310482    30.028      110.6      204.7       67.5    491.3    509.0    222.3 2020  1 13 20  0 48.700  0.00  35
   103445  40.378890 -124.311206    29.955       49.1      -24.4       -4.9    315.9    240.7    152.7 2020  1 17  9  4 28.060  0.00  35
   103446  40.383061 -124.312646    30.141      -73.3      438.7      180.5    365.4    598.4    318.4 2020  2 15 13 19 42.000  0.00  35
   103448  40.379240 -124.314730    30.007     -250.2       14.5       46.9    463.5    225.6    199.5 2020  3  9  6 29 22.020  0.00  35
   103449  40.379574 -124.311051    29.946       62.2       51.5      -13.8    276.0    305.4    149.2 2020  3 18 23 28 44.420  0.00  35
   103450  40.380367 -124.314274    30.025     -211.5      139.6       64.5    366.8    259.1    230.7 2020  3 19  0 16 10.640  0.00  35
   103451  40.378935 -124.311483    29.943       25.6      -19.4      -16.7    183.9    192.2    153.0 2020  3 19  2 22 37.140  0.00  35
   103456  40.377616 -124.309481    29.853      195.6     -165.8     -106.6    440.0    388.2    307.2 2020  9 20 22 11 49.360  0.00  35
   103458  40.379671 -124.310441    29.942      114.0       62.4      -18.3    320.3    299.6    158.2 2021  5 23 13 43 10.780  0.00  35
   103459  40.379378 -124.311678    29.961        9.0       29.8        1.4    173.8    196.1    127.8 2021  5 28  2  1 24.580  0.00  35
   103460  40.379561 -124.311930    29.989      -12.4       50.2       28.9    152.2    189.4    135.9 2021  5 29  0 44  3.080  0.00  35
   103462  40.379793 -124.312109    30.011      -27.6       75.9       51.3    258.0    283.5    160.4 2021  7 28  6 52 50.280  0.00  35
   103463  40.379830 -124.312931    30.006      -97.4       80.0       46.1    283.2    242.8    170.1 2021  7 28  6 55  0.800  0.00  35
   103464  40.379976 -124.310197    29.949      134.8       96.2      -11.0    261.1    199.5    128.9 2021  8  5  8  0 52.700  0.00  35
   103465  40.378011 -124.311214    29.891       48.4     -122.0      -69.3    361.7    300.5    215.9 2021  9 21 10 44 24.620  0.00  35
   103466  40.378975 -124.311711    29.959        6.2      -14.9       -1.4    166.0    187.3    135.7 2021 10 12 19 30 52.540  0.00  35
   103467  40.378979 -124.311702    29.964        6.9      -14.5        4.0    152.0    195.4    143.5 2021 11  1 23 30 58.980  0.00  35
   103468  40.378923 -124.311833    29.953       -4.1      -20.8       -7.4    200.6    195.0    137.7 2021 12 20 21 35  3.460  0.00  35
   103469  40.379130 -124.311654    29.961       11.1        2.3        1.0    152.7    168.7    139.2 2021 12 20 20 41 52.700  0.00  35
   103476  40.379215 -124.311702    29.966        6.9       11.7        6.2    161.8    174.3    130.9 2021 12 21  7 34 40.340  0.00  35
   103478  40.379700 -124.311987    29.998      -17.3       65.5       38.3    255.9    267.9    153.2 2021 12 21  2 24 30.100  0.00  35
   103481  40.379232 -124.310400    29.932      117.5       13.6      -28.5    309.9    300.0    174.0 2021 12 21 13 38 46.280  0.00  35
   103483  40.379342 -124.308293    29.869      296.5       25.8      -90.8    396.9    310.6    202.1 2021 12 21 18  6 14.020  0.00  35
   103485  40.378927 -124.311686    29.962        8.3      -20.3        2.0    216.7    320.4    208.2 2021 12 21 12 55 44.420  0.00  35
   103487  40.380444 -124.312484    30.000      -59.4      148.2       39.9    252.0    314.6    232.8 2021 12 22 20 10 26.700  0.00  35
   103488  40.379590 -124.312500    29.992      -60.8       53.3       31.7    297.8    229.9    146.3 2021 12 24  1  7 26.940  0.00  35
   103490  40.379004 -124.311800    29.954       -1.4      -11.7       -5.7    165.4    165.8    133.1 2021 12 25 22 20 25.620  0.00  35
   103491  40.379346 -124.312248    29.995      -39.4       26.2       34.7    228.5    259.9    164.2 2022  1  1  8 26 24.020  0.00  35
   103494  40.379911 -124.313387    30.000     -136.1       89.0       39.7    349.7    275.7    174.1 2022  1  9 11 44 48.340  0.00  35
   103495  40.379635 -124.312459    30.005      -57.4       58.3       44.9    350.8    253.8    172.2 2022  1 15  9 42 46.520  0.00  35
   103496  40.381185 -124.308203    29.897      304.1      230.4      -63.4    306.6    238.5    159.3 2022  1 23 12 56  0.000  0.00  35
   103498  40.379102 -124.311987    29.963      -17.3       -0.9        2.9    165.3    183.0    121.3 2022  4  8 14 16 31.500  0.00  35
   103499  40.379390 -124.311914    29.972      -11.1       31.2       11.8    140.0    188.2    135.1 2022  5 22  8  2 34.980  0.00  35
   110322  40.378768 -124.311963    29.951      -15.2      -38.0       -8.6    168.1    181.7    125.7 2023  4 30  3 17 51.430  0.24  35
