   105071  40.304236 -124.599455    17.688      -62.3    -1216.3     -122.1     17.1     30.3     23.3 2020  1 29  8 12 18.900  0.00  13
   105074  40.316219 -124.599699    17.688      -83.0      114.3     -122.2     11.8     21.9     18.4 2020  2 26  9 21 18.840  0.00  13
   105075  40.313236 -124.601652    17.795     -249.0     -216.9      -15.0     17.0     35.9     36.3 2020  2 27  1 15 34.260  0.00  13
   105078  40.315047 -124.597762    18.377       81.6      -15.8      568.0     11.0     33.9     32.9 2020  5  8 11 57 20.220  0.00  13
   105080  40.315999 -124.599056    17.838      -28.4       89.9       28.1      8.3     14.0     12.0 2020  5 26 11 17 44.720  0.00  13
   105081  40.315348 -124.598714    17.987        0.7       17.6      177.5      9.1     15.2     11.6 2020  6  1 13  3 56.500  0.00  13
   105082  40.309766 -124.597192    17.545      130.1     -602.3     -264.6     15.4     35.1     31.6 2020  6  1 17 15 14.660  0.00  13
   105086  40.316231 -124.600814    17.918     -177.8      115.7      108.4     14.7     31.0     26.7 2020  7 18  0 25 23.860  0.00  13
   105088  40.315576 -124.599390    17.851      -56.7       42.9       40.9      9.2     10.1     10.3 2020  8  9  0  4 25.560  0.00  13
   105092  40.314258 -124.598747    17.985       -2.1     -103.5      175.2      9.4     19.5     14.7 2020 10 16 15 25 53.420  0.00  13
   105093  40.320292 -124.598063    18.523       56.0      566.6      713.3     10.1     24.1     37.1 2020 10 30  5 24 53.820  0.00  13
   105094  40.315430 -124.599341    17.880      -52.6       26.7       70.1      9.2     16.7     15.9 2020 12 12 14 36 59.760  0.00  13
   105097  40.315462 -124.598291    17.808       36.7       30.3       -2.4     13.0     20.3     19.9 2020 12 31 10 57 26.340  0.00  13
   105098  40.314718 -124.601156    17.939     -206.8      -52.4      129.0     12.3     22.8     21.6 2021  1  5  1  7 30.180  0.00  13
   105100  40.315767 -124.599764    17.854      -88.5       64.2       43.5      6.3     10.5     10.5 2021  1 21  1 51 43.340  0.00  13
   105101  40.315759 -124.599438    17.872      -60.9       63.3       61.7      8.9     16.8     16.9 2021  1 22  3 18 43.280  0.00  13
   105102  40.315609 -124.599650    17.868      -78.9       46.5       58.1      8.1     15.4     14.7 2021  1 29 17 49 54.300  0.00  13
   105105  40.315283 -124.599577    17.848      -72.6       10.4       37.5      7.1     13.1     12.4 2021  3 10 21 27  1.460  0.00  13
   105107  40.316016 -124.598250    17.910       40.1       91.7       99.5     14.2     23.3     23.6 2021  3 31  8 30 48.680  0.00  13
   105109  40.314750 -124.599373    17.807      -55.3      -48.8       -2.9     10.3     11.8     11.4 2021  4  2 12 52 12.100  0.00  13
   105111  40.315719 -124.599463    17.855      -62.9       58.7       44.6      9.2     19.0     19.1 2021  4  2 10 30 49.520  0.00  13
   105112  40.316024 -124.599341    17.914      -52.6       92.6      103.7      7.5     13.1     12.2 2021  4  2  9 31 22.380  0.00  13
   105115  40.307548 -124.596680    17.003      173.6     -848.5     -807.0      6.1     16.6     16.7 2021  4  5 20 34 12.380  0.00  13
   105116  40.313053 -124.594930    17.832      322.4     -237.2       22.5     14.5     30.1     27.0 2021  4  5 20 27 26.720  0.00  13
   105119  40.315767 -124.599585    17.858      -73.3       64.2       47.6      8.2     16.8     16.8 2021  4  8  4 25 20.800  0.00  13
   105120  40.314860 -124.599251    17.766      -45.0      -36.6      -44.3      8.2     12.6     12.2 2021  4 10  1  0 55.380  0.00  13
   105122  40.318331 -124.594002    17.498      401.2      348.8     -312.2      7.0     23.8     24.4 2021  4 19  5 59 54.500  0.00  13
   105123  40.314884 -124.599390    17.795      -56.7      -33.9      -15.1      9.6     11.6     10.8 2021  5 14 18 13 50.280  0.00  13
   105128  40.312105 -124.599512    17.771      -67.1     -342.5      -38.6     13.1     16.6     18.6 2021  6 30 20 36 48.360  0.00  13
   105129  40.314258 -124.599064    17.719      -29.1     -103.5      -91.1     13.5     15.7     15.8 2021  7  1 17 16 11.740  0.00  13
   105132  40.314750 -124.597607    17.776       94.8      -48.8      -33.7     13.5     29.9     29.8 2021  7 25  3 57 32.920  0.00  13
   105135  40.316777 -124.599162    17.913      -37.4      176.2      103.0      9.9     16.8     17.0 2021  7 25  8 29 37.560  0.00  13
   105139  40.314498 -124.599056    18.093      -28.4      -76.8      283.0     10.6     13.3     40.5 2021 10 11 11 30 59.120  0.00  13
   105140  40.317566 -124.599447    17.906      -61.6      263.9       96.5     13.8     20.8     21.0 2021 10 12 13 13 42.500  0.00  13
   105141  40.315279 -124.599235    17.827      -43.6        9.9       16.7      9.6     11.4     11.9 2021 10 28 16 43 57.220  0.00  13
   105143  40.318388 -124.600187    17.530     -124.5      355.1     -280.0     14.7     33.2     31.0 2021 11 29 13 22  6.720  0.00  13
   105146  40.315487 -124.598145    17.792       49.1       33.0      -17.7     12.8     12.7     11.9 2021 12 20 20 47 48.480  0.00  13
   105150  40.316797 -124.599976    17.864     -106.5      178.5       53.5     11.3     22.0     20.9 2021 12 20 20 12 39.500  0.00  13
   105152  40.314384 -124.599137    17.831      -35.3      -89.5       20.6      9.7     13.2     10.8 2021 12 21  3 12 38.340  0.00  13
   105153  40.314506 -124.598934    17.901      -18.0      -75.9       91.1      9.8     14.8     12.2 2021 12 21  5 15 42.340  0.00  13
   105154  40.314111 -124.599072    17.916      -29.7     -119.7      106.2     10.6     17.5     14.1 2021 12 21  7 16 24.500  0.00  13
   105159  40.315523 -124.596501    19.184      188.8       37.0     1374.0     13.7     48.3     38.2 2021 12 21  4 35 57.500  0.00  13
   105161  40.315438 -124.598551    18.353       14.5       27.6      542.7      9.7     18.1     25.6 2021 12 21 13  1 26.020  0.00  13
   105162  40.315462 -124.599284    17.845      -47.7       30.3       35.3      6.4     12.7     11.8 2021 12 21  6 56 17.600  0.00  13
   105163  40.310966 -124.596387    18.791      198.5     -469.0      981.4     10.7     33.0     43.7 2021 12 21  9  3 55.100  0.00  13
   105166  40.322192 -124.597005    18.555      145.9      777.6      745.4      9.4     13.9     22.1 2021 12 21  3 48  2.300  0.00  13
   105168  40.324784 -124.597371    20.100      114.8     1065.4     2290.0     36.4     65.8     54.4 2021 12 21  1 10 38.460  0.00  13
   105171  40.315348 -124.599211    17.690      -41.5       17.6     -119.7      6.9     15.6     15.8 2021 12 22  6  5  7.120  0.00  13
   105175  40.317131 -124.595695    17.700      257.3      215.5     -110.4     15.5     33.3     32.2 2021 12 22 18 18 17.240  0.00  13
   105177  40.313363 -124.599105    17.731      -32.5     -202.9      -78.8     12.7     32.2     32.0 2021 12 23  1  8 40.000  0.00  13
   105178  40.316003 -124.599300    17.868      -49.1       90.4       58.1     10.9     14.3     14.7 2021 12 23 19 27  9.040  0.00  13
   105179  40.316394 -124.599585    17.893      -73.3      133.7       82.8     12.0     13.7     14.2 2021 12 23 19  4 46.800  0.00  13
   105180  40.314893 -124.599674    17.839      -80.9      -33.0       28.8     10.1     17.7     16.8 2021 12 23 15 40 53.880  0.00  13
   105183  40.318087 -124.593921    17.527      408.1      321.7     -283.2      8.6     26.1     27.1 2021 12 23  3 31 30.920  0.00  13
   105185  40.314465 -124.599284    17.854      -47.7      -80.4       43.9      6.9     14.7     12.5 2021 12 24 14 22 29.520  0.00  13
   105188  40.314038 -124.599048    17.577      -27.7     -127.9     -232.6      8.4     14.0     13.8 2021 12 24  2 49 14.440  0.00  13
   105190  40.315271 -124.593831    17.570      415.7        9.0     -240.3     23.3     46.1     47.6 2021 12 26  7 28 10.580  0.00  13
   105192  40.313867 -124.594694    19.286      342.4     -146.8     1475.8      7.0     39.7     32.7 2021 12 27  2 21 46.320  0.00  13
   105196  40.314364 -124.599097    17.532      -31.8      -91.7     -278.4     11.3     24.1     28.1 2021 12 30 13 35 31.280  0.00  13
   105199  40.303837 -124.598332    17.815       33.2    -1260.6        5.2      6.7     36.0     34.1 2021 12 31 14 50 18.080  0.00  13
   105201  40.314604 -124.597087    18.552      139.0      -65.1      741.8      7.4     18.5     25.4 2022  1  1 10 17 59.220  0.00  13
   105205  40.312256 -124.598641    17.791        6.9     -325.8      -18.6     13.2     26.6     25.9 2022  1 10 15 39 12.420  0.00  13
   105206  40.317232 -124.601668    17.826     -250.4      226.8       16.1     22.2     32.7     34.9 2022  1 14  4 41 49.780  0.00  13
   105207  40.316850 -124.599935    17.918     -103.1      184.3      108.3     14.6     17.3     17.0 2022  1 15  7 19 33.280  0.00  13
   105209  40.315328 -124.599365    17.914      -54.6       15.4      104.1      8.4     15.5     13.3 2022  1 23  8 23 12.840  0.00  13
   105213  40.313863 -124.599585    17.647      -73.3     -147.3     -162.7      7.5     12.3     11.9 2022  2 21 19 46 57.280  0.00  13
   105216  40.314229 -124.599414    17.788      -58.8     -106.6      -21.6      6.6     11.9      8.9 2022  4 21  9  0 55.420  0.00  13
   105219  40.309481 -124.600033    17.465     -111.4     -633.9     -345.2     16.5     40.6     33.4 2022  6  3 20 46  6.960  0.00  13
   105220  40.321627 -124.599259    17.830      -45.7      714.8       19.6     20.5     47.4     38.6 2022  6 29 23 58 10.920  0.00  13
   105223  40.306042 -124.600277    17.626     -132.1    -1015.7     -183.8     16.2     30.8     48.7 2022  9 23  3  2 49.440  0.00  13
   110360  40.315059 -124.599032    17.747      -26.3      -14.5      -62.7      6.4     12.3     12.1 2022 12 31  1  9 23.440  1.24  13
