   100761  40.434408 -124.281258    27.293      -13.1       34.3       42.7    104.5     87.1    109.5 2020  3 19  0 21  8.520  0.00  58
   100762  40.433354 -124.280013    27.098       92.5      -82.7     -151.6    128.0    112.2    125.3 2020  5 26 11 54 20.560  0.00  58
   100770  40.434619 -124.281152    27.297       -4.1       57.8       47.1    111.4     93.2     89.0 2021 12 20 20 40 27.840  0.00  58
   100771  40.433553 -124.284025    27.361     -247.9      -60.5      110.7    173.5    196.6    126.5 2021 12 20 21 13 37.940  0.00  58
   100772  40.434949 -124.285164    27.315     -344.6       94.4       64.9    248.8    159.3    177.7 2021 12 20 21 49  2.160  0.00  58
   100775  40.433801 -124.283268    27.397     -183.7      -33.0      146.7    138.0    164.3    124.8 2021 12 20 21 41 38.040  0.00  58
   100783  40.433765 -124.279313    27.225      151.9      -37.1      -24.6    142.8    103.9    109.3 2021 12 21  1 55  6.020  0.00  58
   100784  40.434005 -124.276416    27.146      397.7      -10.4     -104.5    215.3    151.0    126.0 2021 12 21  9 44 18.020  0.00  58
   100786  40.434729 -124.283179    27.336     -176.1       70.0       86.4    141.1    115.3    105.6 2021 12 21 11 41 19.660  0.00  58
   100797  40.435107 -124.279338    27.244      149.8      112.1       -6.5    143.1    161.0    131.1 2021 12 21  2 14 36.240  0.00  58
   100798  40.433984 -124.275627    27.087      464.7      -12.7     -163.0    215.0    184.3    157.8 2021 12 21  6 23 58.200  0.00  58
   100800  40.434220 -124.275838    26.961      446.8       13.6     -289.4    202.3    205.9    150.3 2021 12 22  8 41  9.420  0.00  58
   100805  40.433586 -124.281136    27.224       -2.8      -56.9      -26.1     92.6    102.3     92.9 2021 12 25 22 32 13.020  0.00  58
   100813  40.435262 -124.284757    27.460     -310.0      129.2      209.7    166.8    160.2    163.9 2022  1  2 19 41 12.580  0.00  58
   100814  40.434448 -124.283366    27.352     -192.0       38.9      101.5    148.0    121.7    117.7 2022  1  3 19 57 17.080  0.00  58
   100815  40.433870 -124.283341    27.343     -189.9      -25.3       93.2    176.0    158.1    139.0 2022  1  6  4  5  9.040  0.00  58
   100818  40.433036 -124.277848    27.127      276.2     -117.9     -122.8    232.2    172.0    202.3 2022  1 17 14  7  8.520  0.00  58
   100819  40.433671 -124.278255    27.206      241.7      -47.4      -43.8    136.9    101.8    104.0 2022  2 18  6 57  8.340  0.00  58
   110291  40.434086 -124.281478    27.249      -31.8       -1.4       -1.2     92.8     84.3     85.7 2023  3  8 12 49 37.420  0.96  58
