   103964  40.354651 -124.452547    28.001       20.0     -193.4       40.8     41.1     62.7     41.9 2020  1 17 21 16  0.740  0.00  63
   103965  40.362292 -124.451188    27.873      135.5      655.2      -87.2     36.1    105.8     51.3 2020  2  4  9 57 27.160  0.00  63
   103967  40.359473 -124.451424    27.880      115.4      342.0      -80.2     36.7     85.8     53.0 2020  2 29 12 17 59.180  0.00  63
   103968  40.356466 -124.452767    27.946        1.4        8.1      -13.7     30.6     39.4     31.6 2020  3 10 15 52 55.420  0.00  63
   103969  40.361755 -124.451302    27.901      125.8      595.5      -59.2     38.5    123.0     39.6 2020  3 18 23  4 33.160  0.00  63
   103972  40.356763 -124.452889    27.972       -9.0       41.1       12.0     30.1     46.6     30.3 2020  3 18 22 23 27.000  0.00  63
   103973  40.356266 -124.452734    27.922        4.1      -14.0      -37.9     31.6     32.0     38.5 2020  3 19  2 51 21.320  0.00  63
   103974  40.356417 -124.452808    27.931       -2.1        2.7      -29.3     26.7     34.0     45.1 2020  3 19  1  6 52.920  0.00  63
   103975  40.355656 -124.452856    27.941       -6.2      -81.8      -19.4     23.5     56.0     36.5 2020  3 19 10  3  1.860  0.00  63
   103977  40.354533 -124.451571    27.843      103.0     -206.5     -116.8     43.8     69.8     47.1 2020  3 19  1 20 46.660  0.00  63
   103978  40.356677 -124.452791    27.946       -0.7       31.6      -13.9     31.2     44.9     35.0 2020  3 19  0  7 36.380  0.00  63
   103979  40.355322 -124.452865    27.921       -6.9     -118.8      -39.0     27.1     62.2     43.2 2020  3 20  6 22  4.300  0.00  63
   103980  40.356352 -124.452783    27.925        0.0       -4.5      -34.9     32.6     40.8     46.6 2020  3 22 20 48 12.080  0.00  63
   103988  40.356063 -124.451929    27.879       72.6      -36.6      -81.1     35.9     74.0     39.5 2022  3 28 20 25 16.460  0.00  63
   103989  40.356567 -124.452840    27.959       -4.8       19.4       -1.3     35.0     53.6     35.4 2022  5 29 17 14 40.200  0.00  63
   110331  40.356270 -124.453206    27.996      -35.9      -13.6       35.5     24.2     36.9     28.1 2023  2 13 12  0 43.360  1.05  63
