   102991  40.495496 -124.498975    29.737     -930.8     1925.7       73.8     18.2     47.6     35.4 2020  1  9 13 40 58.740  0.00  27
   102998  40.496895 -124.497510    29.591     -806.6     2081.2      -71.4     25.5     49.8     43.0 2020 10  4  6 55  1.040  0.00  27
   103000  40.490072 -124.498315    29.698     -874.9     1323.4       34.9     34.4     34.1     39.4 2020 10  8 16 45 53.320  0.00  27
   103003  40.493347 -124.500277    29.846    -1041.2     1687.2      183.6     15.2     17.7     27.2 2020 12  7  8 22 35.820  0.00  27
   103004  40.492021 -124.501123    29.939    -1113.0     1539.9      276.3     21.5     34.4     26.2 2020 12 17 16 52 32.620  0.00  27
   103005  40.492790 -124.500488    29.879    -1059.1     1625.3      216.0     17.4     18.8     25.1 2020 12 23 12 56 52.620  0.00  27
   103006  40.494401 -124.499585    29.783     -982.5     1804.2      120.1     18.1     34.5     26.4 2021  1 17 10 19 59.280  0.00  27
   103012  40.492114 -124.501213    29.929    -1120.6     1550.3      266.3     24.9     35.7     23.6 2021  7 21 12  6 54.160  0.00  27
   103015  40.494670 -124.499308    29.832     -959.1     1834.0      169.0     23.5     26.8     30.2 2021  8  4 20 21 42.980  0.00  27
   103016  40.492830 -124.501847    29.947    -1174.4     1629.8      283.8     41.6     47.4     56.6 2021  8  5 18 12 32.940  0.00  27
   103017  40.492887 -124.501888    29.950    -1177.8     1636.1      286.7     39.1     45.6     53.3 2021  8  5 16 53 27.500  0.00  27
   103022  40.492643 -124.500130    29.784    -1028.8     1609.0      121.5     29.5     24.5     26.1 2021 11 14 22 32 35.820  0.00  27
   103023  40.493188 -124.500334    29.913    -1046.0     1669.5      250.3     16.5     17.4     26.2 2021 11 27  7 32 25.300  0.00  27
   103026  40.492680 -124.500732    29.881    -1079.8     1613.1      218.5     16.6     24.6     21.4 2021 12 21 17 14  4.720  0.00  27
   103028  40.492525 -124.501270    29.944    -1125.4     1595.9      281.1     33.1     36.2     43.7 2021 12 29 22 51 33.620  0.00  27
   103029  40.493827 -124.500098    29.832    -1026.0     1740.5      169.1     20.8     31.5     23.7 2022  1 23 14 14  2.380  0.00  27
   103031  40.492826 -124.500065    29.872    -1023.3     1629.3      209.5     20.4     26.0     22.7 2022  6 14 14 54 54.680  0.00  27
   103033  40.493844 -124.499910    29.878    -1010.1     1742.3      215.0     17.0     24.4     20.3 2022  9 26  8  0 17.200  0.00  27
   103034  40.493095 -124.500350    29.781    -1047.4     1659.2      118.2     17.1     23.5     24.6 2022  9 26  1 25  9.900  0.00  27
   103035  40.493054 -124.500448    29.832    -1055.7     1654.6      169.5     17.5     17.8     22.9 2022  9 26  3 48 41.620  0.00  27
   104657  40.468420 -124.479378    30.102      730.8    -1080.8      439.1     29.1     48.2     26.9 2020  3  9 10 51 18.620  0.00  27
   104658  40.462618 -124.476579    29.482      968.3    -1725.1     -180.5     20.4     25.1     23.4 2020  3 18 23 16  2.080  0.00  27
   104659  40.462573 -124.476668    29.467      960.7    -1730.1     -195.8     25.8     23.0     20.9 2020  3 20 11  9 12.380  0.00  27
   104660  40.461605 -124.476359    29.456      986.9    -1837.6     -207.3     29.2     38.4     38.7 2020  5 10 15 44 38.280  0.00  27
   104662  40.464905 -124.474471    29.397     1147.0    -1471.2     -265.7     33.2     59.8     32.3 2020 12 30 23  3 58.660  0.00  27
   104663  40.464986 -124.474561    29.341     1139.4    -1462.2     -322.2     29.0     59.5     33.6 2020 12 31 13 12 57.180  0.00  27
   104665  40.464233 -124.475146    29.435     1089.7    -1545.7     -227.8     30.8     31.5     31.9 2021  6 24 14 45  8.020  0.00  27
   104667  40.463196 -124.476538    29.531      971.7    -1661.0     -131.7     19.6     22.4     22.1 2021  6 30 18 57 19.900  0.00  27
   104668  40.464014 -124.475594    29.532     1051.8    -1570.1     -131.3     23.7     32.9     20.9 2021  7  6 10 17  1.880  0.00  27
   104670  40.463464 -124.477458    29.599      893.7    -1631.1      -64.1     26.3     22.4     19.8 2021  7 21 11 24 19.480  0.00  27
   104672  40.463184 -124.477726    29.618      871.0    -1662.3      -44.6     22.5     35.0     19.8 2021  8 17  0  6 25.200  0.00  27
   104676  40.463656 -124.478467    29.942      808.2    -1609.9      279.6     33.0     49.4     43.1 2021 10 23  3  0  5.120  0.00  27
   104677  40.463416 -124.476034    29.425     1014.5    -1636.6     -237.6     22.2     33.3     22.8 2021 11  3 10 40 27.040  0.00  27
   104678  40.460860 -124.478784    29.834      781.3    -1920.3      171.4     31.4     32.0     25.5 2021 11 18  6 17 11.960  0.00  27
   104679  40.463977 -124.475781    29.570     1035.9    -1574.2      -92.7     18.5     27.0     20.7 2021 11 23  3 25  3.320  0.00  27
   104681  40.462455 -124.476636    29.595      963.4    -1743.2      -68.2     18.1     25.6     21.1 2021 12 22  1 49  7.300  0.00  27
   104682  40.463196 -124.476180    29.547     1002.1    -1661.0     -115.3     17.4     23.3     20.6 2021 12 22  2  6  5.140  0.00  27
   104684  40.463529 -124.480135    29.780      666.7    -1623.9      116.9     42.0     65.0     51.2 2022  4 16  8 34 43.700  0.00  27
   104685  40.459786 -124.473283    29.151     1247.8    -2039.6     -511.6     32.2     34.6     51.2 2022  4 21  0 59 15.880  0.00  27
   104686  40.463985 -124.477165    29.627      918.6    -1573.3      -36.3     24.1     26.8     20.0 2022  6 27 17 46 59.340  0.00  27
   104692  40.463485 -124.476221    29.576      998.6    -1628.9      -86.4     19.1     23.1     20.3 2022  9 24 22 42 50.600  0.00  27
   110314  40.493164 -124.499943    29.891    -1012.9     1666.8      228.6     16.6     20.1     22.6 2023  4 23 20 44 41.260  1.76  27
   110348  40.462500 -124.476644    29.618      962.8    -1738.2      -44.7     15.6     20.5     19.1 2022 12 15  2 16  4.110  2.47  27
