   104399  40.352132 -124.280444    23.926     1049.4     -961.0    -3062.2     13.3     21.9      6.9 2021  6 15  4 44 44.800  0.00  26
   104401  40.353959 -124.279468    23.878     1132.4     -758.2    -3110.0      9.3     17.7      6.3 2021  8 29  1 56 52.440  0.00  26
   104403  40.355863 -124.278638    23.848     1202.8     -546.7    -3140.5     15.1      9.2      5.6 2021 12 20 21  4 59.220  0.00  26
   104405  40.353052 -124.279622    23.874     1119.2     -858.9    -3114.6      5.4     12.7      9.9 2021 12 20 20 53 33.680  0.00  26
   104406  40.354773 -124.273991    23.987     1597.6     -667.8    -3001.5     34.1     14.9     22.1 2021 12 20 20 26 28.100  0.00  26
   104407  40.354439 -124.277295    23.860     1316.9     -704.9    -3128.8     16.9     20.9      8.1 2021 12 20 21 31 11.760  0.00  26
   104410  40.354179 -124.278914    23.894     1179.4     -733.8    -3094.0     10.7     12.3      7.9 2021 12 21  0  8 11.860  0.00  26
   104411  40.355912 -124.277816    23.862     1272.7     -541.3    -3126.1     10.9      8.2      8.4 2021 12 21 19 31 39.840  0.00  26
   104412  40.356234 -124.275920    23.898     1433.7     -505.6    -3090.2     15.0      6.4      6.9 2021 12 21 11 59  9.720  0.00  26
   104413  40.353630 -124.279207    23.843     1154.5     -794.8    -3145.2     11.6     13.2      8.9 2021 12 22  8  8 37.840  0.00  26
   104420  40.354456 -124.279110    23.908     1162.8     -703.0    -3080.1      9.1     19.8      8.1 2022  1 14  0 17 25.780  0.00  26
   104421  40.354386 -124.277913    23.775     1264.4     -710.7    -3213.0     12.5      8.2     10.3 2022  1 14  4 26 58.700  0.00  26
   104423  40.357625 -124.282284    23.942      893.1     -351.1    -3046.3     23.6     32.1     16.3 2022  1 26 22 58 55.500  0.00  26
   104426  40.355192 -124.279370    23.844     1140.6     -621.3    -3144.6     11.3     10.7      6.7 2022 11 19 20 44  5.320  0.00  26
   107213  40.340133 -124.295939    27.653     -266.9    -2293.5      664.3     17.5     19.4     14.4 2020  3 23  6 34  8.940  0.00  26
   107215  40.342529 -124.293408    27.586      -51.9    -2027.4      597.6     22.1     21.1     12.3 2021 12  1  3 23 46.460  0.00  26
   107219  40.335315 -124.298535    27.644     -487.4    -2828.5      656.1     25.8     25.6     12.0 2021 12 24 22 23 25.560  0.00  26
   107222  40.335234 -124.300374    27.791     -643.7    -2837.5      802.3     22.2     30.1     17.4 2022  1  1 10 24 30.560  0.00  26
   107224  40.352258 -124.296680    27.752     -329.8     -947.0      764.1     20.2     27.5     15.5 2022  1 17  7 33 11.240  0.00  26
   107232  40.372327 -124.307707    29.433    -1266.3     1281.4     2444.6      8.9      9.7      5.3 2021  3 11 20  6  4.280  0.00  26
   107235  40.372420 -124.308537    29.420    -1336.8     1291.8     2431.8     11.0     10.6      5.7 2021 11  3  5 58  4.920  0.00  26
   107243  40.371676 -124.308138    29.433    -1302.9     1209.1     2444.3     11.0     12.8      6.6 2021 12 20 23 27 36.080  0.00  26
   107244  40.371834 -124.308195    29.429    -1307.8     1226.7     2440.1     10.0     10.5      5.0 2021 12 20 20 50 16.880  0.00  26
   107245  40.372734 -124.307178    29.431    -1221.4     1326.6     2442.7     11.9     14.4      5.4 2021 12 20 23 41 45.320  0.00  26
   107246  40.372904 -124.308415    29.436    -1326.4     1345.5     2447.1     11.4     11.8      8.5 2021 12 20 20 17 10.900  0.00  26
   107247  40.372709 -124.308830    29.438    -1361.7     1323.9     2449.8     14.2     14.8      7.2 2021 12 20 21 11 30.880  0.00  26
   107254  40.371969 -124.308512    29.427    -1334.7     1241.6     2438.8     10.8      8.8      6.2 2021 12 21 18  1 23.800  0.00  26
   107256  40.373527 -124.306763    29.401    -1186.1     1414.7     2412.8     11.9     19.8      9.0 2021 12 21  7 25 52.440  0.00  26
   107257  40.371631 -124.312101    29.675    -1639.6     1204.1     2686.9     24.1     26.8     15.9 2021 12 21  2 34 43.280  0.00  26
   107258  40.373722 -124.306396    29.415    -1155.0     1436.4     2426.8     20.0     14.7      9.3 2021 12 21 13  6 14.120  0.00  26
   107260  40.372428 -124.308431    29.438    -1327.8     1292.7     2449.4     12.0     10.7      4.4 2021 12 23 19 15  5.580  0.00  26
   107262  40.371879 -124.308577    29.438    -1340.3     1231.7     2449.2      9.6     10.7      5.6 2021 12 24 12 38 47.180  0.00  26
   107267  40.373942 -124.308162    29.476    -1305.0     1460.8     2487.2     11.3     16.5     13.7 2021 12 26  2 14 54.480  0.00  26
   107272  40.373022 -124.306421    29.404    -1157.1     1358.7     2415.3     13.1     20.0      7.8 2022  1  2 13 57 49.500  0.00  26
   107274  40.372538 -124.309676    29.528    -1433.6     1304.9     2539.8     18.0     19.0     20.0 2022  1 15 12 26  6.380  0.00  26
   107277  40.371969 -124.308285    29.436    -1315.4     1241.6     2447.1     11.0      8.5      5.4 2022  7  1  1 40 55.500  0.00  26
   107280  40.371826 -124.308049    29.426    -1295.3     1225.8     2437.9     12.2      9.3      5.8 2022  7 16 23 34 14.380  0.00  26
   109841  40.364864 -124.269043    25.737     2017.7      452.7    -1251.1     56.4     18.7     27.8 2021 12 21  1 16 23.360  0.00  26
   109842  40.360868 -124.268937    25.835     2026.8        9.0    -1153.1     24.5     15.3     21.3 2021 12 23  3 36 15.740  0.00  26
   109843  40.359216 -124.263387    25.731     2498.3     -174.4    -1257.2     12.8     13.0     14.4 2021 12 31 10  3  5.180  0.00  26
   110338  40.353300 -124.279476    23.828     1131.7     -831.4    -3160.3      6.0      9.2      5.6 2022 12 19 23 29  6.160  1.05  26
   110427  40.340352 -124.293571    27.663      -65.7    -2269.1      674.3     16.3     13.2     11.9 2022 12 25  7 31 55.070  0.83  26
   110428  40.371464 -124.308439    29.435    -1328.5     1185.6     2446.3      8.0      8.1      5.4 2023  4 29  3  1 22.660  0.62  26
   110713  40.359180 -124.265348    25.781     2331.7     -178.5    -1207.4     14.0     14.4     14.1 2022 12 12  1  4 54.750  2.37  26
