   109139  40.455180 -124.291618    27.487      -11.0       -2.3       -2.9     23.1     14.7     15.0 2021 12 20 23 49  2.700  0.00  54
   109140  40.455949 -124.290340    27.450       97.3       83.1      -40.2     52.5     31.2     36.3 2021 12 20 20 27  8.300  0.00  54
   109141  40.455184 -124.290894    27.438       50.4       -1.8      -51.6     56.9     55.5     53.0 2021 12 20 20 14 54.440  0.00  54
   109143  40.453430 -124.287777    27.276      314.8     -196.5     -213.9     59.9     51.3     49.5 2021 12 21  4 34 24.360  0.00  54
   109146  40.455094 -124.291268    27.484       18.6      -11.7       -5.7     21.4     16.2     24.5 2021 12 23  1 13 24.040  0.00  54
   109148  40.455261 -124.291325    27.468       13.8        6.8      -22.2     24.5     25.6     20.3 2021 12 26 17 36 29.900  0.00  54
   109149  40.455298 -124.291463    27.497        2.1       10.8        6.5     22.3     18.5     17.3 2021 12 27 14 12 20.840  0.00  54
   109151  40.455265 -124.291561    27.494       -6.2        7.2        4.5     19.1     17.8     18.0 2022  1  4  3 37 23.060  0.00  54
   109152  40.455282 -124.291431    27.506        4.8        9.0       15.5     28.9     21.1     20.7 2022  1  5 20 20 38.220  0.00  54
   109153  40.455180 -124.291862    27.485      -31.8       -2.3       -4.9     35.5     23.6     17.8 2022  1  5 15 37  2.560  0.00  54
   109154  40.455208 -124.291382    27.457        9.0        0.9      -33.1     21.2     24.4     18.2 2022  1  6  4 31 33.680  0.00  54
   109155  40.455794 -124.296134    27.535     -394.2       66.0       44.7    145.6     19.7     36.6 2022  1 12 15  0 18.900  0.00  54
   109158  40.455229 -124.291968    27.503      -40.7        3.2       12.9     29.8     24.8     20.0 2022  1 27 16 44 23.740  0.00  54
   109160  40.454651 -124.293424    27.477     -164.3      -61.0      -13.0     28.4     18.8     18.8 2022  2  4 23 36 57.940  0.00  54
   109163  40.455151 -124.292082    27.514      -50.4       -5.4       24.1     46.9     26.3     29.3 2022  2 28 23  1 31.800  0.00  54
   109165  40.454842 -124.291691    27.475      -17.3      -39.8      -15.1     28.9     34.6     19.7 2022  3 25  7 29 24.500  0.00  54
   109166  40.455139 -124.291805    27.484      -26.9       -6.8       -5.9     34.0     16.7     16.7 2022  4  3 17 21 51.500  0.00  54
   109168  40.455257 -124.291439    27.495        4.1        6.3        4.8     18.7     16.8     16.5 2022  4 16  9 26 42.300  0.00  54
   109169  40.455192 -124.291903    27.483      -35.2       -0.9       -6.6     42.4     16.2     18.5 2022  6 15  2 52 15.320  0.00  54
   109170  40.455334 -124.291496    27.501       -0.7       14.9       11.3     18.8     18.9     17.6 2022  8 16 10 40 30.580  0.00  54
   110610  40.455229 -124.291455    27.495        2.8        3.2        5.0     16.3     13.7     15.9 2023  3 18 18 52 34.560  2.06  54
