   107300  40.713094 -124.395500    24.465       -0.7       -0.5        4.9     11.5     17.2     41.8 2020 10 29 13 32  8.460  0.00  59
   107302  40.713175 -124.395532    24.450       -3.4        8.6       -9.6     13.0     16.3     29.1 2021  2  5 18 58 22.480  0.00  59
   107304  40.713200 -124.395394    24.273        8.3       11.3     -186.6     17.5     18.7     83.4 2021  2 10 18 39  4.720  0.00  59
   107305  40.713236 -124.395451    24.360        3.4       15.4     -100.2     12.4     23.8     57.4 2021  3 27 19 44 22.840  0.00  59
   107309  40.713147 -124.395475    24.442        1.4        5.4      -18.0     11.5     12.5     42.7 2021  7  1  7 49  4.920  0.00  59
   107310  40.713143 -124.395426    24.346        5.5        5.0     -114.2     15.4     12.7     62.2 2021  7 28 13 54 34.920  0.00  59
   107312  40.713123 -124.395483    24.429        0.7        2.7      -30.7      9.2     13.9     39.2 2021  9  4  2 51 43.760  0.00  59
   107313  40.713139 -124.395524    24.481       -2.8        4.5       21.0     10.4     12.9     38.1 2021  9  4  3 54 10.000  0.00  59
   107314  40.713171 -124.395394    24.300        8.3        8.1     -159.5     15.8     17.1     71.7 2021  9  7  3 43 11.160  0.00  59
   107316  40.713090 -124.395443    24.376        4.1       -0.9      -84.2     18.6     12.3     68.0 2021 11 11  4 40 22.120  0.00  59
   107319  40.713086 -124.395540    24.505       -4.1       -1.4       44.8     10.7     18.9     39.1 2021 11 25 19  7 42.260  0.00  59
   107321  40.713184 -124.395524    24.449       -2.8        9.5      -10.8     11.2     15.3     26.5 2022  1  7  1 27 28.780  0.00  59
   107322  40.713184 -124.395426    24.345        5.5        9.5     -115.2     18.6     16.0     73.8 2022  3 25 15 49 48.380  0.00  59
   107323  40.713078 -124.395549    24.507       -4.8       -2.3       46.7     12.2     17.5     41.2 2022  5  3  0 18 12.600  0.00  59
   107326  40.713184 -124.395532    24.491       -3.4        9.5       31.4     13.9     16.3     45.3 2022  6 28  9 36 18.380  0.00  59
   107332  40.713208 -124.395475    24.387        1.4       12.2      -73.3     13.7     23.3     74.9 2022 11 14 17 38 58.600  0.00  59
   110430  40.713053 -124.395524    24.478       -2.8       -5.0       18.5     11.3     12.4     29.3 2023  4 18  9 17 19.780  1.42  59
