   101456  40.433008 -124.420972    26.436       27.6       78.2      155.9     66.5     75.9     92.7 2020  3 19  0 45 30.320  0.00  70
   101458  40.433203 -124.419702    26.312      135.3       99.9       32.1     80.4     92.4     92.5 2021  7 25 14  2 37.360  0.00  70
   101459  40.433516 -124.421883    26.506      -49.7      134.6      225.6     77.7     55.4    106.6 2021  9 21 10 52 22.640  0.00  70
   101460  40.432222 -124.423429    26.330     -180.9       -9.0       50.0     81.2    108.9     94.6 2021 10 18  5  4 35.880  0.00  70
   101461  40.433907 -124.421883    26.426      -49.7      178.0      145.5     56.9     80.9     88.1 2021 11 21  4 48 40.760  0.00  70
   101463  40.432633 -124.420931    26.261       31.1       36.6      -18.7     57.5     73.7     56.6 2021 12 21  4 13  9.900  0.00  70
   101464  40.432694 -124.420882    26.263       35.2       43.4      -16.8     62.0     76.6     58.5 2021 12 21  6 51 11.380  0.00  70
   101465  40.432918 -124.420964    26.310       28.3       68.2       30.0     55.1     86.1     61.5 2021 12 21  3 44  9.940  0.00  70
   101467  40.432076 -124.419556    26.350      147.8      -25.3       69.9    104.5     88.9     93.7 2021 12 25 20 27 16.480  0.00  70
   101470  40.431763 -124.421086    26.260       18.0      -60.1      -20.0     57.6     64.3     67.1 2022  3 25 23 42  8.160  0.00  70
   101471  40.429769 -124.418522    26.010      235.5     -281.5     -270.3    113.5    100.5    100.0 2022  4 15 15  6 52.560  0.00  70
   101474  40.431718 -124.421281    26.179        1.4      -65.1     -100.6     75.1     59.9     76.0 2022  9 11 17 19  8.660  0.00  70
   110295  40.432369 -124.421769    26.299      -40.1        7.2       19.4     52.0     64.9     54.3 2023  4 28  6 44 51.220  1.27  70
