   108433  40.748787 -124.234115    12.473     7403.1     2015.7     3039.1      8.3      5.9      8.9 2020 11 21  6 25 35.720  0.00  46
   108434  40.748787 -124.234155    12.474     7399.7     2015.7     3040.0      8.3      5.9      9.1 2020 11 21  7 26  9.440  0.00  46
   108435  40.748873 -124.237240    12.289     7139.1     2025.2     2855.1     17.2      6.2     12.2 2021  9 18  9  5  3.000  0.00  46
   108436  40.748812 -124.235555    12.361     7281.4     2018.5     2926.6     18.2      6.0     12.1 2022  1 18 23 24  5.960  0.00  46
   108437  40.748808 -124.235596    12.362     7278.0     2018.0     2928.1     18.4      6.0     12.1 2022  1 18 23 25  2.140  0.00  46
   108438  40.748564 -124.233488    12.516     7456.0     1990.9     3082.1     24.8      7.5     20.3 2022  1 19 20 33 45.540  0.00  46
   108439  40.748767 -124.233960    12.394     7416.2     2013.5     2959.8     19.4      7.3     13.6 2022  1 19 21 29 33.980  0.00  46
   108440  40.748694 -124.232788    12.318     7515.1     2005.4     2883.7     22.3      7.4     15.6 2022  1 20  0  6 19.720  0.00  46
   108960  40.735962 -124.292065     4.769     2508.5      591.5    -4665.5      4.8      7.5     11.6 2020  8 22  2 46 34.640  0.00  46
   108961  40.737256 -124.292204     5.570     2496.8      735.2    -3864.7      8.9      4.1      7.8 2022  9 24 17  8 17.940  0.00  46
   110222  40.721053 -124.381038     7.182    -5007.9    -1064.1    -2252.2      7.2      6.3     10.9 2022  6  5  8 26 45.400  0.00  46
   110223  40.720980 -124.380688     7.234    -4978.4    -1072.3    -2200.3      7.1      6.7      5.5 2022  6  5  8 51 54.180  0.00  46
   110224  40.720805 -124.380908     7.245    -4996.9    -1091.7    -2189.1      6.8      7.2      8.1 2022  6  5  8 28 25.100  0.00  46
   110227  40.720622 -124.380648     7.248    -4974.9    -1112.0    -2185.9      7.1      6.4      9.8 2022  6 20  0 19 17.960  0.00  46
   110230  40.735327 -124.370142     9.852    -4086.9      521.0      417.7     13.0      7.4     11.5 2022  5  5 20 40 11.140  0.00  46
   110236  40.704924 -124.372119     8.666    -4254.9    -2855.3     -768.5      6.0      3.3      5.5 2022  8  7  6 28 12.440  0.00  46
   110238  40.704919 -124.372103     8.669    -4253.5    -2855.7     -764.9      5.3      2.9      5.2 2022 11  2  8  1 19.400  0.00  46
   110239  40.704924 -124.372119     8.668    -4254.9    -2855.3     -766.4      5.2      2.9      5.2 2022 11  3 13 46 28.020  0.00  46
   110240  40.704989 -124.372396     8.655    -4278.3    -2848.1     -779.5      6.3      3.5      7.1 2022 11 16  6 47 46.300  0.00  46
   110241  40.705009 -124.372420     8.646    -4280.3    -2845.8     -788.7      6.5      3.4      6.6 2022 11 30  8 33 59.080  0.00  46
   110502  40.748674 -124.235897    12.324     7252.6     2003.1     2890.0     10.2      5.2     10.3 2022 12 23 17 30 27.280  1.15  46
   110573  40.737354 -124.294255     5.787     2323.5      746.0    -3647.7      5.6      3.7      6.6 2023  5 22 19  5 30.020  1.30  46
   110777  40.721086 -124.380298     7.386    -4945.4    -1060.5    -2048.4      6.6      5.7      7.0 2023  3 23  6  3  8.580  1.25  46
   110779  40.734623 -124.373193    10.013    -4344.7      442.8      578.6     12.9      7.4     13.3 2023  1 12 21  3 16.120  1.83  46
   110784  40.705066 -124.371712     8.693    -4220.5    -2839.5     -741.0      5.6      2.9      5.6 2022 12 20  0 57 24.410  1.03  46
