   101367  40.297860 -124.377555     8.679      -36.0       83.6      -41.3     23.8     42.2     37.2 2020  1  3 18 37 48.420  0.00  36
   101368  40.297843 -124.377580     8.660      -38.1       81.8      -59.8     24.2     43.2     40.6 2020  1  3 21  3 28.940  0.00  36
   101377  40.300427 -124.378190     9.205      -89.9      368.7      484.6     30.5     44.8     47.4 2020  1 25  4  5 34.620  0.00  36
   101379  40.297481 -124.377938     9.133      -68.5       41.6      412.8     40.1     36.6     44.4 2020  1 25  3 30 34.600  0.00  36
   101380  40.298437 -124.378573     9.164     -122.5      147.7      443.9     31.5     38.3     44.1 2020  1 25  4 10 12.200  0.00  36
   101382  40.298853 -124.378467     9.175     -113.5      193.8      455.1     29.3     41.0     45.7 2020  1 25  3 31 37.080  0.00  36
   101383  40.296993 -124.376864     8.723       22.8      -12.7        2.6     17.2     28.2     20.3 2020  2  6 17 51  9.320  0.00  36
   101389  40.297827 -124.377523     8.740      -33.2       80.0       20.2     21.0     24.3     24.6 2020  2  6 13 51  8.720  0.00  36
   101391  40.298686 -124.376774     8.738       30.4      175.3       18.2     29.1     32.0     28.1 2020  2  7  2 54 42.920  0.00  36
   101393  40.296822 -124.376978     8.715       13.1      -31.6       -4.8     18.2     32.0     31.4 2020  3  8 19 42 41.580  0.00  36
   101396  40.298645 -124.377507     8.853      -31.8      170.8      132.6     21.3     30.1     44.5 2020  3 20 23 44 12.400  0.00  36
   101398  40.297249 -124.377132     8.701        0.0       15.8      -18.7     19.5     34.7     22.6 2020  4  8  2  0 22.120  0.00  36
   101399  40.296720 -124.377002     8.704       11.1      -42.9      -15.8     18.6     33.6     21.8 2020  4 15 18 15 23.100  0.00  36
   101402  40.296899 -124.377018     8.704        9.7      -23.0      -16.0     20.6     34.1     23.0 2020  4 19  7 46 54.060  0.00  36
   101408  40.296948 -124.375513     8.664      137.7      -17.6      -56.3     26.9     43.5     40.2 2020  8  6  8 32 23.100  0.00  36
   101410  40.296798 -124.376969     8.673       13.8      -34.3      -46.7     19.2     35.7     30.3 2020  9  3  7 35 28.420  0.00  36
   101413  40.296220 -124.376758     8.704       31.8      -98.5      -15.6     18.8     32.1     42.8 2020 11 12  2 44 16.520  0.00  36
   101418  40.297319 -124.376750     8.695       32.5       23.5      -25.3     18.7     34.9     27.3 2021  3 31 23 59 38.480  0.00  36
   101423  40.296895 -124.377091     8.698        3.5      -23.5      -21.7     20.1     24.4     21.6 2021  5 18 12 40 20.440  0.00  36
   101424  40.297148 -124.377035     8.713        8.3        4.5       -6.8     18.8     36.0     28.7 2021  5 19 22 43 10.320  0.00  36
   101427  40.297078 -124.378182     9.129      -89.3       -3.2      408.7     39.5     34.6     44.4 2021  6 28  8 37 35.300  0.00  36
   101428  40.297489 -124.378198     9.131      -90.6       42.5      411.0     38.8     31.7     43.4 2021  6 28  7 55  0.760  0.00  36
   101430  40.298995 -124.377580     8.824      -38.1      209.6      103.6     23.0     33.7     68.3 2021  6 28  1 24 33.540  0.00  36
   101432  40.296842 -124.377124     8.653        0.7      -29.4      -66.7     19.5     29.4     28.9 2021  7 28 16  2 31.160  0.00  36
   101433  40.297083 -124.377067     8.661        5.5       -2.7      -58.6     20.4     21.0     27.1 2021  7 28 16  9  1.560  0.00  36
   101437  40.296965 -124.375106     8.458      172.3      -15.8     -261.7     28.8     56.5     49.1 2021 12 19 12 20 16.920  0.00  36
   101438  40.294222 -124.375545     8.484      134.9     -320.3     -236.4     40.4     75.1     62.2 2021 12 19 12 43 37.120  0.00  36
   101442  40.298039 -124.375334     8.550      152.9      103.5     -170.2     33.5     67.3     52.6 2022  2 24 22 19 12.180  0.00  36
   101444  40.297192 -124.377018     8.741        9.7        9.5       20.8     15.5     25.1     23.0 2022  4  5 23 58  3.860  0.00  36
   101445  40.297286 -124.377238     8.726       -9.0       19.9        6.0     17.0     28.1     28.9 2022  4  6 20 48 44.220  0.00  36
   101446  40.298437 -124.376188     8.824       80.3      147.7      104.1     37.9     65.0     58.5 2022  4  6 23 44 48.880  0.00  36
   101448  40.300094 -124.377523     9.134      -33.2      331.6      414.3     34.6     53.6     57.5 2022  5 29 22  5 22.560  0.00  36
   101452  40.297160 -124.377100     8.709        2.8        5.9      -11.4     19.1     34.5     30.0 2022  9 27 16 34 38.900  0.00  36
   110294  40.296635 -124.377116     8.710        1.4      -52.4      -10.5     15.1     24.7     21.6 2023  5 20  7 11  5.220  0.56  36
