   103037  40.494779 -124.703687    26.013      -44.8      -24.4      383.3     31.2     55.5    100.0 2020  1  9  2 28 46.420  0.00  21
   103039  40.496200 -124.702710    25.434       37.9      133.3     -196.2     28.9     59.3     99.6 2020  2 13  3 49 16.980  0.00  21
   103041  40.496366 -124.702563    25.340       50.4      151.8     -290.1     30.6     61.0    116.5 2020  2 13  4 46  3.640  0.00  21
   103047  40.494320 -124.703743    26.140      -49.7      -75.5      510.3     72.1     94.9    230.8 2020  3 24  7 13 13.600  0.00  21
   103049  40.494055 -124.703475    25.734      -26.9     -104.8      104.4     27.9     62.6    110.6 2020  4  2  6 14 42.300  0.00  21
   103050  40.494051 -124.703491    25.707      -28.3     -105.3       76.8     39.4     67.1    148.7 2020  4  2  9 24  2.020  0.00  21
   103052  40.495658 -124.704085    26.475      -78.6       73.2      845.0     37.1     48.3    112.8 2020  5  2 14 30  4.400  0.00  21
   103053  40.493994 -124.703589    25.786      -36.6     -111.6      155.9     32.7     70.3    118.0 2020  5 26 13 46 53.380  0.00  21
   103054  40.494853 -124.703475    25.832      -26.9      -16.3      202.1     34.0     52.7    106.1 2020  5 27 14 13 23.920  0.00  21
   103056  40.499426 -124.701042    24.481      179.4      491.6    -1149.1     58.8    108.6    290.0 2020  6  3  7 51 45.780  0.00  21
   103059  40.497534 -124.701953    24.508      102.1      281.5    -1121.7     38.9     82.2    161.5 2020  6 26  3 47 36.160  0.00  21
   103060  40.497770 -124.701847    25.117      111.1      307.7     -512.6     43.1     92.4    125.6 2020  7  3  9 58 33.980  0.00  21
   103061  40.497127 -124.702124    25.252       87.6      236.3     -378.1     41.4     67.3    184.9 2020  7  8 14  3 32.400  0.00  21
   103063  40.494271 -124.703646    25.985      -41.4      -80.9      354.6     29.5     58.7    105.0 2020  9  7  3 44 39.520  0.00  21
   103068  40.497583 -124.702295    25.221       73.1      286.9     -409.2     32.7     74.7    105.7 2020 10  2  7 32  2.120  0.00  21
   103070  40.497526 -124.702157    25.120       84.9      280.6     -510.3     35.8     81.9    141.5 2020 10 18  5 17 38.540  0.00  21
   103071  40.496928 -124.701188    23.901      167.0      214.2    -1728.9     53.9     73.6    403.1 2020 10 27 13 47 40.740  0.00  21
   103073  40.497201 -124.702230    24.377       78.6      244.4    -1253.3     42.5     54.8    245.9 2020 11  6  4 14 13.540  0.00  21
   103074  40.497493 -124.701351    23.263      153.2      277.0    -2367.1     49.4     59.4    333.5 2020 11 15 10  1 52.660  0.00  21
   103075  40.496126 -124.700968    24.617      185.6      125.2    -1012.7     52.6     79.3    372.8 2020 12  2  4 36 19.100  0.00  21
   103076  40.494409 -124.703507    25.975      -29.7      -65.5      344.6     27.3     58.6    103.8 2020 12 17  6 44 45.740  0.00  21
   103077  40.495394 -124.701107    20.645      173.9       43.8    -4985.1     83.8    125.5    963.9 2021  1 12  2  8 19.400  0.00  21
   103078  40.496342 -124.701579    22.746      133.8      149.1    -2883.6     50.7     55.2    315.8 2021  1 19 17 42 49.980  0.00  21
   103079  40.498824 -124.701864    23.630      109.7      424.7    -1999.7     44.9     89.1    310.9 2021  1 19 18  1 13.300  0.00  21
   103083  40.495443 -124.703890    26.193      -62.1       49.3      563.0     35.5     48.9    107.7 2021  2  1  4 12  8.800  0.00  21
   103084  40.494967 -124.703597    26.032      -37.3       -3.6      401.8     30.0     54.6    106.2 2021  3 23  9 45 54.260  0.00  21
   103085  40.497465 -124.700895    15.436      191.8      273.8   -10194.2     58.3     93.5    805.7 2021  4  6 11 19 12.540  0.00  21
   103086  40.498165 -124.701717    23.733      122.1      351.5    -1897.2     47.9     70.9    297.7 2021  4 26  7  2 45.300  0.00  21
   103089  40.496216 -124.700293    23.761      242.8      135.1    -1869.0     65.5     56.2     80.3 2021  6 15 10 46 43.260  0.00  21
   103090  40.496830 -124.705501    28.308     -198.7      203.3     2677.6     73.0    134.2    225.5 2021  7  4  0  5 36.200  0.00  21
   103091  40.494873 -124.703459    25.863      -25.5      -14.0      233.4     34.5     52.5    127.8 2021  7 13 21 59  0.800  0.00  21
   103092  40.494299 -124.703573    25.938      -35.2      -77.7      307.6     31.5     63.2    114.9 2021  7 18  2  1  4.540  0.00  21
   103093  40.494491 -124.703646    26.106      -41.4      -56.5      475.9     63.4     82.5    207.9 2021  7 21 10 36 48.460  0.00  21
   103097  40.493921 -124.703695    25.974      -45.5     -119.7      343.8     31.5     69.2    109.1 2021 11 22  2 25 23.060  0.00  21
   103098  40.494019 -124.703434    25.764      -23.5     -108.9      133.7     29.2     68.5    103.0 2021 11 22  1 57 48.440  0.00  21
   103099  40.495158 -124.703296    25.678      -11.7       17.6       48.2     49.3     67.9    165.9 2021 11 22 21 23 58.880  0.00  21
   103100  40.501579 -124.698307    23.849      411.2      730.6    -1781.0     55.9     79.7     70.1 2021 11 27 13 33 29.400  0.00  21
   103104  40.496838 -124.701286    24.161      158.7      204.2    -1468.6     49.3     78.1    298.4 2022  1 16 23  2 24.140  0.00  21
   103105  40.494421 -124.703613    26.024      -38.6      -64.2      394.5     29.0     59.6    100.3 2022  2 16 13 34 40.600  0.00  21
   103107  40.497640 -124.702327    25.318       70.4      293.2     -312.3     38.0     83.2    135.8 2022  3 12  7 11 15.140  0.00  21
   103108  40.493929 -124.703621    25.841      -39.3     -118.8      211.4     30.1     71.6    135.0 2022  4  4 11 35  9.120  0.00  21
   103110  40.497432 -124.702043    24.662       94.5      270.2     -968.5     40.6     75.7    206.2 2022  4  9 17 16  5.540  0.00  21
   103112  40.494242 -124.703516    25.849      -30.4      -84.0      218.8     28.5     60.4    101.7 2022  5 30 13 48 37.440  0.00  21
   103113  40.494450 -124.703548    25.873      -33.1      -61.0      243.1     29.8     61.5    110.5 2022  5 30 13 30 56.840  0.00  21
   103114  40.494185 -124.703451    25.803      -24.8      -90.4      173.1     29.0     67.1    103.9 2022  5 30 13 39 35.600  0.00  21
   103116  40.497982 -124.704989    26.862     -155.2      331.2     1231.6     50.4    113.7    162.6 2022  6 14  6 34  6.200  0.00  21
   103117  40.494507 -124.703418    25.756      -22.1      -54.7      125.9     34.9     55.6    110.4 2022  6 23 22 54 39.680  0.00  21
   103120  40.494836 -124.703516    25.957      -30.4      -18.1      326.9     28.5     56.5    120.8 2022  9 22  3 48 37.700  0.00  21
   110315  40.493628 -124.703703    25.763      -46.2     -152.3      133.4     26.6     45.3     91.0 2023  5 17 16 10 52.790  2.77  21
