   103991  40.298523 -124.340316     9.659    -2659.4    -1620.2     -140.2     13.8     10.5      9.4 2020  1 17  9 45 59.140  0.00  47
   103993  40.300700 -124.340324     9.547    -2660.0    -1378.5     -252.1     12.8     17.0     17.4 2020  5 10  3 42 52.940  0.00  47
   103994  40.301860 -124.340470     9.552    -2672.5    -1249.8     -247.2     13.7     23.4     16.9 2020  5 10  5 35 35.000  0.00  47
   103998  40.298067 -124.340356     9.660    -2662.9    -1670.9     -138.7      7.2     13.9      9.8 2020  9 14  9  1 19.540  0.00  47
   104000  40.299186 -124.340861     9.631    -2705.7    -1546.6     -168.2      8.4     16.6     12.6 2021  3 25  0  8 59.680  0.00  47
   104002  40.299495 -124.340837     9.645    -2703.6    -1512.3     -153.5      6.8     10.9      6.5 2021  8 22  5 40 15.640  0.00  47
   104004  40.299577 -124.340291     9.670    -2657.3    -1503.2     -129.1      7.3     10.2      8.9 2021  9  4  3 28 39.640  0.00  47
   104007  40.298779 -124.340373     9.656    -2664.2    -1591.8     -142.5      5.7     11.8      5.5 2022  5 10 23 26 29.780  0.00  47
   104008  40.297331 -124.340462     9.504    -2671.9    -1752.6     -295.0      6.1     12.0     10.3 2022  5 30  7 25 58.420  0.00  47
   104010  40.297961 -124.339974     9.616    -2630.3    -1682.6     -182.6     19.0     37.9     22.2 2022  6 28  1 22 18.540  0.00  47
   104011  40.296273 -124.339461     9.536    -2586.8    -1870.1     -263.1     15.3     24.4     19.5 2022 10 19 21 53 36.280  0.00  47
   106813  40.294755 -124.330233     9.469    -1802.3    -2038.6     -330.0      8.0     12.7      9.8 2020  3 17  5 56 19.560  0.00  47
   106827  40.293738 -124.330794     9.499    -1850.0    -2151.6     -300.2      7.3     11.2     11.1 2022  2 25  5 29 56.100  0.00  47
   106830  40.295121 -124.330900     9.426    -1859.0    -1998.0     -372.6      6.4     13.3      8.7 2022  7  5 15 16 47.800  0.00  47
   106831  40.293705 -124.330469     9.565    -1822.3    -2155.2     -233.6      8.7      9.3      8.5 2022  8 21 21 28 41.340  0.00  47
   106832  40.293018 -124.330648     9.552    -1837.6    -2231.6     -247.3      8.2      9.3      8.8 2022  8 21 21 40 11.720  0.00  47
   106834  40.295447 -124.330485     9.318    -1823.7    -1961.8     -481.2      8.8     15.0     16.1 2022 10 20 17 49 27.620  0.00  47
   107004  40.334851 -124.211759     7.248     8267.2     2413.7    -2550.7     14.1     17.6     12.6 2022  3  4 18 57 23.080  0.00  47
   107006  40.332882 -124.212435     6.892     8209.9     2195.0    -2906.7      9.1     12.2     21.4 2022 10 10 12 43 31.860  0.00  47
   108402  40.379960 -124.251164    12.688     4916.6     7422.6     2888.8      7.1      6.6      5.1 2022 10  8 11 13  1.020  0.00  47
   108407  40.379842 -124.250798    12.683     4947.8     7409.5     2884.4      6.8      5.3      4.0 2022 11 12 15 29 41.060  0.00  47
   110332  40.299023 -124.340470     9.669    -2672.5    -1564.7     -130.3      5.6      9.7      6.1 2023  3 12 10 38 34.580  0.73  47
   110415  40.294194 -124.329964     9.534    -1779.4    -2101.0     -265.1      6.2      7.2      6.3 2023  3 15 21 22 18.100  1.02  47
   110424  40.333435 -124.210099     7.201     8408.4     2256.4    -2597.6     10.5     14.7     11.8 2023  5  3  7 32 56.730  0.50  47
   110499  40.379659 -124.250610    12.674     4963.7     7389.2     2875.6      6.7      5.2      4.0 2023  3 19 16 35 12.330  0.73  47
   110740  40.350496 -124.249748    12.351     5038.0     4150.9     2553.2     19.3     16.6     16.1 2023  2  1  5  8 29.030  0.91  47
