   104838  40.291496 -124.388265    21.264      102.4      -23.5     -106.5    328.6    258.4    481.8 2020  1 25 14 20 47.820  0.00  34
   104839  40.291565 -124.388346    21.282       95.5      -15.8      -87.6    322.5    242.7    435.2 2020  1 25 14 22 23.940  0.00  34
   104842  40.291439 -124.387760    21.220      145.3      -29.8     -150.3    361.1    298.6    528.9 2020  3 13 13 44 40.320  0.00  34
   104843  40.294747 -124.388859    21.316       51.9      337.5      -54.0    247.8    679.2    221.4 2020  5 23 16 19  5.400  0.00  34
   104844  40.297587 -124.388680    21.304       67.1      652.9      -65.9    406.6   1027.2    243.1 2020  5 24 12  7 13.140  0.00  34
   104845  40.291398 -124.389518    21.373       -4.2      -34.3        2.9    168.9    315.3    145.0 2020  6  5 12  0 20.420  0.00  34
   104848  40.291479 -124.387956    21.242      128.7      -25.3     -127.5    345.4    283.2    528.2 2020 12 25 11 55 38.020  0.00  34
   104849  40.291528 -124.387964    21.246      128.0      -19.9     -123.8    338.6    271.5    515.6 2020 12 25 14 25 57.040  0.00  34
   104850  40.291435 -124.388127    21.246      114.2      -30.3     -123.9    336.7    261.9    606.5 2021  1 13 10  0 21.440  0.00  34
   104851  40.291801 -124.389364    21.356        9.0       10.4      -13.7    165.6    280.3    201.9 2021  2  5 11 24  9.360  0.00  34
   104854  40.291191 -124.389429    21.369        3.5      -57.4       -1.3    173.7    364.6    153.7 2021  9 17  3 49 29.860  0.00  34
   104855  40.291606 -124.389697    21.380      -19.4      -11.3        9.8    243.3    369.0    180.5 2021 10 23 10 36 54.840  0.00  34
   104857  40.291459 -124.389315    21.363       13.1      -27.6       -6.6    199.8    264.2    178.6 2021 11 10 22 12  7.100  0.00  34
   104858  40.293827 -124.389315    21.342       13.1      235.4      -27.9    310.9    664.4    268.8 2021 11 17 11 58 34.440  0.00  34
   104859  40.291968 -124.389689    21.373      -18.7       28.9        2.5    185.2    240.9    199.3 2021 12 20 22 16 24.420  0.00  34
   104862  40.291744 -124.389543    21.370       -6.2        4.1        0.4    185.6    282.5    149.3 2021 12 21  0  0 44.500  0.00  34
   104863  40.291642 -124.389632    21.374      -13.8       -7.2        4.0    186.8    222.6    136.2 2021 12 21  7 32  7.940  0.00  34
   104864  40.291557 -124.389591    21.374      -10.4      -16.7        4.3    198.8    246.5    154.4 2021 12 21  7 32 38.440  0.00  34
   104866  40.291720 -124.389469    21.369        0.0        1.4       -1.3    180.8    287.3    149.5 2021 12 21 13 12 35.900  0.00  34
   104868  40.291630 -124.389616    21.379      -12.5       -8.6        8.8    175.1    309.2    149.6 2021 12 21  7 35 40.760  0.00  34
   104869  40.292090 -124.389543    21.371       -6.2       42.5        1.1    171.4    273.2    143.9 2021 12 21  5 59 26.840  0.00  34
   104870  40.291390 -124.389469    21.367        0.0      -35.2       -2.6    180.2    317.6    147.2 2021 12 21  2 41 56.780  0.00  34
   104872  40.291793 -124.390885    21.463     -120.4        9.5       93.0    388.6    352.6    306.6 2021 12 21  5 35 36.300  0.00  34
   104874  40.292879 -124.388924    21.338       46.4      130.1      -31.9    316.9    462.6    271.1 2021 12 21 13 40 27.300  0.00  34
   104875  40.291235 -124.389510    21.379       -3.5      -52.4        9.1    169.3    349.5    168.6 2021 12 22  2 25 36.120  0.00  34
   104876  40.291309 -124.389559    21.376       -7.6      -44.3        6.3    194.9    310.1    161.3 2021 12 22  4 43 41.600  0.00  34
   104878  40.291471 -124.389559    21.376       -7.6      -26.2        6.3    182.7    329.0    182.4 2021 12 23 13 23  2.200  0.00  34
   104881  40.291838 -124.389486    21.371       -1.4       14.5        1.1    165.0    249.1    159.0 2021 12 31 17  4  4.900  0.00  34
   104884  40.291654 -124.389486    21.373       -1.4       -5.9        2.9    163.2    280.9    146.2 2022  1 28 17 21 49.780  0.00  34
   104885  40.291785 -124.389502    21.374       -2.8        8.6        3.8    188.1    341.1    163.0 2022  1 28 15 57 19.160  0.00  34
   104886  40.292000 -124.389412    21.369        4.8       32.5       -0.6    169.1    245.8    149.3 2022  1 28 15 48 35.980  0.00  34
   104888  40.291467 -124.389616    21.374      -12.5      -26.7        4.5    193.1    289.7    152.2 2022  2 22  1 59 45.720  0.00  34
   104889  40.292090 -124.389608    21.371      -11.8       42.5        0.9    181.8    293.7    179.9 2022  9  2 17 28 49.180  0.00  34
   110352  40.291785 -124.389673    21.374      -17.3        8.6        3.7    171.1    175.3    158.5 2023  3 28  2 26 28.480  2.85  34
