   103372  40.279317 -124.520980    19.957       47.8      124.3      -12.5    233.1    356.2    202.3 2020  1 13  4 35 54.740  0.00  32
   103373  40.279224 -124.521029    19.976       43.6      113.9        6.5    222.3    340.3    189.8 2020  1 14 13 28 33.620  0.00  32
   103376  40.278251 -124.521484    19.803        4.8        5.9     -167.4    265.0    438.1    152.5 2020  4 23  2 43 50.960  0.00  32
   103380  40.278463 -124.521484    19.917        4.8       29.4      -53.1    166.9    246.8    254.2 2020  6 22 23 31  2.020  0.00  32
   103381  40.278805 -124.521305    20.003       20.1       67.3       32.9    163.9    299.3    401.7 2020  6 28 17 22 53.120  0.00  32
   103383  40.278068 -124.521663    19.967      -10.4      -14.5       -3.4    149.5    258.3    170.4 2020  7 13 10 22  7.320  0.00  32
   103384  40.279045 -124.521248    20.013       24.9       94.0       42.7    183.7    334.1    585.4 2020  8  3  9  6  1.760  0.00  32
   103389  40.279024 -124.521191    19.957       29.8       91.7      -13.3    195.1    295.8    273.2 2020 11  5 12 38 58.240  0.00  32
   103390  40.278845 -124.521281    19.940       22.1       71.8      -30.2    187.5    268.9    165.5 2020 11  5 12 39 36.040  0.00  32
   103391  40.278768 -124.521330    19.964       18.0       63.3       -5.6    172.7    250.6    200.7 2020 11  6  8 25 13.440  0.00  32
   103392  40.277055 -124.522233    19.947      -58.8     -127.0      -23.3    265.3    407.0    195.2 2020 12 29  9  1 15.600  0.00  32
   103397  40.279028 -124.521208    20.016       28.4       92.2       46.3    189.1    361.9    499.6 2021  3  4 17  8 37.200  0.00  32
   103400  40.279089 -124.521110    19.967       36.7       98.9       -3.4    200.7    307.4    186.8 2021  3 27 10 50 25.740  0.00  32
   103401  40.279163 -124.521102    20.003       37.4      107.1       32.7    208.0    380.4    461.9 2021  4  5 11 42 43.140  0.00  32
   103403  40.279089 -124.521183    19.935       30.5       98.9      -35.4    193.9    304.3    237.0 2021  5 29 16 34 35.700  0.00  32
   103404  40.278821 -124.521338    20.019       17.3       69.1       49.4    176.9    357.5    516.8 2021  6 13  0 34 11.440  0.00  32
   103412  40.276685 -124.522534    20.352      -84.4     -168.1      382.2    300.1    485.2    539.0 2021  9 19 22 24 28.280  0.00  32
   103413  40.276648 -124.522559    20.381      -86.5     -172.1      410.7    309.4    506.0    525.5 2021  9 23  7 46 21.640  0.00  32
   103414  40.278190 -124.521549    19.959       -0.7       -0.9      -10.7    139.2    242.1    174.8 2021 10 10  2 35 36.640  0.00  32
   103415  40.277389 -124.521924    19.928      -32.5      -89.9      -42.1    172.4    438.9    495.0 2021 10 12 11 35 15.460  0.00  32
   103416  40.277791 -124.521753    19.963      -18.0      -45.2       -7.3    163.2    288.7    274.0 2021 10 13  3 15 11.500  0.00  32
   103417  40.277120 -124.522201    19.943      -56.1     -119.7      -27.4    259.1    397.9    209.3 2021 10 25 12 13 10.580  0.00  32
   103418  40.278035 -124.521704    19.968      -13.8      -18.1       -2.1    147.1    246.0    177.0 2021 11 10 23 37 13.460  0.00  32
   103420  40.278389 -124.521493    19.936        4.2       21.2      -34.4    166.6    277.6    231.5 2021 11 16 10 50 11.560  0.00  32
   103421  40.278927 -124.521257    20.011       24.2       80.9       41.2    184.5    347.0    424.7 2021 11 18 14 19 52.740  0.00  32
   103422  40.278178 -124.521615    19.958       -6.2       -2.3      -12.2    142.4    229.6    213.1 2021 12  7 14 41 31.160  0.00  32
   103423  40.278878 -124.521240    19.896       25.6       75.5      -74.1    191.1    278.5    335.9 2021 12 15 14 48 20.300  0.00  32
   103424  40.278210 -124.521566    19.953       -2.1        1.4      -17.1    140.1    253.8    206.1 2021 12 20 14 25 10.760  0.00  32
   103426  40.277922 -124.521745    19.987      -17.3      -30.7       17.1    141.7    231.9    186.6 2021 12 20 20  7 39.320  0.00  32
   103427  40.277616 -124.521777    19.946      -20.1      -64.6      -23.7    153.3    374.0    384.1 2021 12 20 21 43 57.240  0.00  32
   103429  40.279171 -124.521175    19.936       31.1      108.0      -34.0    217.0    329.2    261.4 2021 12 22 16  0 10.800  0.00  32
   103430  40.278707 -124.521354    20.008       15.9       56.5       37.8    165.0    300.1    327.2 2021 12 24 11  3 50.560  0.00  32
   103431  40.278931 -124.521257    20.008       24.2       81.3       38.0    182.2    353.3    437.0 2021 12 26 21 48 44.840  0.00  32
   103434  40.278007 -124.521655    19.969       -9.7      -21.2       -1.3    143.3    279.9    145.8 2022  4 30 21  3 55.400  0.00  32
   103435  40.276746 -124.522257    19.956      -60.9     -161.3      -14.4    228.2    356.7    482.2 2022  5 31 11 52 23.980  0.00  32
   103436  40.278052 -124.521655    19.977       -9.7      -16.3        7.4    144.9    228.9    199.0 2022  9  1 13  9 26.560  0.00  32
   103439  40.277698 -124.521688    19.943      -12.5      -55.6      -26.6    156.1    349.8    331.1 2022  9 23 17 55 19.120  0.00  32
   103440  40.277991 -124.521623    19.970       -6.9      -23.0        0.0    156.8    252.7    239.3 2022  9 26 16 59 43.680  0.00  32
   110321  40.278048 -124.521672    19.971      -11.1      -16.7        0.9    138.3    215.0    155.0 2022 12 23 14 21 11.630  0.91  32
