   109669  40.400260 -124.278687    26.871      -57.3      -48.8       11.2    233.2    210.6    104.4 2021  6 30  4  7 16.980  0.00  49
   109670  40.400688 -124.278133    26.865      -10.4       -1.4        5.3    117.7     55.6    117.6 2021 12 20 21 33 53.800  0.00  49
   109671  40.400675 -124.277881    26.849       11.1       -2.7      -10.5    117.9    128.0    114.9 2021 12 20 20 16  2.340  0.00  49
   109672  40.400842 -124.277881    26.863       11.1       15.8        3.1    125.0    148.9    112.9 2021 12 20 21  4  2.560  0.00  49
   109674  40.400798 -124.277840    26.863       14.5       10.8        2.6    132.7    124.1    109.5 2021 12 20 22  5 33.080  0.00  49
   109675  40.400846 -124.277873    26.868       11.7       16.3        7.9    140.1    136.2    115.3 2021 12 20 20 38 16.520  0.00  49
   109676  40.399902 -124.277677    26.823       28.3      -88.6      -37.5    199.7    235.1    207.9 2021 12 20 23 18 45.760  0.00  49
   109678  40.400818 -124.278125    26.864       -9.7       13.1        3.9    156.0    144.2    159.9 2021 12 20 20 28  8.320  0.00  49
   109680  40.401591 -124.277612    26.819       33.9       99.0      -41.2    261.9    296.4    175.7 2021 12 20 22 40  4.140  0.00  49
   109681  40.400342 -124.278280    26.847      -22.8      -39.8      -13.2    159.5    169.9     98.0 2021 12 20 21 16 57.840  0.00  49
   109682  40.400777 -124.277840    26.872       14.5        8.6       11.9    152.8     98.3    123.1 2021 12 21  0 35 38.260  0.00  49
   109683  40.400659 -124.278019    26.861       -0.7       -4.5        1.3    116.4    141.0    117.2 2021 12 21  1 29  1.520  0.00  49
   109684  40.400114 -124.278556    26.858      -46.3      -65.1       -1.8    209.6    226.3    117.4 2021 12 21 10 32 44.960  0.00  49
   109686  40.400781 -124.277889    26.856       10.4        9.0       -4.4    125.6    158.0    120.1 2021 12 21  9 35 39.700  0.00  49
   109688  40.400663 -124.277970    26.862        3.5       -4.1        1.7    113.9    100.3    110.1 2021 12 22 16 42 51.760  0.00  49
   109689  40.400008 -124.277848    26.826       13.8      -76.8      -33.7    180.2    208.0    155.8 2021 12 22 21 49  0.120  0.00  49
   109690  40.400684 -124.277979    26.863        2.8       -1.8        3.0    138.1    134.9    121.5 2021 12 23 19 18 59.440  0.00  49
   109691  40.400781 -124.280184    27.049     -184.5        9.0      189.1    328.4    270.5    338.7 2021 12 24 18 30 16.400  0.00  49
   109692  40.400700 -124.277987    26.859        2.1        0.0       -1.2    112.9    119.7    104.6 2021 12 28 12 16  7.460  0.00  49
   109693  40.400655 -124.278141    26.862      -11.1       -5.0        1.5    121.2    118.8    112.9 2022  1  2  4  3 22.780  0.00  49
   109697  40.400472 -124.278467    26.883      -38.7      -25.3       23.2    162.7    189.2    145.7 2022  4  7 18 43 56.160  0.00  49
   110670  40.400749 -124.277954    26.861        4.8        5.4        0.7    112.8    103.2    104.6 2022 12 14  8 39 12.430  2.11  49
