   100761  40.434371 -124.281250    27.287      -12.4       30.3       37.3    134.5    112.9    140.5 2020  3 19  0 21  8.520  0.00  58
   100762  40.433419 -124.280111    27.115       84.2      -75.5     -135.4    162.3    141.4    158.9 2020  5 26 11 54 20.560  0.00  58
   100770  40.434550 -124.281160    27.291       -4.8       50.2       41.4    140.6    118.3    115.1 2021 12 20 20 40 27.840  0.00  58
   100771  40.433679 -124.283732    27.355     -223.0      -46.5      105.2    229.5    266.6    173.6 2021 12 20 21 13 37.940  0.00  58
   100772  40.434884 -124.284741    27.312     -308.7       87.2       62.0    337.2    216.4    240.3 2021 12 20 21 49  2.160  0.00  58
   100775  40.433891 -124.283008    27.382     -161.6      -23.0      132.3    178.1    220.8    161.5 2021 12 20 21 41 38.040  0.00  58
   100783  40.433789 -124.279500    27.226      136.0      -34.3      -23.8    192.3    139.0    145.6 2021 12 21  1 55  6.020  0.00  58
   100784  40.433960 -124.276994    27.152      348.7      -15.4      -98.4    253.7    198.1    160.0 2021 12 21  9 44 18.020  0.00  58
   100786  40.434672 -124.282918    27.327     -154.0       63.7       77.5    191.4    139.4    133.3 2021 12 21 11 41 19.660  0.00  58
   100797  40.435030 -124.279622    27.254      125.7      103.5        4.2    180.3    196.8    178.6 2021 12 21  2 14 36.240  0.00  58
   100798  40.433944 -124.276310    27.095      406.7      -17.2     -154.6    264.9    270.1    210.6 2021 12 21  6 23 58.200  0.00  58
   100800  40.434115 -124.276449    26.979      395.0        1.8     -271.3    250.4    297.0    217.3 2021 12 22  8 41  9.420  0.00  58
   100805  40.433659 -124.281112    27.226       -0.7      -48.8      -23.7    119.7    144.6    124.2 2021 12 25 22 32 13.020  0.00  58
   100813  40.435181 -124.284375    27.444     -277.6      120.2      193.6    201.9    213.7    206.9 2022  1  2 19 41 12.580  0.00  58
   100814  40.434436 -124.283081    27.341     -167.8       37.5       91.1    197.3    152.5    148.6 2022  1  3 19 57 17.080  0.00  58
   100815  40.433940 -124.283040    27.333     -164.3      -17.6       82.8    193.4    194.0    166.7 2022  1  6  4  5  9.040  0.00  58
   100818  40.433134 -124.278190    27.137      247.2     -107.1     -113.2    298.9    223.7    263.1 2022  1 17 14  7  8.520  0.00  58
   100819  40.433691 -124.278467    27.206      223.7      -45.2      -43.7    157.7    122.7    128.8 2022  2 18  6 57  8.340  0.00  58
   110291  40.434086 -124.281453    27.250      -29.7       -1.4       -0.2    129.0    120.8    113.9 2023  3  8 12 49 37.420  0.96  58
