   103444  40.381559 -124.310067    30.047      145.8      272.0       87.3    442.4    476.4    208.4 2020  1 13 20  0 48.700  0.00  35
   103445  40.378817 -124.311003    29.953       66.3      -32.5       -6.7    271.5    205.9    131.4 2020  1 17  9  4 28.060  0.00  35
   103446  40.383809 -124.312646    30.170      -73.3      521.9      210.4    332.3    505.0    269.3 2020  2 15 13 19 42.000  0.00  35
   103448  40.379350 -124.315226    30.005     -292.3       26.7       44.7    407.7    201.2    178.7 2020  3  9  6 29 22.020  0.00  35
   103449  40.379618 -124.310840    29.940       80.2       56.5      -20.0    252.8    266.9    136.6 2020  3 18 23 28 44.420  0.00  35
   103450  40.380570 -124.314762    30.031     -252.9      162.2       70.8    315.9    224.8    201.9 2020  3 19  0 16 10.640  0.00  35
   103451  40.378898 -124.311410    29.940       31.8      -23.5      -20.1    160.2    167.7    133.4 2020  3 19  2 22 37.140  0.00  35
   103456  40.377340 -124.309058    29.833      231.5     -196.5     -126.9    384.4    338.2    266.2 2020  9 20 22 11 49.360  0.00  35
   103458  40.379765 -124.310148    29.940      138.9       72.7      -20.4    283.4    265.5    137.5 2021  5 23 13 43 10.780  0.00  35
   103459  40.379423 -124.311637    29.960       12.4       34.8        0.4    154.3    172.9    112.9 2021  5 28  2  1 24.580  0.00  35
   103460  40.379614 -124.311922    29.992      -11.7       56.0       32.4    134.0    166.5    120.3 2021  5 29  0 44  3.080  0.00  35
   103462  40.379911 -124.312109    30.021      -27.6       89.0       60.7    225.3    250.8    136.2 2021  7 28  6 52 50.280  0.00  35
   103463  40.379944 -124.313110    30.014     -112.6       92.6       53.5    243.5    208.1    145.0 2021  7 28  6 55  0.800  0.00  35
   103464  40.380021 -124.310262    29.952      129.2      101.2       -8.2    225.6    174.3    112.4 2021  8  5  8  0 52.700  0.00  35
   103465  40.377775 -124.311149    29.877       53.9     -148.2      -83.4    314.3    259.8    185.0 2021  9 21 10 44 24.620  0.00  35
   103466  40.378927 -124.311678    29.958        9.0      -20.3       -2.4    145.2    164.7    118.9 2021 10 12 19 30 52.540  0.00  35
   103467  40.378927 -124.311670    29.964        9.7      -20.3        4.1    134.6    172.7    126.8 2021 11  1 23 30 58.980  0.00  35
   103468  40.378866 -124.311833    29.950       -4.1      -27.1       -9.9    176.1    170.7    120.6 2021 12 20 21 35  3.460  0.00  35
   103469  40.379114 -124.311605    29.960       15.2        0.5        0.5    133.2    149.3    122.2 2021 12 20 20 41 52.700  0.00  35
   103476  40.379215 -124.311654    29.966       11.1       11.7        6.5    142.0    154.2    115.2 2021 12 21  7 34 40.340  0.00  35
   103478  40.379814 -124.311971    30.006      -15.9       78.2       45.8    223.2    237.1    131.2 2021 12 21  2 24 30.100  0.00  35
   103481  40.379224 -124.310091    29.926      143.7       12.7      -34.3    274.0    261.1    149.7 2021 12 21 13 38 46.280  0.00  35
   103483  40.379643 -124.308984    29.882      237.7       59.2      -78.3    394.8    298.2    195.4 2021 12 21 18  6 14.020  0.00  35
   103485  40.378731 -124.311637    29.953       12.4      -42.0       -7.0    184.0    280.5    177.5 2021 12 21 12 55 44.420  0.00  35
   103487  40.380233 -124.312370    29.988      -49.8      124.7       27.8    212.9    271.0    197.3 2021 12 22 20 10 26.700  0.00  35
   103488  40.379655 -124.312557    29.997      -65.7       60.5       37.4    259.4    198.0    125.0 2021 12 24  1  7 26.940  0.00  35
   103490  40.378963 -124.311792    29.952       -0.7      -16.3       -7.8    144.5    145.9    116.7 2021 12 25 22 20 25.620  0.00  35
   103491  40.379354 -124.312329    30.001      -46.3       27.1       41.5    202.4    224.1    139.3 2022  1  1  8 26 24.020  0.00  35
   103494  40.380062 -124.313672    30.007     -160.3      105.7       47.4    302.2    238.2    150.6 2022  1  9 11 44 48.340  0.00  35
   103495  40.379720 -124.312500    30.015      -60.8       67.8       54.5    309.9    220.1    147.6 2022  1 15  9 42 46.520  0.00  35
   103496  40.381303 -124.308455    29.903      282.6      243.5      -57.2    253.1    197.1    131.6 2022  1 23 12 56  0.000  0.00  35
   103498  40.379085 -124.312012    29.963      -19.4       -2.7        2.6    145.4    160.8    107.1 2022  4  8 14 16 31.500  0.00  35
   103499  40.379443 -124.311922    29.973      -11.7       37.1       13.0    123.3    163.0    118.7 2022  5 22  8  2 34.980  0.00  35
   110322  40.378727 -124.311971    29.950      -15.9      -42.5      -10.2    147.5    159.9    110.4 2023  4 30  3 17 51.430  0.24  35
