   107300  40.713094 -124.395500    24.464       -0.7       -0.5        4.5     11.8     17.5     42.9 2020 10 29 13 32  8.460  0.00  59
   107302  40.713175 -124.395532    24.451       -3.4        8.6       -9.2     13.3     16.7     29.8 2021  2  5 18 58 22.480  0.00  59
   107304  40.713196 -124.395394    24.282        8.3       10.8     -177.5     18.0     19.2     84.4 2021  2 10 18 39  4.720  0.00  59
   107305  40.713228 -124.395451    24.365        3.4       14.5      -95.5     12.8     24.4     58.7 2021  3 27 19 44 22.840  0.00  59
   107309  40.713147 -124.395475    24.442        1.4        5.4      -17.8     11.8     12.8     43.8 2021  7  1  7 49  4.920  0.00  59
   107310  40.713139 -124.395426    24.351        5.5        4.5     -108.6     15.8     13.0     63.5 2021  7 28 13 54 34.920  0.00  59
   107312  40.713123 -124.395483    24.430        0.7        2.7      -29.8      9.3     14.3     40.2 2021  9  4  2 51 43.760  0.00  59
   107313  40.713135 -124.395524    24.480       -2.8        4.1       20.3     10.6     13.2     39.0 2021  9  4  3 54 10.000  0.00  59
   107314  40.713171 -124.395394    24.308        8.3        8.1     -151.8     16.2     17.5     72.7 2021  9  7  3 43 11.160  0.00  59
   107316  40.713094 -124.395443    24.380        4.1       -0.5      -80.0     19.0     12.6     69.0 2021 11 11  4 40 22.120  0.00  59
   107319  40.713086 -124.395540    24.503       -4.1       -1.4       43.4     11.0     19.4     40.0 2021 11 25 19  7 42.260  0.00  59
   107321  40.713180 -124.395524    24.450       -2.8        9.0      -10.3     11.6     15.7     27.3 2022  1  7  1 27 28.780  0.00  59
   107322  40.713180 -124.395426    24.350        5.5        9.0     -109.9     19.0     16.4     74.9 2022  3 25 15 49 48.380  0.00  59
   107323  40.713078 -124.395549    24.505       -4.8       -2.3       45.3     12.5     18.0     42.5 2022  5  3  0 18 12.600  0.00  59
   107326  40.713180 -124.395532    24.490       -3.4        9.0       30.2     14.2     16.7     46.4 2022  6 28  9 36 18.380  0.00  59
   107332  40.713204 -124.395475    24.392        1.4       11.7      -68.1     14.1     23.8     76.1 2022 11 14 17 38 58.600  0.00  59
   110430  40.713053 -124.395516    24.478       -2.1       -5.0       17.7     11.6     12.7     30.1 2023  4 18  9 17 19.780  1.42  59
