   108433  40.748779 -124.234066    12.466     7407.2     2014.8     3031.6     14.3      9.6     17.1 2020 11 21  6 25 35.720  0.00  46
   108434  40.748779 -124.234090    12.466     7405.2     2014.8     3032.2     14.7      9.7     17.1 2020 11 21  7 26  9.440  0.00  46
   108435  40.748873 -124.236320    12.331     7216.8     2025.2     2896.5     26.5      9.7     20.4 2021  9 18  9  5  3.000  0.00  46
   108436  40.748844 -124.235018    12.368     7326.8     2022.1     2933.3     26.5      8.9     17.9 2022  1 18 23 24  5.960  0.00  46
   108437  40.748844 -124.235042    12.369     7324.7     2022.1     2934.5     26.7      8.9     17.9 2022  1 18 23 25  2.140  0.00  46
   108438  40.748421 -124.232878    12.585     7507.6     1975.1     3150.8     46.1     14.3     27.5 2022  1 19 20 33 45.540  0.00  46
   108439  40.748726 -124.232357    12.443     7551.6     2009.0     3008.6     31.7     11.1     21.7 2022  1 19 21 29 33.980  0.00  46
   108440  40.748604 -124.231226    12.390     7647.1     1995.4     2955.5     37.5     10.8     24.9 2022  1 20  0  6 19.720  0.00  46
   108960  40.735950 -124.292074     4.765     2507.8      590.1    -4669.1      7.8     12.2     18.9 2020  8 22  2 46 34.640  0.00  46
   108961  40.737236 -124.292041     5.569     2510.5      732.9    -3864.9     14.0      7.0     12.9 2022  9 24 17  8 17.940  0.00  46
   110222  40.721130 -124.380859     7.178    -4992.8    -1055.5    -2255.9     11.6     10.2     16.9 2022  6  5  8 26 45.400  0.00  46
   110223  40.721098 -124.380575     7.230    -4968.7    -1059.2    -2204.2     10.6     10.5      8.3 2022  6  5  8 51 54.180  0.00  46
   110224  40.720903 -124.380811     7.244    -4988.7    -1080.8    -2190.0     11.1     12.1     12.4 2022  6  5  8 28 25.100  0.00  46
   110227  40.720658 -124.380615     7.235    -4972.2    -1108.0    -2199.7     11.7     10.7     15.1 2022  6 20  0 19 17.960  0.00  46
   110230  40.735307 -124.370076     9.856    -4081.4      518.7      422.2     21.6     12.3     19.1 2022  5  5 20 40 11.140  0.00  46
   110236  40.704940 -124.372152     8.657    -4257.7    -2853.5     -776.9      8.8      5.0      8.8 2022  8  7  6 28 12.440  0.00  46
   110238  40.704936 -124.372135     8.661    -4256.3    -2853.9     -773.1      8.5      5.1      8.8 2022 11  2  8  1 19.400  0.00  46
   110239  40.704936 -124.372144     8.660    -4257.0    -2853.9     -774.5      8.3      5.0      8.8 2022 11  3 13 46 28.020  0.00  46
   110240  40.704993 -124.372363     8.648    -4275.5    -2847.6     -785.9      9.7      5.8     11.2 2022 11 16  6 47 46.300  0.00  46
   110241  40.705005 -124.372388     8.641    -4277.6    -2846.3     -793.2     10.3      6.1     10.9 2022 11 30  8 33 59.080  0.00  46
   110502  40.748690 -124.236157    12.301     7230.6     2004.9     2866.7     16.9      8.2     15.9 2022 12 23 17 30 27.280  1.15  46
   110573  40.737374 -124.294295     5.783     2320.1      748.3    -3651.1      8.4      6.5     11.1 2023  5 22 19  5 30.020  1.30  46
   110777  40.721004 -124.380412     7.392    -4955.0    -1069.6    -2042.4     10.4      9.4     10.8 2023  3 23  6  3  8.580  1.25  46
   110779  40.734644 -124.373250    10.007    -4349.5      445.1      573.0     21.4     12.3     22.0 2023  1 12 21  3 16.120  1.83  46
   110784  40.705058 -124.371712     8.701    -4220.5    -2840.4     -733.7      8.5      4.9      9.0 2022 12 20  0 57 24.410  1.03  46
