   103037  40.494283 -124.704126    26.197      -82.1      -79.5      567.1      4.3      4.5      8.9 2020  1  9  2 28 46.420  0.00  21
   103039  40.497380 -124.702710    25.801       37.9      264.3      170.8      5.0      6.2     15.8 2020  2 13  3 49 16.980  0.00  21
   103041  40.497664 -124.702523    25.802       53.8      296.0      172.0      4.9      6.6     18.2 2020  2 13  4 46  3.640  0.00  21
   103047  40.494063 -124.704036    26.268      -74.5     -103.9      637.6      4.9      6.3     14.6 2020  3 24  7 13 13.600  0.00  21
   103049  40.492680 -124.703621    25.766      -39.3     -257.5      135.9      3.0      5.3     14.2 2020  4  2  6 14 42.300  0.00  21
   103050  40.492700 -124.703524    25.384      -31.0     -255.3     -246.0      4.0      7.3     15.9 2020  4  2  9 24  2.020  0.00  21
   103052  40.496814 -124.704793    26.869     -138.7      201.5     1238.9      4.8      6.1      9.7 2020  5  2 14 30  4.400  0.00  21
   103053  40.492432 -124.703833    25.736      -57.3     -285.1      106.3      3.8      6.5      9.3 2020  5 26 13 46 53.380  0.00  21
   103054  40.494332 -124.703760    25.874      -51.1      -74.1      244.0      3.1      4.0      9.6 2020  5 27 14 13 23.920  0.00  21
   103056  40.501827 -124.701261    25.792      160.7      758.2      162.0      6.8     13.0     18.7 2020  6  3  7 51 45.780  0.00  21
   103059  40.499398 -124.701042    26.264      179.4      488.4      633.5      8.6     11.9     26.5 2020  6 26  3 47 36.160  0.00  21
   103060  40.500529 -124.701172    25.474      168.3      614.1     -156.3      6.8      8.9     23.9 2020  7  3  9 58 33.980  0.00  21
   103061  40.499528 -124.701717    25.917      122.1      502.9      287.2      8.1     15.6     26.3 2020  7  8 14  3 32.400  0.00  21
   103063  40.493229 -124.703890    26.014      -62.1     -196.6      384.1      2.9      4.6     12.0 2020  9  7  3 44 39.520  0.00  21
   103068  40.501274 -124.701603    25.141      131.8      696.7     -488.7      3.6      9.2     13.1 2020 10  2  7 32  2.120  0.00  21
   103070  40.500590 -124.701847    25.642      111.1      620.8       11.8      6.8     13.8     20.0 2020 10 18  5 17 38.540  0.00  21
   103073  40.499406 -124.702303    25.525       72.4      489.3     -105.4      6.6     10.3     28.4 2020 11  6  4 14 13.540  0.00  21
   103074  40.499023 -124.698551    23.647      390.5      446.9    -1983.5     10.6     12.0     13.3 2020 11 15 10  1 52.660  0.00  21
   103075  40.495540 -124.697339    22.634      493.3       60.1    -2996.1     33.6     46.4     44.5 2020 12  2  4 36 19.100  0.00  21
   103076  40.493522 -124.703760    26.204      -51.1     -164.0      573.5      2.8      4.5      9.6 2020 12 17  6 44 45.740  0.00  21
   103077  40.486056 -124.694377    21.441      744.4     -993.1    -4188.6     44.2     60.0     52.3 2021  1 12  2  8 19.400  0.00  21
   103078  40.497144 -124.697493    23.291      480.2      238.1    -2338.6      9.9      4.5     12.3 2021  1 19 17 42 49.980  0.00  21
   103079  40.501306 -124.701465    23.695      143.5      700.4    -1935.1      6.0      9.1      7.5 2021  1 19 18  1 13.300  0.00  21
   103083  40.495732 -124.704476    26.310     -111.8       81.3      679.6      5.3      3.8     11.4 2021  2  1  4 12  8.800  0.00  21
   103084  40.494678 -124.703898    26.174      -62.8      -35.7      544.0      3.0      3.7     10.4 2021  3 23  9 45 54.260  0.00  21
   103086  40.501945 -124.700594    23.898      217.3      771.3    -1731.5     10.6     10.6     13.1 2021  4 26  7  2 45.300  0.00  21
   103091  40.494328 -124.703800    25.937      -54.5      -74.6      306.7      3.9      3.6     13.7 2021  7 13 21 59  0.800  0.00  21
   103092  40.493070 -124.703841    25.938      -58.0     -214.2      307.9      3.1      5.3     16.0 2021  7 18  2  1  4.540  0.00  21
   103093  40.494393 -124.703890    26.342      -62.1      -67.3      712.1      4.2      5.9     12.6 2021  7 21 10 36 48.460  0.00  21
   103097  40.492761 -124.703695    25.805      -45.5     -248.5      174.6      4.2      3.5     13.1 2021 11 22  2 25 23.060  0.00  21
   103098  40.492480 -124.703556    25.796      -33.8     -279.7      166.4      3.6      6.2      9.1 2021 11 22  1 57 48.440  0.00  21
   103099  40.495353 -124.703353    25.575      -16.6       39.3      -54.6      3.2      5.0     13.9 2021 11 22 21 23 58.880  0.00  21
   103100  40.502893 -124.698551    23.847      390.5      876.6    -1783.4      7.5     11.7      9.1 2021 11 27 13 33 29.400  0.00  21
   103105  40.493498 -124.703890    26.316      -62.1     -166.7      685.8      2.8      4.6     12.2 2022  2 16 13 34 40.600  0.00  21
   103107  40.499882 -124.702612    26.009       46.2      542.2      378.7      7.6      8.0     21.9 2022  3 12  7 11 15.140  0.00  21
   103108  40.492415 -124.703866    25.607      -60.0     -286.9      -23.4      3.0      6.8     17.4 2022  4  4 11 35  9.120  0.00  21
   103110  40.500513 -124.701774    25.255      117.3      612.2     -375.3      7.9     15.2     32.1 2022  4  9 17 16  5.540  0.00  21
   103112  40.493119 -124.703695    25.809      -45.5     -208.8      179.0      2.9      4.9     13.3 2022  5 30 13 48 37.440  0.00  21
   103113  40.493547 -124.703776    25.829      -52.4     -161.3      198.6      3.0      5.3     13.5 2022  5 30 13 30 56.840  0.00  21
   103114  40.492863 -124.703589    25.909      -36.6     -237.2      279.0      3.4      5.9     11.0 2022  5 30 13 39 35.600  0.00  21
   103116  40.501709 -124.705916    26.712     -233.9      745.1     1082.1      5.5      8.0     21.1 2022  6 14  6 34  6.200  0.00  21
   103117  40.493441 -124.703654    25.846      -42.1     -173.1      215.6      2.9      4.6      9.8 2022  6 23 22 54 39.680  0.00  21
   103120  40.494417 -124.703792    25.968      -53.8      -64.6      338.2      2.9      4.2     15.5 2022  9 22  3 48 37.700  0.00  21
   110315  40.493526 -124.703703    25.721      -46.2     -163.6       91.1      2.9      3.1      9.4 2023  5 17 16 10 52.790  2.77  21
