   108433  40.748901 -124.234009    12.382     7412.0     2028.4     2948.1     41.6     28.6     40.6 2020 11 21  6 25 35.720  0.00  46
   108434  40.748905 -124.234017    12.383     7411.3     2028.8     2948.7     41.9     29.1     42.2 2020 11 21  7 26  9.440  0.00  46
   108435  40.748759 -124.234066    12.395     7407.2     2012.6     2960.8     78.6     40.4     60.1 2021  9 18  9  5  3.000  0.00  46
   108436  40.748938 -124.233830    12.378     7427.1     2032.5     2943.6     67.4     25.5     48.8 2022  1 18 23 24  5.960  0.00  46
   108437  40.748938 -124.233838    12.378     7426.5     2032.5     2943.8     67.5     25.7     49.2 2022  1 18 23 25  2.140  0.00  46
   108438  40.748714 -124.236613    12.573     7192.1     2007.6     3138.8     69.3     25.5     56.5 2022  1 19 20 33 45.540  0.00  46
   108439  40.748930 -124.233594    12.382     7447.1     2031.6     2947.5     64.6     23.2     39.1 2022  1 19 21 29 33.980  0.00  46
   108440  40.748926 -124.233813    12.383     7428.5     2031.1     2948.7     59.0     25.1     47.9 2022  1 20  0  6 19.720  0.00  46
   108960  40.735506 -124.290649     5.376     2628.1      540.9    -4058.6     77.5     70.6    154.9 2020  8 22  2 46 34.640  0.00  46
   108961  40.736751 -124.291333     5.745     2570.3      679.1    -3689.1     97.2     95.8    118.7 2022  9 24 17  8 17.940  0.00  46
   110222  40.721297 -124.380103     7.200    -4928.8    -1037.0    -2234.0     52.7     54.1     43.5 2022  6  5  8 26 45.400  0.00  46
   110223  40.721431 -124.380371     7.197    -4951.5    -1022.1    -2236.7     46.5     34.1     62.7 2022  6  5  8 51 54.180  0.00  46
   110224  40.721122 -124.380355     7.271    -4950.2    -1056.4    -2163.1     40.6     52.2     50.2 2022  6  5  8 28 25.100  0.00  46
   110227  40.720789 -124.380729     7.177    -4981.8    -1093.5    -2257.3     39.4     48.8     57.5 2022  6 20  0 19 17.960  0.00  46
   110230  40.735376 -124.370801     9.945    -4142.6      526.4      510.5     81.8     68.8     82.5 2022  5  5 20 40 11.140  0.00  46
   110236  40.705082 -124.372599     8.604    -4295.5    -2837.7     -830.5     49.7     29.0     48.2 2022  8  7  6 28 12.440  0.00  46
   110238  40.705074 -124.372591     8.608    -4294.8    -2838.6     -826.6     49.4     28.7     47.3 2022 11  2  8  1 19.400  0.00  46
   110239  40.705074 -124.372583     8.607    -4294.1    -2838.6     -827.0     49.2     28.6     47.1 2022 11  3 13 46 28.020  0.00  46
   110240  40.705074 -124.372567     8.610    -4292.7    -2838.6     -824.5     48.8     28.3     46.3 2022 11 16  6 47 46.300  0.00  46
   110241  40.705074 -124.372583     8.606    -4294.1    -2838.6     -828.1     49.0     28.6     47.0 2022 11 30  8 33 59.080  0.00  46
   110502  40.748462 -124.235661    12.364     7272.5     1979.6     2929.5     55.3     29.9     68.7 2022 12 23 17 30 27.280  1.15  46
   110573  40.737923 -124.295304     5.547     2234.9      809.3    -3886.8     76.6     83.3    120.3 2023  5 22 19  5 30.020  1.30  46
   110777  40.720646 -124.380819     7.438    -4989.4    -1109.3    -1996.1     60.2     55.0     71.2 2023  3 23  6  3  8.580  1.25  46
   110779  40.734558 -124.372502     9.918    -4286.3      435.6      483.3     77.0     63.7     66.1 2023  1 12 21  3 16.120  1.83  46
   110784  40.704854 -124.371069     8.775    -4166.2    -2863.0     -659.3     68.9     39.7     62.0 2022 12 20  0 57 24.410  1.03  46
