   108581  40.630554 -124.460091     6.777       92.9      -38.0      166.5     50.2     51.2     61.4 2020  5 13 20  3  4.300  0.00  69
   108582  40.630566 -124.460604     6.767       49.6      -36.6      157.2     38.9     50.1     67.2 2020  5 13 18 31 14.120  0.00  69
   108583  40.630607 -124.460490     6.791       59.2      -32.1      181.3     38.5     50.3     68.1 2020  5 14 18 38 58.560  0.00  69
   108584  40.630408 -124.459595     6.823      134.9      -54.2      212.8     61.3     98.3     77.4 2020  5 20 16 51 14.680  0.00  69
   108589  40.630924 -124.461247     6.600       -4.8        3.2      -10.0     23.9     27.7     36.8 2021  3 31 17 40 58.500  0.00  69
   108590  40.630912 -124.461108     6.580        6.9        1.8      -30.5     27.7     27.2     69.9 2021  4  1  6 16 55.760  0.00  69
   108592  40.630835 -124.461149     6.627        3.4       -6.8       17.5     32.9     23.5     36.3 2021  4  7  4 37 52.260  0.00  69
   108593  40.630986 -124.461410     6.583      -18.6        9.9      -26.8     49.8     36.2     61.7 2021  9 26 20 33 15.780  0.00  69
   108594  40.630924 -124.461255     6.602       -5.5        3.2       -8.4     28.7     23.6     38.5 2021 12 17 19 37 36.640  0.00  69
   108595  40.630920 -124.461271     6.600       -6.9        2.7       -9.5     27.1     25.0     41.3 2022  8 28 14 42 15.860  0.00  69
   108596  40.630823 -124.461060     6.636       11.0       -8.1       25.6     35.9     22.7     39.9 2022 10 24 21 45 36.600  0.00  69
   108598  40.630900 -124.461287     6.593       -8.3        0.5      -16.9     29.0     30.2     41.1 2022 11 11 16 42 55.460  0.00  69
   110528  40.630986 -124.461434     6.565      -20.7        9.9      -45.0     26.1     23.5     35.9 2023  4 29  9 23  2.130  0.95  69
