   103444  40.379431 -124.311410    29.976       31.8       35.7       16.3     14.8      8.2      7.0 2020  1 13 20  0 48.700  0.00  35
   103445  40.379081 -124.311719    29.960        5.5       -3.2        0.4      9.5      7.3      4.6 2020  1 17  9  4 28.060  0.00  35
   103446  40.380465 -124.312126    30.025      -29.0      150.5       65.4     10.5     16.1      9.9 2020  2 15 13 19 42.000  0.00  35
   103448  40.379073 -124.312939    29.988      -98.1       -4.1       28.5     12.3     12.7      8.1 2020  3  9  6 29 22.020  0.00  35
   103449  40.379325 -124.311556    29.957       19.4       23.9       -2.7      6.9      9.2      5.0 2020  3 18 23 28 44.420  0.00  35
   103450  40.379610 -124.312720    29.991      -79.5       55.6       30.8     12.9     10.6      8.3 2020  3 19  0 16 10.640  0.00  35
   103451  40.379028 -124.311670    29.953        9.7       -9.0       -7.4      6.1      7.4      5.4 2020  3 19  2 22 37.140  0.00  35
   103456  40.378609 -124.311035    29.925       63.6      -55.6      -35.3     13.8     12.8     10.6 2020  9 20 22 11 49.360  0.00  35
   103458  40.379370 -124.311296    29.952       41.5       28.9       -8.1      8.6     10.7      5.3 2021  5 23 13 43 10.780  0.00  35
   103459  40.379215 -124.311768    29.962        1.4       11.7        1.6      5.8      6.4      4.7 2021  5 28  2  1 24.580  0.00  35
   103460  40.379325 -124.311882    29.974       -8.3       23.9       13.7      5.4      8.3      5.0 2021  5 29  0 44  3.080  0.00  35
   103462  40.379301 -124.311914    29.976      -11.1       21.2       15.9      6.5      9.3      5.2 2021  7 28  6 52 50.280  0.00  35
   103463  40.379317 -124.312109    29.975      -27.6       23.0       14.5     11.0      9.5      6.9 2021  7 28  6 55  0.800  0.00  35
   103464  40.379517 -124.310937    29.950       71.9       45.2      -10.3     11.2     12.5      5.4 2021  8  5  8  0 52.700  0.00  35
   103465  40.378825 -124.311662    29.941       10.4      -31.6      -18.7     10.5      7.8      6.3 2021  9 21 10 44 24.620  0.00  35
   103466  40.379073 -124.311776    29.960        0.7       -4.1        0.1      5.9      7.6      4.5 2021 10 12 19 30 52.540  0.00  35
   103467  40.379081 -124.311776    29.962        0.7       -3.2        2.0      5.3      8.4      4.6 2021 11  1 23 30 58.980  0.00  35
   103468  40.379045 -124.311816    29.958       -2.8       -7.2       -2.3      7.1      7.4      4.8 2021 12 20 21 35  3.460  0.00  35
   103469  40.379126 -124.311751    29.961        2.8        1.8        0.9      5.2      7.8      4.6 2021 12 20 20 41 52.700  0.00  35
   103476  40.379163 -124.311776    29.963        0.7        5.9        3.3      5.5      7.1      4.5 2021 12 21  7 34 40.340  0.00  35
   103478  40.379236 -124.311841    29.969       -4.8       14.0        9.4      6.0      8.7      4.7 2021 12 21  2 24 30.100  0.00  35
   103481  40.379268 -124.311304    29.952       40.8       17.6       -8.5      8.6      9.5      5.2 2021 12 21 13 38 46.280  0.00  35
   103483  40.379130 -124.309684    29.898      178.3        2.3      -62.2     15.8     18.6      9.9 2021 12 21 18  6 14.020  0.00  35
   103485  40.378784 -124.311589    29.951       16.6      -36.1       -9.5      8.4     12.3      5.4 2021 12 21 12 55 44.420  0.00  35
   103487  40.379964 -124.312256    29.996      -40.1       94.9       36.1      9.8     11.7      8.8 2021 12 22 20 10 26.700  0.00  35
   103488  40.379220 -124.311979    29.967      -16.6       12.2        7.3      9.5      8.2      5.7 2021 12 24  1  7 26.940  0.00  35
   103490  40.379081 -124.311800    29.959       -1.4       -3.2       -1.4      6.1      7.1      4.7 2021 12 25 22 20 25.620  0.00  35
   103491  40.379171 -124.311890    29.968       -9.0        6.8        8.4      5.4      9.0      4.8 2022  1  1  8 26 24.020  0.00  35
   103494  40.379281 -124.312158    29.969      -31.8       19.0        8.6     11.6      9.3      6.0 2022  1  9 11 44 48.340  0.00  35
   103495  40.379215 -124.311947    29.970      -13.8       11.7       10.3     10.1      8.5      6.5 2022  1 15  9 42 46.520  0.00  35
   103496  40.380058 -124.309774    29.917      170.7      105.3      -43.4     16.6     20.1      9.0 2022  1 23 12 56  0.000  0.00  35
   103498  40.379085 -124.311857    29.961       -6.2       -2.7        0.6      6.3      7.5      4.5 2022  4  8 14 16 31.500  0.00  35
   103499  40.379167 -124.311825    29.963       -3.5        6.3        3.2      5.3      7.8      4.5 2022  5 22  8  2 34.980  0.00  35
   110322  40.378984 -124.311890    29.958       -9.0      -14.0       -1.6      6.0      7.1      4.7 2023  4 30  3 17 51.430  0.24  35
