   108189  40.446423 -124.512915    19.536       18.0      -30.7      -54.0     92.7    231.0    213.8 2020  3 27 13 34 19.020  0.00  39
   108190  40.446415 -124.512874    19.527       21.4      -31.6      -62.6    141.0    203.4    206.2 2020  3 28 10 12 16.960  0.00  39
   108191  40.446354 -124.512874    19.482       21.4      -38.4     -108.3     99.6    190.0    251.5 2020  4 10  1 35 50.980  0.00  39
   108192  40.446765 -124.513110    19.602        1.4        7.2       12.0     62.3     82.8     99.8 2020  6 23  3 29 24.020  0.00  39
   108194  40.446692 -124.513021    19.576        9.0       -0.9      -14.1     71.4    101.0    128.7 2020  7 11 16 58 31.400  0.00  39
   108197  40.446745 -124.513135    19.602       -0.7        5.0       11.6    118.6    147.9    224.5 2020  9 14 16 46 33.180  0.00  39
   108200  40.446749 -124.513135    19.600       -0.7        5.4       10.5     60.6     77.0    106.0 2020 10 26  4 23 33.540  0.00  39
   108202  40.446790 -124.513151    19.606       -2.1        9.9       16.4    114.9    145.7    190.7 2020 12 16 23 23  1.620  0.00  39
   108203  40.446724 -124.513070    19.590        4.8        2.7        0.1     70.7     70.4     60.8 2020 12 17 22 23 47.820  0.00  39
   108205  40.446733 -124.513094    19.597        2.8        3.6        6.6     55.2     62.3     95.0 2020 12 22 19 31 24.840  0.00  39
   108206  40.446468 -124.512915    19.528       18.0      -25.8      -62.3    175.4    203.3    335.2 2020 12 29 12 34  8.260  0.00  39
   108207  40.446777 -124.513094    19.597        2.8        8.6        6.9     64.0     77.5     62.4 2020 12 29 12 51  3.280  0.00  39
   108208  40.446436 -124.512948    19.533       15.2      -29.4      -57.1    144.5    183.7    288.2 2020 12 29 12 51 15.880  0.00  39
   108209  40.446724 -124.513078    19.590        4.1        2.7       -0.3     58.5     59.6     60.4 2020 12 31 14 30  9.560  0.00  39
   108210  40.446924 -124.513062    19.604        5.5       24.9       14.0    106.0    202.3    158.8 2021  1  1 17 23 28.080  0.00  39
   108211  40.446895 -124.513135    19.619       -0.7       21.7       28.7    109.1    145.7    209.7 2021  1  2  0 53 59.600  0.00  39
   108212  40.446619 -124.512956    19.553       14.5       -9.0      -36.8    135.3    162.0    232.7 2021  1  3 13 46 28.400  0.00  39
   108215  40.446724 -124.513078    19.590        4.1        2.7        0.3     59.6     86.2     77.1 2021  1 29 12 17 19.180  0.00  39
   108219  40.446562 -124.512956    19.545       14.5      -15.4      -44.7    121.2    185.4    258.1 2021  3 17  5  8 35.880  0.00  39
   108220  40.446790 -124.513175    19.610       -4.1        9.9       19.9     88.1    110.7    150.8 2021  4  6 16  5 23.180  0.00  39
   108221  40.446757 -124.513102    19.598        2.1        6.3        7.8     68.0     78.9    128.6 2021  4  7 21 22 43.000  0.00  39
   108223  40.446696 -124.513078    19.589        4.1       -0.5       -0.9     47.0     25.9     76.1 2021  4 12  8 34 11.060  0.00  39
   108226  40.446667 -124.513094    19.586        2.8       -3.6       -4.3     59.7     50.7     91.2 2021  4 27 23 51 32.640  0.00  39
   108229  40.446745 -124.513045    19.598        6.9        5.0        8.3     78.3     97.8    118.5 2021  6 17  6 25 14.280  0.00  39
   108231  40.446802 -124.513118    19.606        0.7       11.3       16.5     77.6    115.8    143.2 2021  9 26 19 36 49.140  0.00  39
   108232  40.446773 -124.513094    19.602        2.8        8.1       11.8     79.2     91.8    154.6 2021 10 18 20 27 11.000  0.00  39
   108233  40.445793 -124.513607    19.583      -40.7     -100.8       -7.1    287.0    540.8    591.3 2021 12 22 21 36 58.160  0.00  39
   108234  40.446676 -124.513029    19.585        8.3       -2.7       -4.6     86.3    104.5    139.6 2022  1 19 11 39 48.020  0.00  39
   108235  40.446643 -124.513062    19.584        5.5       -6.3       -6.5     76.6    110.3    124.1 2022  3 20 20 28  9.780  0.00  39
   108236  40.446781 -124.513086    19.602        3.5        9.0       11.7     71.4     93.5     99.1 2022  3 23 10  7 40.400  0.00  39
   108238  40.446659 -124.513086    19.575        3.5       -4.5      -14.8     54.7     58.9    103.5 2022  9  3 19 35 51.900  0.00  39
   110485  40.446716 -124.513135    19.597       -0.7        1.8        6.9     58.7     62.0     66.5 2023  4  8 11 17 36.020  1.06  39
