   108277  40.351164 -124.441439    23.914       -3.5        8.1        3.6      3.2      4.4      3.1 2020  4  4 18 49  5.200  0.00  48
   108278  40.350993 -124.441325    23.905        6.2      -10.8       -4.6      3.2      4.5      3.6 2020  4 26 15 58  8.820  0.00  48
   108285  40.350895 -124.441341    23.903        4.8      -21.7       -7.5      3.6      5.4      4.4 2020 12  3 22 40 43.620  0.00  48
   108286  40.350907 -124.441317    23.902        6.9      -20.3       -8.2      3.6      4.9      3.6 2021  3  7  5  2 46.960  0.00  48
   108287  40.350956 -124.441349    23.905        4.1      -14.9       -4.6      3.1      4.7      3.4 2021  3 20 23 16 13.640  0.00  48
   108291  40.350903 -124.441325    23.905        6.2      -20.8       -5.2      3.4      5.2      4.0 2021 10 30  8 35 33.380  0.00  48
   108292  40.351058 -124.441382    23.910        1.4       -3.6       -0.5      2.6      3.7      2.7 2021 11 23  8 36 50.640  0.00  48
   108294  40.350749 -124.441300    23.902        8.3      -38.0       -7.7      3.9      7.1      5.1 2021 11 24 17  1 30.540  0.00  48
   108296  40.351111 -124.441382    23.911        1.4        2.3        0.6      2.8      4.0      2.9 2021 11 26 13 39 40.880  0.00  48
   108298  40.350761 -124.441203    23.902       16.6      -36.6       -8.1      4.1      6.2      5.8 2021 11 30 11 29  7.980  0.00  48
   108300  40.351652 -124.441504    23.941       -9.0       62.4       31.0      6.0     11.5      8.0 2021 12 20 20 51 25.720  0.00  48
   108306  40.351713 -124.441748    23.954      -29.7       69.1       44.1      7.3      9.6      7.5 2021 12 21 11 23 53.660  0.00  48
   108307  40.351074 -124.441390    23.909        0.7       -1.8       -1.3      2.0      3.3      2.2 2021 12 24 16 55 56.640  0.00  48
   108309  40.351123 -124.441382    23.911        1.4        3.6        1.5      2.4      4.0      3.0 2022  1  3 21 39 26.840  0.00  48
   108310  40.351090 -124.441366    23.911        2.8        0.0        1.1      3.0      3.8      3.3 2022  1  7 23 16 41.000  0.00  48
   108311  40.351143 -124.441414    23.913       -1.4        5.9        2.6      2.7      4.0      2.9 2022  1 17  6  4 37.860  0.00  48
   108313  40.351103 -124.441406    23.911       -0.7        1.4        0.6      2.3      3.6      2.5 2022  2  1  3 38 46.820  0.00  48
   108314  40.351070 -124.441414    23.909       -1.4       -2.3       -0.9      2.9      4.3      2.7 2022  2 12 15 14 50.440  0.00  48
   108315  40.351115 -124.441390    23.911        0.7        2.7        0.8      2.4      3.6      2.6 2022  3 14 17 54 18.940  0.00  48
   108318  40.351184 -124.441374    23.913        2.1       10.4        3.3      2.8      6.8      3.8 2022  3 25 11 39  6.360  0.00  48
   108320  40.350956 -124.441300    23.903        8.3      -14.9       -7.0      3.5      4.9      3.8 2022  5 24  3 56 56.760  0.00  48
   108321  40.351119 -124.441398    23.911        0.0        3.2        1.0      2.6      3.9      2.8 2022  6  2 23 18  2.840  0.00  48
   108324  40.351107 -124.441390    23.911        0.7        1.8        1.0      2.7      3.8      2.9 2022  9  1 16 10 18.720  0.00  48
   108325  40.350838 -124.441284    23.904        9.7      -28.0       -5.9      3.4      5.7      4.9 2022 10 16 16 42 42.900  0.00  48
   110491  40.351119 -124.441414    23.909       -1.4        3.2       -0.7      2.4      3.8      3.1 2023  4  1 22 38 24.960  0.87  48
