   102177  40.301522 -124.484074    26.384      832.4     1596.3     5264.9      5.5     24.6      4.5 2020  4  1 11 46 58.040  0.00   2
   102179  40.292908 -124.490739    25.765      265.7      639.8     4646.5      5.1     19.6      6.3 2022  4 28 10 58 15.600  0.00   2
   102611  40.294014 -124.551440    23.148    -4895.8      762.7     2029.6      2.1      3.8      2.6 2020  1 28  5 11 32.240  0.00   2
   102614  40.301404 -124.553418    23.177    -5063.7     1583.2     2058.3      6.1     13.3      6.7 2020  2 19  4 37 44.400  0.00   2
   102615  40.295776 -124.551302    23.063    -4884.0      958.3     1943.7      3.5      8.0      5.3 2020  3  2 21 56 10.200  0.00   2
   102616  40.292977 -124.550098    23.191    -4781.6      647.5     2071.9      5.6     11.2      6.6 2020  3 12 13 19 53.560  0.00   2
   102617  40.288363 -124.553394    23.074    -5062.1      135.1     1955.2      2.6      8.3      3.2 2020  3 19  2  9 47.580  0.00   2
   102618  40.294397 -124.551343    23.165    -4887.5      805.2     2045.6      2.8      8.6      5.3 2020  3 24  8  3 36.860  0.00   2
   102619  40.292778 -124.550562    22.995    -4821.1      625.3     1876.5      4.4      7.7      6.6 2020  5  3 14  1 39.440  0.00   2
   102620  40.303739 -124.551587    22.792    -4907.9     1842.5     1672.7      7.5     17.7     13.5 2020  5  8  2 59 28.200  0.00   2
   102621  40.296960 -124.550781    22.953    -4839.6     1089.8     1834.6      5.9     15.9     12.6 2020  5 20  5 59 56.040  0.00   2
   102622  40.294076 -124.551823    23.153    -4928.3      769.5     2034.2      1.7      3.0      2.3 2020  5 25 11 34 11.100  0.00   2
   102623  40.293595 -124.551937    23.193    -4938.0      716.1     2073.6      2.3      3.4      2.5 2020  6 17  9 38  2.760  0.00   2
   102626  40.292737 -124.551530    23.218    -4903.4      620.8     2099.0      1.9      4.6      3.2 2020  7 30 14 15 55.420  0.00   2
   102627  40.293123 -124.551514    23.217    -4902.0      663.7     2097.7      2.1      4.4      3.1 2020  8  6  9 43  0.900  0.00   2
   102628  40.294690 -124.552946    23.134    -5023.8      837.7     2014.8      5.0      4.1      2.6 2020  8 12  9 16 12.860  0.00   2
   102629  40.295426 -124.553198    23.208    -5045.2      919.5     2089.5      5.6      7.5      4.9 2020  8 30 19 11 39.340  0.00   2
   102630  40.294771 -124.550887    23.127    -4848.7      846.7     2008.2      7.3     14.9     10.2 2020  9  4 12  2 45.620  0.00   2
   102631  40.297970 -124.553231    23.150    -5047.9     1201.9     2031.2      6.9     24.2     12.7 2020  9 14  2 37 30.160  0.00   2
   102632  40.293229 -124.551636    23.212    -4912.4      675.5     2093.6      2.6      6.0      4.0 2020 10 22  1 28 26.760  0.00   2
   102633  40.294824 -124.551725    23.146    -4920.0      852.6     2026.7      2.7      3.7      2.5 2020 10 29  4 23 31.560  0.00   2
   102636  40.292843 -124.551896    23.200    -4934.6      632.6     2081.6      1.7      4.5      3.0 2020 11 12  0 59 20.320  0.00   2
   102637  40.294743 -124.553255    23.156    -5050.1      843.6     2037.0      4.2      3.6      2.2 2020 11 22  4 28 11.800  0.00   2
   102638  40.294002 -124.551465    23.150    -4897.9      761.3     2031.0      1.5      3.6      2.1 2020 11 24  4 43  2.220  0.00   2
   102640  40.290031 -124.551831    23.350    -4929.1      320.3     2230.7      2.5      2.9      2.0 2020 12 20 20 43  7.720  0.00   2
   102643  40.302930 -124.554972    23.211    -5195.8     1752.6     2092.0      7.0     14.0      7.9 2021  4  2  8 21 40.740  0.00   2
   102644  40.294238 -124.552669    23.044    -5000.3      787.5     1925.0      3.3      5.6      2.6 2021  4  2 10  4 11.960  0.00   2
   102645  40.295679 -124.553630    23.112    -5081.9      947.5     1993.2      4.9      4.7      3.2 2021  4  2  8 33 31.360  0.00   2
   102646  40.294238 -124.552523    23.121    -4987.8      787.5     2001.7      2.6      3.1      2.2 2021  4  3  8 46 31.580  0.00   2
   102648  40.292407 -124.551628    23.234    -4911.8      584.2     2115.1      2.1      6.5      4.2 2021  4  4 22 47 31.720  0.00   2
   102649  40.293258 -124.551489    23.145    -4900.0      678.6     2026.0      6.8     12.9      6.8 2021  4  6 18 44  3.960  0.00   2
   102650  40.294226 -124.551725    23.167    -4920.0      786.2     2047.7      2.4      3.7      2.7 2021  4 16  7 34 37.420  0.00   2
   102652  40.304012 -124.553231    23.258    -5047.6     1872.8     2138.9      4.6     13.3     10.0 2021  4 24 10 54 59.700  0.00   2
   102653  40.294348 -124.553206    23.107    -5045.9      799.7     1987.8      3.3      3.2      2.3 2021  5 11 10 53 45.640  0.00   2
   102654  40.294674 -124.552922    23.135    -5021.7      835.9     2016.6      3.6      2.9      2.2 2021  5 18  7  9  4.920  0.00   2
   102655  40.294682 -124.551758    23.119    -4922.7      836.8     1999.9      3.5      3.3      2.1 2021  6  5 23 47 43.440  0.00   2
   102656  40.293713 -124.551986    23.150    -4942.2      729.2     2030.8      1.9      2.8      2.6 2021  7 10 10 32  6.000  0.00   2
   102657  40.294059 -124.551888    23.142    -4933.8      767.6     2023.5      2.1      2.3      2.3 2021  7 10 10 35 55.320  0.00   2
   102658  40.294409 -124.551774    23.134    -4924.1      806.5     2015.4      1.8      4.0      2.6 2021  7 10 10 44 51.580  0.00   2
   102659  40.293941 -124.551839    23.164    -4929.7      754.5     2045.5      1.9      4.1      2.7 2021  7 10 11 32 17.980  0.00   2
   102660  40.294995 -124.551847    23.160    -4930.3      871.6     2041.5      1.3      3.6      2.5 2021  7 10 12 22  8.220  0.00   2
   102661  40.294438 -124.551725    23.170    -4920.0      809.7     2051.0      1.6      4.4      2.5 2021  7 11  0 11 56.640  0.00   2
   102662  40.293001 -124.551758    23.192    -4922.8      650.2     2072.9      5.2     13.3      9.4 2021  8 14  7 32 23.840  0.00   2
   102663  40.294523 -124.551465    23.125    -4897.8      819.2     2005.7      4.2      2.8      2.2 2021  8 17  5  4 32.220  0.00   2
   102664  40.293799 -124.552743    23.142    -5006.5      738.7     2023.0      1.8      3.6      2.4 2021 10 17 20 33  5.600  0.00   2
   102665  40.294222 -124.551400    23.167    -4892.3      785.7     2048.5      1.7      4.2      2.6 2021 11  4  7 34 53.420  0.00   2
   102666  40.293778 -124.550928    23.140    -4852.2      736.5     2021.3      3.5      3.8      2.9 2021 11 17  7 26 36.100  0.00   2
   102667  40.293856 -124.551563    23.164    -4906.2      745.1     2045.0      1.7      4.0      2.6 2021 12  3 14  3  8.220  0.00   2
   102669  40.293201 -124.550830    23.221    -4843.9      672.3     2102.0      2.6      4.0      3.3 2021 12 20 23 12 47.680  0.00   2
   102670  40.294722 -124.552344    23.100    -4972.6      841.3     1981.0      2.8      3.2      2.2 2021 12 21 19 14 52.560  0.00   2
   102671  40.289026 -124.552100    23.185    -4952.0      208.7     2066.3      2.4      4.6      2.4 2021 12 21  0  6 44.760  0.00   2
   102673  40.294771 -124.552059    23.291    -4948.3      846.7     2172.1      4.9     10.1      5.7 2021 12 26  0 58 31.020  0.00   2
   102674  40.293632 -124.552376    23.183    -4975.4      720.2     2064.3      2.1      4.1      3.1 2021 12 27 21 23 56.940  0.00   2
   102675  40.296021 -124.552808    23.283    -5012.0      985.4     2163.8      4.0     14.8      6.3 2021 12 28 23 42 32.980  0.00   2
   102677  40.294104 -124.552246    23.165    -4964.3      772.6     2046.0      1.7      3.7      2.8 2021 12 30 21 50 15.320  0.00   2
   102678  40.286255 -124.553206    23.068    -5046.2      -98.9     1949.1      4.8     14.1      6.1 2021 12 31 23 44 46.660  0.00   2
   102679  40.293880 -124.551693    23.174    -4917.2      747.8     2055.4      1.5      4.5      2.7 2022  1  6 21 51 26.240  0.00   2
   102684  40.294503 -124.551644    23.093    -4913.1      816.9     1974.4      4.0      2.8      2.1 2022  2 12 18 43 42.940  0.00   2
   102685  40.293624 -124.551733    23.157    -4920.7      719.3     2037.8      1.8      4.2      2.7 2022  3  2 23 19 59.800  0.00   2
   102686  40.293217 -124.551400    23.169    -4892.3      674.1     2050.5      6.1     19.7     11.4 2022  3  2 16  8  3.180  0.00   2
   102687  40.302075 -124.553564    23.347    -5076.1     1657.7     2227.7      8.6     20.7     11.2 2022  3  9 13 42 16.640  0.00   2
   102691  40.293722 -124.551685    23.178    -4916.5      730.1     2059.1      2.0      4.5      2.8 2022  5 18 18  7 36.080  0.00   2
   102692  40.294307 -124.552661    23.114    -4999.6      795.2     1994.7      2.9      3.4      2.2 2022  5 21 20  6 56.040  0.00   2
   102693  40.295418 -124.552734    23.082    -5005.8      918.6     1962.7      4.2      3.8      2.9 2022  6 20  7 39 31.020  0.00   2
   102694  40.295166 -124.551790    23.117    -4925.5      890.5     1998.6      2.4      3.2      2.5 2022  6 27  7 43 34.160  0.00   2
   102695  40.297062 -124.550570    23.120    -4821.6     1101.1     2001.5      5.3     12.2      6.2 2022  7 18  1 42 42.840  0.00   2
   102696  40.295764 -124.552938    23.084    -5023.0      957.0     1964.9      3.0      2.9      2.4 2022  7 28  7 20 33.000  0.00   2
   102697  40.294316 -124.551758    23.169    -4922.8      796.1     2050.1      1.8      4.0      2.8 2022  8  2  3 23 52.420  0.00   2
   102698  40.294169 -124.552588    23.050    -4993.3      779.8     1930.9      3.5      3.4      3.4 2022  8 16 18 15 25.220  0.00   2
   102699  40.295068 -124.551668    23.138    -4915.1      879.7     2019.3      2.8      3.0      1.8 2022  9 16  6  1  5.000  0.00   2
   102700  40.294950 -124.552848    23.103    -5015.5      866.6     1983.9      3.8      3.4      2.0 2022  9 19  4 54 39.760  0.00   2
   102702  40.293469 -124.551489    23.108    -4900.0      702.1     1989.5      3.5      5.5      2.6 2022 10  5  5 11 18.160  0.00   2
   102705  40.294397 -124.551986    23.156    -4942.1      805.2     2037.6      1.4      3.4      2.4 2022 11  1  9 40 50.800  0.00   2
   102706  40.295418 -124.551221    23.141    -4877.0      918.6     2022.1      6.4     14.7      8.3 2022 11 27 18  0 57.680  0.00   2
   103181  40.279814 -124.470500    20.596     1986.9     -814.2     -522.8      4.7     12.3      5.3 2020  1 11  1 31 54.420  0.00   2
   103185  40.280615 -124.468962    20.526     2117.7     -725.2     -592.7      5.6      6.2      9.3 2020  3 20  0 26 38.040  0.00   2
   103189  40.286381 -124.467432    20.556     2247.7      -84.9     -562.8      4.7      8.7      5.7 2020  5 27  2 48 16.160  0.00   2
   103193  40.283781 -124.469312    20.374     2087.9     -373.7     -745.3      3.0      2.7      4.0 2020  7 17 21 44  7.800  0.00   2
   103194  40.282418 -124.468913    20.283     2121.8     -525.0     -835.5      4.5      6.6      7.2 2020  8 11  2 18 34.020  0.00   2
   103195  40.282800 -124.469466    20.364     2074.7     -482.5     -755.3      3.1      2.3      2.9 2020  9  3 21 10 12.920  0.00   2
   103196  40.283634 -124.470361    20.314     1998.6     -389.9     -804.7      2.9      2.6      3.5 2020  9 30 18 18  5.760  0.00   2
   103197  40.283264 -124.470223    20.324     2010.4     -431.0     -794.4      2.8      2.3      3.7 2020 10 13 14 33 43.200  0.00   2
   103199  40.272673 -124.469930    21.042     2035.4    -1607.1      -77.1      5.5     16.2     12.0 2020 11 26  8 19 30.520  0.00   2
   103201  40.286373 -124.469425    20.418     2078.1      -85.8     -700.9      3.3     11.7      8.2 2020 12 24  9 22 40.660  0.00   2
   103203  40.289583 -124.468229    20.506     2179.8      270.6     -612.9      3.5      5.7      3.8 2021  2 24 19 37  0.500  0.00   2
   103204  40.282133 -124.470174    20.143     2014.5     -556.6     -975.8      5.8      8.8     10.0 2021  3 22 10 31  8.140  0.00   2
   103206  40.282129 -124.470117    20.156     2019.4     -557.1     -962.8      5.2      5.7      7.5 2021  4 24  6 17 31.180  0.00   2
   103207  40.282100 -124.470174    20.470     2014.5     -560.3     -649.0      2.2      2.4      3.0 2021  5  2  8  9 31.120  0.00   2
   103210  40.283488 -124.469686    20.304     2056.0     -406.2     -814.4      3.5      2.6      3.2 2021  8  5 10 16 23.100  0.00   2
   103211  40.283191 -124.470020    20.164     2027.7     -439.2     -954.9      5.2     11.4     10.1 2021  9  5 23  3 58.160  0.00   2
   103213  40.281230 -124.468221    20.416     2180.6     -657.0     -702.4      4.3      8.6      5.6 2021 10  6  9  9 39.160  0.00   2
   103214  40.269902 -124.466121    20.705     2359.4    -1914.8     -413.8      5.3      4.6      5.3 2021 10 12 11 29  9.760  0.00   2
   103216  40.282023 -124.469271    20.318     2091.4     -568.8     -801.1      4.2      3.2      3.6 2021 11  1 12 14 16.760  0.00   2
   103218  40.282312 -124.463818    21.190     2555.0     -536.8       70.8      5.4     12.8      8.0 2021 12 20 23 42 18.160  0.00   2
   103219  40.285388 -124.468604    20.464     2148.1     -195.2     -655.3      2.2      3.7      3.8 2021 12 21 19 53 20.860  0.00   2
   103220  40.279712 -124.471037    20.568     1941.2     -825.5     -550.6      6.4     20.9      8.7 2021 12 21  3 25  2.140  0.00   2
   103221  40.283215 -124.470329    20.391     2001.4     -436.5     -728.1      2.9      2.5      2.8 2021 12 22 23 56  7.680  0.00   2
   103222  40.283643 -124.470581    20.445     1979.9     -389.0     -674.2      4.5      3.1      4.1 2021 12 22 22 10  3.600  0.00   2
   103225  40.284937 -124.469279    20.213     2090.6     -245.3     -906.2      5.9     18.2      7.7 2021 12 22 13 50  2.900  0.00   2
   103227  40.281913 -124.469596    20.498     2063.7     -581.0     -620.5      2.4      3.3      2.9 2021 12 22  6 22 18.920  0.00   2
   103229  40.283065 -124.469368    20.473     2083.0     -453.2     -645.9      2.6      3.9      3.5 2021 12 23 10 36 56.360  0.00   2
   103232  40.283313 -124.470125    20.359     2018.7     -425.6     -759.5      3.0      2.4      3.2 2021 12 25  4 27 30.000  0.00   2
   103233  40.283240 -124.469450    20.207     2076.1     -433.8     -912.2      4.4      5.0      4.8 2021 12 25 13  7 17.660  0.00   2
   103235  40.282434 -124.469149    20.348     2101.7     -523.2     -770.9      4.4      2.6      2.9 2021 12 26 18 24 14.980  0.00   2
   103237  40.282943 -124.470060    20.283     2024.2     -466.7     -836.3      2.8      3.3      3.0 2021 12 27  3 19 14.140  0.00   2
   103238  40.275049 -124.470866    20.324     1955.8    -1343.3     -794.8      5.2     18.2      7.8 2021 12 28 10 25 14.240  0.00   2
   103239  40.283350 -124.470231    20.357     2009.7     -421.6     -762.0      2.9      2.5      3.4 2021 12 29  5 39  1.000  0.00   2
   103241  40.282043 -124.469548    20.363     2067.8     -566.6     -756.3      2.8      3.4      2.8 2021 12 31 10 16 23.220  0.00   2
   103242  40.283647 -124.469637    20.176     2060.2     -388.6     -943.4      4.7      8.9      7.1 2022  1  6 15  3 53.600  0.00   2
   103246  40.280949 -124.468579    20.536     2150.2     -688.1     -582.9      6.5      9.9      8.2 2022  1  9 14 28 34.400  0.00   2
   103250  40.283004 -124.469881    20.355     2039.4     -460.0     -763.6      3.0      2.4      3.0 2022  1 12  6 38 12.400  0.00   2
   103252  40.283606 -124.470532    20.406     1984.1     -393.1     -712.4      3.8      2.7      4.0 2022  1 15 11  2 22.680  0.00   2
   103253  40.283997 -124.468872    20.383     2125.2     -349.7     -735.5      4.5      5.9      3.2 2022  1 15 11  7 24.280  0.00   2
   103254  40.274544 -124.470809    20.211     1960.7    -1399.3     -908.2      5.2     18.5      8.3 2022  1 15 23 42 27.860  0.00   2
   103255  40.283264 -124.469824    20.211     2044.3     -431.0     -908.1      4.0      2.7      4.0 2022  1 20 23 35 26.640  0.00   2
   103256  40.281816 -124.469800    20.471     2046.4     -591.9     -647.8      3.6      5.0      2.9 2022  1 20  3 44 25.400  0.00   2
   103257  40.282654 -124.469710    20.140     2054.0     -498.8     -979.3      5.1      3.7      8.0 2022  1 21  4 17 37.100  0.00   2
   103258  40.283162 -124.469295    20.524     2089.3     -442.3     -595.2      2.2      3.8      2.9 2022  1 21  4 17  1.760  0.00   2
   103261  40.282666 -124.468953    20.357     2118.3     -497.5     -761.9      4.3      2.4      3.0 2022  1 30  5 20 41.160  0.00   2
   103262  40.282878 -124.469116    20.368     2104.5     -474.0     -750.5      3.4      2.4      3.2 2022  1 30 18 14 11.380  0.00   2
   103263  40.282898 -124.471232    20.512     1924.6     -471.7     -607.2      6.8      4.9      6.0 2022  2  6 18 14 29.480  0.00   2
   103264  40.283301 -124.469124    20.478     2103.8     -427.0     -640.8      2.1      3.9      2.9 2022  2 15  3  8 21.340  0.00   2
   103265  40.283350 -124.470475    20.272     1988.9     -421.6     -847.2      2.9      2.5      3.2 2022  2 24 22 57  5.460  0.00   2
   103266  40.283500 -124.470955    20.341     1948.1     -404.8     -777.7      3.7      2.5      3.1 2022  2 24  2  6 53.360  0.00   2
   103267  40.279533 -124.469466    20.208     2074.8     -845.4     -910.6      4.4     11.5      5.2 2022  2 24 18  1 21.640  0.00   2
   103269  40.283976 -124.470736    20.414     1966.8     -352.0     -705.0      3.6      2.5      2.8 2022  3 29 10 35 52.340  0.00   2
   103270  40.281844 -124.470158    20.406     2015.9     -588.7     -712.4      2.9      3.0      2.6 2022  3 29 19 58  7.480  0.00   2
   103271  40.282361 -124.469735    20.305     2051.9     -531.3     -814.2      3.8      4.6      3.8 2022  3 31 14 40 40.040  0.00   2
   103272  40.282821 -124.469710    20.379     2054.0     -480.3     -739.5      2.1      2.9      3.0 2022  4  3 21  3 27.520  0.00   2
   103273  40.282056 -124.469124    20.245     2103.8     -565.2     -873.6      4.7      4.3      3.9 2022  4 10 13  3 18.560  0.00   2
   103274  40.283765 -124.468701    20.398     2139.8     -375.5     -720.7      4.3      8.4      5.7 2022  4 10 20 53 45.920  0.00   2
   103277  40.283114 -124.469735    20.269     2051.9     -447.8     -849.8      3.3      2.5      3.7 2022  4 19 18 43 36.400  0.00   2
   103279  40.281523 -124.470549    20.340     1982.7     -624.4     -779.0      3.3      3.6      3.0 2022  5 12 18 20 44.500  0.00   2
   103281  40.282471 -124.469914    20.407     2036.7     -519.1     -712.2      2.8      3.2      3.5 2022  6  9 20  8 46.080  0.00   2
   103283  40.282739 -124.469523    20.453     2069.9     -489.3     -666.2      2.3      3.2      3.8 2022  6 12  6 17 47.260  0.00   2
   103284  40.282756 -124.469067    20.343     2108.6     -487.5     -775.7      4.4      2.5      2.8 2022  6 20  3  5 25.720  0.00   2
   103285  40.283683 -124.470142    20.091     2017.3     -384.5    -1027.9      5.0      6.9      9.4 2022  7  4  4 24 56.900  0.00   2
   103286  40.283171 -124.470549    20.523     1982.7     -441.4     -595.9      4.6      6.4      8.4 2022  8 12  8 24  9.100  0.00   2
   103288  40.283362 -124.470150    20.323     2016.6     -420.2     -795.6      2.9      2.1      3.0 2022  8 16  4  0 36.260  0.00   2
   103291  40.283301 -124.470011    20.382     2028.4     -427.0     -737.2      2.7      3.9      3.2 2022  9  6 14 16 14.840  0.00   2
   103292  40.282894 -124.469938    20.223     2034.6     -472.2     -895.9      3.4      4.6      3.3 2022  9  8 13 25 43.220  0.00   2
   103293  40.282145 -124.469897    20.313     2038.1     -555.3     -806.3      3.0      3.1      3.9 2022  9 12  9 10 21.960  0.00   2
   103294  40.279838 -124.469531    20.369     2069.2     -811.5     -750.1      3.3      5.7      4.7 2022  9 13 19 13 50.120  0.00   2
   103295  40.284025 -124.469670    20.130     2057.4     -346.5     -988.4      5.0     11.5      8.2 2022 10  9 14 38 43.840  0.00   2
   103297  40.282263 -124.469849    20.332     2042.2     -542.2     -787.0      3.9      3.1      3.5 2022 11 10  3 49 21.340  0.00   2
   104536  40.274125 -124.515365    21.491    -1828.5    -1445.8      372.6      2.2      3.1      2.6 2020  1 23  2 46 22.320  0.00   2
   104538  40.274194 -124.515397    21.495    -1831.3    -1438.2      376.1      3.0      3.3      2.2 2020  1 24 12 58 18.420  0.00   2
   104539  40.274597 -124.515877    21.467    -1872.1    -1393.4      348.4      2.1      3.0      2.4 2020  3 15  0 55 54.180  0.00   2
   104540  40.275248 -124.515129    21.362    -1808.4    -1321.1      242.7      2.6      4.6      3.1 2020  3 19 13  2 23.120  0.00   2
   104541  40.274996 -124.516390    21.451    -1915.7    -1349.1      332.0      2.5      2.9      2.2 2020  4  4 12 55 14.960  0.00   2
   104542  40.269657 -124.514282    21.711    -1736.5    -1941.9      591.9      3.3     10.6      7.9 2020  8  9  3 24  1.340  0.00   2
   104543  40.275891 -124.515405    20.913    -1831.9    -1249.7     -205.4      4.2      7.9     11.8 2020  8  9  0  0 42.000  0.00   2
   104544  40.280310 -124.514469    22.051    -1752.3     -759.1      932.5      3.6      3.5      3.7 2020  9  6 19 15 19.420  0.00   2
   104545  40.259147 -124.513810    21.658    -1696.5    -3109.0      539.5      4.8     11.0      7.5 2020 11 20 23  5 37.000  0.00   2
   104546  40.274438 -124.514876    21.463    -1787.0    -1411.0      343.9      2.7      3.2      2.3 2020 12  8 19 50 59.440  0.00   2
   104547  40.275952 -124.515959    21.421    -1879.0    -1243.0      302.1      2.2      3.8      3.1 2021  1 13 20 27 55.860  0.00   2
   104548  40.275236 -124.515796    21.433    -1865.2    -1322.5      314.6      2.6      2.9      2.7 2021  1 23 18  7 58.980  0.00   2
   104549  40.268400 -124.518058    20.926    -2057.7    -2081.6     -193.3      7.1      5.6     11.4 2021  2  4  8  4  6.380  0.00   2
   104550  40.272620 -124.515959    21.504    -1879.0    -1613.0      384.8      6.7     12.1      9.1 2021  2  8 10 42 43.860  0.00   2
   104552  40.268526 -124.516683    22.058    -1940.7    -2067.5      939.1      4.8     10.4      9.6 2021  4 28  9 56 53.160  0.00   2
   104555  40.272144 -124.515527    21.780    -1842.4    -1665.9      661.3      3.6      7.6      6.7 2021  8 13  3  3 14.280  0.00   2
   104557  40.275521 -124.516366    21.360    -1913.6    -1290.9      241.6      2.3      3.3      3.1 2021 10 13  0 11 57.860  0.00   2
   104558  40.270439 -124.514315    21.379    -1739.3    -1855.2      259.9      6.2     10.8     10.5 2021 10 15 23 36  0.100  0.00   2
   104561  40.273136 -124.514746    21.540    -1775.9    -1555.6      420.7      2.6      3.2      4.5 2021 12 21  4 11 42.460  0.00   2
   104562  40.273971 -124.515072    21.449    -1803.6    -1463.0      330.3      2.5      9.8      6.7 2021 12 21  5 27 13.340  0.00   2
   104563  40.273657 -124.514502    21.521    -1755.1    -1497.8      401.7      3.6      3.1      3.3 2021 12 21  9 54 44.140  0.00   2
   104565  40.272506 -124.516073    21.262    -1888.7    -1625.7      142.8      5.3     16.8     10.8 2021 12 21 14 32 11.280  0.00   2
   104566  40.264758 -124.514364    21.896    -1743.5    -2485.9      777.2      6.9     16.8      9.2 2021 12 21  7 49 38.600  0.00   2
   104567  40.265967 -124.511442    21.301    -1495.0    -2351.7      181.9      4.0     11.3      5.1 2021 12 21  0 33 29.320  0.00   2
   104568  40.282393 -124.519385    21.352    -2170.2     -527.7      232.9      2.7      7.8      5.4 2021 12 21  1 47 47.320  0.00   2
   104570  40.274483 -124.514950    21.374    -1793.2    -1406.1      254.8      3.0      3.1      4.2 2021 12 30 17  2 59.560  0.00   2
   104571  40.270020 -124.516146    21.441    -1895.0    -1901.7      322.5      2.8     14.4      5.7 2022  5  5 19 58 40.140  0.00   2
   104572  40.273336 -124.515706    21.490    -1857.6    -1533.5      371.4      2.3      4.3      2.5 2022  8  5 21  2 56.680  0.00   2
   104573  40.275110 -124.516276    21.430    -1906.0    -1336.5      310.8      2.2      2.9      2.4 2022  8 29  3 47 27.200  0.00   2
   105449  40.295813 -124.436393    21.574     4886.7      962.4      454.7      4.0      7.7      7.8 2021  3 17 15 57 54.480  0.00   2
   105451  40.296883 -124.437248    21.214     4814.0     1081.2       95.3      3.1      5.3      7.2 2021  5 17  6 50 19.300  0.00   2
   105452  40.293953 -124.436532    21.284     4875.0      755.9      165.6      3.3      3.0      3.0 2021  7  2 13 42 25.360  0.00   2
   105453  40.295667 -124.436369    21.293     4888.8      946.1      174.6      5.0      4.1      6.1 2021 12  8  7 47 53.400  0.00   2
   105454  40.294299 -124.435994    21.328     4920.7      794.3      209.1      2.9      3.1      4.6 2021 12 29  6  3 35.020  0.00   2
   105457  40.292342 -124.434839    21.315     5019.0      577.0      196.3      4.1      4.8      4.7 2022  1 23 11 56  1.960  0.00   2
   105458  40.294767 -124.437288    21.369     4810.6      846.3      250.3      3.9      4.0      5.6 2022  3  9  3 33  6.440  0.00   2
   106476  40.283337 -124.407243    19.005     7366.0     -422.9    -2113.7      3.8      7.4      4.6 2020  7 19 19 36 15.700  0.00   2
   106480  40.300033 -124.402026    20.032     7808.7     1430.9    -1086.3      8.2     14.6      8.4 2021 12 23 18  0 27.860  0.00   2
   106481  40.276701 -124.406478    19.075     7431.5    -1159.8    -2044.1      8.7     19.5      4.3 2021 12 25 23 44  7.480  0.00   2
   106485  40.284855 -124.407699    19.119     7327.2     -254.4    -1999.9      3.2      4.4      5.5 2022  9 22 22 11 56.160  0.00   2
   106486  40.285026 -124.406868    19.133     7397.8     -235.4    -1986.1      3.6      6.4      4.7 2022 10 11  2 56 24.700  0.00   2
   106878  40.281934 -124.505387    19.950     -979.9     -578.8    -1169.3      4.6      6.8      6.3 2020  2 26 13  0  8.000  0.00   2
   106879  40.305717 -124.503931    20.424     -855.9     2062.1     -694.7      5.0     13.1      6.7 2020  4 14 23 52 17.340  0.00   2
   106880  40.280107 -124.507878    19.708    -1191.7     -781.7    -1410.6      5.4      5.3     10.1 2020  4 17 10 28 54.000  0.00   2
   106881  40.281954 -124.502938    19.630     -771.6     -576.5    -1489.1      4.6     20.8      6.2 2020  4 18 16 38 46.580  0.00   2
   106883  40.280229 -124.508162    19.962    -1215.9     -768.1    -1156.9      5.9      9.0      7.3 2021 10 23  3 13 39.120  0.00   2
   106884  40.280896 -124.506234    19.851    -1051.9     -694.0    -1267.8      5.7      6.1      8.4 2021 11 22 21 22  8.420  0.00   2
   106885  40.280851 -124.503149    19.920     -789.6     -699.0    -1198.5      4.5      7.1      5.5 2021 11 23  2  3 16.160  0.00   2
   106886  40.281689 -124.507324    19.850    -1144.6     -605.9    -1269.3      4.7      6.2      5.4 2021 12 21  9  4 49.080  0.00   2
   106889  40.281539 -124.503800    19.595     -845.0     -622.6    -1524.2      6.5      8.1     11.2 2022  2  8 11  1 45.260  0.00   2
   106892  40.282471 -124.502148    19.798     -704.5     -519.1    -1320.7      3.7      9.3      5.8 2022  8  6 16 32 20.620  0.00   2
   107666  40.315141 -124.440625    19.133     4526.2     3108.6    -1985.4      4.4      9.6      6.9 2021  5 17  9 39 49.060  0.00   2
   107667  40.305322 -124.438826    19.344     4679.5     2018.3    -1775.3      5.7     11.6      6.2 2021  5 19 23 39 44.980  0.00   2
   107671  40.322107 -124.429419    19.870     5478.7     3882.1    -1249.1      6.1     11.2      5.8 2021 11 28 16 37 45.460  0.00   2
   107935  40.291870 -124.377718    20.037     9876.1      524.6    -1081.7      3.3      5.1      4.5 2021  3 29  4  0 27.680  0.00   2
   107939  40.281173 -124.356852    20.334    11651.3     -663.3     -785.1      8.6     11.9      3.5 2021  9 18  8 35 54.260  0.00   2
   107941  40.289197 -124.372225    20.062    10343.4      227.7    -1056.5      7.6      8.9      5.8 2021 12 20 21 56 11.700  0.00   2
   107943  40.292676 -124.377547    20.039     9890.6      614.0    -1080.3      4.1      3.9      3.8 2021 12 21  0 26 54.420  0.00   2
   107951  40.291976 -124.376270    20.013     9999.3      536.3    -1105.9      4.3      4.5      4.0 2022  1  3 23 35 36.380  0.00   2
   107952  40.291976 -124.375708    20.080    10047.1      536.3    -1039.0      2.8      3.5      3.0 2022  1 25  7 55 31.740  0.00   2
   107954  40.290837 -124.375252    20.260    10085.9      409.8     -859.3      3.1      7.2      4.7 2022  2  4 17 40 38.160  0.00   2
   107961  40.279651 -124.379736    20.191     9705.4     -832.3     -927.8      6.5      8.6      4.7 2022 10 29  4 15 37.520  0.00   2
   108411  40.317139 -124.469482    20.741     2072.8     3330.4     -377.8      7.3     13.9      8.8 2021  9  6  2 58 10.280  0.00   2
   108899  40.303092 -124.435295    18.863     4979.9     1770.7    -2255.9      3.1      3.5      4.1 2021 10 16 11  8 25.980  0.00   2
   109574  40.295752 -124.381974    19.211     9514.0      955.6    -1908.0      7.6     17.6      8.2 2021 12 21 22  0 51.880  0.00   2
   109576  40.284347 -124.383781    18.963     9361.1     -310.9    -2155.4      9.6     14.7      9.3 2021 12 26 21 14 32.380  0.00   2
   109582  40.273938 -124.375635    19.294    10054.6    -1466.6    -1824.7     10.2     14.7      9.5 2022 11 22 14 25 33.480  0.00   2
   110142  40.291886 -124.437126    22.392     4824.6      526.4     1273.0      7.0     23.3      7.7 2021 12 22 19 22  7.720  0.00   2
   110143  40.291463 -124.438794    22.308     4682.7      479.4     1189.3      7.2     14.2      9.7 2021 12 23 20 38  9.420  0.00   2
   110147  40.283553 -124.446924    21.872     3991.7     -399.0      753.0      6.8      8.4     10.5 2022  1  5 17 45 31.500  0.00   2
   110148  40.297892 -124.428581    22.565     5550.9     1193.3     1446.0      6.2     11.1      5.9 2022  5  3  8 37 19.960  0.00   2
   110300  40.290833 -124.479907    25.935     1186.8      409.4     4816.3      4.5     18.1      4.9 2023  3  9 12 50 51.480  1.40   2
   110304  40.293701 -124.551514    23.181    -4902.0      727.9     2062.1      1.1      2.1      1.7 2022 12 25 19 40 29.680  3.05   2
   110318  40.282711 -124.470036    20.481     2026.3     -492.5     -637.6      2.5      2.2      2.7 2023  2 20 13 18  3.960  1.48   2
   110345  40.274910 -124.515942    21.448    -1877.6    -1358.6      329.4      2.2      2.6      2.2 2023  5 22  8 39 15.920  1.61   2
   110372  40.294511 -124.434920    21.255     5012.0      817.8      136.1      2.7      2.4      3.0 2023  4  3 12 14 40.520  1.28   2
   110403  40.284705 -124.408016    19.058     7300.2     -271.1    -2061.1      3.2      5.2      4.3 2023  4  4 17 32 14.460  1.08   2
   110420  40.280298 -124.507511    19.772    -1160.6     -760.4    -1347.1      3.7      4.3      5.0 2023  2 17 14 36 10.720  2.81   2
   110446  40.307243 -124.433138    19.004     5163.1     2231.6    -2114.9      5.2      7.7      5.5 2023  5 13  1 27 17.920  1.13   2
   110461  40.292310 -124.471558    21.098     1896.7      573.4      -20.8      3.4      7.1      4.1 2023  4  9 11 53 23.790  0.91   2
   110465  40.292582 -124.376383    20.036     9989.6      603.6    -1083.3      2.2      3.2      2.3 2022 12 20  3  6 59.620  0.86   2
   110500  40.306421 -124.478247    19.705     1327.8     2140.3    -1413.7      7.1     13.8      8.8 2023  4  9 13 30 46.380  0.65   2
   110565  40.303540 -124.445207    19.446     4137.1     1820.4    -1673.2      3.0      3.8      3.9 2023  4  9 10 26 54.540  2.63   2
   110648  40.282031 -124.378857    18.950     9780.0     -567.9    -2168.4      6.4     12.0      6.3 2023  3 14 15 58 42.040  1.17   2
   110734  40.293140 -124.439274    23.005     4641.9      665.5     1886.5      5.5      6.4      5.8 2023  3 12 13 22 24.330  1.69   2
   110741  40.298706 -124.450065    19.721     3724.1     1283.6    -1398.2      4.7      7.9      4.0 2023  3 13 12 14 24.190  0.90   2
   110742  40.307699 -124.527653    25.298    -2872.8     2282.2     4178.9      3.1     11.0      7.3 2023  3 22 16  0 16.820  1.31   2
