   103864  40.297412 -124.345662     9.251       49.1       15.4     -148.6     19.6     21.4     24.5 2020  1 15  6 50 38.220  0.00  24
   103866  40.298633 -124.347021     9.368      -66.4      150.9      -31.6     13.5     18.7     15.4 2020  1 24 22  3 41.740  0.00  24
   103867  40.296928 -124.346623     9.292      -32.5      -38.4     -108.4     11.6     19.0     16.3 2020  1 24 15 30 20.360  0.00  24
   103868  40.297868 -124.346948     9.379      -60.2       66.0      -20.9     11.2     13.2     13.9 2020  1 24 21  4  2.500  0.00  24
   103869  40.297229 -124.346427     9.252      -15.9       -5.0     -147.9     12.2     15.8     16.1 2020  1 24 15 55 59.700  0.00  24
   103870  40.296842 -124.346566     9.253      -27.7      -47.9     -146.8     12.6     12.7     17.6 2020  1 24 15 22 48.080  0.00  24
   103871  40.298844 -124.347160     9.368      -78.2      174.4      -31.8     14.4     20.4     16.4 2020  1 24 22 54  7.460  0.00  24
   103872  40.297013 -124.346631     9.282      -33.2      -28.9     -117.8     13.8     12.2     18.6 2020  1 24 15 25 13.420  0.00  24
   103873  40.296724 -124.346696     9.257      -38.7      -61.0     -143.5     16.3     17.2     18.7 2020  1 24 15 26 23.140  0.00  24
   103874  40.297880 -124.346899     9.391      -56.0       67.3       -9.1     11.4     14.1     13.1 2020  1 24 20  3  2.500  0.00  24
   103876  40.298840 -124.347062     9.390      -69.9      174.0      -10.4     14.4     20.3     15.5 2020  1 24 23 20 24.980  0.00  24
   103880  40.294071 -124.347192     9.105      -81.0     -355.6     -294.8     19.8     38.0     20.7 2020  1 25  3 13 59.340  0.00  24
   103882  40.296151 -124.346216     9.294        2.1     -124.7     -106.1     10.7     14.9     13.8 2020  1 25  3 14 28.680  0.00  24
   103883  40.297567 -124.345939     9.335       25.6       32.5      -65.1     14.4     15.3     15.4 2020  1 25  3  9  6.220  0.00  24
   103890  40.297546 -124.345874     9.259       31.1       30.3     -140.9     12.3     15.1     19.3 2020  1 27 19  4 35.860  0.00  24
   103891  40.296297 -124.346346     9.279       -9.0     -108.4     -120.8     14.1     22.6     11.9 2020  1 27 17 36 12.020  0.00  24
   103892  40.297099 -124.346281     9.366       -3.5      -19.4      -34.3     14.1     15.2     18.2 2020  1 27 16 23 44.480  0.00  24
   103895  40.297603 -124.345337     9.156       76.8       36.6     -244.3     20.6     16.8     24.2 2020  3 13  2 39 50.580  0.00  24
   103896  40.296248 -124.346094     9.015       12.5     -113.9     -385.0     11.2     28.0     16.8 2020  3 13  2 37 37.340  0.00  24
   103897  40.299996 -124.346582     9.274      -29.1      302.3     -126.0     22.6     29.9     19.4 2020  3 13  5 10 12.960  0.00  24
   103898  40.298828 -124.346322     9.283       -6.9      172.6     -117.3     10.5     19.8     15.4 2020  4  7 16 50 56.420  0.00  24
   103901  40.302413 -124.348543     9.400     -195.8      570.7        0.5     20.4     28.7     26.8 2020  5 10  3 40 47.520  0.00  24
   103902  40.296631 -124.346305     9.518       -5.5      -71.4      117.8     12.4     17.8     16.4 2020  7 16 14 40 26.160  0.00  24
   103904  40.296480 -124.345483     8.723       64.3      -88.1     -676.6     24.4     42.3     40.7 2020 11  9  2 11  9.620  0.00  24
   103906  40.296395 -124.346134     9.378        9.0      -97.6      -21.7     21.0     21.9     29.8 2021  2  6 20 40 14.680  0.00  24
   103908  40.297359 -124.346663     9.499      -36.0        9.5       98.6      9.8     11.4     18.5 2021  3 13 11 25  2.260  0.00  24
   103909  40.295671 -124.346558     9.250      -27.0     -178.0     -150.0     11.9     24.6     18.5 2021  4  5 17 17  0.360  0.00  24
   103912  40.297965 -124.346655     9.446      -35.3       76.8       46.0     10.5     15.0     13.3 2021  4 17 12 56  1.300  0.00  24
   103913  40.297624 -124.346777     9.438      -45.7       38.9       37.6     10.7     17.9     14.7 2021  4 17 13 40 53.640  0.00  24
   103915  40.296700 -124.346720     9.456      -40.8      -63.7       55.7     12.5     15.7     17.5 2021  7 28 21 11  2.380  0.00  24
   103916  40.296663 -124.346606     9.458      -31.1      -67.8       57.8     11.8     17.0     16.1 2021  7 28 21 33 36.020  0.00  24
   103918  40.297913 -124.346875     9.359      -54.0       70.9      -41.3     12.9     14.0     14.8 2021  9  7 19 40  5.860  0.00  24
   103919  40.295833 -124.350000     9.362     -319.7     -159.9      -37.8     19.9     24.8     21.2 2021 11 25 16 28 40.160  0.00  24
   103921  40.297363 -124.346680     9.379      -37.4        9.9      -21.2     12.0     18.7     11.1 2021 12 21  3 38 51.940  0.00  24
   103922  40.297176 -124.347144     9.303      -76.8      -10.8      -96.8      9.5     20.9     13.6 2022  3 23 22 42 10.720  0.00  24
   103924  40.296688 -124.346851     9.298      -51.9      -65.1     -101.9     16.1     18.9     17.1 2022  5 29 21 13 23.800  0.00  24
   103926  40.297290 -124.346704     9.276      -39.4        1.8     -123.7     17.1     18.0     16.6 2022  5 29 19 36  5.420  0.00  24
   103927  40.297729 -124.346582     9.321      -29.1       50.6      -78.9     11.3     17.6     11.7 2022  5 29 19 11 27.880  0.00  24
   103929  40.296875 -124.346273     9.345       -2.8      -44.3      -55.1     13.4     15.2     16.0 2022  5 30  4 10  9.060  0.00  24
   103930  40.297457 -124.346403     9.357      -13.8       20.3      -42.6     13.1     15.4     14.9 2022  5 30  1 51 30.580  0.00  24
   103932  40.298299 -124.346932     9.368      -58.8      113.9      -31.6     12.4     18.1     13.6 2022  5 30  3 12  8.820  0.00  24
   103933  40.297327 -124.346484     9.374      -20.8        5.9      -25.9     11.8     16.4     14.8 2022  5 30  9 43 48.840  0.00  24
   103934  40.297555 -124.346493     9.319      -21.4       31.2      -81.0     13.5     13.6     17.1 2022  5 30  6 35  3.560  0.00  24
   103935  40.296631 -124.346883     9.212      -54.7      -71.4     -188.1     14.5     19.6     21.9 2022  5 30  6 42 38.800  0.00  24
   103937  40.298071 -124.346387     9.323      -12.5       88.6      -77.2     12.0     16.4     11.7 2022  5 30  4  6 28.560  0.00  24
   110328  40.296134 -124.345882     9.582       30.4     -126.5      181.8     10.0     11.1     11.9 2022 12 23 23 23  4.120  1.11  24
