   103313  40.387150 -124.284627    30.563       71.2       16.7      -37.0     61.3    100.5     41.8 2020  2 15 13  9 35.880  0.00  41
   103314  40.387126 -124.284652    30.560       69.1       14.0      -39.7     51.6    103.1     46.0 2020  2 15 12 12 19.360  0.00  41
   103315  40.387195 -124.284855    30.611       51.8       21.7       11.2     63.9     60.5     40.4 2020  3 18 22 35 28.520  0.00  41
   103318  40.386926 -124.285815    30.592      -29.7       -8.1       -7.7     85.2     63.8     51.7 2021  3 24  9 30 55.440  0.00  41
   103319  40.386934 -124.285286    30.586       15.2       -7.2      -13.7     51.1     47.7     37.8 2021  8 17  5 27  3.920  0.00  41
   103320  40.386629 -124.283138    30.586      197.6      -41.1      -14.4    186.1     74.9     40.3 2021  9 14  9 59 47.740  0.00  41
   103322  40.386003 -124.274894    30.573      897.6     -110.7      -27.4    313.7    143.4     80.0 2021 11  3  0 28 20.280  0.00  41
   103323  40.386869 -124.286141    30.575      -57.4      -14.5      -25.2    123.6     76.8     45.6 2021 11  3  6 31 54.860  0.00  41
   103325  40.385946 -124.280046    30.575      460.2     -117.0      -25.4    339.5     76.7     41.8 2021 11 13  5 33 46.340  0.00  41
   103327  40.387500 -124.285164    30.630       25.6       55.6       30.1     60.4     91.3     60.5 2021 12 20 21 25  6.680  0.00  41
   103328  40.387223 -124.285124    30.620       29.0       24.9       19.7     64.4     68.5     50.8 2021 12 20 20 24 46.540  0.00  41
   103329  40.387341 -124.287801    30.619     -198.3       38.0       19.3    182.1     68.0     41.4 2021 12 20 20 56 50.100  0.00  41
   103330  40.385933 -124.287866    30.563     -203.8     -118.4      -37.4     83.0     63.9     42.0 2021 12 20 22 41  8.120  0.00  41
   103331  40.386902 -124.285555    30.591       -7.6      -10.8       -8.5     68.6     63.6     44.2 2021 12 21 20 23 41.540  0.00  41
   103332  40.386983 -124.285229    30.601       20.0       -1.8        1.4     81.8     63.3     45.0 2021 12 21  0  9 50.600  0.00  41
   103333  40.386890 -124.285384    30.582        6.9      -12.2      -17.6     82.7     33.2     57.4 2021 12 21  2 46  7.160  0.00  41
   103337  40.387390 -124.286857    30.616     -118.2       43.4       16.2    141.9     82.8     48.2 2021 12 21  4 41 45.900  0.00  41
   103341  40.387923 -124.287394    30.634     -163.8      102.6       33.7    124.3     82.4     67.0 2021 12 21  1 59 38.600  0.00  41
   103345  40.386275 -124.285417    30.577        4.1      -80.4      -23.0     55.6     75.5     40.8 2021 12 22 12  3 31.780  0.00  41
   103348  40.387655 -124.286987    30.628     -129.2       72.7       27.7    118.5     93.9     59.5 2021 12 25 13  9 17.400  0.00  41
   103349  40.389596 -124.288501    30.708     -257.7      288.3      107.9   1068.0    192.4    108.2 2021 12 25  2 19 30.600  0.00  41
   103350  40.386914 -124.285376    30.610        7.6       -9.5        9.7     80.7     60.6     52.5 2021 12 26  4 29 53.280  0.00  41
   103353  40.387459 -124.286833    30.615     -116.1       51.1       15.0    131.7     89.4     55.2 2022  1  1 16 21 37.340  0.00  41
   103354  40.387337 -124.288102    30.599     -223.9       37.5       -0.8    188.8     73.0     45.1 2022  1  7  0 16 26.240  0.00  41
   103356  40.387044 -124.285075    30.602       33.2        5.0        2.2     89.5     52.3     42.3 2022  1 20  8 13 37.120  0.00  41
   103361  40.387134 -124.285197    30.608       22.8       14.9        8.5     85.3     67.6     43.3 2022  4 25 14 43 53.920  0.00  41
   103363  40.387276 -124.285327    30.631       11.7       30.7       31.3     48.4     91.8     65.2 2022  5 15  0 24 23.100  0.00  41
   103366  40.386825 -124.285409    30.592        4.8      -19.4       -8.3     54.4     57.7     38.3 2022  6 29 19 18 19.300  0.00  41
   103367  40.387659 -124.279956    30.599      467.8       73.2       -1.0    262.0     77.5     49.1 2022  8  2 13 46 54.320  0.00  41
   103369  40.386922 -124.286019    30.592      -47.0       -8.6       -8.0    106.5     60.0     36.9 2022  9  1 22 17 11.240  0.00  41
   103370  40.387789 -124.288338    30.581     -243.9       87.7      -19.3    419.1     79.1     43.5 2022 10 13  6  5 38.260  0.00  41
   110320  40.386902 -124.285457    30.601        0.7      -10.8        0.9     52.1     54.3     38.1 2023  5  3 16 44 54.560  1.67  41
