   103372  40.279480 -124.520890    19.958       55.4      142.3      -11.8    227.5    348.1    183.8 2020  1 13  4 35 54.740  0.00  32
   103373  40.279366 -124.520947    19.979       50.5      129.7        8.8    215.9    330.6    182.1 2020  1 14 13 28 33.620  0.00  32
   103376  40.278097 -124.521566    19.802       -2.1      -11.3     -168.0    253.3    420.2    151.4 2020  4 23  2 43 50.960  0.00  32
   103380  40.278495 -124.521476    19.909        5.5       33.0      -60.8    164.4    240.5    252.2 2020  6 22 23 31  2.020  0.00  32
   103381  40.278882 -124.521273    20.006       22.8       75.9       35.9    159.6    292.6    394.2 2020  6 28 17 22 53.120  0.00  32
   103383  40.278044 -124.521672    19.966      -11.1      -17.2       -3.7    147.3    254.1    172.5 2020  7 13 10 22  7.320  0.00  32
   103384  40.279163 -124.521200    20.023       29.1      107.1       52.8    178.8    323.4    571.1 2020  8  3  9  6  1.760  0.00  32
   103389  40.279134 -124.521143    19.958       33.9      103.9      -12.0    188.7    284.6    265.8 2020 11  5 12 38 58.240  0.00  32
   103390  40.278935 -124.521240    19.937       25.6       81.8      -32.6    182.5    259.3    160.4 2020 11  5 12 39 36.040  0.00  32
   103391  40.278845 -124.521305    19.965       20.1       71.8       -5.0    167.8    241.6    192.5 2020 11  6  8 25 13.440  0.00  32
   103392  40.276892 -124.522331    19.943      -67.1     -145.0      -26.6    261.9    401.9    201.4 2020 12 29  9  1 15.600  0.00  32
   103397  40.279146 -124.521159    20.023       32.5      105.3       52.7    190.1    368.4    516.1 2021  3  4 17  8 37.200  0.00  32
   103400  40.279199 -124.521045    19.967       42.2      111.1       -3.1    194.2    297.4    190.9 2021  3 27 10 50 25.740  0.00  32
   103401  40.279301 -124.521037    20.007       42.9      122.4       36.6    218.9    405.7    519.1 2021  4  5 11 42 43.140  0.00  32
   103403  40.279203 -124.521134    19.932       34.6      111.6      -38.4    189.8    297.2    223.5 2021  5 29 16 34 35.700  0.00  32
   103404  40.278918 -124.521305    20.029       20.1       80.0       58.9    175.9    360.3    524.6 2021  6 13  0 34 11.440  0.00  32
   103412  40.276481 -124.522656    20.409      -94.8     -190.7      438.5    294.3    476.9    508.9 2021  9 19 22 24 28.280  0.00  32
   103413  40.276440 -124.522689    20.434      -97.6     -195.2      464.4    301.1    493.5    495.9 2021  9 23  7 46 21.640  0.00  32
   103414  40.278174 -124.521549    19.959       -0.7       -2.7      -11.5    138.0    238.9    175.5 2021 10 10  2 35 36.640  0.00  32
   103415  40.277254 -124.521973    19.916      -36.7     -104.8      -53.9    170.5    433.1    487.5 2021 10 12 11 35 15.460  0.00  32
   103416  40.277722 -124.521777    19.961      -20.1      -52.9       -8.9    160.7    283.2    268.7 2021 10 13  3 15 11.500  0.00  32
   103417  40.276965 -124.522282    19.938      -63.0     -136.9      -31.7    259.2    398.4    225.0 2021 10 25 12 13 10.580  0.00  32
   103418  40.278019 -124.521720    19.967      -15.2      -19.9       -2.8    146.0    243.7    178.8 2021 11 10 23 37 13.460  0.00  32
   103420  40.278402 -124.521484    19.931        4.8       22.6      -38.8    164.5    268.2    226.8 2021 11 16 10 50 11.560  0.00  32
   103421  40.279024 -124.521208    20.017       28.4       91.7       47.4    198.0    384.8    491.8 2021 11 18 14 19 52.740  0.00  32
   103422  40.278166 -124.521623    19.956       -6.9       -3.6      -13.6    141.3    226.7    212.4 2021 12  7 14 41 31.160  0.00  32
   103423  40.278959 -124.521200    19.885       29.1       84.5      -85.0    185.8    270.7    331.5 2021 12 15 14 48 20.300  0.00  32
   103424  40.278194 -124.521574    19.950       -2.8       -0.5      -19.5    139.2    250.6    204.0 2021 12 20 14 25 10.760  0.00  32
   103426  40.277885 -124.521761    19.989      -18.7      -34.8       18.9    139.5    228.1    185.3 2021 12 20 20  7 39.320  0.00  32
   103427  40.277511 -124.521810    19.940      -22.8      -76.4      -30.4    150.8    365.9    375.8 2021 12 20 21 43 57.240  0.00  32
   103429  40.279309 -124.521118    19.933       36.0      123.3      -37.3    214.4    323.5    246.0 2021 12 22 16  0 10.800  0.00  32
   103430  40.278768 -124.521322    20.011       18.7       63.3       40.7    173.3    326.9    372.8 2021 12 24 11  3 50.560  0.00  32
   103431  40.279032 -124.521216    20.014       27.7       92.6       43.7    189.3    376.0    475.3 2021 12 26 21 48 44.840  0.00  32
   103434  40.277970 -124.521672    19.969      -11.1      -25.3       -1.4    140.9    275.2    148.6 2022  4 30 21  3 55.400  0.00  32
   103435  40.276538 -124.522355    19.950      -69.2     -184.3      -20.0    219.8    377.4    504.7 2022  5 31 11 52 23.980  0.00  32
   103436  40.278023 -124.521663    19.978      -10.4      -19.4        8.5    143.5    226.5    198.2 2022  9  1 13  9 26.560  0.00  32
   103439  40.277584 -124.521712    19.938      -14.5      -68.2      -31.7    152.4    341.4    323.4 2022  9 23 17 55 19.120  0.00  32
   103440  40.277950 -124.521631    19.970       -7.6      -27.6        0.2    152.2    245.9    232.4 2022  9 26 16 59 43.680  0.00  32
   110321  40.278035 -124.521672    19.969      -11.1      -18.1       -0.7    137.3    213.7    155.2 2022 12 23 14 21 11.630  0.91  32
