   104513  40.406763 -124.349512    28.519    -1110.9     1702.5     -268.4     15.4     16.5     12.8 2020  1 21  3  0 13.680  0.00  57
   104515  40.407397 -124.351318    28.595    -1264.3     1773.0     -192.7      8.0     10.7      7.4 2020  7 27  8 38 54.500  0.00  57
   104516  40.407971 -124.350773    28.602    -1218.0     1836.7     -185.3      8.5      6.7      6.2 2021  5  6 16  3 56.100  0.00  57
   104518  40.407385 -124.351270    28.598    -1260.2     1771.6     -189.1      6.9      8.8      5.6 2021  5 21  0  9 12.220  0.00  57
   104520  40.408228 -124.350741    28.617    -1215.2     1865.2     -170.6      9.7     10.6     10.3 2021 12 20 21 40 27.420  0.00  57
   104521  40.406335 -124.348576    28.426    -1031.5     1655.1     -361.0     20.8     14.5     19.6 2022  1  6  1  8 41.420  0.00  57
   104522  40.407007 -124.351229    28.586    -1256.7     1729.6     -201.0      9.3     10.3      7.0 2022  8 10  4 54 15.660  0.00  57
   108928  40.379378 -124.325439    28.935      932.9    -1338.3      147.3      4.4      4.4      4.2 2020  8 18  7 42 21.560  0.00  57
   108931  40.379293 -124.325602    28.911      919.0    -1347.8      123.8      4.8      5.2      2.5 2021 11  3  1  3 27.500  0.00  57
   108935  40.379211 -124.325985    28.883      886.6    -1356.9       95.6      9.5      7.2      8.3 2021 12 20 23 44 13.940  0.00  57
   108936  40.379728 -124.325456    28.919      931.5    -1299.5      131.6      8.1     10.9      7.4 2021 12 20 20 20  4.260  0.00  57
   108937  40.379354 -124.325293    28.915      945.3    -1341.0      127.4      7.9      7.6      7.0 2021 12 20 20 39 20.900  0.00  57
   108940  40.379700 -124.325618    28.982      917.7    -1302.6      194.5     11.2     11.6     12.1 2021 12 20 23 54 29.040  0.00  57
   108946  40.379032 -124.325700    28.893      910.8    -1376.7      105.4      7.6     10.8      7.8 2021 12 22  6 16 37.920  0.00  57
   108949  40.379671 -124.325431    28.922      933.6    -1305.8      134.1      8.1     10.7      7.4 2021 12 23 21 58  8.480  0.00  57
   108950  40.379476 -124.325830    28.940      899.7    -1327.5      152.2      9.3      4.4      8.7 2021 12 23 10 55 57.180  0.00  57
   108955  40.379683 -124.325627    28.999      917.0    -1304.4      211.9     15.3     14.5     14.5 2022  3  8 12 56 15.060  0.00  57
   110342  40.408195 -124.351326    28.568    -1265.0     1861.5     -219.1     10.3      9.6      9.5 2023  5 15 11 35 50.560  2.49  57
   110571  40.379508 -124.325041    28.956      966.7    -1323.9      168.5      8.4      8.0      7.0 2023  5 18 17 14 50.720  1.28  57
