   103313  40.387138 -124.284717    30.568       63.6       15.4      -32.0     80.8    129.3     71.6 2020  2 15 13  9 35.880  0.00  41
   103314  40.387122 -124.284733    30.566       62.2       13.6      -33.9     70.4    133.5     76.5 2020  2 15 12 12 19.360  0.00  41
   103315  40.387215 -124.284928    30.613       45.6       23.9       12.7     86.0     79.9     46.7 2020  3 18 22 35 28.520  0.00  41
   103318  40.386938 -124.285742    30.594      -23.5       -6.8       -6.2     98.9     73.6     59.9 2021  3 24  9 30 55.440  0.00  41
   103319  40.386947 -124.285319    30.589       12.4       -5.9      -11.2     64.3     53.2     49.5 2021  8 17  5 27  3.920  0.00  41
   103320  40.386625 -124.283634    30.586      155.5      -41.6      -14.5    220.2     84.3     46.0 2021  9 14  9 59 47.740  0.00  41
   103322  40.385722 -124.276921    30.562      725.6     -141.9      -37.9    348.3    169.8     95.5 2021 11  3  0 28 20.280  0.00  41
   103323  40.386869 -124.285978    30.579      -43.5      -14.5      -21.1    145.7    102.3     61.3 2021 11  3  6 31 54.860  0.00  41
   103325  40.385958 -124.280632    30.575      410.5     -115.7      -25.1    477.8     92.1     50.7 2021 11 13  5 33 46.340  0.00  41
   103327  40.387667 -124.285262    30.639       17.3       74.1       39.1     79.6    118.2     75.0 2021 12 20 21 25  6.680  0.00  41
   103328  40.387313 -124.285229    30.625       20.0       34.8       25.2     75.4     80.0     60.2 2021 12 20 20 24 46.540  0.00  41
   103329  40.387423 -124.288045    30.623     -219.0       47.0       23.2    209.7     80.5     50.5 2021 12 20 20 56 50.100  0.00  41
   103330  40.385962 -124.287948    30.563     -210.8     -115.2      -36.5     92.9     73.1     48.7 2021 12 20 22 41  8.120  0.00  41
   103331  40.386914 -124.285531    30.593       -5.5       -9.5       -7.2     78.5     72.4     50.8 2021 12 21 20 23 41.540  0.00  41
   103332  40.386983 -124.285295    30.601       14.5       -1.8        0.7     91.5     71.8     50.8 2021 12 21  0  9 50.600  0.00  41
   103333  40.386906 -124.285360    30.578        9.0      -10.4      -22.1     90.9     34.2     71.1 2021 12 21  2 46  7.160  0.00  41
   103337  40.387528 -124.286605    30.622      -96.7       58.7       21.6    155.0     94.3     54.9 2021 12 21  4 41 45.900  0.00  41
   103341  40.387862 -124.287126    30.633     -141.0       95.8       32.9    132.4    112.1     81.4 2021 12 21  1 59 38.600  0.00  41
   103345  40.386304 -124.285417    30.578        4.1      -77.3      -22.1     62.0     83.3     45.0 2021 12 22 12  3 31.780  0.00  41
   103348  40.387606 -124.286743    30.625     -108.5       67.3       25.5    129.3    122.9     75.1 2021 12 25 13  9 17.400  0.00  41
   103349  40.390299 -124.290544    30.733     -431.2      366.4      132.7    876.8    265.7    150.2 2021 12 25  2 19 30.600  0.00  41
   103350  40.386934 -124.285417    30.607        4.1       -7.2        6.8     92.6     71.8     63.1 2021 12 26  4 29 53.280  0.00  41
   103353  40.387390 -124.286564    30.613      -93.3       43.4       12.7    159.9    119.7     70.1 2022  1  1 16 21 37.340  0.00  41
   103354  40.387447 -124.288249    30.604     -236.3       49.7        4.1    212.9     85.6     53.1 2022  1  7  0 16 26.240  0.00  41
   103356  40.387036 -124.285164    30.601       25.6        4.1        1.5    100.1     63.5     47.1 2022  1 20  8 13 37.120  0.00  41
   103361  40.387113 -124.285270    30.607       16.6       12.7        7.0     98.2     78.1     49.0 2022  4 25 14 43 53.920  0.00  41
   103363  40.387439 -124.285360    30.642        9.0       48.8       41.8     57.4    120.5     80.3 2022  5 15  0 24 23.100  0.00  41
   103366  40.386853 -124.285417    30.593        4.1      -16.3       -6.8     62.4     71.8     52.3 2022  6 29 19 18 19.300  0.00  41
   103367  40.387594 -124.280973    30.601      381.4       66.0        0.8    314.6    102.8     56.7 2022  8  2 13 46 54.320  0.00  41
   103369  40.386938 -124.285897    30.594      -36.6       -6.8       -6.2    125.7     70.9     46.0 2022  9  1 22 17 11.240  0.00  41
   103370  40.387769 -124.287663    30.580     -186.6       85.4      -20.1    491.8     91.4     50.3 2022 10 13  6  5 38.260  0.00  41
   110320  40.386890 -124.285449    30.599        1.4      -12.2       -0.8     58.8     62.0     44.5 2023  5  3 16 44 54.560  1.67  41
