   103372  40.279427 -124.520915    19.958       53.3      136.5      -11.9    230.3    352.3    185.7 2020  1 13  4 35 54.740  0.00  32
   103373  40.279325 -124.520972    19.978       48.4      125.2        8.1    219.0    335.5    184.1 2020  1 14 13 28 33.620  0.00  32
   103376  40.278145 -124.521541    19.802        0.0       -5.9     -167.8    258.5    428.6    152.0 2020  4 23  2 43 50.960  0.00  32
   103380  40.278487 -124.521484    19.912        4.8       32.1      -58.3    166.2    243.9    254.4 2020  6 22 23 31  2.020  0.00  32
   103381  40.278857 -124.521281    20.005       22.1       73.2       34.8    162.1    296.7    399.0 2020  6 28 17 22 53.120  0.00  32
   103383  40.278052 -124.521672    19.966      -11.1      -16.3       -3.6    149.5    258.0    173.5 2020  7 13 10 22  7.320  0.00  32
   103384  40.279126 -124.521216    20.019       27.7      103.0       49.4    181.4    328.1    578.1 2020  8  3  9  6  1.760  0.00  32
   103389  40.279102 -124.521159    19.958       32.5      100.3      -12.5    191.7    289.4    268.2 2020 11  5 12 38 58.240  0.00  32
   103390  40.278906 -124.521257    19.938       24.2       78.6      -31.9    184.8    263.1    162.3 2020 11  5 12 39 36.040  0.00  32
   103391  40.278821 -124.521313    19.965       19.4       69.1       -5.2    170.1    245.3    195.2 2020 11  6  8 25 13.440  0.00  32
   103392  40.276941 -124.522298    19.944      -64.4     -139.6      -25.6    265.4    407.2    200.9 2020 12 29  9  1 15.600  0.00  32
   103397  40.279110 -124.521175    20.020       31.1      101.2       50.4    191.9    369.9    516.2 2021  3  4 17  8 37.200  0.00  32
   103400  40.279167 -124.521061    19.967       40.8      107.5       -3.1    197.2    302.1    192.9 2021  3 27 10 50 25.740  0.00  32
   103401  40.279256 -124.521053    20.005       41.5      117.5       35.0    218.9    403.6    510.5 2021  4  5 11 42 43.140  0.00  32
   103403  40.279167 -124.521151    19.932       33.2      107.5      -37.5    192.2    301.2    227.6 2021  5 29 16 34 35.700  0.00  32
   103404  40.278886 -124.521313    20.026       19.4       76.4       55.6    177.9    362.2    526.3 2021  6 13  0 34 11.440  0.00  32
   103412  40.276542 -124.522616    20.391      -91.4     -183.9      420.7    298.0    482.9    520.3 2021  9 19 22 24 28.280  0.00  32
   103413  40.276506 -124.522648    20.417      -94.1     -188.0      447.4    305.5    500.6    506.9 2021  9 23  7 46 21.640  0.00  32
   103414  40.278178 -124.521549    19.959       -0.7       -2.3      -11.2    139.4    241.7    176.8 2021 10 10  2 35 36.640  0.00  32
   103415  40.277299 -124.521956    19.920      -35.3      -99.9      -49.9    172.6    438.0    492.5 2021 10 12 11 35 15.460  0.00  32
   103416  40.277743 -124.521769    19.962      -19.4      -50.6       -8.3    162.7    286.9    271.8 2021 10 13  3 15 11.500  0.00  32
   103417  40.277014 -124.522257    19.940      -60.9     -131.5      -30.4    261.8    402.3    222.0 2021 10 25 12 13 10.580  0.00  32
   103418  40.278023 -124.521712    19.967      -14.5      -19.4       -2.6    147.7    246.9    180.1 2021 11 10 23 37 13.460  0.00  32
   103420  40.278398 -124.521493    19.933        4.2       22.1      -37.4    166.1    272.0    229.5 2021 11 16 10 50 11.560  0.00  32
   103421  40.278992 -124.521224    20.015       27.0       88.1       45.2    197.4    380.8    483.3 2021 11 18 14 19 52.740  0.00  32
   103422  40.278170 -124.521615    19.957       -6.2       -3.2      -13.1    142.7    229.2    214.3 2021 12  7 14 41 31.160  0.00  32
   103423  40.278935 -124.521208    19.889       28.4       81.8      -81.5    188.5    274.9    335.1 2021 12 15 14 48 20.300  0.00  32
   103424  40.278198 -124.521574    19.951       -2.8        0.0      -18.7    140.6    253.5    205.9 2021 12 20 14 25 10.760  0.00  32
   103426  40.277897 -124.521753    19.988      -18.0      -33.4       18.3    141.4    231.1    187.5 2021 12 20 20  7 39.320  0.00  32
   103427  40.277543 -124.521794    19.942      -21.5      -72.7      -28.2    152.6    370.3    380.3 2021 12 20 21 43 57.240  0.00  32
   103429  40.279268 -124.521134    19.934       34.6      118.8      -36.3    216.8    327.7    250.4 2021 12 22 16  0 10.800  0.00  32
   103430  40.278748 -124.521330    20.010       18.0       61.0       39.6    173.5    324.9    368.7 2021 12 24 11  3 50.560  0.00  32
   103431  40.279000 -124.521232    20.012       26.3       89.0       41.7    189.9    374.9    472.0 2021 12 26 21 48 44.840  0.00  32
   103434  40.277983 -124.521663    19.969      -10.4      -23.9       -1.3    142.6    278.7    149.4 2022  4 30 21  3 55.400  0.00  32
   103435  40.276603 -124.522323    19.952      -66.4     -177.1      -17.9    223.4    374.4    505.1 2022  5 31 11 52 23.980  0.00  32
   103436  40.278031 -124.521663    19.978      -10.4      -18.5        8.1    144.9    228.8    199.8 2022  9  1 13  9 26.560  0.00  32
   103439  40.277620 -124.521704    19.940      -13.8      -64.2      -30.0    154.8    345.5    327.6 2022  9 23 17 55 19.120  0.00  32
   103440  40.277962 -124.521623    19.970       -6.9      -26.2        0.2    154.8    249.9    236.2 2022  9 26 16 59 43.680  0.00  32
   110321  40.278040 -124.521672    19.970      -11.1      -17.6       -0.2    138.7    215.9    156.6 2022 12 23 14 21 11.630  0.91  32
