   104602  40.401681 -124.568563    27.522       46.3      -25.3     -108.2     62.7     90.2    104.2 2021  4  9  2 44 10.240  0.00  56
   104608  40.401973 -124.569149    27.638       -3.5        7.2        8.1     19.2     33.9     32.3 2021  6 16 21 28 14.920  0.00  56
   104609  40.401994 -124.569124    27.638       -1.4        9.5        7.7     17.1     44.1     45.4 2021  7 17 13 58 12.280  0.00  56
   104610  40.402043 -124.569059    27.625        4.1       14.9       -5.0     30.6     54.0     31.7 2021  7 17 16 51 33.280  0.00  56
   104611  40.401811 -124.569051    27.620        4.8      -10.8      -10.2     19.1     31.3     30.4 2021  7 18 17 30 30.400  0.00  56
   104614  40.401729 -124.569173    27.619       -5.5      -19.9      -11.4     31.7     71.8     66.0 2021  7 21  6 38  0.500  0.00  56
   104616  40.402140 -124.569206    27.651       -8.3       25.8       20.6     41.1     65.2     64.4 2021  7 26 15  6 34.040  0.00  56
   104617  40.401888 -124.569108    27.626        0.0       -2.3       -4.2     14.7     27.0     37.3 2021  7 27 18 17 36.420  0.00  56
   104624  40.402132 -124.569043    27.626        5.5       24.9       -4.1     35.0     68.8     29.5 2021 10 15  0 32 56.840  0.00  56
   104626  40.401672 -124.569173    27.643       -5.5      -26.2       13.2     32.0     76.6     43.4 2021 11 22  6 32 57.800  0.00  56
   104627  40.401851 -124.569084    27.618        2.1       -6.3      -12.5     18.8     23.4     46.7 2021 12  4  6 54 31.440  0.00  56
   104629  40.401839 -124.569076    27.627        2.8       -7.7       -3.0     15.0     33.1     23.1 2021 12  7  1 37 44.380  0.00  56
   104631  40.401888 -124.569108    27.626        0.0       -2.3       -4.3     13.3     24.4     35.9 2022  1 16  7 10  3.240  0.00  56
   104633  40.401941 -124.569124    27.630       -1.4        3.6       -0.4     14.5     22.6     38.4 2022  2 15 16  0  9.380  0.00  56
   104641  40.401933 -124.569116    27.628       -0.7        2.7       -1.6     12.7     19.4     37.6 2022  6 14 18 33 26.960  0.00  56
   104647  40.401982 -124.569149    27.638       -3.5        8.1        8.0     19.6     34.3     33.3 2022  9 14 19 39 58.380  0.00  56
   104651  40.401746 -124.569084    27.615        2.1      -18.1      -14.7     28.8     45.6     40.1 2022 10 25  1  1  6.660  0.00  56
   104652  40.401770 -124.569059    27.614        4.1      -15.4      -16.1     26.9     38.8     42.8 2022 10 25  1 46 12.000  0.00  56
   110347  40.401880 -124.569108    27.634        0.0       -3.2        4.2     15.1     37.7     30.6 2023  5  9 16 44 27.070  1.07  56
