   104071  40.315214 -124.624650    17.397      -55.3      -23.0      -83.3      5.7     15.8     12.9 2020  2 12 16  7 41.000  0.00  12
   104073  40.313411 -124.624870    17.394      -74.0     -223.2      -86.0      9.2     14.4     16.9 2020  3 23 10  8  1.320  0.00  12
   104081  40.322791 -124.623291    17.852       60.2      818.3      372.0     11.0     18.3     23.1 2020  6 20 14 32 12.460  0.00  12
   104084  40.319462 -124.624259    17.578      -22.1      448.7       97.7      7.5     12.9     11.9 2020  8 23 13 32 49.620  0.00  12
   104093  40.315251 -124.624365    17.344      -31.1      -19.0     -136.1     11.2     13.7     13.6 2021  4 14  8 37 28.880  0.00  12
   104094  40.304472 -124.623478    17.339       44.3    -1215.9     -141.4     14.4     35.1     35.7 2021  4 27 15 38  2.160  0.00  12
   104095  40.312451 -124.620459    13.503      300.9     -329.8    -3977.3     25.7     33.6    304.8 2021  5  9  1 43 27.920  0.00  12
   104097  40.316016 -124.624308    17.600      -26.3       66.0      119.8      9.8     13.8     13.5 2021  6  2  4  0 20.340  0.00  12
   104100  40.326221 -124.622673    18.047      112.7     1199.1      567.3     10.6     15.7     17.1 2021  7 11  8 17 13.640  0.00  12
   104103  40.315137 -124.624422    17.562      -36.0      -31.6       82.0     11.2     14.6     12.5 2021  9  7  8 40 28.240  0.00  12
   104110  40.315116 -124.624471    17.558      -40.1      -33.9       77.6     10.0     10.8     12.5 2021 12 20 20 33 55.560  0.00  12
   104114  40.317778 -124.623535    17.762       39.4      261.6      281.9      5.5     18.9     13.8 2021 12 20 22 51 13.920  0.00  12
   104116  40.312048 -124.617961    17.456      513.3     -374.6      -24.4     16.3     16.0     20.9 2021 12 20  8 18 44.340  0.00  12
   104123  40.322526 -124.624097    17.475       -8.3      788.9       -5.2      8.3     19.0     31.4 2021 12 20 20 19  7.280  0.00  12
   104126  40.327364 -124.624414    17.518      -35.3     1326.1       37.8      8.2     31.5     25.2 2021 12 20 23  8  0.740  0.00  12
   104127  40.317879 -124.624202    16.480      -17.3      272.9     -999.7     10.1     24.6     24.7 2021 12 20 22 49 16.500  0.00  12
   104132  40.325118 -124.621273    17.944      231.7     1076.7      464.2     13.3     27.4     25.8 2021 12 20 21 36  0.060  0.00  12
   104134  40.313289 -124.624927    17.336      -78.9     -236.8     -144.1      7.1     10.7     12.9 2021 12 21  6  4 42.940  0.00  12
   104135  40.319279 -124.623975    17.733        2.1      428.3      253.5     11.5     18.0     22.2 2021 12 21  8 17 30.500  0.00  12
   104136  40.314628 -124.624552    17.410      -47.0      -88.1      -69.6      9.8     10.8      9.2 2021 12 21  7  6  6.440  0.00  12
   104137  40.314933 -124.624430    17.432      -36.7      -54.2      -48.1      9.7     10.3      9.6 2021 12 21 10 44  8.200  0.00  12
   104138  40.318359 -124.624202    17.779      -17.3      326.2      298.8     14.0     33.3     22.4 2021 12 21  4 44  7.140  0.00  12
   104140  40.314705 -124.624463    17.560      -39.4      -79.5       79.6     10.2     12.3     13.9 2021 12 21  0 12  8.960  0.00  12
   104141  40.315169 -124.624146    17.535      -12.5      -28.0       55.4     12.2     11.9     12.1 2021 12 21 11 42 54.940  0.00  12
   104142  40.314026 -124.624455    17.397      -38.7     -155.0      -83.2      6.5     15.2     13.1 2021 12 21  3 50  3.100  0.00  12
   104145  40.302063 -124.623600    17.887       33.9    -1483.3      406.9     14.0     36.7     32.5 2021 12 21  1 25 18.900  0.00  12
   104147  40.312948 -124.624487    17.511      -41.5     -274.7       31.0      6.2     15.1     12.9 2021 12 21  3 10  2.140  0.00  12
   104152  40.333069 -124.622331    18.762      141.8     1959.6     1282.2      8.0     21.6     24.6 2021 12 21 10 57 46.160  0.00  12
   104153  40.324707 -124.622778    17.936      103.8     1031.1      456.0     10.3     42.2     20.5 2021 12 21 13  3 59.100  0.00  12
   104158  40.310319 -124.624536    17.643      -45.7     -566.6      163.2      8.4     23.5     21.9 2021 12 21  8  0 24.060  0.00  12
   104160  40.313102 -124.624642    17.469      -54.6     -257.5      -10.7      6.6     17.1     11.6 2021 12 21  3  2 34.460  0.00  12
   104161  40.312113 -124.624479    17.597      -40.8     -367.3      116.7      6.9     17.9     16.2 2021 12 21  0 48 47.160  0.00  12
   104164  40.306384 -124.620736    14.689      277.4    -1003.5    -2791.1     16.0     34.1     30.3 2021 12 22  0 15 59.180  0.00  12
   104165  40.312846 -124.618945    17.220      429.6     -286.0     -260.1     12.8     11.7     13.9 2021 12 22  7 29 29.280  0.00  12
   104167  40.312195 -124.624650    17.297      -55.3     -358.3     -183.4      5.9     17.3     15.8 2021 12 22  4 58 57.640  0.00  12
   104172  40.313395 -124.624455    17.567      -38.7     -225.0       87.4      7.3     19.1     15.9 2021 12 22 20 56 28.420  0.00  12
   104177  40.321273 -124.623511    17.759       41.5      649.7      278.9     12.1     16.5     22.4 2021 12 23  6 43 14.700  0.00  12
   104184  40.312789 -124.624357    17.426      -30.4     -292.3      -53.9     10.0     28.3     31.1 2021 12 24 18 41 32.720  0.00  12
   104197  40.322807 -124.622160    18.179      156.3      820.1      698.9      9.9     25.7     19.1 2021 12 27  6 30  0.400  0.00  12
   104203  40.318201 -124.622770    18.341      104.4      308.6      861.2     11.2     32.6     25.8 2021 12 28 12 38 54.840  0.00  12
   104204  40.323234 -124.623470    17.891       45.0      867.5      410.6     10.4     31.4     26.9 2021 12 28  7 25 16.640  0.00  12
   104212  40.311906 -124.624471    17.360      -40.1     -390.4     -120.2      6.9     17.7     14.7 2021 12 31 18  4 52.480  0.00  12
   104213  40.312317 -124.624674    17.376      -57.4     -344.7     -104.3      6.2     16.0     16.6 2021 12 31 19 42 46.640  0.00  12
   104215  40.305941 -124.625521    16.692     -129.4    -1052.8     -787.7      6.1     22.4     17.1 2022  1  1  8  5 50.220  0.00  12
   104216  40.301982 -124.623389    17.427       51.9    -1492.4      -52.7     14.6     32.4     34.5 2022  1  2 21 35  0.220  0.00  12
   104217  40.330066 -124.622225    18.905      150.8     1626.1     1424.9     12.0     27.4     24.0 2022  1  2  8 38 54.940  0.00  12
   104227  40.317733 -124.623714    17.379       24.2      256.6     -101.3      9.4     16.7     27.2 2022  1 11  4 59 19.220  0.00  12
   104229  40.317619 -124.623039    17.103       81.6      244.0     -377.4     10.9     11.0     25.3 2022  1 12  7 26 41.160  0.00  12
   104232  40.312439 -124.624618    17.332      -52.6     -331.2     -147.6      5.8     18.5     14.1 2022  1 12 18 40 23.420  0.00  12
   104236  40.315206 -124.625081    17.456      -92.0      -23.9      -24.4      8.7     20.6     12.0 2022  1 16 21 19 22.200  0.00  12
   104237  40.312850 -124.624837    17.356      -71.2     -285.6     -124.4      5.7     14.9     12.9 2022  1 19 15 34 54.720  0.00  12
   104238  40.317924 -124.624308    17.525      -26.3      277.9       45.3     14.6     31.2     36.5 2022  1 20  1 22  9.700  0.00  12
   104240  40.313765 -124.624748    17.314      -63.6     -183.9     -166.1      5.9     14.2     14.6 2022  1 25  4 41 54.420  0.00  12
   104243  40.314380 -124.620467    18.261      300.2     -115.7      781.4      8.0     25.1     30.2 2022  1 31  0 15 57.560  0.00  12
   104246  40.316268 -124.623494    17.071       42.9       94.0     -409.4      8.2     17.9     25.1 2022  2  1  4 42 25.500  0.00  12
   104247  40.319401 -124.622127    17.137      159.1      441.9     -343.2     16.3     23.8     34.1 2022  2  2  2  8 40.520  0.00  12
   104250  40.316516 -124.624382    17.516      -32.5      121.5       36.0      9.0     21.9     13.9 2022  2 11 15  2 29.200  0.00  12
   104255  40.333663 -124.622518    18.762      125.9     2025.5     1281.6      8.2     24.9     22.5 2022  2 17 12 34 44.060  0.00  12
   104256  40.332487 -124.621102    17.837      246.2     1895.0      357.4      9.7     19.8     20.3 2022  2 17 19 47 40.280  0.00  12
   104258  40.314242 -124.625041    17.057      -88.5     -131.0     -423.0      8.5     13.7     16.9 2022  2 19 16 56  9.340  0.00  12
   104262  40.322616 -124.621973    18.996      172.2      798.8     1515.5     10.6     11.7     22.6 2022  3  6 10  1 24.540  0.00  12
   104268  40.333451 -124.621802    18.549      186.7     2002.0     1068.8      8.4     23.8     38.4 2022  4  2  5 20 28.220  0.00  12
   104269  40.318612 -124.623136    17.235       73.3      354.2     -245.4     10.5     17.0     23.8 2022  4  3  0 46 40.820  0.00  12
   104275  40.314567 -124.624178    17.364      -15.2      -94.9     -116.2     16.9     26.1     33.6 2022  4 28  4  5 59.740  0.00  12
   104279  40.312301 -124.624650    17.435      -55.3     -346.6      -44.9      7.2     17.5     16.1 2022  5 14 18 23 41.400  0.00  12
   104283  40.315417 -124.624146    17.556      -12.5       -0.5       76.1     13.3     33.1     24.7 2022  5 28  3 41 10.840  0.00  12
   104284  40.320805 -124.624365    17.279      -31.1      597.8     -201.2     17.4     54.6     35.1 2022  6  9  0 44 52.000  0.00  12
   104285  40.315247 -124.624333    17.501      -28.4      -19.4       20.8      9.1     21.5     13.4 2022  6 12 11  3 14.460  0.00  12
   104296  40.316817 -124.625374    19.279     -116.9      155.0     1799.2     13.7     28.0     23.2 2022  8 30  3  4 18.340  0.00  12
   104297  40.303442 -124.625944    16.815     -165.3    -1330.2     -664.5      8.2     15.5     20.6 2022  9 16  4 43 17.240  0.00  12
   104302  40.313900 -124.624691    17.381      -58.8     -169.0      -99.3      5.6     13.3     12.6 2022 10  9 10 45 57.720  0.00  12
   104308  40.324084 -124.623145    17.531       72.6      961.9       50.7     21.4     21.8     42.2 2022 11 12 12 57 10.420  0.00  12
   110335  40.312850 -124.624211    17.356      -18.0     -285.6     -124.4      7.2     10.0      9.9 2023  5 10 10  0 52.980  1.31  12
