   100575  40.368856 -124.459798    17.761     -781.7     -659.7     -797.5     20.7     29.8     25.8 2020  1  3 15 57 51.560  0.00  30
   100576  40.367232 -124.458553    17.422     -676.0     -840.0    -1136.6     72.7    113.4     85.0 2020  1 14  1  9 31.340  0.00  30
   100577  40.368424 -124.460067    17.720     -804.5     -707.6     -838.8     21.6     30.4     23.9 2020  2 16  2 38  6.780  0.00  30
   100578  40.367944 -124.459806    17.777     -782.4     -760.9     -782.0     23.2     35.8     25.8 2020  2 28  7 47  9.140  0.00  30
   100580  40.367879 -124.459668    17.722     -770.6     -768.1     -836.5     39.1     60.5     51.7 2020  3 24 20 10 18.920  0.00  30
   100581  40.367745 -124.459399    17.677     -747.8     -783.0     -881.5     54.5     75.3     76.8 2020  5  4 10 41 42.840  0.00  30
   100582  40.367200 -124.458765    17.639     -693.9     -843.6     -920.1     53.3     82.7     63.7 2020  5 13  5 11 45.540  0.00  30
   100583  40.368258 -124.459766    17.762     -778.9     -726.1     -796.6     18.4     24.0     25.4 2020  6  9 10 47  6.140  0.00  30
   100584  40.368140 -124.459831    17.760     -784.5     -739.2     -798.4     19.6     29.2     25.9 2020  6 13  7  8 34.340  0.00  30
   100587  40.368152 -124.459912    17.768     -791.4     -737.8     -790.7     20.0     27.7     31.5 2020  8 20 18 40 55.160  0.00  30
   100588  40.368339 -124.459823    17.778     -783.8     -717.1     -781.2     22.5     41.0     26.0 2020  9 12 21 54 44.740  0.00  30
   100589  40.368282 -124.459741    17.771     -776.9     -723.4     -788.2     23.6     44.4     24.3 2020  9 12 21 37 16.080  0.00  30
   100590  40.368099 -124.459798    17.753     -781.7     -743.7     -805.7     19.0     31.0     29.7 2020 11 29 17 24 14.040  0.00  30
   100591  40.368038 -124.459969    17.782     -796.2     -750.5     -776.9     36.0     47.9     43.5 2021  4 17 10 27 49.580  0.00  30
   100592  40.368014 -124.459855    17.776     -786.5     -753.2     -783.2     20.2     29.5     26.8 2021  4 26 21 46 39.180  0.00  30
   100593  40.368046 -124.460010    17.776     -799.7     -749.6     -782.4     19.8     28.3     29.0 2021  5 11 12 13 44.620  0.00  30
   100594  40.367957 -124.459912    17.769     -791.4     -759.5     -790.2     27.8     38.2     34.1 2021  5 20  1 35 27.000  0.00  30
   100595  40.369291 -124.460539    17.687     -844.6     -611.3     -871.8     25.9     46.7     30.4 2021  6 15 11 27 24.780  0.00  30
   100596  40.368815 -124.460034    17.739     -801.7     -664.2     -819.6     23.6     43.6     28.8 2021  6 15 11 31  8.000  0.00  30
   100597  40.368221 -124.460140    17.737     -810.7     -730.2     -821.8     19.0     29.6     27.5 2021  6 15 11 58 52.480  0.00  30
   100598  40.368347 -124.460116    17.737     -808.7     -716.2     -821.9     19.2     31.6     27.4 2021  6 15 13  9 16.300  0.00  30
   100600  40.368937 -124.460148    17.721     -811.4     -650.6     -837.3     22.8     43.0     27.1 2021  8 12 11 50 12.180  0.00  30
   100602  40.369397 -124.460132    17.740     -810.0     -599.6     -818.6     27.9     41.3     36.9 2021  9 15  3 21  7.320  0.00  30
   100603  40.367590 -124.459896    17.750     -790.0     -800.2     -809.3     28.4     42.6     33.6 2021  9 24  8 15 17.120  0.00  30
   100604  40.367660 -124.459245    17.667     -734.7     -792.5     -891.7     68.4     68.0     62.7 2021 10 10 16 46 24.120  0.00  30
   100605  40.368323 -124.460352    17.689     -828.7     -718.9     -869.9     24.3     37.3     33.9 2021 10 29  1 24 55.020  0.00  30
   100606  40.368290 -124.460327    17.680     -826.6     -722.5     -879.1     18.8     29.8     26.3 2021 11  8 10 41 50.820  0.00  30
   100607  40.368494 -124.460319    17.745     -825.9     -699.9     -813.7     25.9     34.5     28.1 2021 11 15  1 46 35.440  0.00  30
   100610  40.368648 -124.458439    17.615     -666.3     -682.7     -943.5     64.1    105.5     63.2 2021 12 31 10  4 37.000  0.00  30
   100611  40.368254 -124.459587    17.749     -763.7     -726.5     -809.8     41.1     69.6     40.6 2022  3 22 11  4 35.800  0.00  30
   100612  40.368730 -124.459928    17.745     -792.8     -673.7     -813.7     22.1     45.5     25.2 2022  6  5  8 21 59.320  0.00  30
   100613  40.368168 -124.459904    17.740     -790.7     -736.0     -819.1     20.3     35.1     24.3 2022  8 17  5  6 21.800  0.00  30
   100614  40.367346 -124.460026    17.755     -801.1     -827.3     -803.8     41.6     66.8     30.2 2022  8 21  5 51  8.080  0.00  30
   100615  40.368026 -124.459920    17.774     -792.1     -751.8     -784.4     26.0     37.9     34.6 2022 10 25 21 20 54.620  0.00  30
   106864  40.404631 -124.410742    24.939     3383.7     3312.8     6380.4     86.4    113.1     65.6 2021 10  4  7 13 43.640  0.00  30
   106865  40.406091 -124.413721    25.272     3130.8     3475.0     6713.7     92.5    136.6     78.3 2021 12 21 23 35 58.700  0.00  30
   106871  40.404468 -124.410775    24.920     3380.9     3294.8     6361.2     85.8    104.4     62.3 2022 11 22 23  5 32.660  0.00  30
   109433  40.412134 -124.398730    19.908     4403.3     4146.0     1349.0     49.9     53.6     49.5 2021 12 22  1 59 55.300  0.00  30
   109434  40.412354 -124.398739    19.853     4402.6     4170.4     1294.3     44.8     52.6     47.5 2022  4 16 21  8 59.900  0.00  30
   110289  40.368823 -124.460465    17.712     -838.4     -663.3     -846.8     17.0     24.7     25.6 2023  1 26 21 33 28.920  1.26  30
   110418  40.405880 -124.419743    25.047     2619.4     3451.5     6488.2     66.1    100.6     61.0 2023  2 15 12  9 12.570  0.98  30
   110621  40.413582 -124.397274    19.960     4526.9     4306.9     1400.7     47.9     52.9     48.5 2023  2 12 15 30 31.930  3.14  30
