   107300  40.713102 -124.395500    24.460       -0.7        0.5        0.0      0.0      0.0      0.0 2020 10 29 13 32  8.460  0.00  59
   107302  40.713102 -124.395500    24.460       -0.7        0.5        0.0      0.0      0.0      0.0 2021  2  5 18 58 22.480  0.00  59
   107304  40.713102 -124.395500    24.460       -0.7        0.5       -0.0      0.0      0.0      0.0 2021  2 10 18 39  4.720  0.00  59
   107305  40.713102 -124.395500    24.460       -0.7        0.5        0.0      0.0      0.0      0.0 2021  3 27 19 44 22.840  0.00  59
   107309  40.713102 -124.395500    24.460       -0.7        0.5        0.0      0.0      0.0      0.0 2021  7  1  7 49  4.920  0.00  59
   107310  40.713102 -124.395500    24.460       -0.7        0.5       -0.0      0.0      0.0      0.0 2021  7 28 13 54 34.920  0.00  59
   107312  40.713102 -124.395500    24.460       -0.7        0.5        0.0      0.0      0.0      0.0 2021  9  4  2 51 43.760  0.00  59
   107313  40.713102 -124.395500    24.460       -0.7        0.5        0.0      0.0      0.0      0.0 2021  9  4  3 54 10.000  0.00  59
   107314  40.713102 -124.395500    24.460       -0.7        0.5       -0.0      0.0      0.0      0.0 2021  9  7  3 43 11.160  0.00  59
   107316  40.713102 -124.395500    24.460       -0.7        0.5        0.0      0.0      0.0      0.0 2021 11 11  4 40 22.120  0.00  59
   107319  40.713102 -124.395500    24.460       -0.7        0.5        0.0      0.0      0.0      0.0 2021 11 25 19  7 42.260  0.00  59
   107321  40.713102 -124.395500    24.460       -0.7        0.5        0.0      0.0      0.0      0.0 2022  1  7  1 27 28.780  0.00  59
   107322  40.713102 -124.395500    24.460       -0.7        0.5        0.0      0.0      0.0      0.0 2022  3 25 15 49 48.380  0.00  59
   107323  40.713102 -124.395500    24.460       -0.7        0.5        0.0      0.0      0.0      0.0 2022  5  3  0 18 12.600  0.00  59
   107326  40.713102 -124.395500    24.460       -0.7        0.5        0.0      0.0      0.0      0.0 2022  6 28  9 36 18.380  0.00  59
   107332  40.713102 -124.395500    24.460       -0.7        0.5        0.0      0.0      0.0      0.0 2022 11 14 17 38 58.600  0.00  59
   110430  40.713102 -124.395500    24.460       -0.7        0.5        0.0      0.0      0.0      0.0 2023  4 18  9 17 19.780  1.42  59
