   104947  40.376477 -124.586401    27.431       47.0      273.4      -78.7     29.5     55.6     44.2 2020  1 27  3 33 37.900  0.00  23
   104948  40.374508 -124.587085    27.545      -11.1       54.7       35.3     22.2     38.0     34.2 2020  3 15 11  8 54.480  0.00  23
   104949  40.374910 -124.587410    27.770      -38.7       99.4      259.8     36.8     52.1     63.9 2020  3 15 10 40 25.300  0.00  23
   104950  40.375594 -124.586198    27.465       64.3      175.3      -45.4     32.4     55.9     40.5 2020  3 24 22 40 56.940  0.00  23
   104951  40.374361 -124.587012    27.507       -4.8       38.4       -2.5     24.9     30.1     43.2 2020  3 29 19 50 48.940  0.00  23
   104952  40.375399 -124.586361    27.443       50.5      153.6      -66.9     30.1     51.1     50.0 2020  5 20 21 10 40.540  0.00  23
   104953  40.374036 -124.586938    27.565        1.4        2.3       55.2     34.3     48.4     51.4 2020  5 28  3 30 49.200  0.00  23
   104954  40.375354 -124.586442    27.492       43.5      148.7      -17.6     29.3     54.2     43.8 2020  6 11  3 50 51.180  0.00  23
   104955  40.372550 -124.589526    28.316     -218.4     -162.7      805.8     86.5    115.2    134.7 2020  6 14  8 41  4.880  0.00  23
   104956  40.375012 -124.586393    27.428       47.7      110.7      -81.5     29.3     44.8     48.5 2020  7 14  7 25 47.800  0.00  23
   104958  40.376001 -124.588786    28.000     -155.5      220.5      489.9     37.3     77.7     91.5 2020  9 10  2  4 47.040  0.00  23
   104959  40.375203 -124.586353    27.463       51.1      131.9      -46.6     30.5     55.1     52.3 2020  9 12 10 40  0.480  0.00  23
   104960  40.373494 -124.587004    27.483       -4.1      -57.8      -26.7     26.0     62.3     52.2 2020  9 19  0 33 31.640  0.00  23
   104961  40.374874 -124.587866    27.732      -77.4       95.3      221.6     27.5     47.1     76.2 2020  9 23  9 31 47.320  0.00  23
   104962  40.374438 -124.587834    27.762      -74.6       47.0      251.7     32.7     55.5     69.8 2020  9 29  9 57 55.960  0.00  23
   104964  40.375818 -124.588737    27.845     -151.4      200.2      334.6     29.8     56.7     85.9 2020 12  8 16 42 53.280  0.00  23
   104965  40.374056 -124.587150    27.521      -16.6        4.5       10.8     21.9     36.3     50.3 2020 12 10 19 49 14.260  0.00  23
   104966  40.376082 -124.586035    27.357       78.1      229.5     -153.2     36.4     57.7     60.9 2020 12 22 14 35 10.320  0.00  23
   104967  40.374906 -124.586613    27.402       29.0       99.0     -107.6     51.5     88.3     98.0 2021  3  6 12 54 27.660  0.00  23
   104969  40.376562 -124.585588    27.340      116.1      282.8     -169.5     39.4     74.5     81.5 2021  5 20  0 50 18.180  0.00  23
   104972  40.374902 -124.587769    27.787      -69.1       98.5      277.3     31.9     51.3     75.8 2021  6 11  8 31 33.560  0.00  23
   104973  40.376229 -124.588940    28.319     -168.6      245.8      809.4     42.6     86.0     91.5 2021  6 20  1 41 22.180  0.00  23
   104974  40.373946 -124.586947    27.501        0.7       -7.7       -8.9     27.4     45.0     43.3 2021  7 20 15  5 21.760  0.00  23
   104975  40.372628 -124.587069    27.479       -9.7     -154.1      -31.4     25.2     61.4     55.1 2021  8 28 19 21 44.180  0.00  23
   104976  40.373873 -124.587126    27.582      -14.5      -15.8       71.5     28.2     25.3     53.0 2021  9 27  1  3 32.360  0.00  23
   104977  40.373332 -124.586833    27.490       10.4      -75.9      -20.5     26.9     46.0     40.8 2021 10  6 22  3 24.840  0.00  23
   104978  40.376298 -124.589543    28.172     -219.8      253.5      661.6     57.1    122.8     93.0 2021 11  1  3 56 53.200  0.00  23
   104980  40.372119 -124.587394    27.598      -37.3     -210.6       87.7     32.2     62.2     30.2 2022  2  6 21 50 37.360  0.00  23
   104981  40.374536 -124.587109    27.595      -13.1       57.8       85.0     22.8     42.4     49.2 2022  3 11  9 43 29.740  0.00  23
   104982  40.375175 -124.586108    27.419       71.9      128.8      -90.9     32.5     51.3     65.2 2022  4  3  8 24 39.320  0.00  23
   104983  40.376107 -124.586287    27.503       56.7      232.2       -7.5     28.0     58.2     60.6 2022  4 19 22 16 25.080  0.00  23
   104984  40.368608 -124.585938    27.051       86.4     -600.5     -458.8     66.1    133.9    137.9 2022  5  9 21 52  8.060  0.00  23
   104987  40.373893 -124.586922    27.483        2.8      -13.6      -27.0     24.3     38.0     40.8 2022  6 17 10 22 17.000  0.00  23
   104988  40.373938 -124.586898    27.479        4.8       -8.6      -30.7     25.2     35.8     42.3 2022  6 17 10 46 26.820  0.00  23
   104990  40.375505 -124.586287    27.416       56.7      165.4      -94.2     31.7     52.1     53.9 2022  6 24  5  4 53.800  0.00  23
   104991  40.374727 -124.587907    27.618      -80.9       79.1      108.1     53.3     54.4     96.3 2022  7 27  4 54 13.900  0.00  23
   104993  40.372282 -124.588883    27.699     -163.8     -192.5      189.1     54.7    115.0     90.3 2022  8 11  4 39 15.140  0.00  23
   104994  40.375533 -124.586149    27.438       68.4      168.5      -72.3     32.2     53.7     57.9 2022  8 17  8 25 46.520  0.00  23
   104995  40.373995 -124.587012    27.511       -4.8       -2.3        1.5     26.1     48.6     42.2 2022  8 30 23 11 16.520  0.00  23
   104996  40.375004 -124.588175    27.920     -103.7      109.8      409.9     26.2     61.0     75.4 2022 10 11 17 23 22.920  0.00  23
   104997  40.374792 -124.586735    27.476       18.7       86.3      -34.5     26.4     40.8     40.9 2022 10 11 14  2 49.700  0.00  23
   104998  40.377026 -124.586255    27.348       59.4      334.4     -162.1     22.3     69.5     65.0 2022 10 11 17 30 39.280  0.00  23
   104999  40.373678 -124.587036    27.514       -6.9      -37.5        4.3     27.3     61.9     54.8 2022 10 24 20  5 38.420  0.00  23
   105000  40.376143 -124.585864    27.350       92.6      236.3     -159.8     39.6     62.2     69.0 2022 11 14  0 17 50.340  0.00  23
   105001  40.373966 -124.587036    27.555       -6.9       -5.4       44.5     28.9     36.3     50.9 2022 11 20 20 20 39.340  0.00  23
   105002  40.372201 -124.587622    27.644      -56.7     -201.5      133.9     32.0     56.7     42.1 2022 11 27  4  0 20.280  0.00  23
   110356  40.373332 -124.587004    27.481       -4.1      -75.9      -29.2     22.9     34.5     38.9 2023  5 27  0 55 22.180  2.59  23
