   109195  40.310807 -124.361035    31.942       43.6      -60.1      -37.8     18.5     22.3     18.1 2021  7 18  7  5 50.060  0.00   6
   109199  40.312065 -124.360620    31.922       78.9       79.5      -58.3     24.1     32.2     22.8 2021  7 19  4 10  9.600  0.00   6
   109204  40.308781 -124.360295    31.858      106.5     -285.1     -121.6     21.9     41.2     19.9 2021  7 22 10 36 45.760  0.00   6
   109205  40.309599 -124.362329    31.973      -66.4     -194.3       -6.6     19.1     35.3     20.5 2021  7 23 20  9 55.580  0.00   6
   109207  40.312195 -124.361808    31.941      -22.1       94.0      -39.0     25.2     28.0     25.9 2021  7 24  1 50  3.500  0.00   6
   109208  40.309509 -124.361702    31.983      -13.1     -204.2        3.0     26.4     31.1     22.9 2021  7 24  8 41 49.560  0.00   6
   109209  40.309794 -124.362427    31.952      -74.7     -172.6      -28.1     24.3     25.3     21.9 2021  7 24  8 38 42.000  0.00   6
   109210  40.308899 -124.362549    31.993      -85.1     -272.0       13.1     21.4     32.8     20.3 2021  7 24 19  2  5.180  0.00   6
   109212  40.309680 -124.362492    31.950      -80.2     -185.2      -29.7     23.3     23.9     22.0 2021  7 25 23 20 57.380  0.00   6
   109213  40.308716 -124.362573    31.987      -87.2     -292.3        6.7     20.5     34.5     20.4 2021  7 25 20  5 30.660  0.00   6
   109214  40.312874 -124.360832    31.945       60.9      169.4      -35.1     18.4     33.7     18.2 2021  7 25 18 49 10.460  0.00   6
   109215  40.309363 -124.362419    31.975      -74.0     -220.5       -5.3     22.5     34.5     21.2 2021  7 25 23 43 27.000  0.00   6
   109216  40.308813 -124.362313    31.997      -65.0     -281.5       16.7     20.8     34.3     20.3 2021  7 25 21 37 43.460  0.00   6
   109217  40.310575 -124.360335    31.925      103.1      -85.8      -54.9     28.9     38.6     27.8 2021  7 25  7 24 13.180  0.00   6
   109219  40.313953 -124.360954    31.944       50.5      289.2      -35.8     21.8     38.8     22.8 2021  7 26  6 50 22.360  0.00   6
   109220  40.312207 -124.360954    31.947       50.5       95.3      -33.4     19.3     29.5     19.3 2021  7 26 19 27 24.380  0.00   6
   109222  40.308602 -124.362297    31.992      -63.6     -305.0       11.6     20.1     34.0     20.4 2021  7 26 23 34 14.520  0.00   6
   109223  40.310286 -124.362394    31.971      -71.9     -117.9       -8.7     21.8     29.8     21.1 2021  7 26  5 35 10.060  0.00   6
   109225  40.308199 -124.362712    31.982      -98.9     -349.7        1.6     21.6     25.8     20.4 2021  7 27 10 37 25.060  0.00   6
   109226  40.309489 -124.362329    31.973      -66.4     -206.5       -6.8     21.4     36.5     20.2 2021  7 28 19 32 15.660  0.00   6
   109227  40.310156 -124.362174    31.965      -53.3     -132.4      -14.7     21.9     35.5     20.3 2021  7 28  2 37 56.380  0.00   6
   109228  40.310327 -124.362142    31.980      -50.5     -113.4        0.3     20.1     32.3     19.7 2021  7 28  5 27 46.940  0.00   6
   109229  40.308647 -124.361914    32.043      -31.1     -300.0       62.6     31.3     31.1     25.6 2021  7 28  9 12 47.980  0.00   6
   109233  40.309041 -124.362687    32.002      -96.8     -256.2       22.2     22.7     30.8     21.2 2021  7 29 18 39 28.720  0.00   6
   109235  40.309049 -124.362695    31.974      -97.5     -255.3       -5.8     20.6     32.8     21.4 2021  7 30 14 58 42.900  0.00   6
   109236  40.309078 -124.360083    31.857      124.5     -252.1     -122.7     27.4     41.8     20.2 2021  7 30  3 30 35.380  0.00   6
   109239  40.308940 -124.362516    31.980      -82.3     -267.5       -0.4     21.2     37.4     21.0 2021  7 31 13 40 23.960  0.00   6
   109240  40.308850 -124.362484    31.975      -79.6     -277.4       -5.4     21.6     35.6     21.9 2021  7 31 11 13 30.740  0.00   6
   109241  40.309155 -124.362370    31.990      -69.9     -243.5        9.9     18.5     36.7     19.1 2021  7 31  1 51 16.840  0.00   6
   109242  40.309216 -124.362476    31.970      -78.9     -236.8      -10.5     23.2     32.0     23.5 2021  7 31  4 20 10.140  0.00   6
   109244  40.308675 -124.360213    31.847      113.5     -296.8     -132.6     22.6     42.0     20.7 2021  7 31 11  7 51.120  0.00   6
   109245  40.313790 -124.361027    31.954       44.3      271.1      -26.3     20.4     38.7     20.6 2021  8  1 16 55 20.720  0.00   6
   109248  40.308549 -124.362394    32.023      -71.9     -310.9       43.2     23.5     33.0     22.9 2021  8  1 21 26 30.980  0.00   6
   109249  40.308305 -124.362410    32.037      -73.3     -338.0       57.5     26.9     35.8     25.1 2021  8  1 21 31 37.400  0.00   6
   109251  40.306006 -124.362459    32.120      -77.5     -593.2      139.6     43.2     53.6     32.6 2021  8  1 16 34 12.980  0.00   6
   109252  40.312769 -124.361117    31.963       36.7      157.7      -16.6     17.0     32.9     18.3 2021  8  2  7 50 25.840  0.00   6
   109253  40.308647 -124.362760    31.966     -103.1     -300.0      -13.6     23.0     24.1     22.4 2021  8  2  6 34 21.080  0.00   6
   109255  40.306600 -124.362671    31.969      -95.5     -527.3      -10.9     25.7     55.5     21.5 2021  8  2 11 41 32.420  0.00   6
   109256  40.309119 -124.362419    31.971      -74.0     -247.6       -8.6     22.2     38.0     21.3 2021  8  3  2 40 18.780  0.00   6
   109257  40.309094 -124.362427    31.971      -74.7     -250.3       -8.8     22.2     38.8     21.2 2021  8  4 21 11 43.080  0.00   6
   109258  40.309192 -124.362646    31.988      -93.4     -239.5        7.8     24.4     29.9     22.5 2021  8  5  9 30 12.540  0.00   6
   109259  40.309920 -124.362166    31.976      -52.6     -158.6       -4.0     20.6     37.1     18.0 2021  8  6 20 58 36.520  0.00   6
   109262  40.305798 -124.362248    32.058      -59.5     -616.3       77.9     41.6     46.5     35.3 2021  8  7 14  6 37.400  0.00   6
   109263  40.309257 -124.362744    31.994     -101.7     -232.2       14.3     25.9     29.0     22.7 2021  8  9 12 31 31.560  0.00   6
   109264  40.312659 -124.360750    31.937       67.8      145.5      -43.2     19.9     33.4     20.6 2021  8 10  2  3 25.460  0.00   6
   109265  40.305330 -124.362280    32.107      -62.3     -668.3      127.2     46.9     66.2     35.6 2021  8 10 15 41 38.320  0.00   6
   109266  40.307739 -124.354679    31.480      583.9     -400.8     -500.2     21.5     22.4     16.6 2021  8 12  8  3 17.040  0.00   6
   109267  40.309249 -124.362687    31.988      -96.8     -233.1        7.6     21.8     31.6     21.6 2021  8 13 23 40  3.920  0.00   6
   109268  40.310917 -124.356576    31.602      422.7      -47.9     -378.4     44.2     54.1     41.5 2021  8 13  4 11 20.940  0.00   6
   109269  40.305452 -124.362240    32.100      -58.8     -654.7      119.9     46.0     65.6     35.4 2021  8 13 22 41  3.240  0.00   6
   109270  40.308472 -124.362524    32.017      -83.0     -319.4       36.5     21.4     32.4     23.3 2021  8 14  6 12 10.780  0.00   6
   109273  40.309277 -124.362606    31.993      -89.9     -230.0       13.0     22.5     29.7     21.0 2021  8 19 23 33 20.840  0.00   6
   109274  40.309619 -124.362427    31.987      -74.7     -192.0        7.5     22.7     42.7     21.0 2021  8 19 18 58  1.140  0.00   6
   109277  40.307100 -124.362736    32.083     -101.0     -471.7      103.3     33.7     43.3     29.5 2021  8 19 11 58 38.360  0.00   6
   109278  40.309513 -124.362720    31.977      -99.6     -203.8       -3.1     21.8     33.2     22.1 2021  8 19 14  8 21.200  0.00   6
   109279  40.310604 -124.355713    31.491      496.0      -82.7     -489.2     40.7     46.0     36.7 2021  8 20 18  1 37.320  0.00   6
   109280  40.313472 -124.361125    31.956       36.0      235.9      -24.4     20.0     39.2     20.8 2021  8 22 13 44 25.420  0.00   6
   109281  40.312716 -124.360864    31.930       58.1      151.8      -49.9     25.7     29.8     24.8 2021  8 22 16 20 25.140  0.00   6
   109282  40.313436 -124.361182    31.958       31.1      231.8      -22.4     18.8     35.0     19.9 2021  8 22 13 45 21.680  0.00   6
   109284  40.308529 -124.362101    32.014      -47.0     -313.1       34.4     26.0     32.1     23.5 2021  8 23 22 44 22.940  0.00   6
   109285  40.308553 -124.362012    32.043      -39.4     -310.4       63.3     34.9     43.5     29.6 2021  8 23  0  0  5.780  0.00   6
   109286  40.307430 -124.362533    32.030      -83.7     -435.1       50.1     25.1     37.9     24.2 2021  8 24  4 45 53.600  0.00   6
   109288  40.307992 -124.362183    32.048      -54.0     -372.8       68.3     33.3     42.8     27.5 2021  8 24  4 47 42.220  0.00   6
   109289  40.307015 -124.361833    32.063      -24.2     -481.2       83.2     35.5     30.6     28.8 2021  8 24 11  5 24.380  0.00   6
   109290  40.308793 -124.362557    31.982      -85.8     -283.7        2.0     22.2     32.8     23.7 2021  8 25  8 42 30.260  0.00   6
   109292  40.308138 -124.362638    32.012      -92.7     -356.5       32.3     21.8     42.2     21.6 2021  8 25 19 39 13.980  0.00   6
   109293  40.304285 -124.362215    32.107      -56.7     -784.4      126.7     47.3     62.6     36.3 2021  8 27 23 45 32.860  0.00   6
   109295  40.307222 -124.362435    32.085      -75.4     -458.2      104.6     36.3     35.7     29.6 2021  8 29 21  2 20.980  0.00   6
   109296  40.308602 -124.362020    32.045      -40.1     -305.0       64.8     34.8     42.6     29.5 2021  8 30 16 40 16.680  0.00   6
   109298  40.308842 -124.362248    31.957      -59.5     -278.3      -23.4     23.0     38.9     21.5 2021  8 31  1 34  0.660  0.00   6
   109304  40.309660 -124.362419    31.964      -74.0     -187.5      -15.7     22.2     39.0     19.9 2021  9  1  0 12 29.580  0.00   6
   109306  40.309086 -124.362663    31.972      -94.8     -251.2       -8.0     22.3     35.5     22.2 2021  9  2  0 39  8.880  0.00   6
   109307  40.309253 -124.362541    31.969      -84.4     -232.7      -10.9     21.6     33.2     22.1 2021  9  2  0 38 45.800  0.00   6
   109312  40.309546 -124.362598    31.968      -89.2     -200.2      -11.9     19.8     34.0     22.3 2021  9  3 10 57 31.420  0.00   6
   109313  40.307194 -124.362712    32.082      -98.9     -461.3      101.7     36.8     45.4     30.6 2021  9  3 22 18 39.160  0.00   6
   109314  40.308826 -124.362663    32.017      -94.8     -280.1       36.7     24.0     32.2     24.9 2021  9  4 14 15 57.920  0.00   6
   109315  40.308887 -124.362752    31.976     -102.4     -273.4       -4.2     21.2     35.0     22.6 2021  9  4  0 16 15.820  0.00   6
   109316  40.308081 -124.362956    32.016     -119.7     -362.8       36.4     26.3     42.5     23.7 2021  9  4 23 44 57.640  0.00   6
   109317  40.309969 -124.362923    31.976     -116.9     -153.2       -3.6     28.8     26.0     25.6 2021  9  5 22 52 47.740  0.00   6
   109318  40.310799 -124.361328    31.963       18.7      -61.0      -16.8     21.0     21.7     18.6 2021  9  5 23 22  8.420  0.00   6
   109319  40.307597 -124.362769    32.028     -103.8     -416.6       48.2     28.3     37.1     24.4 2021  9  5  0 35 11.340  0.00   6
   109322  40.306571 -124.363118    32.089     -133.5     -530.4      109.3     31.2     40.6     28.6 2021  9  6  5 29 11.320  0.00   6
   109326  40.312590 -124.360970    31.913       49.1      137.8      -66.5     81.2     60.2     64.3 2021  9  9 21 58  1.820  0.00   6
   109327  40.308761 -124.362516    31.992      -82.3     -287.4       12.5     21.0     34.6     19.7 2021  9  9 22 18 30.260  0.00   6
   109328  40.312492 -124.360994    31.802       47.0      127.0     -177.8     33.4     24.5     32.1 2021  9 10 17  6 37.240  0.00   6
   109329  40.312805 -124.361589    31.882       -3.5      161.8      -97.8     34.0     42.5     20.2 2021  9 10 10 24 24.200  0.00   6
   109331  40.306799 -124.362712    32.057      -98.9     -505.1       76.7     34.1     53.0     30.5 2021  9 13  4 48 24.520  0.00   6
   109332  40.312150 -124.361084    31.813       39.4       89.0     -166.7     33.0     25.3     31.0 2021  9 15 19 57 59.300  0.00   6
   109335  40.310144 -124.363794    31.999     -190.9     -133.7       19.1     31.7     29.8     30.6 2021  9 15  6 37 38.020  0.00   6
   109336  40.309106 -124.356494    31.488      429.6     -249.0     -492.0     25.9     22.3     22.3 2021  9 16  8 37  4.980  0.00   6
   109337  40.306401 -124.362557    32.064      -85.8     -549.4       84.3     38.5     48.9     32.7 2021  9 17  6 36  5.720  0.00   6
   109338  40.306836 -124.363037    32.038     -126.6     -501.1       58.5     36.0     52.2     31.2 2021  9 17 22 27 21.360  0.00   6
   109339  40.305949 -124.362720    32.073      -99.6     -599.6       92.5     40.6     63.2     35.1 2021  9 17  9  1 58.700  0.00   6
   109340  40.306877 -124.362671    32.052      -95.5     -496.6       71.6     29.7     38.3     26.6 2021  9 19  6  5 38.020  0.00   6
   109341  40.308126 -124.363249    32.042     -144.6     -357.8       62.2     24.1     32.1     25.7 2021  9 19  3  8 27.520  0.00   6
   109342  40.312036 -124.360498    31.761       89.2       76.4     -219.2     42.6     30.8     36.0 2021  9 22  0  8 23.380  0.00   6
   109343  40.310303 -124.356592    31.592      421.3     -116.1     -387.7     43.6     58.0     37.9 2021  9 22  0  2 55.800  0.00   6
   109347  40.311833 -124.360994    31.945       47.0       53.8      -35.4     23.3     29.8     21.1 2021  9 25  0 37 22.520  0.00   6
   109348  40.311112 -124.357446    31.609      348.7      -26.2     -370.9     32.3     44.9     30.2 2021  9 26  6 20 37.900  0.00   6
   109349  40.306779 -124.362785    32.064     -105.2     -507.4       83.7     29.9     41.8     27.5 2021  9 27  4 44 39.340  0.00   6
   109354  40.312443 -124.361092    31.960       38.7      121.5      -19.6     18.3     38.6     17.1 2021 10 25  1  3 32.840  0.00   6
   109355  40.307890 -124.362280    32.059      -62.3     -384.1       79.2     35.2     44.3     30.0 2021 10 26  6  8 31.580  0.00   6
   109356  40.313363 -124.361230    31.956       27.0      223.7      -24.5     20.4     39.4     21.3 2021 11 22  4 17 27.920  0.00   6
   109357  40.306502 -124.362793    32.073     -105.8     -538.1       92.8     33.4     42.7     31.1 2021 12 23  9  2 20.220  0.00   6
   109358  40.309530 -124.357267    31.525      363.9     -202.0     -454.5     20.7     28.6     20.6 2021 12 23 18 55 52.360  0.00   6
   109359  40.308484 -124.356771    31.501      406.1     -318.1     -479.3     17.4     28.1     16.8 2021 12 23  8 27 56.380  0.00   6
   109360  40.310217 -124.356364    31.560      440.7     -125.6     -420.4     27.0     21.9     26.1 2021 12 23 11 24 40.520  0.00   6
   109361  40.306283 -124.362793    32.085     -105.8     -562.5      105.0     30.6     44.6     28.4 2021 12 23 12 16 31.140  0.00   6
   109362  40.307133 -124.362817    32.068     -107.9     -468.1       87.6     29.3     41.3     27.8 2021 12 23 13 36 42.580  0.00   6
   109363  40.306311 -124.362451    32.092      -76.8     -559.4      111.7     42.5     44.5     34.4 2021 12 23 18 57 15.160  0.00   6
   109364  40.309517 -124.356527    31.562      426.8     -203.3     -418.2     19.1     32.3     19.7 2021 12 24 16 44 39.600  0.00   6
   109366  40.310734 -124.356909    31.584      394.3      -68.2     -395.9     34.4     49.0     30.5 2021 12 25  6 19  6.540  0.00   6
   109367  40.307056 -124.362394    32.082      -71.9     -476.7      102.4     36.2     40.0     30.5 2021 12 25 16 20 55.220  0.00   6
   109368  40.307418 -124.363013    32.023     -124.5     -436.5       43.1     23.2     45.7     24.2 2021 12 25  6 18  5.720  0.00   6
   109369  40.307056 -124.362492    32.055      -80.2     -476.7       74.8     31.4     46.8     28.3 2021 12 25  7 27 29.140  0.00   6
   109373  40.307418 -124.363070    32.029     -129.4     -436.5       48.9     25.7     38.1     25.2 2022  1  6  0 59 31.420  0.00   6
   109374  40.304671 -124.357910    31.803      309.2     -741.4     -176.7     30.1     24.9     25.3 2022  1 11 12  2 21.560  0.00   6
   109376  40.313359 -124.361239    31.939       26.3      223.2      -40.8     26.1     46.1     22.5 2022  7 10  5 57 23.960  0.00   6
   109379  40.313440 -124.361149    31.932       33.9      232.2      -48.1     25.0     45.0     22.4 2022  7 19  0 22 27.000  0.00   6
   109380  40.313859 -124.361125    31.937       36.0      278.8      -42.6     21.5     37.2     20.0 2022  7 19 23 51 52.120  0.00   6
   109381  40.313289 -124.360856    31.942       58.8      215.5      -38.2     28.8     38.8     23.9 2022  7 25 22 53 46.120  0.00   6
   109382  40.313416 -124.361198    31.956       29.7      229.5      -23.7     18.9     44.5     18.8 2022  7 29 19 56 59.160  0.00   6
   109385  40.313249 -124.360978    31.928       48.4      211.0      -52.0     22.8     34.9     23.3 2022  8  9  4 38 31.500  0.00   6
   109386  40.313704 -124.361214    31.930       28.4      261.6      -49.9     22.9     48.6     22.6 2022  8  9 18 41 47.920  0.00   6
   109393  40.313643 -124.360994    31.950       47.0      254.8      -30.1     21.3     45.8     21.3 2022  8 30  6  3 39.840  0.00   6
   109395  40.313289 -124.361206    31.954       29.1      215.5      -26.5     20.3     38.1     20.7 2022  9  3 12  0 10.600  0.00   6
   109396  40.313367 -124.361003    31.940       46.3      224.1      -39.9     20.8     36.0     21.8 2022  9 14  1 47 59.060  0.00   6
   109397  40.313855 -124.360848    31.951       59.5      278.3      -29.1     20.9     37.8     20.2 2022  9 14  1 51 22.500  0.00   6
   109398  40.313546 -124.360921    31.946       53.3      244.0      -33.6     23.0     37.6     22.9 2022  9 28 10 10 30.060  0.00   6
   109399  40.313273 -124.361174    31.955       31.8      213.7      -25.3     22.6     35.6     22.9 2022 10  1 11  0 21.440  0.00   6
   109403  40.316833 -124.364632    32.450     -262.2      609.1      469.7     43.8     82.4     51.1 2022 10 10  5 11 55.860  0.00   6
   109404  40.313098 -124.361296    31.950       21.4      194.3      -30.2     33.6     56.9     30.2 2022 10 13 13 52 48.680  0.00   6
   109405  40.313643 -124.361100    31.950       38.0      254.8      -29.5     20.7     42.4     21.2 2022 10 15  1  6 50.180  0.00   6
   109406  40.313957 -124.361182    31.949       31.1      289.6      -30.8     19.3     41.4     21.0 2022 10 15  7 41 36.280  0.00   6
   109407  40.313346 -124.360986    31.958       47.7      221.8      -21.5     24.1     47.1     19.8 2022 10 20  4  3 58.380  0.00   6
   109408  40.313521 -124.361361    31.953       15.9      241.3      -26.5     21.3     36.1     22.7 2022 10 30 12 59 54.920  0.00   6
   109411  40.313175 -124.360881    31.943       56.7      202.9      -36.8     21.3     38.9     20.9 2022 11 18  1 57 26.740  0.00   6
   109412  40.313078 -124.360954    31.946       50.5      192.0      -34.3     20.8     35.2     20.4 2022 11 19 10 54 49.280  0.00   6
   110617  40.313826 -124.361174    32.023       31.8      275.2       43.0     15.9     25.1     15.6 2022 12  2 13 23 47.570  2.13   6
