   108277  40.351147 -124.441431    23.913       -2.8        6.3        2.8      3.3      4.5      3.2 2020  4  4 18 49  5.200  0.00  48
   108278  40.351013 -124.441341    23.906        4.8       -8.6       -3.7      3.3      4.6      3.7 2020  4 26 15 58  8.820  0.00  48
   108285  40.350940 -124.441357    23.904        3.5      -16.7       -5.9      3.6      5.5      4.4 2020 12  3 22 40 43.620  0.00  48
   108286  40.350948 -124.441333    23.904        5.5      -15.8       -6.4      3.7      5.0      3.7 2021  3  7  5  2 46.960  0.00  48
   108287  40.350989 -124.441357    23.906        3.5      -11.3       -3.6      3.1      4.8      3.5 2021  3 20 23 16 13.640  0.00  48
   108291  40.350948 -124.441341    23.906        4.8      -15.8       -4.1      3.4      5.3      4.1 2021 10 30  8 35 33.380  0.00  48
   108292  40.351066 -124.441390    23.910        0.7       -2.7       -0.4      2.7      3.7      2.8 2021 11 23  8 36 50.640  0.00  48
   108294  40.350830 -124.441317    23.904        6.9      -28.9       -6.1      3.9      7.2      5.2 2021 11 24 17  1 30.540  0.00  48
   108296  40.351107 -124.441390    23.910        0.7        1.8        0.5      2.9      4.1      2.9 2021 11 26 13 39 40.880  0.00  48
   108298  40.350838 -124.441243    23.904       13.1      -28.0       -6.5      4.1      6.3      6.0 2021 11 30 11 29  7.980  0.00  48
   108300  40.351522 -124.441479    23.934       -6.9       47.9       23.8      6.1     11.7      8.1 2021 12 20 20 51 25.720  0.00  48
   108306  40.351575 -124.441675    23.944      -23.5       53.8       34.0      7.5      9.8      7.6 2021 12 21 11 23 53.660  0.00  48
   108307  40.351078 -124.441390    23.909        0.7       -1.4       -1.0      2.1      3.4      2.3 2021 12 24 16 55 56.640  0.00  48
   108309  40.351119 -124.441382    23.911        1.4        3.2        1.1      2.5      4.1      3.0 2022  1  3 21 39 26.840  0.00  48
   108310  40.351090 -124.441374    23.911        2.1        0.0        0.8      3.0      3.9      3.4 2022  1  7 23 16 41.000  0.00  48
   108311  40.351135 -124.441414    23.912       -1.4        5.0        2.0      2.8      4.1      3.0 2022  1 17  6  4 37.860  0.00  48
   108313  40.351103 -124.441406    23.910       -0.7        1.4        0.4      2.3      3.7      2.5 2022  2  1  3 38 46.820  0.00  48
   108314  40.351078 -124.441406    23.909       -0.7       -1.4       -0.7      3.0      4.4      2.7 2022  2 12 15 14 50.440  0.00  48
   108315  40.351111 -124.441390    23.911        0.7        2.3        0.6      2.4      3.7      2.6 2022  3 14 17 54 18.940  0.00  48
   108318  40.351164 -124.441382    23.912        1.4        8.1        2.5      2.9      6.9      3.9 2022  3 25 11 39  6.360  0.00  48
   108320  40.350985 -124.441325    23.905        6.2      -11.7       -5.5      3.6      5.0      3.9 2022  5 24  3 56 56.760  0.00  48
   108321  40.351115 -124.441398    23.911        0.0        2.7        0.7      2.6      4.0      2.9 2022  6  2 23 18  2.840  0.00  48
   108324  40.351103 -124.441390    23.911        0.7        1.4        0.7      2.8      3.9      3.0 2022  9  1 16 10 18.720  0.00  48
   108325  40.350899 -124.441309    23.905        7.6      -21.2       -4.7      3.4      5.8      5.0 2022 10 16 16 42 42.900  0.00  48
   110491  40.351115 -124.441414    23.909       -1.4        2.7       -0.5      2.5      3.8      3.1 2023  4  1 22 38 24.960  0.87  48
