   105298  40.407931 -124.559570    28.965      105.0       70.5     -205.1    239.8    286.3    318.4 2020  2 11 15 19 28.020  0.00  55
   105301  40.407296 -124.560807    29.174        0.0        0.0        3.6     46.8     53.1     61.7 2020  2 25  5 13 53.560  0.00  55
   105305  40.406938 -124.560506    29.082       25.6      -39.8      -88.0    133.7    152.9    216.4 2020  4 29 23  1 49.900  0.00  55
   105309  40.407255 -124.560775    29.165        2.8       -4.5       -5.3     64.4     87.4    100.8 2020  7 31 12 47 13.580  0.00  55
   105313  40.407414 -124.560807    29.168        0.0       13.1       -1.7     46.2    103.1     77.1 2021  1  5  0 23  5.820  0.00  55
   105319  40.406938 -124.560881    29.170       -6.2      -39.8       -0.1    101.8    208.6     90.9 2021  7 21 11 28 57.520  0.00  55
   105321  40.407528 -124.560734    29.172        6.2       25.8        1.9     83.1    165.9    105.9 2021  8 18  8 21 26.720  0.00  55
   105322  40.407503 -124.560913    29.188       -9.0       23.0       18.0    114.8    169.9    154.6 2021  8 19  7 18 10.260  0.00  55
   105325  40.407255 -124.560775    29.171        2.8       -4.5        1.0     72.6    112.1    113.3 2021  9  3 21 30 53.400  0.00  55
   105331  40.407255 -124.560767    29.166        3.5       -4.5       -3.7     60.2    100.6     92.4 2021 12 25 10 34 41.640  0.00  55
   105333  40.407585 -124.560628    29.156       15.2       32.1      -13.7    104.9    232.5    135.1 2022  1 25 11 52 13.660  0.00  55
   105336  40.407263 -124.560767    29.167        3.5       -3.6       -2.8     58.6    105.3     97.7 2022  2  4 20 41 36.720  0.00  55
   105337  40.407092 -124.560946    29.184      -11.7      -22.6       14.3     94.0    193.1    120.0 2022  2 26  7 23 30.220  0.00  55
   105340  40.406738 -124.561027    29.176      -18.7      -61.9        6.1    138.7    278.4     97.4 2022  3 12 15 17  2.720  0.00  55
   105351  40.407235 -124.560954    29.180      -12.4       -6.8       10.4    125.7    195.7    177.1 2022  7 31 17 59 40.980  0.00  55
   105356  40.407381 -124.560848    29.179       -3.5        9.5        8.7     93.7    139.8    131.0 2022  9  6  2 12 31.600  0.00  55
   105357  40.407320 -124.561003    29.192      -16.6        2.7       21.8    151.4    223.5    203.7 2022  9  9 11 44 44.400  0.00  55
   105359  40.407279 -124.560848    29.169       -3.5       -1.8       -1.4     85.2    105.8    116.3 2022 11  7 15 50 24.900  0.00  55
   105360  40.407422 -124.560848    29.180       -3.5       14.0        9.6     91.1    149.3    130.8 2022 11 21  5 14 55.680  0.00  55
   110364  40.407304 -124.560824    29.178       -1.4        0.9        7.7     81.7     90.9    107.9 2023  4 18 11 40  6.890  2.03  55
