   102889  40.365934 -124.141927    33.251    -6009.6    -6333.4     7892.8     16.2     10.7      7.0 2021  4  4  8 10 32.760  0.00   7
   102890  40.366117 -124.143872    33.254    -6174.8    -6313.0     7896.3     14.8     10.8      7.1 2021  4  4  3 35 44.280  0.00   7
   102891  40.366211 -124.144035    33.258    -6188.6    -6302.6     7900.2     14.7     10.7      7.3 2021  4  4 18 25 54.640  0.00   7
   102894  40.367594 -124.143783    33.272    -6167.1    -6149.0     7913.7     14.9     15.8      8.8 2021  7 19 15 24 44.800  0.00   7
   102896  40.371118 -124.147005    33.364    -6440.5    -5757.7     8005.8     36.7     20.3     12.3 2021 12 20 21 22 32.640  0.00   7
   103941  40.488826 -123.982096    29.933     7553.2     7312.9     4575.0     11.7     12.8     12.5 2020  3 22 17 12 28.000  0.00   7
   103945  40.479708 -123.990511    29.687     6839.9     6300.4     4328.9     15.8     12.9     17.3 2022  5 17 10 23 27.700  0.00   7
   103946  40.483618 -123.982918    30.076     7483.8     6734.6     4718.5     13.9     13.2     11.6 2022  9 14  8 41 34.640  0.00   7
   104013  40.412203 -124.117326    21.507    -3919.6    -1195.6    -3851.4     11.4     13.6     14.8 2020  1 18 21  9  0.700  0.00   7
   104015  40.413949 -124.119051    21.671    -4066.0    -1001.7    -3687.4     11.9     11.2     11.2 2020  4  2 13  1 52.880  0.00   7
   104024  40.410933 -124.115275    21.487    -3745.6    -1336.5    -3871.4     11.8      9.6      9.4 2021  1 18  2 38 58.800  0.00   7
   104025  40.409749 -124.116829    21.555    -3877.6    -1468.0    -3802.6     11.7      9.9     10.6 2021 10  6  6 27 37.560  0.00   7
   104028  40.422172 -124.116406    21.047    -3841.3      -88.6    -4310.9     32.1     74.2     25.3 2021 12 20 23  8 40.760  0.00   7
   105276  40.398633 -124.096216    21.707    -2128.2    -2702.4    -3650.6      8.2      8.8      4.0 2020  1 29  0  2 55.980  0.00   7
   105277  40.399170 -124.095597    21.672    -2075.7    -2642.8    -3685.8      6.3      5.1      2.6 2020  1 30 21 48 49.880  0.00   7
   105278  40.399325 -124.096948    21.738    -2190.4    -2625.6    -3619.7      6.5      6.0      3.0 2020  3  5 21  0 42.600  0.00   7
   105279  40.399988 -124.096248    21.700    -2131.0    -2552.0    -3657.8      5.4      4.4      3.2 2020 12 23 12 13 31.360  0.00   7
   105280  40.399939 -124.094702    21.714    -1999.7    -2557.4    -3643.8      8.8      5.9      5.3 2021  1  1 12 27 47.320  0.00   7
   105281  40.399410 -124.096606    21.707    -2161.4    -2616.1    -3650.5      6.3      5.9      3.9 2021  5 10 19 32 46.180  0.00   7
   105282  40.398462 -124.095508    21.744    -2068.1    -2721.4    -3613.7      8.6      7.6      5.0 2021  5 20 10 18 33.860  0.00   7
   105285  40.398621 -124.095256    21.697    -2046.7    -2703.8    -3661.1      9.3      8.0      5.9 2021 10  4 20 34 35.760  0.00   7
   105286  40.398783 -124.096509    21.707    -2153.1    -2685.7    -3650.5      5.4      7.2      3.2 2021 10 31 14 32 48.000  0.00   7
   105287  40.401274 -124.096045    21.671    -2113.7    -2409.2    -3686.6      8.9      7.7      7.4 2021 10 31 15  9 13.180  0.00   7
   105289  40.398771 -124.094417    21.692    -1975.6    -2687.1    -3665.7     10.3     11.3      3.3 2021 11 28  4 35 26.220  0.00   7
   105290  40.401001 -124.094328    21.576    -1967.9    -2439.5    -3782.1     10.7     11.2      6.7 2022  2 13 11 43  3.040  0.00   7
   105291  40.398617 -124.095907    21.710    -2102.0    -2704.2    -3647.8      8.7      9.7      3.9 2022  4  5  1 19 10.660  0.00   7
   105292  40.398653 -124.096419    21.669    -2145.5    -2700.2    -3689.0      5.9      7.2      2.5 2022  5 29 17 19 38.600  0.00   7
   105293  40.398674 -124.096436    21.706    -2146.9    -2697.9    -3652.0      5.1      6.9      3.2 2022  7 28  6 53 34.280  0.00   7
   105295  40.398792 -124.095923    21.728    -2103.3    -2684.8    -3630.0      4.8      7.0      4.8 2022  8 22  4 34 43.360  0.00   7
   105296  40.399113 -124.096126    21.711    -2120.6    -2649.1    -3646.9      3.7      6.2      3.4 2022 11  4 22 38  7.100  0.00   7
   106489  40.434119 -123.982389    25.105     7531.4     1238.0     -253.0     12.3     13.2     14.4 2020  2 18 22 54 46.760  0.00   7
   106490  40.439311 -123.981478    25.383     7608.5     1814.6       24.6     21.9     17.5     14.6 2021  6 26 10 12  6.320  0.00   7
   106491  40.441602 -123.974715    25.416     8182.2     2069.0       58.2     10.8     12.3     16.5 2021  7 10 12 28 45.800  0.00   7
   106872  40.394421 -124.059481    30.508      989.9    -3170.1     5150.0     34.0     13.7     23.9 2020  2 25 11 51 37.820  0.00   7
   106873  40.407438 -124.052474    29.846     1584.5    -1724.7     4487.7     17.4     20.2     16.5 2020  3 19 10 36 36.040  0.00   7
   106875  40.408720 -124.063525    29.890      646.5    -1582.3     4532.5     20.5     12.7     14.6 2021 12 21  0 10  7.280  0.00   7
   107831  40.465548 -124.035286    22.627     3042.0     4728.0    -2730.8     20.8     11.8     19.5 2022 10 19  0 15 29.200  0.00   7
   107832  40.379895 -124.133870    33.025    -5325.1    -4783.1     7667.0     33.2     26.3     11.6 2020  3 18 22 26 34.000  0.00   7
   107841  40.373145 -124.136141    32.853    -5518.1    -5532.7     7495.4     12.7     16.1      8.6 2021  8  4  3 22  9.320  0.00   7
   108026  40.433525 -123.976823    30.585     8003.8     1172.1     5227.5      9.7     12.7     10.9 2020  3 19  6  4 27.540  0.00   7
   108027  40.417354 -123.980924    30.758     7656.6     -623.5     5400.2     21.9     26.6     23.0 2020  4  5  7 40 43.480  0.00   7
   108029  40.432450 -123.978727    30.687     7842.3     1052.8     5328.8     15.8     14.6     10.9 2021 12 29  8 57 56.420  0.00   7
   108443  40.451530 -124.037093    26.039     2889.0     3171.4      681.3     27.6     25.1     15.5 2020  4 15  2  5 45.300  0.00   7
   108444  40.441488 -124.038021    25.552     2810.5     2056.3      193.6     17.3     15.2     10.6 2020  9 13 11 44 12.660  0.00   7
   108445  40.445418 -124.035522    25.492     3022.4     2492.8      133.8     12.1     11.1     10.5 2021  4  5 21 32  1.320  0.00   7
   108446  40.449060 -124.040422    24.809     2606.6     2897.2     -549.2     14.1     15.9     15.6 2021  6 28 16 28  2.920  0.00   7
   108619  40.448165 -124.026774    26.099     3764.6     2797.8      741.0     17.4     16.8     16.4 2020  5 30 15  6  2.180  0.00   7
   108621  40.457874 -124.019198    26.179     4407.2     3875.8      820.8     19.3     17.8     23.2 2021 10 15 19 10  7.840  0.00   7
   108875  40.360229 -124.103109    23.226    -2714.1    -6966.8    -2132.0     24.1     20.9     16.6 2021  6 17 12 35 13.960  0.00   7
   108883  40.369792 -124.104801    23.351    -2857.6    -5905.0    -2006.6     16.5     18.6     15.3 2021 12 16  2 34 44.300  0.00   7
   108968  40.463123 -123.992952    22.973     6633.6     4458.7    -2384.5     19.3     26.8     17.8 2020  8 24 14 37 42.000  0.00   7
   108969  40.456242 -123.980184    23.141     7717.3     3694.7    -2217.4     64.8     52.9     18.9 2020  9 30  6 44 49.540  0.00   7
   109100  40.370780 -124.160726    30.948    -7605.4    -5795.2     5589.7     19.4     27.5     17.7 2020 10  4 21 32 36.540  0.00   7
   109102  40.367318 -124.172461    30.554    -8601.9    -6179.7     5195.7     11.8     15.6      9.5 2021 10 19  7 26 57.180  0.00   7
   109104  40.365763 -124.171924    30.566    -8556.4    -6352.3     5207.7     16.3     15.1     11.8 2021 12 20 20 51 53.600  0.00   7
   109499  40.466162 -123.975448    22.465     8118.5     4796.2    -2893.0     20.6     24.8     12.0 2021  2 19 20 48 55.420  0.00   7
   109500  40.467200 -123.979517    22.065     7773.3     4911.4    -3292.8     13.4     11.9     12.2 2021  6 14 21 41 19.180  0.00   7
   109503  40.468441 -123.979622    22.154     7764.2     5049.3    -3203.7     13.6     18.0     11.0 2021  6 14 21 42 47.200  0.00   7
   109505  40.465564 -123.978630    21.997     7848.6     4729.8    -3361.2     10.0     10.1     12.0 2021  6 14 22 44 53.320  0.00   7
   109506  40.468197 -123.979785    22.154     7750.4     5022.1    -3203.8     12.7     17.8     10.9 2021  6 14 21 51  5.400  0.00   7
   109507  40.465975 -123.979419    21.998     7781.6     4775.4    -3360.0     13.6     13.0     11.7 2021  6 14 22 52  3.640  0.00   7
   109508  40.467220 -123.978084    22.065     7894.8     4913.7    -3292.7     12.5     16.1     10.0 2021  6 14 15  0 25.220  0.00   7
   109510  40.466256 -123.978540    22.052     7856.2     4806.6    -3306.1      9.7     10.8     11.3 2021  6 15  9 40 32.620  0.00   7
   109511  40.466752 -123.980143    22.013     7720.1     4861.7    -3345.0     13.8     12.1     11.8 2021  6 15  6 13 15.620  0.00   7
   109513  40.466203 -123.979354    21.994     7787.1     4800.7    -3364.1     11.8     10.6     11.6 2021  6 15  5 24 54.660  0.00   7
   109514  40.468315 -123.979582    22.138     7767.7     5035.2    -3220.2     11.9     18.0     11.6 2021  6 15  3 58 23.420  0.00   7
   109515  40.466418 -123.978947    21.981     7821.6     4824.7    -3377.1     11.6     11.2     11.9 2021  6 15  3 24 41.680  0.00   7
   109516  40.466614 -123.978540    22.052     7856.2     4846.4    -3305.5     14.3     11.6     12.0 2021  6 15  7  5 48.180  0.00   7
   109517  40.466012 -123.978654    21.994     7846.5     4779.5    -3363.5     12.9     11.9     12.8 2021  6 15  3 27 10.880  0.00   7
   109518  40.466187 -123.978345    22.029     7872.8     4798.9    -3328.6     10.1     10.9     12.9 2021  6 15  7 40  9.320  0.00   7
   109519  40.465995 -123.978174    21.986     7887.3     4777.7    -3371.7      9.8     10.1     10.9 2021  6 15  6 46 13.080  0.00   7
   109520  40.466073 -123.978825    22.030     7832.0     4786.3    -3328.0     11.1     10.8     10.4 2021  6 15  0  0 36.560  0.00   7
   109522  40.468905 -123.979077    22.051     7810.5     5100.8    -3306.7     12.3     16.0     12.2 2021  6 15  5  2 36.180  0.00   7
   109523  40.466231 -123.978532    22.094     7856.9     4803.9    -3263.8      9.3      9.8     10.7 2021  6 15  4 42  5.060  0.00   7
   109524  40.466423 -123.978434    22.046     7865.1     4825.1    -3312.3     10.0     10.0     11.5 2021  6 15 10 19 32.620  0.00   7
   109525  40.465934 -123.978174    21.999     7887.3     4770.9    -3358.5      9.6      9.9     11.8 2021  6 15  6 28  1.200  0.00   7
   109526  40.465690 -123.978540    21.998     7856.2     4743.8    -3360.4     10.0      9.9     11.4 2021  6 16  1 29  3.400  0.00   7
   109527  40.468197 -123.978662    22.105     7845.7     5022.1    -3253.1     11.1     16.5     11.5 2021  6 24 14 55 33.640  0.00   7
   109529  40.460677 -123.978060    22.128     7897.2     4187.2    -3229.5     11.8      8.0      9.9 2022  8 12  1 20 23.680  0.00   7
   109530  40.464412 -123.980697    22.023     7673.3     4601.9    -3335.2     11.6     12.0     11.3 2022  8 23 13 40  9.980  0.00   7
   109531  40.441496 -124.007967    28.297     5360.6     2057.2     2939.1     14.0     11.4     12.8 2021  2 20  0 31  6.820  0.00   7
   109532  40.434937 -124.009985    28.659     5189.6     1328.8     3300.9     12.4     12.7      7.7 2021  5 25  1 57 35.200  0.00   7
   109662  40.390723 -124.039730    29.506     2666.5    -3580.8     4148.5     16.1     20.0     10.3 2021  6 28 12 31 10.080  0.00   7
   109806  40.385116 -124.250000    26.858   -15182.9    -4203.4     1500.2     12.5     19.2     14.2 2021 11  9 19 48 34.540  0.00   7
   109807  40.388607 -124.247404    26.864   -14962.2    -3815.7     1505.6     12.0     10.8      7.9 2021 12 20 21 53 50.200  0.00   7
   109812  40.388407 -124.240649    26.788   -14388.8    -3837.9     1429.8     16.7     10.0      7.8 2021 12 21 17 56 14.380  0.00   7
   109813  40.387093 -124.246704    27.096   -14902.9    -3983.8     1738.3      7.8     15.6      7.8 2021 12 21 10 42 55.620  0.00   7
   109814  40.388346 -124.240771    26.791   -14399.2    -3844.7     1433.4     15.2     10.1      7.9 2021 12 21  0 36 47.480  0.00   7
   109816  40.388688 -124.268547    26.959   -16756.9    -3806.7     1600.9     23.5     21.6     13.0 2021 12 21  6 47 31.940  0.00   7
   109819  40.390405 -124.238924    26.545   -14242.2    -3616.0     1186.6     18.6     14.5     13.3 2021 12 21  5 34  4.380  0.00   7
   109820  40.393567 -124.248161    26.842   -15025.9    -3265.0     1484.3     14.1     17.2     12.2 2021 12 21  1 42 43.340  0.00   7
   109822  40.387183 -124.238965    26.784   -14245.9    -3973.9     1425.6     22.2     10.8      7.1 2021 12 21  0  6 22.480  0.00   7
   109824  40.375008 -124.249040    25.981   -15102.5    -5325.8      623.4     18.9     28.3     16.6 2021 12 21  3 26 33.380  0.00   7
   109825  40.386906 -124.267570    27.007   -16674.2    -4004.6     1648.9     18.2     22.2     15.3 2021 12 21  6 26 47.400  0.00   7
   109827  40.383049 -124.252165    26.922   -15366.9    -4433.0     1563.8     39.2     16.2     19.4 2021 12 24 12 46 23.800  0.00   7
   109829  40.394299 -124.263745    26.983   -16348.6    -3183.6     1624.9     40.6     20.6     17.5 2021 12 26  9 14 12.100  0.00   7
   109831  40.384729 -124.240633    26.476   -14387.8    -4246.3     1117.8     27.0     16.5     18.5 2022  1  8 17  8 29.240  0.00   7
   109832  40.388395 -124.243164    26.730   -14602.3    -3839.2     1372.3     19.9     14.1      8.6 2022  1 25 11 31 58.500  0.00   7
   109835  40.374805 -124.257389    27.073   -15811.4    -5348.4     1715.1     19.1     42.4     20.7 2022 10 19 20 59 36.440  0.00   7
   110135  40.399731 -124.146916    21.641    -6431.6    -2580.4    -3717.3     52.5     56.3     18.1 2021 12 20 22 59 59.900  0.00   7
   110284  40.465373 -124.019889    26.343     4348.2     4708.6      984.6     18.6     16.9     23.2 2022 11 23  5 59 44.720  0.00   7
   110309  40.365344 -124.141382    33.267    -5963.4    -6398.9     7909.2     12.6     11.2      7.2 2023  1 19  5  8  4.700  1.05   7
   110329  40.482723 -123.986621    29.575     7169.7     6635.2     4217.2     10.7     11.4      9.6 2023  1  2  1 54 21.740  1.00   7
   110333  40.411088 -124.119222    21.438    -4080.6    -1319.4    -3920.0     10.0      9.2      8.9 2022 12 23  0 32  6.750  0.86   7
   110358  40.447880 -124.017310    26.316     4567.7     2766.1      957.8     11.4     12.2     10.9 2023  1  1 18 46 17.900  1.73   7
   110363  40.399129 -124.096273    21.683    -2133.0    -2647.3    -3675.3      4.7      4.2      3.0 2022 12 14 10 39 54.760  1.83   7
   110389  40.455713 -124.017757    27.159     4529.4     3635.9     1800.9     13.3     13.2     12.6 2023  1 17  6 16 20.570  0.99   7
   110405  40.433936 -123.983089    25.515     7472.0     1217.7      156.6      7.7      8.4     12.7 2023  1 14  2 18  4.460  1.07   7
   110419  40.401510 -124.054338    29.984     1426.4    -2383.0     4625.8     16.8     11.2     14.3 2023  3 11 22  2  2.000  2.25   7
   110456  40.463973 -124.037500    22.027     2854.2     4553.1    -3331.1     21.1     11.8     20.4 2023  1  1 23 43 15.800  0.87   7
   110457  40.372774 -124.138306    32.933    -5701.9    -5573.8     7574.6     17.1     15.6      7.6 2023  1 18 23 33 23.240  1.29   7
   110472  40.427897 -123.975806    30.667     8090.4      547.2     5309.0      9.9     10.5      9.4 2023  2  1 13  7  8.630  2.17   7
   110493  40.438066 -123.997135    29.419     6279.9     1676.3     4061.5     12.5     15.8     12.8 2023  1  1 20 39 27.200  0.90   7
   110503  40.443241 -124.035042    25.564     3063.2     2251.0      205.8     10.1     10.8      9.0 2023  1  2  5 55 55.720  1.08   7
   110536  40.447709 -124.020028    26.168     4337.1     2747.2      810.1     16.3     15.8     16.3 2023  1  1 19  9 40.500  1.03   7
   110563  40.365344 -124.109424    23.115    -3250.1    -6398.9    -2243.1     16.1     16.7     13.7 2023  3 13  6 22 55.270  1.07   7
   110576  40.457243 -123.998958    23.363     6124.3     3805.8    -1994.9     20.0     23.2     12.4 2023  1  1 19 17 41.680  1.12   7
   110601  40.363680 -124.170890    30.447    -8468.8    -6583.7     5089.1     10.7     10.3      7.1 2022 12 21 11 23 41.660  0.93   7
   110606  40.449638 -124.001383    28.140     5918.9     2961.3     2781.7     14.6     15.8     15.5 2023  1  1 19 51  1.960  0.91   7
   110616  40.440995 -124.037215    25.841     2878.9     2001.6      482.6     11.8     10.9      9.8 2023  4 19  4 14 25.130  0.93   7
   110639  40.461458 -123.979224    22.126     7798.5     4273.9    -3231.9      9.6     10.4      9.7 2023  1  1 20 22 17.380  1.37   7
   110640  40.436613 -124.014217    29.043     4830.5     1515.0     3685.0     12.5     11.5      7.7 2023  1  1 18 55 10.060  2.21   7
   110668  40.395426 -124.044808    29.479     2235.3    -3058.5     4121.0     16.7     19.3     10.2 2023  1  1 19 18 40.760  1.27   7
   110693  40.459782 -124.041007    25.430     2556.7     4087.8       72.1     12.4     11.8     13.6 2023  1  1 19  3 59.640  1.01   7
   110701  40.456258 -124.022013    24.892     4168.3     3696.5     -465.6     11.9     11.3     11.6 2023  1  2 23 43  1.560  1.21   7
   110704  40.476827 -124.046867    23.773     2059.3     5980.5    -1584.7     19.3     14.7     16.6 2022 12 29 13 14 49.800  1.45   7
   110709  40.387097 -124.246012    26.787   -14844.2    -3983.4     1429.0      7.4      8.5      6.5 2023  4 18 21  0 30.040  1.34   7
   110733  40.411800 -124.129761    22.021    -4975.0    -1240.3    -3337.2     84.2     91.7     18.3 2023  1 17  1 49  9.700  2.75   7
   110764  40.424613 -123.980705    24.668     7674.9      182.5     -689.5     13.7     16.0     23.0 2023  1  1 19 14 27.920  2.17   7
   110775  40.427515 -124.063298    27.497      665.7      504.7     2138.9     14.6     14.0     12.8 2023  1 25 22  4 46.680  1.02   7
   110792  40.435758 -124.028263    24.125     3638.6     1420.1    -1232.5     12.1     12.1     13.1 2023  2  2  4 36 49.580  0.83   7
   110811  40.462520 -124.030566    27.751     3442.5     4391.8     2392.8     19.7     17.4     19.7 2023  1  1 20 19 37.080  1.15   7
