   105485  40.699394 -124.199723    17.368       90.8       37.1     -114.7      4.7      2.6      4.7 2020  2  5  5 58 25.560  0.00  53
   105486  40.699280 -124.199365    17.390      121.1       24.4      -92.3      4.1      3.4      3.2 2020  3 17 12 51 45.720  0.00  53
   105487  40.699345 -124.200065    17.398       61.9       31.6      -85.2      5.0      3.0      2.8 2020  4 15  7 17 47.580  0.00  53
   105489  40.699536 -124.199512    17.397      108.7       52.9      -86.0      3.7      2.4      3.7 2020  9  1  3 23  1.060  0.00  53
   105491  40.699178 -124.199447    17.336      114.2       13.1     -146.2      4.6      2.7      4.9 2022  6 26  6 12 19.280  0.00  53
   105492  40.699247 -124.199479    17.406      111.4       20.8      -76.5      4.5      2.2      3.7 2022  9 22  6  0 32.400  0.00  53
   105493  40.699447 -124.199650    17.387       97.0       42.9      -95.9      2.7      1.8      2.4 2022  9 22  6  2 18.960  0.00  53
   105494  40.699540 -124.199585    17.378      102.5       53.3     -104.8      3.5      2.9      3.8 2022  9 22  7 21 46.180  0.00  53
   105495  40.699805 -124.199349    17.414      122.4       82.7      -69.1      5.4      3.9      7.8 2022  9 22 15 52 11.740  0.00  53
   105496  40.699386 -124.199902    17.395       75.7       36.1      -87.6      3.1      1.7      1.8 2022  9 23  7 36 42.680  0.00  53
   105498  40.699369 -124.199984    17.393       68.8       34.3      -89.7      3.8      2.1      2.1 2022  9 25 11 10 14.460  0.00  53
   105501  40.699410 -124.199935    17.360       72.9       38.9     -123.0      4.5      1.8      4.2 2022 10 26 12 52 38.720  0.00  53
   105502  40.699455 -124.199854    17.386       79.8       43.8      -96.5      2.8      1.5      2.9 2022 10 28 19 52 59.400  0.00  53
   105503  40.699467 -124.199821    17.361       82.5       45.2     -121.8      4.1      2.3      4.3 2022 10 28 19 54 10.800  0.00  53
   108832  40.722237 -124.237142    17.035    -3071.2     2573.8     -447.9     16.2      5.1     10.0 2020  6 27  1 38 36.220  0.00  53
   108833  40.723100 -124.234782    17.003    -2871.7     2669.6     -479.3     17.2      5.0      9.9 2020  7  7 22 53  4.560  0.00  53
   108870  40.673556 -124.182560    18.198     1541.7    -2832.2      715.3     22.6      6.8     19.8 2021  3 19  7  6 30.900  0.00  53
   108873  40.674007 -124.169385    18.331     2655.4    -2782.1      848.6     13.6      5.5     18.2 2022  9 22 18 46  5.320  0.00  53
   110375  40.699361 -124.199658    17.422       96.3       33.4      -60.8      4.6      2.0      3.6 2023  4 18 21 27 56.500  2.49  53
   110555  40.722835 -124.233838    17.641    -2792.0     2640.2      158.4     16.9      5.0      9.9 2023  5  5 10 40  9.930  1.00  53
   110562  40.672294 -124.169450    18.677     2649.9    -2972.3     1193.9     12.8      4.8     13.3 2023  2  1  1 28 26.490  1.31  53
   110714  40.704089 -124.194865    17.904      501.4      558.5      421.6      5.9      2.3      5.0 2023  1  6 12 27 19.440  3.44  53
