   107464  40.381458 -124.528573    27.670       -7.6       70.5      -70.3      5.5      9.7      9.2 2020  3 18 22 14 12.440  0.00  25
   107467  40.382239 -124.527816    27.603       56.7      157.2     -136.9      7.5     14.5      8.2 2020  3 18 22 40  6.880  0.00  25
   107472  40.382381 -124.528507    27.517       -2.1      173.1     -222.5      8.0     14.7     12.4 2020  5 10 13 14  2.440  0.00  25
   107473  40.375244 -124.530868    27.552     -202.5     -619.5     -188.2     13.5     25.9     20.6 2020  5 16 23  7 35.120  0.00  25
   107476  40.382178 -124.528410    27.684        6.2      150.5      -56.0      4.4     12.8      8.8 2020  7  2  4  6 42.660  0.00  25
   107481  40.380562 -124.529443    27.875      -81.5      -28.9      135.3     10.9     17.2     15.1 2020  7 20 23 54 26.140  0.00  25
   107482  40.380619 -124.528255    27.831       19.3      -22.6       90.7      6.1      8.5     13.9 2020  8  4  9 35 27.100  0.00  25
   107484  40.376855 -124.529761    27.787     -108.5     -440.5       47.0      9.0     23.9     11.6 2020  8 22  1  0 17.680  0.00  25
   107487  40.381018 -124.528158    27.718       27.6       21.7      -21.9      5.2     11.2      9.6 2020 10 27 18 56  9.260  0.00  25
   107488  40.380688 -124.528304    27.716       15.2      -14.9      -23.8      5.4      8.8      7.6 2020 10 29 16 48 21.620  0.00  25
   107491  40.380912 -124.528328    27.702       13.1        9.9      -38.1      4.1      6.6      6.5 2020 11 15  6 10 39.440  0.00  25
   107492  40.381197 -124.528540    27.734       -4.8       41.6       -5.8      3.8      6.8      7.4 2020 11 15  4 31  1.960  0.00  25
   107494  40.380241 -124.528394    27.743        7.6      -64.6        3.0      4.8      8.5      7.5 2020 12 21  0 56 26.380  0.00  25
   107496  40.378719 -124.529272    27.690      -67.0     -233.6      -49.6      8.5     20.3     11.1 2020 12 26 18 49 37.200  0.00  25
   107497  40.380107 -124.528890    27.753      -34.6      -79.5       12.7      4.9     12.9      8.7 2021  3 13 10 10  5.340  0.00  25
   107498  40.383647 -124.527930    27.643       47.0      313.6      -97.2      6.9     18.3      9.5 2021  4  8 21 40 58.200  0.00  25
   107506  40.383618 -124.527376    27.781       94.0      310.4       41.0      7.4     10.8     11.5 2021  6  2  5  7 25.060  0.00  25
   107507  40.380981 -124.528573    27.709       -7.6       17.6      -31.0      5.1      7.8      7.9 2021  6  8 16 30  4.700  0.00  25
   107514  40.379704 -124.528776    27.744      -24.9     -124.3        4.3      4.5     12.7      7.7 2021 10 23  4 40  5.460  0.00  25
   107515  40.377543 -124.529077    27.706      -50.4     -364.2      -34.2      6.9     12.0     10.5 2021 10 29 15 30 15.320  0.00  25
   107516  40.378483 -124.528695    27.695      -18.0     -259.8      -44.5      6.9     10.9     10.4 2021 10 29 14 41 45.020  0.00  25
   107518  40.380680 -124.528280    27.649       17.3      -15.8      -91.4      4.8      8.6      9.3 2021 10 31 14 53 45.320  0.00  25
   107519  40.379830 -124.528369    27.629        9.7     -110.2     -110.6      5.1      8.5      9.5 2021 10 31 14 28 41.000  0.00  25
   107524  40.380664 -124.528304    27.729       15.2      -17.6      -11.1      4.8      7.9      7.5 2021 11 22  7 24 49.740  0.00  25
   107525  40.381120 -124.528410    27.762        6.2       33.0       22.5      5.0      9.6      8.6 2021 11 22  4  0 43.140  0.00  25
   107526  40.380802 -124.528247    27.781       20.0       -2.3       41.1      5.3      8.3     11.3 2021 11 29 14  6 53.300  0.00  25
   107527  40.378463 -124.529004    27.753      -44.2     -262.1       13.1      8.1     13.5     11.7 2021 12  3  5 48 40.960  0.00  25
   107528  40.379053 -124.528752    27.717      -22.8     -196.5      -23.0      9.2     14.4     13.7 2021 12 13 23 35 57.160  0.00  25
   107533  40.381567 -124.528467    27.737        1.4       82.7       -2.5      4.2      8.6      5.5 2022  2  8 12 54 35.300  0.00  25
   107538  40.380754 -124.528459    27.720        2.1       -7.7      -19.9      4.8      7.1      6.8 2022  3 19 23 26 39.880  0.00  25
   107539  40.380986 -124.528304    27.758       15.2       18.1       18.0      5.3      9.1      8.4 2022  3 20 13 12 27.460  0.00  25
   107541  40.378202 -124.529256    27.766      -65.7     -291.0       25.8      5.7     12.9      6.8 2022  4  5  0 55 37.240  0.00  25
   107544  40.382251 -124.527905    27.751       49.1      158.6       10.6      6.6     10.4      9.0 2022  5 10 16 59 43.560  0.00  25
   107545  40.382731 -124.527677    27.748       68.4      211.9        7.5      7.4     14.7      8.3 2022  5 10 16 14 58.500  0.00  25
   107546  40.379138 -124.528630    27.711      -12.4     -187.1      -29.0      8.9     13.9     13.3 2022  5 13 23 15  7.460  0.00  25
   107547  40.380713 -124.528320    27.672       13.8      -12.2      -68.0      5.9      9.3      9.1 2022  5 22 20 33 55.540  0.00  25
   107548  40.378349 -124.528939    27.669      -38.7     -274.7      -71.0      4.8      9.9      7.1 2022  5 30  1 43 50.600  0.00  25
   107556  40.378805 -124.529354    27.733      -73.9     -224.1       -7.0      6.6     18.8     10.0 2022  8 11 16 19 20.340  0.00  25
   107557  40.379244 -124.528809    27.713      -27.6     -175.3      -27.1      7.2     13.6     11.9 2022  8 12 23 24 23.280  0.00  25
   107558  40.381307 -124.528630    27.687      -12.4       53.8      -53.3      4.6      6.8      9.8 2022  8 14 12 51 42.480  0.00  25
   107559  40.382031 -124.528361    27.669       10.4      134.2      -70.5      7.6     13.0      8.0 2022  9 21 13 36 27.500  0.00  25
   107560  40.380839 -124.528377    27.757        9.0        1.8       17.2      5.2      7.7      7.9 2022  9 26 23 50 11.680  0.00  25
   107567  40.378369 -124.529020    27.755      -45.6     -272.5       14.6      7.4     12.6     11.0 2022  9 26 23  9 34.060  0.00  25
   107571  40.378910 -124.529142    27.780      -56.0     -212.4       39.7      7.4     12.6     11.0 2022 11 14 17  2 42.680  0.00  25
   110438  40.381148 -124.528369    27.759        9.7       36.1       19.0      3.9      5.6      5.7 2023  3  4 21 15 32.500  1.55  25
