   105071  40.304081 -124.599463    17.641      -63.0    -1233.5     -168.5     16.1     33.0     26.6 2020  1 29  8 12 18.900  0.00  13
   105074  40.316366 -124.599650    17.675      -78.9      130.6     -135.2     10.7     19.3     17.1 2020  2 26  9 21 18.840  0.00  13
   105075  40.313407 -124.601733    17.815     -255.9     -197.9        5.3     13.9     27.5     27.7 2020  2 27  1 15 34.260  0.00  13
   105078  40.314941 -124.597729    18.413       84.4      -27.6      603.7     10.2     27.0     28.7 2020  5  8 11 57 20.220  0.00  13
   105080  40.316032 -124.599032    17.835      -26.3       93.5       24.9      7.4     11.9     11.4 2020  5 26 11 17 44.720  0.00  13
   105081  40.315320 -124.598747    17.990       -2.1       14.5      179.9      8.2     12.4      9.9 2020  6  1 13  3 56.500  0.00  13
   105082  40.309733 -124.597176    17.560      131.4     -605.9     -249.8     14.0     31.8     28.6 2020  6  1 17 15 14.660  0.00  13
   105086  40.316235 -124.600895    17.919     -184.7      116.1      108.8     13.1     25.2     23.6 2020  7 18  0 25 23.860  0.00  13
   105088  40.315576 -124.599373    17.852      -55.3       42.9       41.7      8.3     10.0     10.1 2020  8  9  0  4 25.560  0.00  13
   105092  40.314144 -124.598779    17.994       -4.8     -116.1      183.9      8.5     18.4     12.9 2020 10 16 15 25 53.420  0.00  13
   105093  40.320414 -124.598063    18.541       56.0      580.1      731.4      7.7     19.2     28.1 2020 10 30  5 24 53.820  0.00  13
   105094  40.315438 -124.599333    17.881      -51.9       27.6       71.1      8.1     14.3     13.6 2020 12 12 14 36 59.760  0.00  13
   105097  40.315470 -124.598267    17.807       38.7       31.2       -2.9     11.9     21.7     20.8 2020 12 31 10 57 26.340  0.00  13
   105098  40.314624 -124.601180    17.932     -208.9      -62.8      122.0     11.2     21.7     19.9 2021  1  5  1  7 30.180  0.00  13
   105100  40.315776 -124.599780    17.853      -89.9       65.1       43.0      5.5      9.8      9.8 2021  1 21  1 51 43.340  0.00  13
   105101  40.315776 -124.599430    17.874      -60.2       65.1       63.8      7.7     14.0     14.1 2021  1 22  3 18 43.280  0.00  13
   105102  40.315601 -124.599674    17.868      -80.9       45.6       57.6      7.8     15.1     14.4 2021  1 29 17 49 54.300  0.00  13
   105105  40.315287 -124.599569    17.848      -71.9       10.8       37.9      6.2     11.4     10.9 2021  3 10 21 27  1.460  0.00  13
   105107  40.316121 -124.598201    17.922       44.3      103.5      111.8     13.4     23.0     23.3 2021  3 31  8 30 48.680  0.00  13
   105109  40.314742 -124.599341    17.807      -52.6      -49.7       -2.9      9.3     10.8     10.7 2021  4  2 12 52 12.100  0.00  13
   105111  40.315731 -124.599487    17.855      -65.0       60.1       45.4      8.0     15.8     15.9 2021  4  2 10 30 49.520  0.00  13
   105112  40.316024 -124.599333    17.913      -51.9       92.6      103.1      6.5     11.4     10.7 2021  4  2  9 31 22.380  0.00  13
   105115  40.307499 -124.596680    17.000      173.6     -854.0     -810.4      5.4     12.3     12.6 2021  4  5 20 34 12.380  0.00  13
   105116  40.313399 -124.594865    17.856      327.9     -198.8       46.0     13.0     30.2     27.2 2021  4  5 20 27 26.720  0.00  13
   105119  40.315792 -124.599593    17.859      -74.0       66.9       49.4      7.1     14.2     14.2 2021  4  8  4 25 20.800  0.00  13
   105120  40.314868 -124.599227    17.765      -42.9      -35.7      -44.6      7.4     11.1     10.8 2021  4 10  1  0 55.380  0.00  13
   105122  40.318510 -124.594010    17.478      400.5      368.7     -332.0      5.9     21.2     22.5 2021  4 19  5 59 54.500  0.00  13
   105123  40.314884 -124.599357    17.794      -54.0      -33.9      -15.6      8.6     10.5     10.0 2021  5 14 18 13 50.280  0.00  13
   105128  40.311947 -124.599577    17.775      -72.6     -360.1      -35.0     12.0     15.9     17.4 2021  6 30 20 36 48.360  0.00  13
   105129  40.314217 -124.599113    17.715      -33.2     -108.0      -94.7     12.2     15.6     15.7 2021  7  1 17 16 11.740  0.00  13
   105132  40.314766 -124.597518    17.779      102.4      -47.0      -30.8     11.9     26.9     27.0 2021  7 25  3 57 32.920  0.00  13
   105135  40.316797 -124.599202    17.914      -40.8      178.5      104.1      8.8     14.3     14.5 2021  7 25  8 29 37.560  0.00  13
   105139  40.314490 -124.599089    18.121      -31.1      -77.7      311.1      9.3     12.0     31.3 2021 10 11 11 30 59.120  0.00  13
   105140  40.317688 -124.599504    17.919      -66.4      277.4      109.1     12.7     20.8     21.0 2021 10 12 13 13 42.500  0.00  13
   105141  40.315275 -124.599202    17.827      -40.8        9.5       17.5      8.6     10.5     10.8 2021 10 28 16 43 57.220  0.00  13
   105143  40.318445 -124.600220    17.487     -127.3      361.5     -322.7     14.3     34.0     30.1 2021 11 29 13 22  6.720  0.00  13
   105146  40.315470 -124.598145    17.786       49.1       31.2      -24.3     11.9     13.1     12.3 2021 12 20 20 47 48.480  0.00  13
   105150  40.316740 -124.599984    17.858     -107.2      172.1       48.2     10.5     21.8     20.8 2021 12 20 20 12 39.500  0.00  13
   105152  40.314347 -124.599178    17.833      -38.7      -93.5       23.1      8.8     12.5      9.7 2021 12 21  3 12 38.340  0.00  13
   105153  40.314449 -124.598975    17.906      -21.4      -82.2       96.0      8.8     14.1     10.9 2021 12 21  5 15 42.340  0.00  13
   105154  40.314046 -124.599121    17.921      -33.9     -127.0      111.2      9.6     16.5     12.6 2021 12 21  7 16 24.500  0.00  13
   105159  40.315365 -124.596460    19.232      192.3       19.4     1422.1     11.2     39.1     30.2 2021 12 21  4 35 57.500  0.00  13
   105161  40.315446 -124.598560    18.366       13.8       28.5      556.1      8.7     18.0     22.8 2021 12 21 13  1 26.020  0.00  13
   105162  40.315470 -124.599284    17.845      -47.7       31.2       35.2      5.4     11.1     10.4 2021 12 21  6 56 17.600  0.00  13
   105163  40.311047 -124.596346    18.840      202.0     -460.0     1030.0      9.4     26.7     37.2 2021 12 21  9  3 55.100  0.00  13
   105166  40.322103 -124.597021    18.565      144.6      767.7      755.2      8.5     13.6     21.6 2021 12 21  3 48  2.300  0.00  13
   105168  40.324870 -124.597396    20.118      112.7     1074.9     2308.2     11.9     24.6     18.0 2021 12 21  1 10 38.460  0.00  13
   105171  40.315377 -124.599202    17.688      -40.8       20.8     -121.5      7.2     11.1     13.7 2021 12 22  6  5  7.120  0.00  13
   105175  40.317110 -124.595614    17.694      264.2      213.3     -115.9     10.9     22.5     21.8 2021 12 22 18 18 17.240  0.00  13
   105177  40.313245 -124.599154    17.719      -36.7     -216.0      -90.9     12.7     18.1     18.1 2021 12 23  1  8 40.000  0.00  13
   105178  40.316024 -124.599349    17.868      -53.3       92.6       57.8      9.8     12.5     13.0 2021 12 23 19 27  9.040  0.00  13
   105179  40.316418 -124.599650    17.893      -78.9      136.5       83.1     10.9     12.3     12.7 2021 12 23 19  4 46.800  0.00  13
   105180  40.314880 -124.599723    17.841      -85.1      -34.3       30.7      8.9     15.0     14.2 2021 12 23 15 40 53.880  0.00  13
   105183  40.318315 -124.593921    17.505      408.1      347.0     -304.7      6.6     23.1     24.9 2021 12 23  3 31 30.920  0.00  13
   105185  40.314449 -124.599284    17.855      -47.7      -82.2       45.1      6.0     12.9     11.1 2021 12 24 14 22 29.520  0.00  13
   105188  40.314038 -124.599072    17.570      -29.7     -127.9     -240.4      7.5     12.1     13.1 2021 12 24  2 49 14.440  0.00  13
   105190  40.315438 -124.593685    17.593      428.2       27.6     -217.5     16.5     32.5     33.4 2021 12 26  7 28 10.580  0.00  13
   105192  40.313407 -124.594678    19.320      343.8     -197.9     1509.9      6.1     34.8     28.7 2021 12 27  2 21 46.320  0.00  13
   105196  40.314364 -124.599154    17.501      -36.7      -91.7     -308.7     10.1     20.5     23.9 2021 12 30 13 35 31.280  0.00  13
   105199  40.303446 -124.598324    17.841       33.9    -1304.0       31.1      5.2     31.8     29.6 2021 12 31 14 50 18.080  0.00  13
   105201  40.314539 -124.597070    18.569      140.4      -72.3      759.1      6.7     15.4     22.1 2022  1  1 10 17 59.220  0.00  13
   105205  40.312052 -124.598657    17.801        5.5     -348.4       -9.2     11.7     26.4     25.3 2022  1 10 15 39 12.420  0.00  13
   105206  40.316890 -124.601815    17.784     -262.9      188.9      -26.4     17.4     30.0     31.9 2022  1 14  4 41 49.780  0.00  13
   105207  40.316980 -124.600008    17.895     -109.3      198.8       85.2     10.6     25.3     20.4 2022  1 15  7 19 33.280  0.00  13
   105209  40.315279 -124.599406    17.914      -58.1        9.9      103.9      7.9     14.4     12.5 2022  1 23  8 23 12.840  0.00  13
   105213  40.313867 -124.599609    17.643      -75.4     -146.8     -166.9      6.7      9.8     10.2 2022  2 21 19 46 57.280  0.00  13
   105216  40.314225 -124.599430    17.788      -60.2     -107.1      -22.2      5.7     10.9      8.3 2022  4 21  9  0 55.420  0.00  13
   105219  40.308988 -124.600024    17.487     -110.7     -688.6     -323.0     15.4     38.1     34.2 2022  6  3 20 46  6.960  0.00  13
   105220  40.322359 -124.599300    17.828      -49.1      796.1       17.8     18.6     45.0     36.2 2022  6 29 23 58 10.920  0.00  13
   105223  40.305725 -124.600285    17.721     -132.8    -1050.9      -89.5     14.3     26.0     53.9 2022  9 23  3  2 49.440  0.00  13
   110360  40.315063 -124.599015    17.746      -24.9      -14.0      -63.9      5.7     11.0     10.9 2022 12 31  1  9 23.440  1.24  13
