   101493  40.325736 -124.366683    18.796      -16.6        5.0        5.6      6.4     10.3      5.9 2020  2 11  9 19 30.880  0.00  64
   101495  40.325663 -124.366325    18.769       13.8       -3.2      -21.5     10.0     15.4      9.1 2020  5  8 14 19  3.300  0.00  64
   101497  40.325675 -124.366488    18.788        0.0       -1.8       -1.5      4.7      6.5      5.2 2020  8 31 23 45 31.400  0.00  64
   101498  40.325879 -124.366602    18.796       -9.7       20.8        5.7      5.5      7.8      5.5 2020 10  2 17  4  0.640  0.00  64
   101499  40.325659 -124.366561    18.793       -6.2       -3.6        3.2      4.1      6.1      4.7 2021  1 10 20 29 48.820  0.00  64
   101502  40.325773 -124.366610    18.795      -10.4        9.0        5.0      5.0      7.5      4.7 2021  7  7  8 30 52.060  0.00  64
   101505  40.325773 -124.366585    18.792       -8.3        9.0        2.5      4.8      6.3      4.3 2021  9 16  6 39 23.680  0.00  64
   101507  40.325859 -124.366667    18.794      -15.2       18.5        4.2      6.0      7.9      5.5 2021 10  5  5  0 45.320  0.00  64
   101545  40.325667 -124.366545    18.792       -4.8       -2.7        1.5      4.5      5.9      3.9 2022  4 17 22 59 31.240  0.00  64
   101547  40.327287 -124.366838    18.794      -29.7      177.1        4.3      9.4     24.6      8.4 2022  5 16 11 54 22.560  0.00  64
   101549  40.325761 -124.366545    18.794       -4.8        7.7        3.7      5.0      7.5      4.4 2022  6 20  5 49 12.560  0.00  64
   101556  40.326347 -124.366789    18.802      -25.6       72.7       11.6      8.4     14.1      7.2 2022  9  1 16 52 14.460  0.00  64
   101559  40.325574 -124.366455    18.790        2.8      -13.1       -0.4      7.1      9.9      6.6 2022  9 17 21 37 56.320  0.00  64
   101560  40.325659 -124.366496    18.791       -0.7       -3.6        1.5      6.3      8.8      6.1 2022  9 17 20 44 21.300  0.00  64
   101563  40.325830 -124.366553    18.791       -5.5       15.4        1.1      4.9      7.6      4.4 2022  9 23  1  2 28.580  0.00  64
   110297  40.325655 -124.366439    18.789        4.1       -4.1       -1.2      4.7      5.7      4.7 2023  1  2 14 24 18.160  1.18  64
