   107464  40.381315 -124.528540    27.660       -4.8       54.7      -79.6      7.9     12.8     13.2 2020  3 18 22 14 12.440  0.00  25
   107467  40.382056 -124.527913    27.615       48.4      136.9     -125.0      9.3     17.1     12.0 2020  3 18 22 40  6.880  0.00  25
   107472  40.382043 -124.528426    27.491        4.8      135.5     -248.7     13.1     21.3     20.6 2020  5 10 13 14  2.440  0.00  25
   107473  40.375903 -124.530591    27.542     -179.0     -546.3     -197.7     13.5     28.7     20.7 2020  5 16 23  7 35.120  0.00  25
   107476  40.382011 -124.528402    27.691        6.9      131.9      -49.1      5.8     19.8     10.9 2020  7  2  4  6 42.660  0.00  25
   107481  40.380684 -124.529329    27.860      -71.9      -15.4      120.1     10.8     18.7     13.0 2020  7 20 23 54 26.140  0.00  25
   107482  40.380603 -124.528296    27.811       15.9      -24.4       70.8      7.2      8.8     16.6 2020  8  4  9 35 27.100  0.00  25
   107484  40.377543 -124.529614    27.792      -96.1     -364.2       51.5     10.3     28.7     12.7 2020  8 22  1  0 17.680  0.00  25
   107487  40.380880 -124.528174    27.713       26.3        6.3      -27.4      6.0     13.5     11.3 2020 10 27 18 56  9.260  0.00  25
   107488  40.380623 -124.528304    27.713       15.2      -22.1      -26.6      6.1     10.9      9.2 2020 10 29 16 48 21.620  0.00  25
   107491  40.380868 -124.528337    27.704       12.4        5.0      -35.8      4.9      7.2      7.8 2020 11 15  6 10 39.440  0.00  25
   107492  40.381136 -124.528548    27.739       -5.5       34.8       -1.5      4.6      8.4      8.5 2020 11 15  4 31  1.960  0.00  25
   107494  40.380282 -124.528410    27.739        6.2      -60.1       -0.6      5.7     10.9      8.6 2020 12 21  0 56 26.380  0.00  25
   107496  40.379154 -124.529224    27.710      -62.9     -185.3      -30.0      9.8     22.2     13.3 2020 12 26 18 49 37.200  0.00  25
   107497  40.380310 -124.528866    27.760      -32.5      -56.9       19.8      6.0     14.5     10.7 2021  3 13 10 10  5.340  0.00  25
   107498  40.383321 -124.527970    27.650       43.5      277.4      -89.9      9.0     27.1     10.8 2021  4  8 21 40 58.200  0.00  25
   107506  40.383557 -124.527311    27.762       99.5      303.6       22.2      9.0     13.1     14.0 2021  6  2  5  7 25.060  0.00  25
   107507  40.380941 -124.528556    27.715       -6.2       13.1      -25.3      6.1      9.7      9.7 2021  6  8 16 30  4.700  0.00  25
   107514  40.379801 -124.528776    27.750      -24.9     -113.4       10.5      6.3     18.1      9.2 2021 10 23  4 40  5.460  0.00  25
   107515  40.377816 -124.529102    27.721      -52.5     -333.9      -18.6      9.0     16.2     13.7 2021 10 29 15 30 15.320  0.00  25
   107516  40.378552 -124.528760    27.706      -23.5     -252.1      -33.6      9.8     15.4     14.8 2021 10 29 14 41 45.020  0.00  25
   107518  40.380619 -124.528271    27.659       18.0      -22.6      -81.0      5.9     10.4     11.2 2021 10 31 14 53 45.320  0.00  25
   107519  40.379862 -124.528337    27.639       12.4     -106.6     -101.3      6.0      9.8     11.3 2021 10 31 14 28 41.000  0.00  25
   107524  40.380619 -124.528312    27.725       14.5      -22.6      -14.9      5.4      9.5      8.9 2021 11 22  7 24 49.740  0.00  25
   107525  40.381034 -124.528418    27.756        5.5       23.5       16.0      5.9     11.6     10.2 2021 11 22  4  0 43.140  0.00  25
   107526  40.380758 -124.528280    27.770       17.3       -7.2       30.3      6.5     10.3     13.4 2021 11 29 14  6 53.300  0.00  25
   107527  40.378682 -124.529085    27.754      -51.1     -237.7       13.9     11.0     17.7     15.4 2021 12  3  5 48 40.960  0.00  25
   107528  40.379171 -124.528866    27.736      -32.5     -183.4       -4.5     11.9     18.6     17.9 2021 12 13 23 35 57.160  0.00  25
   107533  40.381462 -124.528467    27.738        1.4       70.9       -1.8      5.1     13.2      6.3 2022  2  8 12 54 35.300  0.00  25
   107538  40.380754 -124.528459    27.723        2.1       -7.7      -17.0      6.0      9.0      8.3 2022  3 19 23 26 39.880  0.00  25
   107539  40.380912 -124.528328    27.752       13.1        9.9       11.7      6.6     11.1     10.0 2022  3 20 13 12 27.460  0.00  25
   107541  40.378442 -124.529215    27.763      -62.2     -264.3       23.2      7.0     15.7      8.1 2022  4  5  0 55 37.240  0.00  25
   107544  40.382145 -124.527913    27.745       48.4      146.8        4.5      8.3     13.0      9.8 2022  5 10 16 59 43.560  0.00  25
   107545  40.382442 -124.527767    27.740       60.8      179.8        0.1      8.5     17.1      9.6 2022  5 10 16 14 58.500  0.00  25
   107546  40.379277 -124.528719    27.725      -20.0     -171.7      -15.2      9.8     15.3     14.6 2022  5 13 23 15  7.460  0.00  25
   107547  40.380697 -124.528345    27.684       11.7      -14.0      -56.0      6.9     10.9     10.5 2022  5 22 20 33 55.540  0.00  25
   107548  40.378312 -124.528971    27.677      -41.5     -278.8      -63.3      6.1     11.7      9.0 2022  5 30  1 43 50.600  0.00  25
   107556  40.379301 -124.529281    27.747      -67.7     -169.0        7.3      7.9     21.5     11.8 2022  8 11 16 19 20.340  0.00  25
   107557  40.379545 -124.528841    27.731      -30.4     -141.9       -9.3      6.5     16.3     12.2 2022  8 12 23 24 23.280  0.00  25
   107558  40.381222 -124.528613    27.698      -11.1       44.3      -41.8      5.5      9.9     11.4 2022  8 14 12 51 42.480  0.00  25
   107559  40.381824 -124.528353    27.678       11.1      111.2      -61.8      8.5     14.6      9.6 2022  9 21 13 36 27.500  0.00  25
   107560  40.380819 -124.528402    27.753        6.9       -0.5       12.7      6.5      9.4      9.3 2022  9 26 23 50 11.680  0.00  25
   107567  40.378569 -124.529093    27.754      -51.8     -250.3       14.0     10.1     16.5     14.5 2022  9 26 23  9 34.060  0.00  25
   107571  40.379106 -124.529207    27.779      -61.5     -190.7       38.7      9.8     16.1     14.1 2022 11 14 17  2 42.680  0.00  25
   110438  40.381140 -124.528377    27.758        9.0       35.2       17.9      4.8      6.9      6.9 2023  3  4 21 15 32.500  1.55  25
