   106142  40.497245 -124.327848    17.842      236.6       58.7       -8.3     21.9     24.2     18.4 2020  2 16  9 47  5.060  0.00   4
   106144  40.496204 -124.331877    17.596     -104.9      -56.9     -254.1     25.7     28.2     36.4 2020  4 12  4 35  0.980  0.00   4
   106147  40.496745 -124.330794    17.828      -13.1        3.2      -22.2      8.7     11.6     12.0 2020  9 14 10 23  2.500  0.00   4
   106154  40.497506 -124.330550    17.797        7.6       87.7      -52.6     12.9     16.1     21.8 2021  1 30 22 57 38.840  0.00   4
   106155  40.496712 -124.330021    17.780       52.4       -0.5      -69.6     20.0     16.3     25.0 2021  2  2 17 23 41.100  0.00   4
   106164  40.496867 -124.330306    17.893       28.3       16.7       43.0     43.5     26.1     37.1 2021  7 22 15 35 57.140  0.00   4
   106167  40.496973 -124.330566    17.834        6.2       28.5      -16.0     10.9      9.7     12.5 2021 10  2  5 23 38.340  0.00   4
   106168  40.497058 -124.330452    17.850       15.9       38.0       -0.5     15.4     12.2     14.1 2021 10  3 11 37  2.540  0.00   4
   106170  40.497262 -124.330566    17.788        6.2       60.5      -61.9      8.2      8.7     13.5 2021 10  8  7 30 49.160  0.00   4
   106171  40.497095 -124.330648    17.825       -0.7       42.0      -25.3     13.6     11.6     16.6 2021 10 12 12 22 10.580  0.00   4
   106173  40.497115 -124.330762    17.834      -10.3       44.3      -15.8      8.4      9.7     15.3 2021 11 18  7  5 20.520  0.00   4
   106176  40.497115 -124.330640    17.827        0.0       44.3      -22.9      9.2      9.5     13.1 2021 12 11  7 52 35.460  0.00   4
   106178  40.497245 -124.330640    17.824        0.0       58.7      -26.0     14.5     13.4     16.0 2021 12 15  7 38 28.900  0.00   4
   106186  40.496830 -124.330868    17.874      -19.3       12.7       24.0      8.4      7.2      9.4 2021 12 23 19 12 18.300  0.00   4
   106187  40.496252 -124.330933    17.883      -24.8      -51.5       33.2     17.8     16.7     21.4 2021 12 23  7  0 19.640  0.00   4
   106191  40.502209 -124.325667    17.603      421.5      610.0     -247.2     45.7     35.0     47.1 2021 12 23  4 46 17.660  0.00   4
   106193  40.496606 -124.331030    17.830      -33.1      -12.2      -20.0     14.0     12.1     13.9 2021 12 25  3 17 58.440  0.00   4
   106194  40.496692 -124.330664    17.834       -2.1       -2.7      -15.5      9.8      6.9     10.9 2021 12 30  5 48 27.460  0.00   4
   106196  40.496680 -124.330680    17.839       -3.4       -4.1      -11.0     12.2     11.6     15.2 2021 12 31 13 20 26.880  0.00   4
   106197  40.496749 -124.330835    17.879      -16.6        3.6       29.4      9.8      7.8     10.9 2021 12 31 10 15 16.680  0.00   4
   106200  40.496533 -124.330778    17.862      -11.7      -20.3       12.1     10.9      9.7     11.0 2022  1  2 14 54 27.660  0.00   4
   106201  40.496590 -124.330859    17.860      -18.6      -14.0       10.0     10.2     10.0     12.9 2022  1  2  0 12 25.180  0.00   4
   106202  40.496570 -124.331201    17.826      -47.6      -16.3      -24.1     15.6     10.4     13.0 2022  1  2 23 12 20.980  0.00   4
   106204  40.496651 -124.330965    17.849      -27.6       -7.2       -0.9      7.4      6.9      8.6 2022  1  7  3  3 58.940  0.00   4
   106208  40.496940 -124.330607    17.859        2.8       24.9        8.8     12.4      9.3     11.2 2022  1 16  3  3 43.240  0.00   4
   106209  40.496737 -124.330583    17.854        4.8        2.3        4.0     13.4      8.8     13.8 2022  1 16 22 15  6.960  0.00   4
   106210  40.496745 -124.330908    17.833      -22.8        3.2      -17.3     12.7     10.2     13.9 2022  1 16  4  9 53.760  0.00   4
   106211  40.496448 -124.330949    17.855      -26.2      -29.8        4.7     10.1      9.7     10.9 2022  1 16  9 17 39.940  0.00   4
   106216  40.496606 -124.330623    17.869        1.4      -12.2       19.1     11.0      9.5     16.6 2022  1 18 12  7 24.920  0.00   4
   106217  40.496635 -124.330737    17.830       -8.3       -9.0      -20.2      9.6      8.1     11.2 2022  1 18  3 25 18.740  0.00   4
   106218  40.496582 -124.330737    17.895       -8.3      -14.9       45.4      9.1      9.6     16.8 2022  1 19  6 54 58.540  0.00   4
   106220  40.496427 -124.330868    17.877      -19.3      -32.1       27.0     12.3     11.6     13.8 2022  1 21  8 26 27.620  0.00   4
   106221  40.496737 -124.330591    17.824        4.1        2.3      -26.3      9.5      7.2      9.4 2022  1 22 13 18 17.780  0.00   4
   106223  40.496696 -124.330745    17.845       -9.0       -2.3       -4.6      6.9      8.3      9.6 2022  1 23 14 11 22.260  0.00   4
   106225  40.496940 -124.330672    17.857       -2.8       24.9        6.9     12.0      9.2     10.3 2022  1 28 18 30 21.440  0.00   4
   106226  40.496602 -124.330965    17.834      -27.6      -12.7      -16.1     12.6     10.4     13.9 2022  1 29 17 47 53.300  0.00   4
   106227  40.497017 -124.330900    17.855      -22.1       33.4        4.6      8.9      9.5     12.6 2022  1 31  9 38 58.340  0.00   4
   106229  40.496969 -124.330868    17.847      -19.3       28.0       -3.3      9.3      8.0     10.7 2022  2  2 22 24 23.440  0.00   4
   106230  40.496663 -124.330851    17.846      -17.9       -5.9       -4.5      9.0      9.0      9.9 2022  2  3  2  3 31.060  0.00   4
   106231  40.496277 -124.330957    17.882      -26.9      -48.8       31.6     15.2     15.4     19.7 2022  2  3  8 40 22.780  0.00   4
   106232  40.496578 -124.330908    17.841      -22.8      -15.4       -8.7      9.3      8.1      9.8 2022  2  3  8 37  7.500  0.00   4
   106234  40.496663 -124.330876    17.849      -20.0       -5.9       -0.9      7.3      9.6      9.1 2022  2  6 11 55 37.920  0.00   4
   106235  40.496785 -124.330981    17.874      -29.0        7.7       23.7     10.2      6.8     10.3 2022  2 12  0 51 57.080  0.00   4
   106239  40.496716 -124.330827    17.855      -15.9        0.0        5.2     10.4      9.4     12.7 2022  2 14 16 43 46.920  0.00   4
   106240  40.496684 -124.330859    17.849      -18.6       -3.6       -0.5      8.1      7.4     10.0 2022  2 14 22 32 21.620  0.00   4
   106241  40.496700 -124.330900    17.846      -22.1       -1.8       -4.5      9.2      7.3      8.7 2022  2 14 21 24 22.540  0.00   4
   106242  40.496659 -124.330949    17.841      -26.2       -6.3       -9.1      9.2      7.7      9.4 2022  2 14 15 35 37.440  0.00   4
   106243  40.496440 -124.330868    17.889      -19.3      -30.7       39.0     12.6     12.5     17.5 2022  2 15  3 24 39.820  0.00   4
   106244  40.496293 -124.330786    17.863      -12.4      -47.0       13.1     13.4     13.9     13.3 2022  2 20  9 12 22.280  0.00   4
   106247  40.496627 -124.330754    17.820       -9.7       -9.9      -30.2      8.1      8.0      8.8 2022  2 21 15 40 58.540  0.00   4
   106248  40.496716 -124.330615    17.847        2.1        0.0       -2.8      9.4      8.1     11.2 2022  2 21 12 54 43.620  0.00   4
   106251  40.496537 -124.330827    17.885      -15.9      -19.9       34.6      7.9      9.8     16.4 2022  2 26  5  4 41.160  0.00   4
   106252  40.496655 -124.330900    17.858      -22.1       -6.8        8.1      8.8      8.4      8.3 2022  2 26 12 40 18.540  0.00   4
   106254  40.496509 -124.330811    17.873      -14.5      -23.0       22.5     10.0      9.7     14.9 2022  2 27 19 37 49.380  0.00   4
   106255  40.496863 -124.330794    17.817      -13.1       16.3      -33.2      8.2      9.2     13.0 2022  2 28  3 42 20.260  0.00   4
   106257  40.496851 -124.330827    17.858      -15.9       14.9        8.1      8.5      7.5      8.8 2022  3  1  1  4 35.500  0.00   4
   106258  40.496655 -124.330754    17.854       -9.7       -6.8        4.1      9.4      9.6     12.9 2022  3  1  4 33 33.320  0.00   4
   106259  40.497046 -124.330656    17.840       -1.4       36.6      -10.0     13.1     13.9     11.7 2022  3  2  2 19 41.560  0.00   4
   106264  40.496838 -124.330827    17.869      -15.9       13.6       18.7     14.2     13.1     16.2 2022  3  4 23 16  6.440  0.00   4
   106265  40.496635 -124.330908    17.885      -22.8       -9.0       35.0     13.8     12.9     13.4 2022  3  8 17 12 20.840  0.00   4
   106270  40.496582 -124.330688    17.837       -4.1      -14.9      -13.5      9.1      7.8     10.2 2022  3 27  7 11  2.900  0.00   4
   106271  40.496672 -124.330892    17.854      -21.4       -5.0        3.9      9.2      9.6      9.2 2022  4  1  6 31 38.080  0.00   4
   106272  40.496651 -124.330648    17.836       -0.7       -7.2      -14.3      9.7      9.0      9.1 2022  4  1  7 37 43.900  0.00   4
   106273  40.496692 -124.330697    17.850       -4.8       -2.7        0.3      8.0      9.5     12.0 2022  4  1  7  8 51.380  0.00   4
   106275  40.496716 -124.330924    17.856      -24.1        0.0        5.8      8.1      8.1      9.8 2022  4  2  2 16 50.200  0.00   4
   106276  40.496887 -124.330835    17.832      -16.6       19.0      -18.2     10.4      8.7     12.1 2022  4  7 12 46 34.800  0.00   4
   106278  40.496806 -124.330859    17.849      -18.6        9.9       -1.2      7.7      6.2      9.2 2022  4 15 23 52 12.400  0.00   4
   106280  40.496521 -124.330868    17.868      -19.3      -21.7       17.6      8.4      8.2     10.5 2022  4 25 11 18  9.700  0.00   4
   106281  40.496842 -124.330827    17.842      -15.9       14.0       -8.0     11.8      9.1     11.9 2022  4 28 17 35 58.900  0.00   4
   106282  40.496851 -124.330705    17.855       -5.5       14.9        4.7     10.6      9.2     10.1 2022  4 29  8 13 25.740  0.00   4
   106283  40.496908 -124.330688    17.860       -4.1       21.2       10.4     11.2     10.1     10.9 2022  5  2  6 55  3.460  0.00   4
   106284  40.496769 -124.330924    17.839      -24.1        5.9      -11.2      7.9      5.7      9.4 2022  5  7 22 39  3.000  0.00   4
   106286  40.496814 -124.330868    17.868      -19.3       10.8       17.5      8.0      7.9      8.2 2022  5 10  8 50 16.200  0.00   4
   106287  40.496712 -124.330623    17.855        1.4       -0.5        4.7      9.4      9.3     10.0 2022  5 10  0 41 41.360  0.00   4
   106288  40.496745 -124.330656    17.861       -1.4        3.2       11.1      9.9      8.5     11.6 2022  5 10 14 44 45.480  0.00   4
   106290  40.496631 -124.330713    17.836       -6.2       -9.5      -13.7      8.5      6.9      8.8 2022  5 12  1 30 43.080  0.00   4
   106291  40.496330 -124.330868    17.866      -19.3      -42.9       16.4     14.5     13.0     12.9 2022  5 12  8  6 13.200  0.00   4
   106293  40.496684 -124.331022    17.841      -32.4       -3.6       -9.1     11.6      9.2     11.7 2022  5 14 19  3 30.080  0.00   4
   106294  40.496700 -124.330843    17.858      -17.2       -1.8        7.7     11.9     10.8     13.9 2022  5 15  1 12 12.600  0.00   4
   106295  40.496570 -124.330990    17.848      -29.7      -16.3       -1.7      8.3      9.6     10.4 2022  5 15 12 38 43.240  0.00   4
   106296  40.496704 -124.330957    17.837      -26.9       -1.4      -13.3      7.8      7.6      9.4 2022  5 15  3  8 52.300  0.00   4
   106297  40.496887 -124.330819    17.826      -15.2       19.0      -24.4      9.9      7.7     10.6 2022  5 16 17 15 16.940  0.00   4
   106298  40.496794 -124.330900    17.870      -22.1        8.6       20.4      9.7      6.8      8.7 2022  5 20 21  8 41.220  0.00   4
   106299  40.496777 -124.330607    17.881        2.8        6.8       30.5     14.3      9.8     13.1 2022  5 21  1 24 36.560  0.00   4
   106300  40.496533 -124.331128    17.836      -41.4      -20.3      -14.4     12.9     11.0     10.9 2022  5 21 19 48 49.180  0.00   4
   106302  40.496566 -124.330721    17.843       -6.9      -16.7       -7.0      8.1      7.6      9.5 2022  5 27 12 32 31.140  0.00   4
   106304  40.496855 -124.330851    17.876      -17.9       15.4       26.0      8.3      7.0      9.2 2022  5 28  5 20  2.780  0.00   4
   106305  40.496997 -124.330949    17.844      -26.2       31.2       -6.0      9.4      8.3     10.5 2022  5 30 13 20 12.260  0.00   4
   106306  40.496859 -124.330745    17.875       -9.0       15.8       25.2     12.1      7.0      9.7 2022  6  1  2 39 26.760  0.00   4
   106307  40.496611 -124.330737    17.861       -8.3      -11.7       11.3      7.6      8.8     11.7 2022  6  6  9 29 14.760  0.00   4
   106308  40.496826 -124.330859    17.869      -18.6       12.2       18.9      7.6      8.5      9.1 2022  6  6  5 14 25.900  0.00   4
   106310  40.496684 -124.330949    17.850      -26.2       -3.6       -0.4     16.5     11.7     14.5 2022  6  8 12 59  0.080  0.00   4
   106311  40.496651 -124.331112    17.858      -40.0       -7.2        7.9     14.2      8.2     11.9 2022  6  9  8 48 36.880  0.00   4
   106312  40.496586 -124.330924    17.833      -24.1      -14.5      -16.6     13.4     11.9     10.7 2022  6 12 14 27 16.560  0.00   4
   106313  40.496562 -124.330843    17.889      -17.2      -17.2       38.5      8.3     10.4     16.0 2022  6 13  3  6 20.360  0.00   4
   106314  40.496635 -124.330851    17.885      -17.9       -9.0       35.2      8.9     10.7     15.7 2022  6 13 23 25 35.040  0.00   4
   106315  40.496724 -124.330827    17.901      -15.9        0.9       50.8     11.5     10.9     17.5 2022  6 15  9 41 17.600  0.00   4
   106316  40.496578 -124.330688    17.858       -4.1      -15.4        8.3     15.3     13.2     17.2 2022  6 15 15 45 11.840  0.00   4
   106317  40.496680 -124.330811    17.872      -14.5       -4.1       21.5      9.4      7.9     10.7 2022  6 15  4 34 41.940  0.00   4
   106320  40.496436 -124.331258    17.867      -52.4      -31.2       16.7     16.0     15.5     14.1 2022  6 16 12 41 44.740  0.00   4
   106321  40.496769 -124.330868    17.881      -19.3        5.9       30.8      8.1      6.7     11.9 2022  6 16 17 47 27.640  0.00   4
   106322  40.496566 -124.330884    17.897      -20.7      -16.7       47.3     12.4      9.5     16.2 2022  6 17  1 34 31.520  0.00   4
   106323  40.496493 -124.330949    17.852      -26.2      -24.9        2.0     10.1      8.9      9.8 2022  6 17  9 39 54.280  0.00   4
   106326  40.496700 -124.330957    17.872      -26.9       -1.8       21.9      8.6      7.9      9.9 2022  6 17 14 49 41.980  0.00   4
   106327  40.496859 -124.330819    17.874      -15.2       15.8       24.3     11.0      5.9      9.6 2022  6 17  8 11  3.840  0.00   4
   106328  40.496822 -124.330835    17.886      -16.6       11.7       36.4     11.9     10.4     15.2 2022  6 18  5  8  8.580  0.00   4
   106329  40.496602 -124.330884    17.905      -20.7      -12.7       54.7     11.4      9.4     16.5 2022  6 18  8 25 36.840  0.00   4
   106330  40.496655 -124.330957    17.853      -26.9       -6.8        3.2     16.9     14.6     18.7 2022  6 18 16 36  4.940  0.00   4
   106331  40.496663 -124.330941    17.850      -25.5       -5.9       -0.2     16.5     12.1     15.4 2022  6 18 15 41  8.700  0.00   4
   106332  40.496855 -124.330900    17.885      -22.1       15.4       35.1     10.3      8.7     11.8 2022  6 18 14 30 21.240  0.00   4
   106333  40.496509 -124.330859    17.883      -18.6      -23.0       33.3     13.3     12.0     15.5 2022  6 20  8 44 39.060  0.00   4
   106334  40.496566 -124.331055    17.833      -35.2      -16.7      -16.6     19.2      9.7     12.6 2022  6 20  4 11 59.280  0.00   4
   106335  40.496741 -124.330428    17.847       17.9        2.7       -3.5     21.6     13.3     18.8 2022  6 20  3 26  5.120  0.00   4
   106336  40.496659 -124.330811    17.899      -14.5       -6.3       49.0     11.0     10.1     16.4 2022  6 21  7 46 44.740  0.00   4
   106337  40.496611 -124.330615    17.845        2.1      -11.7       -5.4      9.8      6.7     10.2 2022  6 21  4 31 16.520  0.00   4
   106338  40.496684 -124.330981    17.856      -29.0       -3.6        5.7      8.8      7.2      8.5 2022  6 23 14 31 49.880  0.00   4
   106339  40.496712 -124.330591    17.865        4.1       -0.5       14.5     12.6      8.4     10.9 2022  6 24  2  4  9.040  0.00   4
   106340  40.496529 -124.331006    17.842      -31.0      -20.8       -7.7     11.3     10.1     10.2 2022  6 24 22 56 45.960  0.00   4
   106341  40.496602 -124.330884    17.849      -20.7      -12.7       -1.2      9.6      8.1     10.0 2022  6 25 18 56 46.680  0.00   4
   106342  40.496708 -124.330664    17.865       -2.1       -0.9       14.9      8.4      7.5     11.1 2022  6 27 12 33 49.880  0.00   4
   106343  40.496716 -124.330892    17.887      -21.4        0.0       37.2     11.1      8.0     14.4 2022  7  2 22 22  4.260  0.00   4
   106344  40.496802 -124.330721    17.868       -6.9        9.5       18.3     17.6     14.2     13.5 2022  7  3 13 10  0.780  0.00   4
   106345  40.496765 -124.330973    17.843      -28.3        5.4       -7.3      9.1      8.3     10.2 2022  7  5 14 55 20.380  0.00   4
   106347  40.496838 -124.330827    17.872      -15.9       13.6       22.1      8.9      6.8      9.7 2022  7  5 16  5  1.480  0.00   4
   106350  40.496517 -124.330786    17.853      -12.4      -22.1        2.8     11.3     10.2     11.1 2022  7  7  6 54 26.120  0.00   4
   106351  40.496712 -124.331112    17.849      -40.0       -0.5       -0.8      8.8      7.8      8.3 2022  7  7  2 44 46.460  0.00   4
   106352  40.496765 -124.330640    17.854        0.0        5.4        3.6     13.4      9.5     10.8 2022  7  7  5 56 40.020  0.00   4
   106353  40.496700 -124.330705    17.844       -5.5       -1.8       -6.2     10.4      7.2      9.1 2022  7  7  8  7  0.840  0.00   4
   106354  40.496672 -124.331030    17.852      -33.1       -5.0        2.4      9.7      7.8      8.9 2022  7  8  4 45 11.940  0.00   4
   106355  40.496810 -124.330998    17.869      -30.4       10.4       18.5     10.5      6.9      8.2 2022  7  8 12  5 48.040  0.00   4
   106357  40.496700 -124.331169    17.840      -44.8       -1.8      -10.4      9.8      6.3      9.1 2022  7 13 21 34 45.100  0.00   4
   106359  40.496289 -124.330973    17.897      -28.3      -47.4       47.4     24.2     16.1     25.0 2022  7 15  9 31 39.120  0.00   4
   106360  40.496623 -124.330762    17.878      -10.3      -10.4       27.6     12.5     12.5     16.8 2022  7 16  4 55 30.700  0.00   4
   106361  40.496899 -124.332503    17.878     -158.0       20.3       28.1     21.9     18.3     22.5 2022  7 19 17  8 48.180  0.00   4
   106362  40.496712 -124.330632    17.848        0.7       -0.5       -2.0      7.5      7.0      9.0 2022  7 26  0 28 21.180  0.00   4
   106363  40.496696 -124.330990    17.849      -29.7       -2.3       -0.6      8.3     10.5     11.1 2022  7 26 11 23 40.860  0.00   4
   106364  40.496769 -124.331030    17.865      -33.1        5.9       14.6     10.5      7.6      9.8 2022  7 26 22 15 23.800  0.00   4
   106365  40.496704 -124.330615    17.866        2.1       -1.4       15.5      8.6      8.1     11.9 2022  7 27 23 25  2.520  0.00   4
   106367  40.496794 -124.330851    17.863      -17.9        8.6       12.5      7.8      7.5     10.1 2022  7 28  2  5 12.120  0.00   4
   106368  40.496830 -124.330859    17.865      -18.6       12.7       15.2      8.1      8.2      9.2 2022  7 28  3  6 30.900  0.00   4
   106369  40.496460 -124.330705    17.868       -5.5      -28.5       18.0     13.0     12.2     14.3 2022  7 28 15 13 21.480  0.00   4
   106370  40.496529 -124.330851    17.819      -17.9      -20.8      -30.9     10.5     10.6     10.0 2022  7 28  5 32 16.180  0.00   4
   106371  40.496724 -124.330607    17.863        2.8        0.9       12.9      9.6      8.8     12.2 2022  7 28  3 11 44.020  0.00   4
   106372  40.496688 -124.330770    17.862      -11.0       -3.2       11.7     13.3     11.2     14.3 2022  7 28 20 57 33.500  0.00   4
   106374  40.496749 -124.330876    17.863      -20.0        3.6       13.2      8.5      7.2      9.4 2022  8  1 18  7 54.160  0.00   4
   106376  40.496541 -124.330851    17.839      -17.9      -19.4      -11.3     10.6      8.3     10.7 2022  8  2  1 26 23.900  0.00   4
   106379  40.496566 -124.330933    17.829      -24.8      -16.7      -20.8     12.8      9.8     11.6 2022  8  5 17  2 40.980  0.00   4
   106380  40.496802 -124.330509    17.847       11.0        9.5       -3.2     13.1     10.6     12.8 2022  8  5 10 39 30.180  0.00   4
   106381  40.497005 -124.330599    17.861        3.4       32.1       11.5     13.1     12.6     11.9 2022  8 10  5 55 42.060  0.00   4
   106383  40.496822 -124.330778    17.873      -11.7       11.7       22.6      8.4      6.4      9.2 2022  8 12 15 56 26.800  0.00   4
   106384  40.496851 -124.330485    17.862       13.1       14.9       12.2     12.2     10.8     11.9 2022  8 14  9 10  2.820  0.00   4
   106385  40.496830 -124.330876    17.868      -20.0       12.7       18.1      7.9      8.3      9.1 2022  8 14 22 16 32.640  0.00   4
   106386  40.496338 -124.330859    17.838      -18.6      -42.0      -12.5     14.9     14.4     15.8 2022  8 14  9 32 44.820  0.00   4
   106388  40.496932 -124.330770    17.852      -11.0       23.9        2.1     11.1     10.4      9.8 2022  8 16  9 34  2.840  0.00   4
   106390  40.496545 -124.330640    17.876        0.0      -19.0       26.0     11.6      9.5     11.2 2022  8 18  5 34 57.140  0.00   4
   106391  40.496729 -124.330851    17.857      -17.9        1.4        6.6      8.5      7.1      9.0 2022  8 18  8 52 50.760  0.00   4
   106393  40.496802 -124.330933    17.864      -24.8        9.5       13.5      8.1      6.6      8.7 2022  8 23 13 22  4.400  0.00   4
   106394  40.496688 -124.330754    17.844       -9.7       -3.2       -5.6     14.0     10.0     13.6 2022  8 23 13  8 26.400  0.00   4
   106397  40.496444 -124.330941    17.854      -25.5      -30.3        3.6     14.5     12.8     12.4 2022  8 25  0 29 52.800  0.00   4
   106398  40.496663 -124.330827    17.891      -15.9       -5.9       41.3     10.3     11.1     15.0 2022  8 26 23 43 16.640  0.00   4
   106399  40.496724 -124.330542    17.836        8.3        0.9      -13.7      6.8      9.1     13.3 2022  8 27  5 35 23.340  0.00   4
   106400  40.496875 -124.330851    17.833      -17.9       17.6      -17.2      8.3      8.7     12.9 2022  8 28 16  4 59.980  0.00   4
   106401  40.496920 -124.330729    17.857       -7.6       22.6        7.2     12.8     10.4     11.5 2022  8 31 11 20 31.620  0.00   4
   106403  40.492716 -124.329102    17.432      130.4     -444.2     -417.8     31.8     30.9     29.7 2022  9  2 16 31  6.800  0.00   4
   106404  40.496761 -124.330485    17.856       13.1        5.0        5.8     11.0      8.6     10.4 2022  9  4  1 44  0.500  0.00   4
   106407  40.496554 -124.330640    17.839        0.0      -18.1      -11.4      8.4      9.0     10.7 2022  9 17 10 45 18.920  0.00   4
   106409  40.496578 -124.330745    17.844       -9.0      -15.4       -5.7      9.5      7.6      8.2 2022  9 24  9 49 45.580  0.00   4
   106410  40.496431 -124.330916    17.872      -23.5      -31.6       21.9     12.6     11.9     14.4 2022 10  1 14 55  0.020  0.00   4
   106411  40.496651 -124.330770    17.827      -11.0       -7.2      -23.0      8.8     10.8      9.7 2022 10  9  8 36 16.240  0.00   4
   106412  40.497074 -124.330615    17.851        2.1       39.8        0.8     13.0     13.5     12.8 2022 10  9  6 22 55.800  0.00   4
   106415  40.497225 -124.330477    17.819       13.8       56.5      -30.9     14.7     13.5     17.5 2022 10 18 18 18 12.480  0.00   4
   106416  40.496342 -124.330892    17.887      -21.4      -41.6       37.5     16.3     14.1     20.5 2022 10 19 13 22  2.300  0.00   4
   106417  40.496965 -124.330705    17.849       -5.5       27.6       -1.3     12.1     13.6     12.4 2022 10 26  9 12 38.720  0.00   4
   106419  40.496684 -124.330811    17.859      -14.5       -3.6        9.3      7.7      7.3     10.1 2022 11  4 19 32 57.460  0.00   4
   106420  40.496708 -124.330705    17.864       -5.5       -0.9       13.9      7.7      6.9     10.7 2022 11  5  0  2  7.900  0.00   4
   106421  40.496716 -124.330819    17.858      -15.2        0.0        8.0     10.2      9.3     12.0 2022 11  5  0 40 53.500  0.00   4
   106422  40.496562 -124.330648    17.854       -0.7      -17.2        4.0      7.9      8.5     11.2 2022 11  6  8 11 30.960  0.00   4
   106423  40.496851 -124.330859    17.875      -18.6       14.9       25.0      7.7      7.6      9.8 2022 11  7 16 28  2.740  0.00   4
   106429  40.496903 -124.330827    17.831      -15.9       20.8      -19.2     11.2      9.2     13.4 2022 11 19 21 55 30.320  0.00   4
   106431  40.496468 -124.330542    17.884        8.3      -27.6       33.8     13.5     11.0     19.5 2022 11 21 11 18 28.660  0.00   4
   106432  40.496781 -124.330762    17.863      -10.3        7.2       13.1     10.7     10.5     13.6 2022 11 27  5 38 46.220  0.00   4
   106433  40.496912 -124.330697    17.847       -4.8       21.7       -2.6     15.1     13.2     14.6 2022 11 29 21 55 22.940  0.00   4
   110398  40.496903 -124.330835    17.847      -16.6       20.8       -3.2      7.6      7.0      8.7 2023  2 11  3 18 22.440  1.85   4
