   103037  40.494438 -124.704004    26.174      -71.7      -62.4      543.9      7.3     11.1     19.7 2020  1  9  2 28 46.420  0.00  21
   103039  40.497042 -124.702629    25.598       44.8      226.8      -31.7      7.7     17.6     28.0 2020  2 13  3 49 16.980  0.00  21
   103041  40.497310 -124.702441    25.539       60.7      256.6      -91.4      7.6     18.1     31.7 2020  2 13  4 46  3.640  0.00  21
   103047  40.494051 -124.703988    26.290      -70.4     -105.3      659.8      8.5     11.2     25.8 2020  3 24  7 13 13.600  0.00  21
   103049  40.493083 -124.703630    25.746      -40.0     -212.8      115.8      6.2     12.1     26.0 2020  4  2  6 14 42.300  0.00  21
   103050  40.493119 -124.703605    25.586      -37.9     -208.8      -43.7      8.3     17.2     38.1 2020  4  2  9 24  2.020  0.00  21
   103052  40.496407 -124.704606    26.796     -122.8      156.3     1166.3      8.4     15.6     24.0 2020  5  2 14 30  4.400  0.00  21
   103053  40.492887 -124.703817    25.781      -55.9     -234.5      151.4      6.8     15.3     19.0 2020  5 26 13 46 53.380  0.00  21
   103054  40.494491 -124.703678    25.891      -44.2      -56.5      260.6      6.3     10.3     18.1 2020  5 27 14 13 23.920  0.00  21
   103056  40.502527 -124.700602    25.336      216.6      835.9     -294.3     18.0     22.5     75.6 2020  6  3  7 51 45.780  0.00  21
   103059  40.499955 -124.701270    26.532      160.0      550.3      902.1     13.1     25.5    576.4 2020  6 26  3 47 36.160  0.00  21
   103060  40.500391 -124.701090    25.187      175.2      598.7     -443.4     19.7     25.1     78.4 2020  7  3  9 58 33.980  0.00  21
   103061  40.498462 -124.701912    25.646      105.6      384.5       16.2      9.3     21.1     45.4 2020  7  8 14  3 32.400  0.00  21
   103063  40.493518 -124.703866    26.077      -60.0     -164.5      446.7      6.3     11.5     22.3 2020  9  7  3 44 39.520  0.00  21
   103068  40.499984 -124.701807    25.157      114.5      553.5     -472.9     11.2     26.6     26.9 2020 10  2  7 32  2.120  0.00  21
   103070  40.499528 -124.701880    25.402      108.3      502.9     -228.3      9.9     19.4     32.6 2020 10 18  5 17 38.540  0.00  21
   103071  40.497831 -124.700407    24.017      233.2      314.5    -1612.0     12.6     32.3     14.9 2020 10 27 13 47 40.740  0.00  21
   103073  40.498608 -124.702157    25.034       84.9      400.8     -595.8      9.1     18.1     57.1 2020 11  6  4 14 13.540  0.00  21
   103074  40.499259 -124.699284    23.544      328.4      473.1    -2086.4     12.9     13.2     16.5 2020 11 15 10  1 52.660  0.00  21
   103075  40.497664 -124.699276    24.545      329.1      296.0    -1084.5     24.9     28.0    109.0 2020 12  2  4 36 19.100  0.00  21
   103076  40.493762 -124.703711    26.159      -46.9     -137.4      528.9      6.0     11.4     20.9 2020 12 17  6 44 45.740  0.00  21
   103077  40.487708 -124.695549    21.302      645.1     -809.7    -4328.2     35.8     48.4     42.3 2021  1 12  2  8 19.400  0.00  21
   103078  40.497347 -124.698291    23.188      412.5      260.7    -2442.2     15.7     12.1     19.4 2021  1 19 17 42 49.980  0.00  21
   103079  40.501522 -124.700985    23.756      184.2      724.3    -1874.4     10.4     17.8     12.2 2021  1 19 18  1 13.300  0.00  21
   103083  40.495723 -124.704321    26.366      -98.7       80.4      736.1      8.8     11.5     20.1 2021  2  1  4 12  8.800  0.00  21
   103084  40.494751 -124.703833    26.183      -57.3      -27.6      552.7      5.6     11.1     19.1 2021  3 23  9 45 54.260  0.00  21
   103086  40.500244 -124.700985    23.839      184.2      582.4    -1791.1     11.3     18.7     12.8 2021  4 26  7  2 45.300  0.00  21
   103089  40.496928 -124.698975    23.947      354.6      214.2    -1683.1     15.6     12.4     19.3 2021  6 15 10 46 43.260  0.00  21
   103090  40.499353 -124.706974    29.088     -323.5      483.5     3457.6     32.7     39.4     84.2 2021  7  4  0  5 36.200  0.00  21
   103091  40.494519 -124.703670    25.964      -43.5      -53.3      334.2      6.6      9.5     25.2 2021  7 13 21 59  0.800  0.00  21
   103092  40.493445 -124.703800    26.023      -54.5     -172.6      393.2      6.0     13.0     24.4 2021  7 18  2  1  4.540  0.00  21
   103093  40.494312 -124.703857    26.300      -59.3      -76.4      670.0      8.0     10.8     25.7 2021  7 21 10 36 48.460  0.00  21
   103097  40.492871 -124.703841    25.971      -58.0     -236.3      341.2      8.7     12.1     26.9 2021 11 22  2 25 23.060  0.00  21
   103098  40.492940 -124.703564    25.804      -34.5     -228.6      174.5      6.2     14.8     17.6 2021 11 22  1 57 48.440  0.00  21
   103099  40.495251 -124.703328    25.640      -14.5       28.0       10.0      7.8     10.8     27.1 2021 11 22 21 23 58.880  0.00  21
   103100  40.502128 -124.698535    23.834      391.8      791.6    -1796.5     11.9     21.6     13.7 2021 11 27 13 33 29.400  0.00  21
   103104  40.498075 -124.700155    23.891      254.6      341.6    -1738.5     14.9     22.9     18.7 2022  1 16 23  2 24.140  0.00  21
   103105  40.493758 -124.703841    26.228      -58.0     -137.8      597.8      5.9     11.7     21.7 2022  2 16 13 34 40.600  0.00  21
   103107  40.499589 -124.702205    25.658       80.7      509.7       28.2     10.9     18.0     33.2 2022  3 12  7 11 15.140  0.00  21
   103108  40.492826 -124.703849    25.784      -58.6     -241.3      153.6      6.0     15.6     29.2 2022  4  4 11 35  9.120  0.00  21
   103110  40.499186 -124.701872    25.073      109.0      464.9     -556.6     10.5     20.0     45.3 2022  4  9 17 16  5.540  0.00  21
   103112  40.493437 -124.703678    25.896      -44.2     -173.5      266.0      6.1     11.9     22.9 2022  5 30 13 48 37.440  0.00  21
   103113  40.493791 -124.703752    25.916      -50.4     -134.2      285.8      6.0     12.4     23.0 2022  5 30 13 30 56.840  0.00  21
   103114  40.493258 -124.703597    25.878      -37.3     -193.4      248.4      6.0     14.1     19.5 2022  5 30 13 39 35.600  0.00  21
   103116  40.501298 -124.705884    26.976     -231.1      699.4     1346.3     13.4     27.9     39.6 2022  6 14  6 34  6.200  0.00  21
   103117  40.493803 -124.703597    25.815      -37.3     -132.8      185.2      6.7     11.5     19.9 2022  6 23 22 54 39.680  0.00  21
   103120  40.494515 -124.703727    26.050      -48.3      -53.8      420.4      5.6     11.3     24.8 2022  9 22  3 48 37.700  0.00  21
   110315  40.493457 -124.703727    25.715      -48.3     -171.2       85.2      5.7      9.7     18.2 2023  5 17 16 10 52.790  2.77  21
