   105071  40.303654 -124.599512    17.713      -67.1    -1280.9      -96.5     18.0     29.4     27.9 2020  1 29  8 12 18.900  0.00  13
   105074  40.316504 -124.599593    17.662      -74.0      145.9     -148.1      9.8     17.4     15.5 2020  2 26  9 21 18.840  0.00  13
   105075  40.313554 -124.601799    17.833     -261.5     -181.6       22.9     12.3     24.4     24.6 2020  2 27  1 15 34.260  0.00  13
   105078  40.314746 -124.597697    18.439       87.2      -49.2      630.3      8.6     21.9     24.9 2020  5  8 11 57 20.220  0.00  13
   105080  40.316064 -124.599015    17.832      -24.9       97.1       21.6      6.6     10.8     10.3 2020  5 26 11 17 44.720  0.00  13
   105081  40.315304 -124.598787    17.992       -5.5       12.7      182.0      7.4     10.3      9.7 2020  6  1 13  3 56.500  0.00  13
   105082  40.309705 -124.597152    17.575      133.5     -609.1     -235.4      9.1     20.3     19.5 2020  6  1 17 15 14.660  0.00  13
   105086  40.316113 -124.600977    17.917     -191.6      102.6      107.2     11.8     19.2     21.7 2020  7 18  0 25 23.860  0.00  13
   105088  40.315584 -124.599349    17.853      -53.3       43.8       43.2      7.5      9.7      9.7 2020  8  9  0  4 25.560  0.00  13
   105092  40.314042 -124.598812    18.003       -7.6     -127.4      192.7      7.7     16.6     11.7 2020 10 16 15 25 53.420  0.00  13
   105093  40.320508 -124.598071    18.555       55.3      590.5      745.0      6.2     16.9     24.9 2020 10 30  5 24 53.820  0.00  13
   105094  40.315446 -124.599316    17.882      -50.5       28.5       71.7      7.4     13.4     12.7 2020 12 12 14 36 59.760  0.00  13
   105097  40.315483 -124.598210    17.805       43.6       32.5       -5.1     11.2     21.1     20.5 2020 12 31 10 57 26.340  0.00  13
   105098  40.314502 -124.601213    17.922     -211.7      -76.4      111.8     10.0     20.0     18.1 2021  1  5  1  7 30.180  0.00  13
   105100  40.315780 -124.599797    17.853      -91.3       65.5       42.6      4.6      8.8      8.8 2021  1 21  1 51 43.340  0.00  13
   105101  40.315788 -124.599422    17.876      -59.5       66.4       65.6      7.1     13.1     13.2 2021  1 22  3 18 43.280  0.00  13
   105102  40.315597 -124.599699    17.867      -83.0       45.2       57.2      6.7     12.6     12.1 2021  1 29 17 49 54.300  0.00  13
   105105  40.315287 -124.599561    17.848      -71.2       10.8       38.2      5.5     10.2      9.7 2021  3 10 21 27  1.460  0.00  13
   105107  40.316166 -124.598145    17.941       49.1      108.4      131.2     13.7     13.7     26.5 2021  3 31  8 30 48.680  0.00  13
   105109  40.314730 -124.599300    17.807      -49.1      -51.1       -3.1      8.5      9.8      9.5 2021  4  2 12 52 12.100  0.00  13
   105111  40.315743 -124.599512    17.856      -67.1       61.4       46.3      7.4     15.2     15.2 2021  4  2 10 30 49.520  0.00  13
   105112  40.316020 -124.599316    17.912      -50.5       92.2      102.3      5.8     10.2      9.6 2021  4  2  9 31 22.380  0.00  13
   105115  40.307475 -124.596680    16.998      173.6     -856.7     -812.1      4.4      9.5      9.3 2021  4  5 20 34 12.380  0.00  13
   105116  40.313692 -124.594808    17.874      332.7     -166.3       63.8     10.9     26.2     23.8 2021  4  5 20 27 26.720  0.00  13
   105119  40.315812 -124.599593    17.861      -74.0       69.1       51.1      6.4     13.1     13.2 2021  4  8  4 25 20.800  0.00  13
   105120  40.314876 -124.599211    17.765      -41.5      -34.8      -44.9      6.7     10.0      9.8 2021  4 10  1  0 55.380  0.00  13
   105122  40.318673 -124.594019    17.460      399.8      386.8     -350.5      5.0     18.7     19.9 2021  4 19  5 59 54.500  0.00  13
   105123  40.314889 -124.599325    17.794      -51.2      -33.4      -15.9      7.8      9.5      9.1 2021  5 14 18 13 50.280  0.00  13
   105128  40.311768 -124.599634    17.775      -77.5     -380.0      -34.6     10.9     15.2     16.5 2021  6 30 20 36 48.360  0.00  13
   105129  40.314164 -124.599146    17.711      -36.0     -113.9      -99.1     11.3     15.5     15.6 2021  7  1 17 16 11.740  0.00  13
   105132  40.314811 -124.597437    17.785      109.3      -42.0      -24.9      9.7     20.7     20.9 2021  7 25  3 57 32.920  0.00  13
   105135  40.316829 -124.599235    17.916      -43.6      182.1      105.9      8.0     13.1     13.3 2021  7 25  8 29 37.560  0.00  13
   105139  40.314486 -124.599121    18.142      -33.9      -78.2      331.8      8.4     10.6     28.7 2021 10 11 11 30 59.120  0.00  13
   105140  40.317887 -124.599536    17.909      -69.2      299.6       98.9     10.0     24.5     19.2 2021 10 12 13 13 42.500  0.00  13
   105141  40.315275 -124.599170    17.828      -38.0        9.5       18.5      7.9      9.5      9.8 2021 10 28 16 43 57.220  0.00  13
   105143  40.318372 -124.600285    17.433     -132.8      353.3     -377.3     14.1     35.3     30.1 2021 11 29 13 22  6.720  0.00  13
   105146  40.315446 -124.598128    17.777       50.5       28.5      -32.6     11.7     13.0     12.4 2021 12 20 20 47 48.480  0.00  13
   105150  40.316671 -124.599984    17.853     -107.2      164.5       43.2      8.9     18.6     17.8 2021 12 20 20 12 39.500  0.00  13
   105152  40.314315 -124.599219    17.836      -42.2      -97.1       25.6      8.0     11.4      8.9 2021 12 21  3 12 38.340  0.00  13
   105153  40.314396 -124.599015    17.911      -24.9      -88.1      100.9      8.1     12.8     10.1 2021 12 21  5 15 42.340  0.00  13
   105154  40.314010 -124.599170    17.920      -38.0     -131.0      109.6      9.0     11.4      8.5 2021 12 21  7 16 24.500  0.00  13
   105159  40.315169 -124.596427    19.268      195.1       -2.3     1457.6      9.6     31.9     24.7 2021 12 21  4 35 57.500  0.00  13
   105161  40.315483 -124.598560    18.378       13.8       32.5      567.7      7.6     17.7     21.2 2021 12 21 13  1 26.020  0.00  13
   105162  40.315474 -124.599284    17.845      -47.7       31.6       35.1      4.6     10.0      9.3 2021 12 21  6 56 17.600  0.00  13
   105163  40.311088 -124.596313    18.882      204.8     -455.4     1072.2      7.9     22.7     32.1 2021 12 21  9  3 55.100  0.00  13
   105166  40.321993 -124.597021    18.573      144.6      755.5      762.6      7.5     12.8     19.8 2021 12 21  3 48  2.300  0.00  13
   105168  40.324638 -124.597485    20.122      105.1     1049.1     2312.0     11.8     22.9     18.2 2021 12 21  1 10 38.460  0.00  13
   105171  40.315401 -124.599186    17.686      -39.4       23.5     -123.8      6.3      9.5     11.3 2021 12 22  6  5  7.120  0.00  13
   105175  40.317086 -124.595573    17.689      267.7      210.6     -120.6      8.1     15.2     15.0 2021 12 22 18 18 17.240  0.00  13
   105177  40.313123 -124.599194    17.707      -40.1     -229.5     -103.4     11.7     18.1     18.2 2021 12 23  1  8 40.000  0.00  13
   105178  40.316044 -124.599398    17.868      -57.4       94.9       58.2      9.0     11.4     11.8 2021 12 23 19 27  9.040  0.00  13
   105179  40.316447 -124.599715    17.894      -84.4      139.6       84.1     10.0     11.3     11.7 2021 12 23 19  4 46.800  0.00  13
   105180  40.314872 -124.599756    17.843      -87.9      -35.2       32.7      8.1     13.8     13.1 2021 12 23 15 40 53.880  0.00  13
   105183  40.318518 -124.593929    17.485      407.4      369.6     -325.1      5.4     20.3     21.9 2021 12 23  3 31 30.920  0.00  13
   105185  40.314437 -124.599292    17.856      -48.4      -83.6       46.2      5.5     11.8     10.1 2021 12 24 14 22 29.520  0.00  13
   105188  40.314030 -124.599089    17.561      -31.1     -128.8     -248.6      6.5      9.9     10.8 2021 12 24  2 49 14.440  0.00  13
   105190  40.315495 -124.593604    17.601      435.1       33.9     -208.9     11.0     20.9     21.2 2021 12 26  7 28 10.580  0.00  13
   105192  40.312984 -124.594670    19.349      344.5     -244.9     1539.4      5.2     29.9     24.9 2021 12 27  2 21 46.320  0.00  13
   105196  40.314347 -124.599202    17.472      -40.8      -93.5     -337.6      9.2     17.6     21.3 2021 12 30 13 35 31.280  0.00  13
   105199  40.303109 -124.598315    17.866       34.6    -1341.5       56.1      4.0     27.8     25.6 2021 12 31 14 50 18.080  0.00  13
   105201  40.314490 -124.597054    18.584      141.8      -77.7      773.7      5.5     12.8     19.4 2022  1  1 10 17 59.220  0.00  13
   105205  40.311845 -124.598649    17.813        6.2     -371.4        2.5     10.7     25.4     24.0 2022  1 10 15 39 12.420  0.00  13
   105206  40.316691 -124.601904    17.758     -270.5      166.7      -51.9     13.0     22.2     23.8 2022  1 14  4 41 49.780  0.00  13
   105207  40.317122 -124.600090    17.913     -116.2      214.6      102.7     12.5     19.2     19.0 2022  1 15  7 19 33.280  0.00  13
   105209  40.315226 -124.599447    17.913      -61.6        4.1      102.6      7.0     12.8     10.8 2022  1 23  8 23 12.840  0.00  13
   105213  40.313875 -124.599634    17.639      -77.5     -145.9     -170.8      5.8      8.5      8.3 2022  2 21 19 46 57.280  0.00  13
   105216  40.314225 -124.599447    17.787      -61.6     -107.1      -22.7      4.8     10.0      7.4 2022  4 21  9  0 55.420  0.00  13
   105219  40.308362 -124.600041    17.518     -112.1     -758.2     -292.4     14.7     41.4     33.3 2022  6  3 20 46  6.960  0.00  13
   105220  40.323136 -124.599341    17.826      -52.6      882.4       16.2     15.2     38.4     30.6 2022  6 29 23 58 10.920  0.00  13
   105223  40.305501 -124.600326    17.687     -136.3    -1075.8     -122.9     16.4     30.4     31.1 2022  9 23  3  2 49.440  0.00  13
   110360  40.315076 -124.599007    17.745      -24.2      -12.7      -64.8      4.9      9.5      9.1 2022 12 31  1  9 23.440  1.24  13
