   108362  40.490894 -124.206665    20.694     -229.7      -48.3     -373.2     43.0     41.8     38.7 2020  7 11 17 19 52.600  0.00  43
   108363  40.491325 -124.206470    20.687     -213.2       -0.5     -380.3     43.1     39.1     38.0 2020  8 12 11 28 24.940  0.00  43
   108364  40.490951 -124.206616    20.693     -225.6      -42.0     -374.1     34.9     38.9     40.5 2020  8 12 11 23 32.820  0.00  43
   108365  40.491089 -124.206152    20.742     -186.3      -26.7     -325.4     67.6     32.5     46.7 2020  8 16 23 21 48.480  0.00  43
   108366  40.490474 -124.206885    20.696     -248.4      -94.9     -371.6     81.2     65.0     60.3 2020 10  4  9 37 29.720  0.00  43
   108367  40.491101 -124.206510    20.705     -216.6      -25.3     -362.3     32.2     21.5     33.0 2020 10  8  4 46 56.680  0.00  43
   108369  40.490955 -124.206567    20.726     -221.5      -41.6     -341.5     33.6     22.9     33.0 2021  2 19  9 54 21.040  0.00  43
   108370  40.491158 -124.206942    20.706     -253.2      -19.0     -361.5     50.1     29.3     33.1 2021  6  1 21 55 42.420  0.00  43
   108373  40.491329 -124.206413    20.643     -208.4        0.0     -424.2     42.6     37.6     29.5 2022  2  7 11 46 35.280  0.00  43
   108374  40.491028 -124.206746    20.703     -236.6      -33.4     -364.5     35.4     20.4     32.1 2022  2 12 15 44 27.500  0.00  43
   108375  40.491134 -124.206340    20.687     -202.2      -21.7     -380.5     46.7     38.6     36.7 2022  4 21 17  7 41.100  0.00  43
   108376  40.491069 -124.206348    20.698     -202.8      -28.9     -369.2     39.3     34.0     33.0 2022  4 22 17 55 41.660  0.00  43
   108378  40.490999 -124.206763    20.704     -238.0      -36.6     -363.7     40.7     29.9     32.3 2022  7 27  4 35 27.980  0.00  43
   108379  40.491516 -124.206576    20.689     -222.2       20.8     -378.5     61.5     30.5     39.4 2022  8  3  6 33 48.060  0.00  43
   108380  40.491451 -124.206502    20.703     -215.9       13.6     -363.9     40.6     30.6     30.5 2022  9  1 10 45  9.880  0.00  43
   108381  40.490999 -124.206689    20.699     -231.8      -36.6     -368.8     35.6     33.4     36.8 2022 11 26 10 34 34.000  0.00  43
   108454  40.483887 -124.237313    19.096    -2828.2     -826.4    -1971.5     44.4     27.6     27.3 2021 12 22  7 38 16.620  0.00  43
   109536  40.490348 -124.199878    22.422      345.7     -108.9     1354.9     41.3     39.7     39.8 2021  3  3 21 43  3.720  0.00  43
   109537  40.490564 -124.199658    22.444      364.3      -84.9     1376.5     58.6     49.7     41.9 2021  9 27  2 58  8.360  0.00  43
   109538  40.489616 -124.200171    22.413      320.8     -190.2     1345.3     71.2     63.1     48.9 2021 12 23 14 37 21.580  0.00  43
   109539  40.490173 -124.199495    22.437      378.1     -128.3     1370.0     53.8     34.3     34.5 2022  9 12  3 59 29.200  0.00  43
   109540  40.490173 -124.199487    22.437      378.8     -128.3     1369.7     53.8     34.7     34.6 2022 10  8  6 41 27.060  0.00  43
   109635  40.499231 -124.185010    21.525     1606.1      877.5      457.8    137.3     50.6     66.5 2021  6  4 21 21 58.240  0.00  43
   109636  40.500049 -124.188639    21.829     1298.4      968.3      762.1     59.8     61.9     74.6 2021 12 20 21 17 32.980  0.00  43
   109637  40.498079 -124.190739    21.695     1120.4      749.6      627.9     98.5     80.6     71.9 2022  5 25  8  4 48.420  0.00  43
   110460  40.486344 -124.182349    20.359     1831.8     -553.5     -708.7     24.3     21.4     31.9 2023  3 15  6  1 38.120  0.94  43
   110498  40.491048 -124.206388    20.708     -206.3      -31.2     -359.1     32.5     22.5     31.1 2023  1 15 11 51 19.200  1.50  43
   110504  40.484082 -124.237126    19.098    -2812.3     -804.7    -1969.7     44.4     27.6     27.3 2023  2  5 13 48 53.130  1.08  43
   110642  40.489237 -124.199919    22.451      342.2     -232.2     1383.5     45.2     40.1     35.2 2023  2 27 12 40  1.270  1.39  43
   110662  40.500151 -124.189640    21.910     1213.5      979.6      842.4     59.0     47.9     55.4 2023  5  9 11 38 20.680  1.02  43
