   105415  40.279806 -124.509220    18.720       -2.1        1.4       29.6     98.9    211.5    283.8 2020 10 14 15 34 41.400  0.00  67
   105416  40.279793 -124.509180    18.680        1.4        0.0      -10.4     67.2    145.3    142.5 2021  4  1  8 19  1.020  0.00  67
   105417  40.278910 -124.509342    18.725      -12.5      -98.0       34.9    105.4    304.0    180.6 2021  5 26 14 28  8.260  0.00  67
   105420  40.279826 -124.509196    18.698        0.0        3.6        8.4     97.2    131.6    180.7 2021 11  1  8 47 28.700  0.00  67
   105423  40.278524 -124.509440    18.732      -20.8     -141.0       42.3    149.6    321.3    248.6 2021 12 21 13 39 48.980  0.00  67
   105425  40.279887 -124.509196    18.689        0.0       10.4       -1.3     99.5    169.9    153.7 2021 12 29 15 42 35.260  0.00  67
   105426  40.280009 -124.509147    18.688        4.2       23.9       -2.2    101.3    221.1    230.6 2021 12 29 15 33 22.240  0.00  67
   105431  40.279744 -124.509212    18.690       -1.4       -5.4        0.4     91.8    158.7    158.8 2022  2  7  7 47 12.980  0.00  67
   105432  40.279956 -124.509163    18.684        2.8       18.1       -6.1     79.8    193.5    135.2 2022  2  7 14 35 53.840  0.00  67
   105435  40.279838 -124.509188    18.677        0.7        5.0      -12.6     81.7    128.4    174.7 2022  5 14 19 48 33.060  0.00  67
   105436  40.279757 -124.509180    18.677        1.4       -4.1      -13.4     70.1    224.4    222.2 2022  5 14 20  5 32.740  0.00  67
   105438  40.280611 -124.508993    18.618       17.3       90.8      -71.6    126.9    170.1    255.0 2022  8  1 20 28 59.300  0.00  67
   105440  40.279765 -124.509204    18.684       -0.7       -3.2       -5.8     77.3    149.9    164.4 2022 11  5 20 49 14.100  0.00  67
   110371  40.279826 -124.509196    18.688        0.0        3.6       -1.8     69.8    134.0    119.7 2023  3 11  3 37 51.890  1.01  67
