   104838  40.291447 -124.388468    21.270       85.1      -28.9     -100.1     39.4     23.3     28.2 2020  1 25 14 20 47.820  0.00  34
   104839  40.291536 -124.388485    21.289       83.7      -19.0      -81.3     39.7     18.9     29.6 2020  1 25 14 22 23.940  0.00  34
   104842  40.291366 -124.387988    21.226      125.9      -38.0     -143.6     41.0     25.5     28.9 2020  3 13 13 44 40.320  0.00  34
   104843  40.294893 -124.388932    21.326       45.7      353.8      -43.6     26.5     66.5     37.0 2020  5 23 16 19  5.400  0.00  34
   104844  40.297880 -124.388802    21.319       56.7      685.4      -51.3     36.1     77.9     44.0 2020  5 24 12  7 13.140  0.00  34
   104845  40.291264 -124.389526    21.374       -4.8      -49.2        4.4     18.0     48.4     17.3 2020  6  5 12  0 20.420  0.00  34
   104848  40.291423 -124.388159    21.258      111.4      -31.6     -112.4     39.0     23.9     43.6 2020 12 25 11 55 38.020  0.00  34
   104849  40.291492 -124.388110    21.255      115.6      -23.9     -114.7     34.5     20.3     34.2 2020 12 25 14 25 57.040  0.00  34
   104850  40.291398 -124.388289    21.257      100.3      -34.3     -113.5     38.8     18.1     47.0 2021  1 13 10  0 21.440  0.00  34
   104851  40.291915 -124.389315    21.351       13.1       23.0      -18.6     26.6     42.4     35.0 2021  2  5 11 24  9.360  0.00  34
   104854  40.290987 -124.389404    21.369        5.5      -80.0       -0.9     22.4     57.5     17.9 2021  9 17  3 49 29.860  0.00  34
   104855  40.291850 -124.389697    21.378      -19.4       15.8        8.0     37.4     70.6     27.3 2021 10 23 10 36 54.840  0.00  34
   104857  40.291626 -124.389209    21.359       22.1       -9.0      -10.9     33.0     69.5     37.9 2021 11 10 22 12  7.100  0.00  34
   104858  40.293970 -124.389502    21.359       -2.8      251.2      -10.6     38.5     79.4     37.0 2021 11 17 11 58 34.440  0.00  34
   104859  40.292004 -124.389771    21.374      -25.6       33.0        4.1     27.2     24.6     39.2 2021 12 20 22 16 24.420  0.00  34
   104862  40.291813 -124.389559    21.370       -7.6       11.7        0.0     25.7     39.2     18.0 2021 12 21  0  0 44.500  0.00  34
   104863  40.291626 -124.389673    21.374      -17.3       -9.0        4.4     24.8     18.7     15.9 2021 12 21  7 32  7.940  0.00  34
   104864  40.291504 -124.389616    21.376      -12.5      -22.6        5.7     19.6     25.5     15.2 2021 12 21  7 32 38.440  0.00  34
   104866  40.291777 -124.389453    21.368        1.4        7.7       -2.0     23.1     33.8     20.6 2021 12 21 13 12 35.900  0.00  34
   104868  40.291589 -124.389657    21.382      -15.9      -13.1       12.3     21.8     36.0     18.0 2021 12 21  7 35 40.760  0.00  34
   104869  40.292289 -124.389559    21.372       -7.6       64.6        1.7     22.9     59.1     15.9 2021 12 21  5 59 26.840  0.00  34
   104870  40.291248 -124.389469    21.367        0.0      -51.1       -3.2     25.4     45.9     19.8 2021 12 21  2 41 56.780  0.00  34
   104872  40.291907 -124.390869    21.478     -119.0       22.1      108.4     36.3     41.0     51.9 2021 12 21  5 35 36.300  0.00  34
   104874  40.292391 -124.388957    21.346       43.6       75.9      -24.4     30.1     96.3     26.4 2021 12 21 13 40 27.300  0.00  34
   104875  40.291073 -124.389502    21.382       -2.8      -70.5       12.0     23.1     50.1     23.0 2021 12 22  2 25 36.120  0.00  34
   104876  40.291170 -124.389575    21.378       -9.0      -59.6        8.4     19.6     41.3     16.4 2021 12 22  4 43 41.600  0.00  34
   104878  40.291398 -124.389575    21.379       -9.0      -34.3        8.8     20.8     35.2     19.5 2021 12 23 13 23  2.200  0.00  34
   104881  40.291923 -124.389486    21.372       -1.4       23.9        2.5     23.4     41.4     17.0 2021 12 31 17  4  4.900  0.00  34
   104884  40.291646 -124.389478    21.375       -0.7       -6.8        4.6     25.4     17.4     18.8 2022  1 28 17 21 49.780  0.00  34
   104885  40.291825 -124.389510    21.376       -3.5       13.1        5.6     24.9     43.1     19.5 2022  1 28 15 57 19.160  0.00  34
   104886  40.292151 -124.389372    21.370        8.3       49.2       -0.1     25.4     52.5     22.4 2022  1 28 15 48 35.980  0.00  34
   104888  40.291357 -124.389673    21.376      -17.3      -38.9        6.1     27.3     50.1     23.7 2022  2 22  1 59 45.720  0.00  34
   104889  40.292277 -124.389673    21.371      -17.3       63.3        1.2     23.1     61.5     32.0 2022  9  2 17 28 49.180  0.00  34
   110352  40.291809 -124.389648    21.372      -15.2       11.3        1.8     18.4     18.0     17.0 2023  3 28  2 26 28.480  2.85  34
