   104315  40.500151 -124.471525    28.817       -6.2       -5.0       -2.6    139.9    196.1    156.9 2020  2 29  6 32  4.220  0.00  44
   104316  40.500146 -124.471436    28.812        1.4       -5.4       -8.4    140.8    152.4    161.1 2020  2 29  5 10 55.440  0.00  44
   104318  40.500028 -124.471606    28.816      -13.1      -18.5       -4.2    167.0    276.4    165.5 2020  3  9  4  5 43.220  0.00  44
   104320  40.499980 -124.471322    28.787       11.0      -23.9      -33.1    176.1    231.6    228.6 2020  4  7 20 37 32.440  0.00  44
   104328  40.500618 -124.471908    28.890      -38.6       47.0       69.7    185.2    142.7    197.6 2020  8 25  0 14 44.680  0.00  44
   104329  40.500163 -124.471493    28.819       -3.4       -3.6       -1.2    128.0    195.7    164.8 2021  2 18  7 41 28.860  0.00  44
   104331  40.500208 -124.471826    28.862      -31.7        1.4       42.2    160.5    252.9    193.1 2021  5  8  9 20 14.780  0.00  44
   104335  40.500114 -124.471379    28.807        6.2       -9.0      -12.7    167.1    168.5    196.0 2021  7  4  9 17 56.000  0.00  44
   104338  40.500948 -124.472591    28.966      -96.6       83.6      145.6    290.8    263.0    303.8 2021  7  9  8 58 26.480  0.00  44
   104341  40.499756 -124.471883    28.842      -36.6      -48.8       22.5    192.5    322.0    184.3 2021  7 22 17  3 20.420  0.00  44
   104346  40.500122 -124.471476    28.815       -2.1       -8.1       -4.7    149.9    156.7    181.8 2021  8 12 22  5 24.040  0.00  44
   104348  40.500094 -124.471273    28.796       15.2      -11.3      -24.0    161.4    178.8    185.0 2021  9  9 17 29 27.180  0.00  44
   104349  40.500146 -124.471419    28.809        2.8       -5.4      -11.1    169.3    170.6    199.5 2021  9 11  3 40  9.640  0.00  44
   104353  40.501082 -124.472990    28.991     -130.4       98.5      171.0    236.6    261.4    278.5 2021  9 25  2 26 47.460  0.00  44
   104355  40.500236 -124.471802    28.851      -29.7        4.5       30.6    173.8    246.5    181.6 2021 10 31  6  6 24.240  0.00  44
   104356  40.500212 -124.471777    28.845      -27.6        1.8       24.9    167.1    239.6    169.4 2021 10 31  6 11 51.880  0.00  44
   104357  40.500195 -124.471476    28.815       -2.1        0.0       -4.6    145.1    160.0    178.9 2021 11 20  7 24  9.400  0.00  44
   104358  40.500130 -124.471436    28.811        1.4       -7.2       -9.4    139.2    154.5    168.9 2021 12 18  9 25 32.000  0.00  44
   104359  40.500334 -124.471623    28.848      -14.5       15.4       28.3    157.1    130.0    150.6 2021 12 18 22 39 54.400  0.00  44
   104360  40.500163 -124.471427    28.815        2.1       -3.6       -4.6    160.0    161.6    187.9 2021 12 18  9  9 50.140  0.00  44
   104364  40.501021 -124.472485    28.958      -87.6       91.7      138.4    255.1    216.6    244.9 2021 12 20 21 52 57.420  0.00  44
   104365  40.500106 -124.471281    28.797       14.5       -9.9      -23.5    159.8    179.9    183.6 2021 12 20 20 20 46.040  0.00  44
   104368  40.500244 -124.471891    28.873      -37.3        5.4       53.3    191.3    300.8    236.2 2022  1 18 19 57 40.240  0.00  44
   104369  40.499849 -124.471370    28.783        6.9      -38.4      -37.0    193.2    257.5    236.0 2022  1 23 14 14 28.080  0.00  44
   104370  40.500618 -124.471631    28.886      -15.2       47.0       65.8    276.9    167.6    180.7 2022  2 18  3 26 35.760  0.00  44
   104371  40.500334 -124.472038    28.894      -49.7       15.4       74.0    215.9    316.9    271.5 2022  3  3  0 51 53.940  0.00  44
   104372  40.500281 -124.471916    28.859      -39.3        9.5       39.2    203.6    288.5    209.9 2022  3 20 12  6 54.320  0.00  44
   104373  40.499369 -124.471110    28.732       29.0      -91.7      -88.0    273.3    336.4    330.8 2022  3 22 20 56 34.200  0.00  44
   110336  40.500085 -124.471297    28.794       13.1      -12.2      -25.8    136.7    164.5    142.7 2022 12 22 20 56 54.800  1.39  44
