   103964  40.354704 -124.452588    28.005       16.6     -187.5       45.2     37.4     56.7     38.5 2020  1 17 21 16  0.740  0.00  63
   103965  40.362948 -124.451074    27.876      145.2      727.9      -84.1     32.9     98.4     48.1 2020  2  4  9 57 27.160  0.00  63
   103967  40.359782 -124.451286    27.877      127.2      376.4      -83.2     34.2     79.3     49.9 2020  2 29 12 17 59.180  0.00  63
   103968  40.356502 -124.452783    27.945        0.0       12.2      -14.6     29.1     36.6     29.5 2020  3 10 15 52 55.420  0.00  63
   103969  40.362484 -124.451172    27.902      136.9      676.4      -57.9     35.6    115.4     37.5 2020  3 18 23  4 33.160  0.00  63
   103972  40.356832 -124.452913    27.975      -11.1       48.8       15.1     27.7     42.8     28.0 2020  3 18 22 23 27.000  0.00  63
   103973  40.356283 -124.452759    27.919        2.1      -12.2      -40.6     30.0     30.1     36.4 2020  3 19  2 51 21.320  0.00  63
   103974  40.356474 -124.452848    27.933       -5.5        9.0      -27.2     25.3     33.1     42.2 2020  3 19  1  6 52.920  0.00  63
   103975  40.355501 -124.452889    27.938       -9.0      -99.0      -21.6     21.8     52.7     34.2 2020  3 19 10  3  1.860  0.00  63
   103977  40.354395 -124.451457    27.830      112.7     -221.8     -129.9     39.5     64.3     43.0 2020  3 19  1 20 46.660  0.00  63
   103978  40.356755 -124.452808    27.944       -2.1       40.2      -15.6     29.4     41.7     32.7 2020  3 19  0  7 36.380  0.00  63
   103979  40.355143 -124.452913    27.918      -11.1     -138.7      -41.8     25.6     57.7     40.6 2020  3 20  6 22  4.300  0.00  63
   103980  40.356421 -124.452848    27.927       -5.5        3.2      -33.5     31.3     39.4     43.7 2020  3 22 20 48 12.080  0.00  63
   103988  40.356075 -124.451807    27.869       83.0      -35.2      -91.5     34.9     70.5     38.3 2022  3 28 20 25 16.460  0.00  63
   103989  40.356620 -124.452865    27.959       -6.9       25.3       -0.8     32.0     49.0     32.4 2022  5 29 17 14 40.200  0.00  63
   110331  40.356222 -124.453215    27.998      -36.6      -19.0       37.6     22.6     34.5     26.3 2023  2 13 12  0 43.360  1.05  63
