   105415  40.279806 -124.509220    18.716       -2.1        1.4       25.7    101.1    216.8    290.2 2020 10 14 15 34 41.400  0.00  67
   105416  40.279793 -124.509180    18.681        1.4        0.0       -9.3     69.0    149.0    146.1 2021  4  1  8 19  1.020  0.00  67
   105417  40.278951 -124.509342    18.723      -12.5      -93.5       33.4    109.1    313.1    186.2 2021  5 26 14 28  8.260  0.00  67
   105420  40.279826 -124.509196    18.697        0.0        3.6        7.1     99.1    136.0    185.0 2021 11  1  8 47 28.700  0.00  67
   105423  40.278479 -124.509456    18.736      -22.1     -145.9       46.3    151.9    330.6    252.4 2021 12 21 13 39 48.980  0.00  67
   105425  40.279871 -124.509196    18.689        0.0        8.6       -0.8    102.2    174.1    157.7 2021 12 29 15 42 35.260  0.00  67
   105426  40.279976 -124.509155    18.688        3.5       20.3       -2.2    104.5    227.1    237.7 2021 12 29 15 33 22.240  0.00  67
   105431  40.279753 -124.509204    18.690       -0.7       -4.5        0.4     95.4    165.1    165.8 2022  2  7  7 47 12.980  0.00  67
   105432  40.279940 -124.509172    18.684        2.1       16.3       -5.7     82.3    198.5    139.3 2022  2  7 14 35 53.840  0.00  67
   105435  40.279834 -124.509188    18.679        0.7        4.5      -11.1     83.9    131.9    178.9 2022  5 14 19 48 33.060  0.00  67
   105436  40.279769 -124.509180    18.678        1.4       -2.7      -11.9     72.3    230.1    227.8 2022  5 14 20  5 32.740  0.00  67
   105438  40.280595 -124.509001    18.622       16.6       89.0      -68.3    134.7    205.8    271.0 2022  8  1 20 28 59.300  0.00  67
   105440  40.279769 -124.509204    18.685       -0.7       -2.7       -5.1     79.4    153.3    168.3 2022 11  5 20 49 14.100  0.00  67
   110371  40.279830 -124.509196    18.688        0.0        4.1       -2.3     72.0    138.3    123.2 2023  3 11  3 37 51.890  1.01  67
