   104481  40.457263 -124.594881    14.832     1458.1     2063.5    -1263.3     56.4     53.3    177.3 2020  3 18 23  8 26.040  0.00  33
   104487  40.457182 -124.595532    14.671     1402.8     2054.5    -1423.7     20.4     41.6     66.3 2020 10  8  1 55 57.720  0.00  33
   104490  40.457446 -124.594401    15.418     1498.8     2083.9     -676.4     64.2     78.7     70.6 2021  5  6 21 17  8.520  0.00  33
   104492  40.456169 -124.595361    14.987     1417.4     1942.0    -1107.7     36.5     84.4    121.0 2021  5 22 23 14 19.040  0.00  33
   104497  40.457048 -124.595565    14.748     1400.1     2039.6    -1347.3     20.9     33.0     47.7 2021  9 11  3  0 21.140  0.00  33
   104498  40.456160 -124.595540    15.106     1402.2     1941.1     -989.0     30.8     44.8     73.9 2021  9 11  3  1  4.800  0.00  33
   104499  40.457202 -124.595052    14.803     1443.6     2056.8    -1292.2     35.9     34.3     92.7 2021 11 16  9  0 22.520  0.00  33
   104500  40.456327 -124.595500    15.057     1405.6     1959.6    -1037.7     31.6     59.1     73.4 2021 12 10 12 25 58.640  0.00  33
   104501  40.457007 -124.595329    14.771     1420.1     2035.1    -1323.8     29.0     31.2     81.9 2021 12 10 12 35 52.640  0.00  33
   104502  40.456160 -124.595500    15.016     1405.6     1941.1    -1078.8     38.7     63.3    134.2 2021 12 20 12 11 43.960  0.00  33
   104507  40.456348 -124.595443    15.187     1410.4     1961.9     -907.4     39.8     70.8     96.1 2022 11 12 18 19 26.940  0.00  33
   104508  40.456291 -124.595614    15.096     1395.9     1955.5     -998.6     56.6     75.8    142.3 2022 11 13 22 28 58.880  0.00  33
   108030  40.443347 -124.586792    20.301     2144.5      518.3     4206.0     65.6    103.3    157.0 2020  3 20  4 57 46.360  0.00  33
   108034  40.443608 -124.587492    21.035     2085.1      547.2     4940.5     99.1    170.9    143.4 2020  4 18  6  9 25.600  0.00  33
   108040  40.441805 -124.586100    20.944     2203.2      347.0     4848.9     68.9    101.4    130.5 2022  5 14  3 53 43.320  0.00  33
   108050  40.443880 -124.586597    20.222     2161.1      577.4     4127.0     76.0    130.8    193.6 2022  9 25  5 36 43.760  0.00  33
   109018  40.425627 -124.625684    15.958    -1155.3    -1449.5     -136.7     51.6     60.2     47.6 2020  9 11 21 15 56.120  0.00  33
   109019  40.425614 -124.625505    15.958    -1140.1    -1450.8     -136.8     37.6     56.1     56.6 2020  9 11 21 24 14.140  0.00  33
   109020  40.424744 -124.625781    16.181    -1163.6    -1547.5       86.2     38.0     54.8     47.2 2021  7 18  4  2  8.360  0.00  33
   109021  40.428451 -124.625692    15.846    -1155.9    -1135.9     -248.7     43.9     57.7     67.2 2022  1  6 16 11 51.780  0.00  33
   109022  40.428101 -124.625578    15.838    -1146.3    -1174.8     -256.6     46.7     54.4     54.6 2022  1  7  3 48 25.000  0.00  33
   109023  40.427222 -124.625773    15.877    -1162.8    -1272.4     -217.5     50.9     69.4     96.2 2022  7 28 23 32 44.180  0.00  33
   109024  40.425297 -124.625822    16.169    -1167.0    -1486.1       74.4     40.7     55.9     80.0 2022  9  3  4 53  8.380  0.00  33
   109025  40.424662 -124.625366    16.815    -1128.3    -1556.6      720.5     55.8     85.8    121.5 2022  9 26 20 40 26.760  0.00  33
   109026  40.429631 -124.624666    15.546    -1068.9    -1004.9     -549.2     40.3     84.9    100.8 2022 11  8 12 31 51.720  0.00  33
   109720  40.414404 -124.650277    13.369    -3242.3    -2695.7    -2725.8     89.5    111.5    239.3 2021  7 23  3 43  1.120  0.00  33
   109722  40.413147 -124.650765    14.655    -3283.8    -2835.3    -1440.1     49.0     86.9    195.8 2022  5 16 16 24 49.400  0.00  33
   109723  40.410034 -124.651180    14.631    -3319.1    -3180.9    -1463.4     59.3     99.3    208.2 2022  5 16 16 26 37.480  0.00  33
   110340  40.457072 -124.595540    14.716     1402.2     2042.3    -1378.9     17.1     36.6     67.1 2023  5 28 21 51 34.820  1.43  33
   110473  40.442155 -124.586597    21.161     2161.1      385.9     5065.8     60.2     92.7     96.3 2022 12 29 18 28  9.820  1.32  33
   110585  40.427380 -124.625635    15.886    -1151.1    -1254.7     -208.8     41.1     44.7     46.8 2023  1 23  1 44 26.910  2.18  33
   110680  40.412675 -124.649398    16.603    -3167.8    -2887.7      508.1     54.6     89.2    148.6 2022 12 20 19 17  5.280  2.32  33
   110800  40.454268 -124.584473    19.130     2341.1     1731.0     3035.3     67.4    109.1    133.7 2023  4  2 19 37 29.680  0.86  33
