   100045  40.492041 -124.338045    19.036      -11.7        8.6       15.8     10.2     12.2     13.8 2021  8 26 18 32 24.440  0.00  11
   100046  40.491874 -124.337826    19.007        6.9       -9.9      -13.5     11.3      9.3     12.9 2021  8 26 19 24  2.720  0.00  11
   100064  40.491085 -124.333740    18.663      353.2      -97.6     -357.0     32.1     25.9     28.7 2021 12 20 21 52  7.440  0.00  11
   100066  40.491935 -124.337866    19.015        3.4       -3.2       -5.5     12.8     10.0     14.4 2021 12 21 21 30 51.420  0.00  11
   100067  40.491996 -124.337801    19.016        9.0        3.6       -4.0     12.7     10.0     14.2 2021 12 21 12 55 53.380  0.00  11
   100068  40.492061 -124.337842    19.013        5.5       10.8       -7.1     12.9     11.6     12.3 2021 12 21 12 45 57.660  0.00  11
   100069  40.491878 -124.337891    19.007        1.4       -9.5      -13.3     12.2      9.6     13.0 2021 12 21 12 37 28.080  0.00  11
   100070  40.491984 -124.337785    19.013       10.3        2.3       -6.6     13.0     10.6     14.6 2021 12 21 13 17 10.920  0.00  11
   100072  40.491980 -124.338216    19.026      -26.2        1.8        6.1     13.9     12.7     11.0 2021 12 21 12 47 57.820  0.00  11
   100086  40.492041 -124.337972    19.029       -5.5        8.6        8.7     11.4      9.5     12.3 2021 12 22  5 15 45.380  0.00  11
   100092  40.491874 -124.337948    19.014       -3.4       -9.9       -5.8     13.8     11.0     15.6 2021 12 23 12 18 27.560  0.00  11
   100099  40.491951 -124.337834    19.010        6.2       -1.4      -10.0     12.0      9.5     12.6 2021 12 26 10 40 33.820  0.00  11
   100101  40.492159 -124.337874    19.043        2.8       21.7       23.4     11.8     11.7     14.8 2021 12 28 20 37  0.280  0.00  11
   100106  40.491964 -124.338159    19.022      -21.4        0.0        1.8     13.1     12.5     11.5 2021 12 31 19 14 39.200  0.00  11
   100107  40.491915 -124.338151    19.022      -20.7       -5.4        1.6     13.1     13.3     12.6 2021 12 31 19 57 44.880  0.00  11
   100108  40.492086 -124.337817    19.022        7.6       13.6        2.2     13.2     11.3     12.3 2021 12 31 15  4  0.320  0.00  11
   100110  40.491846 -124.338078    19.003      -14.5      -13.1      -16.6     12.5     13.5     14.3 2021 12 31 20 59 57.000  0.00  11
   100114  40.492159 -124.337720    19.026       15.9       21.7        5.7     13.9     12.8     11.9 2021 12 31 23 29 55.280  0.00  11
   100115  40.491947 -124.338200    19.015      -24.8       -1.8       -5.5     14.2     16.7     19.4 2021 12 31 21  9 58.240  0.00  11
   100116  40.491951 -124.338192    19.015      -24.1       -1.4       -5.4     13.9     16.1     19.2 2021 12 31 21 35 51.300  0.00  11
   100117  40.492330 -124.337728    19.039       15.2       40.7       18.9     16.4     15.3     12.0 2021 12 31 20 55  7.260  0.00  11
   100120  40.492053 -124.338135    19.023      -19.3        9.9        2.7     13.6     16.3     20.1 2021 12 31 21 53 53.900  0.00  11
   100121  40.491870 -124.338338    19.020      -36.6      -10.4        0.2     16.1     16.5     14.7 2021 12 31 22 47 38.720  0.00  11
   100123  40.492257 -124.337720    19.039       15.9       32.5       19.0     15.5     14.0     12.7 2021 12 31 21 19 47.040  0.00  11
   100124  40.492293 -124.337524    19.040       32.4       36.6       19.6     18.5     16.7     16.1 2021 12 31 22 39 32.540  0.00  11
   100127  40.491972 -124.338005    19.011       -8.3        0.9       -8.6     11.6     12.4     12.8 2021 12 31 21 23 57.420  0.00  11
   100128  40.491956 -124.338265    19.017      -30.4       -0.9       -2.7     15.1     18.0     21.5 2021 12 31 23 19 30.920  0.00  11
   100129  40.491960 -124.338249    19.018      -29.0       -0.5       -2.4     14.7     17.7     21.2 2021 12 31 21 37 52.420  0.00  11
   100134  40.492285 -124.337435    19.035       40.0       35.7       14.9     18.2     15.5     14.0 2021 12 31 21 16 16.260  0.00  11
   100143  40.492322 -124.337679    19.038       19.3       39.8       18.2     16.4     15.3     12.4 2021 12 31 20 59 17.960  0.00  11
   100148  40.492025 -124.337801    19.023        9.0        6.8        3.1     11.0     10.3     14.2 2021 12 31 21  8 19.840  0.00  11
   100178  40.492924 -124.337516    19.064       33.1      106.6       44.3     23.7     25.3     23.2 2021 12 31 21  3 45.720  0.00  11
   100182  40.492216 -124.337646    19.031       22.1       28.0       11.3     15.0     14.0     12.0 2022  1  1 11  0 43.600  0.00  11
   100185  40.491707 -124.338102    18.995      -16.6      -28.5      -24.8     16.5     14.1     12.2 2022  1  1 18 22 21.660  0.00  11
   100190  40.492338 -124.337598    19.029       26.2       41.6        8.8     16.8     16.2     13.4 2022  1  1  0 10 48.480  0.00  11
   100192  40.491964 -124.338037    19.009      -11.0        0.0      -10.7     11.2     12.8     15.7 2022  1  1  0 27 55.780  0.00  11
   100204  40.492098 -124.337386    19.011       44.2       14.9       -9.4     19.6     18.3     21.2 2022  1  1 16 47 26.520  0.00  11
   100206  40.492273 -124.337614    19.039       24.8       34.3       18.7     17.1     15.5     15.2 2022  1  1 16 43 47.340  0.00  11
   100207  40.492281 -124.337598    19.040       26.2       35.2       20.2     17.8     16.0     15.7 2022  1  1  8 28  6.960  0.00  11
   100217  40.492273 -124.337614    19.040       24.8       34.3       19.9     17.6     15.4     15.4 2022  1  1  6 41  0.200  0.00  11
   100224  40.492419 -124.337720    19.027       15.9       50.6        7.1     20.2     19.6     23.9 2022  1  1 15  9 42.160  0.00  11
   100253  40.491960 -124.338200    19.028      -24.8       -0.5        8.4     13.2     12.9     12.2 2022  1  2  2 34 13.020  0.00  11
   100259  40.492379 -124.337581    19.031       27.6       46.1       10.9     17.2     16.5     13.1 2022  1  2  3  0 10.440  0.00  11
   100304  40.491850 -124.337923    19.009       -1.4      -12.7      -11.2     14.5     11.5     15.5 2022  1  6 12  5 41.240  0.00  11
   100308  40.492220 -124.337606    19.032       25.5       28.5       11.9     14.9     13.7     12.1 2022  1  6 20 13 30.520  0.00  11
   100314  40.492354 -124.337297    19.015       51.7       43.4       -4.6     20.9     19.1     14.7 2022  1  6  8 13  8.760  0.00  11
   100328  40.491801 -124.337541    19.008       31.0      -18.1      -11.6     12.5     13.9     16.0 2022  1  7  1 20 21.340  0.00  11
   100337  40.492163 -124.337655    19.030       21.4       22.1       10.3     16.6     14.9     17.0 2022  1  9 19 50 37.000  0.00  11
   100342  40.486080 -124.335164    18.679      232.5     -653.4     -340.7     44.8    102.1     84.5 2022  1  9 22  8 42.720  0.00  11
   100344  40.492362 -124.337451    19.026       38.6       44.3        6.2     18.5     17.2     15.3 2022  1 10  3 24 18.400  0.00  11
   100347  40.492021 -124.338151    19.036      -20.7        6.3       16.0     12.3     11.9     12.5 2022  1 11 16 49 23.060  0.00  11
   100350  40.492257 -124.337606    19.030       25.5       32.5       10.2     15.4     14.3     11.8 2022  1 13  3 20 48.560  0.00  11
   100353  40.492135 -124.337573    19.017       28.3       19.0       -3.3     16.5     14.7     14.1 2022  1 14  7 11 12.220  0.00  11
   100357  40.491809 -124.338395    19.015      -41.4      -17.2       -5.4     17.3     17.4     15.5 2022  1 15  8 56 29.000  0.00  11
   100367  40.491667 -124.338175    19.002      -22.8      -33.0      -18.4     16.4     16.2     11.4 2022  1 18  3 51 51.180  0.00  11
   100375  40.491878 -124.338086    19.021      -15.2       -9.5        0.8     15.7     10.6     14.2 2022  1 20  2 30 19.360  0.00  11
   100385  40.491781 -124.337980    19.001       -6.2      -20.3      -18.8     15.9     13.3     16.5 2022  1 22  7 52  7.580  0.00  11
   100396  40.491935 -124.337752    19.017       13.1       -3.2       -2.9     13.7     11.3     17.0 2022  1 26  5 31  8.980  0.00  11
   100410  40.491772 -124.338053    19.002      -12.4      -21.2      -17.8     15.9     13.0     15.2 2022  1 28 14 42  3.420  0.00  11
   100411  40.492464 -124.337712    19.028       16.6       55.6        7.5     22.0     20.5     25.5 2022  1 28 15 13 34.140  0.00  11
   100413  40.491858 -124.338232    18.990      -27.6      -11.7      -29.7     17.0     18.8     23.9 2022  1 28 23 37 47.680  0.00  11
   100418  40.491756 -124.338224    19.017      -26.9      -23.0       -2.6     15.3     15.6     12.9 2022  1 30 14  9  6.460  0.00  11
   100424  40.491508 -124.338452    18.998      -46.2      -50.6      -22.5     24.8     19.5     15.4 2022  1 31  3 44  9.420  0.00  11
   100444  40.492061 -124.337573    19.012       28.3       10.8       -8.0     16.1     14.6     17.5 2022  2 12 11 58 56.260  0.00  11
   100446  40.491797 -124.338444    19.023      -45.5      -18.5        2.7     17.9     19.1     17.2 2022  2 13  7 26 59.800  0.00  11
   100462  40.492061 -124.337557    19.010       29.7       10.8       -9.7     16.4     15.1     17.8 2022  2 23  8 39 44.380  0.00  11
   100464  40.491911 -124.337931    19.023       -2.1       -5.9        2.9     11.3      9.4     15.3 2022  2 24 10 51 31.540  0.00  11
   100470  40.491821 -124.338216    19.027      -26.2      -15.8        6.8     15.5     13.2     14.6 2022  3  1  0  4 49.940  0.00  11
   100477  40.492045 -124.338053    19.030      -12.4        9.0       10.1     11.5     10.9     11.8 2022  3 15 19 13 55.500  0.00  11
   100483  40.491951 -124.338094    19.005      -15.9       -1.4      -14.5     14.2     12.9     18.3 2022  3 23 22 33 50.700  0.00  11
   100492  40.492065 -124.337565    19.013       29.0       11.3       -7.5     16.3     14.6     17.5 2022  4  8 18 15 50.020  0.00  11
   100505  40.492029 -124.337720    19.023       15.9        7.2        3.3     16.1     14.0     19.3 2022  5 29  1 15 33.020  0.00  11
   100517  40.492586 -124.337345    19.044       47.6       69.1       23.6     23.4     21.7     20.8 2022  8 22 11 28 24.380  0.00  11
   100521  40.491838 -124.338167    19.022      -22.1      -14.0        1.5     14.6     13.2     13.1 2022 10  9  0 31 56.300  0.00  11
   110287  40.491964 -124.337939    19.020       -2.8        0.0        0.2     10.8      9.9     11.0 2022 12 19 13 16 26.360  0.85  11
