   102927  40.324809 -124.624919    11.893    -5802.1     3599.7    -1532.6      7.5     25.8     14.2 2020  1  9 16 12 46.120  0.00   5
   102930  40.328662 -124.623617     9.875    -5691.3     4027.6    -3551.3      5.5     10.5      8.7 2020  7 10 11 40 51.780  0.00   5
   102931  40.329008 -124.623104     9.888    -5647.7     4066.0    -3537.7      5.2     10.9     10.2 2020 10  2  5 29 51.580  0.00   5
   102932  40.328866 -124.623088     9.701    -5646.3     4050.2    -3725.4      4.9      9.9      6.9 2020 12 29 18 56 53.340  0.00   5
   102933  40.329932 -124.620776     9.118    -5449.8     4168.5    -4308.2      8.4     28.4     17.3 2021  2 19 14 49 13.520  0.00   5
   102934  40.357568 -124.624740     8.490    -5785.5     7237.3    -4936.0     10.9     41.8     27.5 2021  8 23 20 46 18.340  0.00   5
   102935  40.328304 -124.621785     9.301    -5535.6     3987.8    -4125.2      8.4     17.0     15.9 2021 10 19  7 54 31.220  0.00   5
   102936  40.328882 -124.623014     9.721    -5640.1     4052.0    -3705.4      5.4      9.4      6.1 2021 11  9 11 28 29.120  0.00   5
   102937  40.328923 -124.623714    10.035    -5699.6     4056.5    -3391.3      6.3     14.3     14.1 2021 11 28 21 38 37.840  0.00   5
   102939  40.328768 -124.622925     9.694    -5632.5     4039.3    -3732.0      5.7     10.8      7.1 2021 12 21 23 30 13.180  0.00   5
   102940  40.320158 -124.622371    11.399    -5585.8     3083.3    -2026.7      8.7     31.6     29.3 2021 12 23  8 43 26.880  0.00   5
   102944  40.328739 -124.621908    10.275    -5546.0     4036.1    -3151.1      7.9     18.1     27.3 2022  1 19  8 10 37.440  0.00   5
   102946  40.329093 -124.622900     9.485    -5630.4     4075.5    -3941.0      4.3      9.2      9.7 2022  4 11  4  4 28.440  0.00   5
   102948  40.325944 -124.621745     9.594    -5532.3     3725.7    -3831.7     15.0     22.5     18.5 2022  4 19  9 28 33.920  0.00   5
   102949  40.327230 -124.623657    10.414    -5694.8     3868.5    -3011.7      7.6     13.4     22.8 2022  5  2 22 28 32.800  0.00   5
   102950  40.328735 -124.622510     8.987    -5597.2     4035.7    -4439.4      9.9     11.8     18.1 2022  6 24  0 54  1.540  0.00   5
   102951  40.327881 -124.626514     9.994    -5937.6     3940.8    -3431.6     13.9     12.6      8.8 2022  7 14 16 54 29.000  0.00   5
   102952  40.328837 -124.624512    10.002    -5767.4     4047.0    -3423.7      6.6     12.9     14.4 2022  7 22 12 35 35.500  0.00   5
   102953  40.343844 -124.621191     8.580    -5484.5     5713.3    -4845.7     13.7     30.8     29.5 2022  9 19  8 27  9.760  0.00   5
   102955  40.324438 -124.621313     9.486    -5495.7     3558.6    -3940.3     12.9     26.0     22.9 2022 10  7  7 29 37.760  0.00   5
   102957  40.293502 -124.557666    14.602      -85.1      123.3     1175.5      6.8     30.7     26.5 2020  1  9  0 25 18.340  0.00   5
   102958  40.298271 -124.558114    14.993     -123.2      652.9     1567.4      7.5     18.0     15.7 2020  1  9  5 40 55.020  0.00   5
   102959  40.295353 -124.556689    14.892       -2.1      328.9     1465.8      8.6     14.8     17.7 2020  1 10 16 19 54.400  0.00   5
   102961  40.296419 -124.556934    14.739      -22.8      447.3     1312.9      9.2     16.5     22.3 2020  5 11  5 18  3.180  0.00   5
   102962  40.255469 -124.559180    13.480     -213.9    -4099.9       54.3      2.0     10.2      6.0 2020  5 21 20 27  9.960  0.00   5
   102963  40.294625 -124.557878    18.686     -103.1      248.1     5259.9      5.7     19.3    175.7 2020  6 26 12 41 46.880  0.00   5
   102966  40.294348 -124.557121    14.986      -38.7      217.3     1559.8      5.7     17.5     19.1 2020  9 15 23 23  4.260  0.00   5
   102967  40.296436 -124.557674    14.507      -85.8      449.1     1081.3      6.0     16.3     30.2 2020  9 26 13 45 23.380  0.00   5
   102968  40.300354 -124.558854    12.835     -186.1      884.2     -591.0     12.1     25.2     48.5 2020 10  7 23 57 11.980  0.00   5
   102969  40.295410 -124.557796    14.545      -96.2      335.3     1118.7      5.6     13.1     22.2 2021  3 21  4 39 28.380  0.00   5
   102970  40.294942 -124.557284    14.868      -52.6      283.3     1442.2      5.4     16.9     18.2 2021  5 26  0 52 22.700  0.00   5
   102971  40.286873 -124.559155    14.144     -211.7     -612.7      718.2     10.1     51.1     41.4 2021  6  7  3 30 47.660  0.00   5
   102972  40.297176 -124.558114    13.669     -123.2      531.3      243.2     12.5     25.6     24.6 2021  6 26 19 49 41.240  0.00   5
   102974  40.254956 -124.559196    13.460     -215.3    -4156.8       33.7      1.3      6.8      3.3 2021  8 18  7 53 43.320  0.00   5
   102976  40.293526 -124.557690    14.441      -87.2      126.1     1014.7      6.1     23.0     29.2 2021 10 14 12 29 46.820  0.00   5
   102977  40.254203 -124.559212    13.431     -216.6    -4240.4        5.4      2.2     11.0      6.6 2021 12  9 17 52 24.880  0.00   5
   102978  40.294108 -124.557699    15.016      -87.9      190.7     1590.3      7.6     18.6     22.4 2021 12 20 14 26 22.420  0.00   5
   102979  40.297294 -124.556893    14.872      -19.4      544.4     1445.6      7.7     16.8     24.0 2022  1  5 13 58 42.900  0.00   5
   102981  40.291972 -124.557796    14.290      -96.2      -46.5      864.3      7.2     25.2     34.2 2022  2 19 22 27 17.340  0.00   5
   102982  40.294234 -124.557031    15.496      -31.1      204.7     2070.5     12.1     19.5     32.9 2022  4 22 22 11  8.700  0.00   5
   102983  40.296908 -124.557397    14.795      -62.3      501.5     1368.9      7.4     17.2     18.7 2022  5 14  6  2 12.840  0.00   5
   102984  40.294405 -124.557454    14.933      -67.1      223.7     1507.5      5.9     19.6     17.2 2022  5 27 21 21 41.400  0.00   5
   102986  40.298466 -124.558390    12.720     -146.7      674.6     -705.6     10.0     20.6     51.0 2022  6 10  0 40 50.580  0.00   5
   102987  40.294763 -124.557430    15.033      -65.0      263.4     1606.6      6.8     17.1     19.8 2022  6 11  1 51  4.680  0.00   5
   102988  40.296130 -124.557340    14.805      -57.4      415.2     1379.3      5.8     14.6     17.2 2022  7 24 10  6 19.260  0.00   5
   102989  40.296273 -124.556844    14.849      -15.2      431.0     1423.4      6.7     13.9     14.8 2022  8 12  8 51 14.040  0.00   5
   102990  40.289771 -124.558228    14.723     -132.9     -291.0     1297.1     13.2     46.4     25.7 2022  8 26  5 13 30.220  0.00   5
   105011  40.280469 -124.534147    16.147     1914.8    -1323.8     2721.5     14.8     50.0     33.8 2021  9 14 19 33 56.900  0.00   5
   105019  40.286153 -124.534603    16.000     1876.0     -692.6     2574.4     11.0     35.3     21.8 2021 12 17 16 25 12.180  0.00   5
   105020  40.293351 -124.531315    16.600     2155.5      106.6     3174.5      5.3     26.6     10.1 2021 12 21  3 42 22.440  0.00   5
   105021  40.293363 -124.531388    16.581     2149.2      108.0     3155.0      5.3     26.5     10.1 2021 12 21  3 24 24.160  0.00   5
   105023  40.288017 -124.532878    16.183     2022.7     -485.7     2756.9     11.6     23.1     25.8 2021 12 21 14 59  6.880  0.00   5
   105029  40.286198 -124.534635    15.987     1873.2     -687.7     2561.4     10.5     34.9     21.9 2021 12 21 16 17 37.440  0.00   5
   105030  40.276855 -124.527539    17.761     2476.8    -1725.1     4335.2     25.3     56.9     30.4 2021 12 21  5  0 54.580  0.00   5
   105031  40.290800 -124.536906    15.319     1680.1     -176.7     1892.7     15.0     47.7     27.6 2021 12 21 12 38 45.420  0.00   5
   105033  40.294808 -124.532479    16.830     2056.5      268.4     3404.2     20.1     52.7     29.7 2021 12 21  9 13 54.680  0.00   5
   105038  40.283455 -124.533089    17.150     2004.8     -992.2     3723.9     16.4     36.3     20.2 2021 12 26  7 58 23.160  0.00   5
   105039  40.294759 -124.533171    17.335     1997.7      263.0     3909.2     17.4     45.4     29.6 2021 12 27  5 43 54.680  0.00   5
   105041  40.291715 -124.534595    16.268     1876.6      -75.0     2842.1     13.1     40.7     18.9 2022  2 11 20 35 36.260  0.00   5
   105043  40.293327 -124.531388    16.584     2149.2      103.9     3158.5      5.3     26.6     10.3 2022  4 21  0 49 10.600  0.00   5
   105368  40.289115 -124.539201     9.972     1485.0     -363.7    -3453.8     10.8     18.5     30.8 2020  2  1  1 58 46.340  0.00   5
   105369  40.290531 -124.538672    10.853     1530.0     -206.5    -2572.9      9.9     19.3     35.5 2020  4 19 18  7 57.940  0.00   5
   105370  40.273405 -124.534562    15.763     1879.6    -2108.2     2337.1     27.1     40.3     70.7 2020  8 14 11 27 29.760  0.00   5
   105371  40.277246 -124.537410    12.859     1637.4    -1681.7     -567.0     13.5     28.9     34.7 2020  9 12 12 44  3.120  0.00   5
   105374  40.281657 -124.539315    13.481     1475.4    -1191.9       55.4     10.0     25.0     28.4 2021  9 13 23  5 20.040  0.00   5
   105376  40.285697 -124.537533    10.561     1626.9     -743.3    -2865.2     10.8     21.0     33.6 2021 10 28 10 57 51.840  0.00   5
   105377  40.289107 -124.539233    11.063     1482.2     -364.6    -2363.4     11.2     20.1     31.4 2021 11 15  6 11 30.560  0.00   5
   105379  40.289579 -124.539136    10.871     1490.5     -312.2    -2555.2      9.3     25.4     27.8 2022  1 31 19  7 30.320  0.00   5
   105380  40.288143 -124.538916    11.134     1509.2     -471.7    -2291.9      7.2     15.3     26.8 2022  5  7 21  0 16.060  0.00   5
   105381  40.292167 -124.537557    11.667     1624.7      -24.9    -1759.0     17.6     44.7     33.0 2022  6  7  9 50 42.720  0.00   5
   105383  40.287337 -124.537793    10.634     1604.7     -561.2    -2792.4      9.5     17.1     27.7 2022  8 18 13 36  2.300  0.00   5
   106680  40.274272 -124.556649    17.616        1.4    -2012.0     4189.7      8.5     19.7     15.2 2020  2 22 19  6 52.320  0.00   5
   106684  40.274768 -124.556917    17.643      -21.5    -1956.9     4216.6      6.9     10.7     11.9 2020  7 11  9 46  0.560  0.00   5
   106685  40.275102 -124.557039    17.624      -31.8    -1919.8     4198.0      7.2     14.9     12.7 2020  7 24 16 55 42.900  0.00   5
   106687  40.274011 -124.557324    17.642      -56.1    -2040.9     4216.0      7.0     14.2     16.6 2020 10  2  4 24 47.100  0.00   5
   106695  40.274365 -124.557389    17.650      -61.6    -2001.6     4223.8      5.8     12.3     11.9 2021  7 16  7  9  5.340  0.00   5
   106696  40.275216 -124.557747    17.610      -92.0    -1907.2     4184.2      8.8     16.9     16.0 2021  7 18  4 33 15.200  0.00   5
   106697  40.275631 -124.557463    17.568      -67.8    -1861.1     4141.6      6.2     14.2     14.0 2021  7 27 10 19 27.640  0.00   5
   106700  40.285510 -124.558138    16.746     -125.3     -764.0     3320.1     17.8     40.9     59.7 2021  8 24 13 36 31.660  0.00   5
   106702  40.277197 -124.557780    17.372      -94.8    -1687.1     3946.3      5.6     18.7     18.9 2021 10 21 19  2  0.520  0.00   5
   106706  40.274190 -124.556510    17.600       13.1    -2021.0     4174.0      8.2     24.2     15.7 2021 12 21  0 21 19.000  0.00   5
   106710  40.276086 -124.557316    17.504      -55.4    -1810.5     4077.7      7.5     25.1     17.9 2022  1  6 21 12 58.500  0.00   5
   106711  40.274178 -124.557438    17.645      -65.7    -2022.4     4219.0      7.2     13.2     13.4 2022  1 23 11 45  1.040  0.00   5
   106713  40.273250 -124.558081    17.615     -120.4    -2125.4     4189.0     11.6     19.7     17.4 2022  3  7 10 52 39.260  0.00   5
   106714  40.273572 -124.557340    17.634      -57.4    -2089.7     4207.9      5.8     14.3     11.1 2022  4  6 12 30 20.240  0.00   5
   106716  40.270516 -124.555697    17.995       82.4    -2429.0     4569.0      7.0     15.4     10.9 2022  6  3  4 32 25.640  0.00   5
   106718  40.277315 -124.558268    17.061     -136.3    -1674.0     3634.9     10.6     30.1     28.3 2022  6 15 20 50 14.340  0.00   5
   106719  40.272046 -124.556600    17.937        5.5    -2259.1     4510.6     11.6     23.7     22.8 2022  8  6  0 50 42.000  0.00   5
   106720  40.276099 -124.558032    17.470     -116.3    -1809.1     4044.4      9.0     18.6     17.4 2022  8 11  6 16 43.060  0.00   5
   106721  40.284367 -124.558553    17.020     -160.5     -891.0     3593.9     13.5     26.0     23.1 2022  8 21 10 39 36.560  0.00   5
   106722  40.275732 -124.557161    17.585      -42.2    -1849.8     4158.6      7.0     19.9     22.5 2022  9 18 22 30 39.860  0.00   5
   106724  40.276465 -124.556844    17.721      -15.2    -1768.4     4294.8      7.1     20.4     16.0 2022 11 23 23 40 19.840  0.00   5
   107850  40.305790 -124.541007    19.194     1331.2     1487.9     5768.0     11.8     51.6     15.8 2020  3 18 10 33 16.280  0.00   5
   107851  40.295532 -124.543400    19.677     1127.9      348.8     6250.9      9.6     28.9     24.4 2020  7 23  7 57 52.860  0.00   5
   107854  40.303861 -124.544702    18.577     1017.1     1273.7     5151.0      5.2     22.1     12.7 2021  2 23 21 22 50.460  0.00   5
   107855  40.307922 -124.544238    18.202     1056.5     1724.6     4775.6      6.7     28.4     25.3 2021  3  1 21 39  8.000  0.00   5
   107856  40.303625 -124.546419    18.623      871.1     1247.5     5196.6     10.5     28.3     17.2 2021  5 30 21 13 23.020  0.00   5
   107857  40.302437 -124.545622    18.110      938.9     1115.6     4684.0     10.6     23.6     26.1 2021  8 10 16 52 12.400  0.00   5
   107858  40.304484 -124.545272    18.334      968.7     1342.8     4908.2      6.1     15.9     17.1 2021 10 30 23 24 21.000  0.00   5
   107859  40.302165 -124.544840    18.860     1005.4     1085.3     5434.3      9.9     20.7     23.5 2021 10 31  0  6 14.000  0.00   5
   107860  40.302588 -124.545190    18.637      975.6     1132.3     5211.4      7.3     15.2     14.9 2021 11  1  0  2 32.120  0.00   5
   107863  40.303666 -124.544865    18.356     1003.3     1252.0     4930.1      6.5     12.7     16.0 2021 12 11 17 33  8.300  0.00   5
   107867  40.301164 -124.546240    18.551      886.3      974.1     5125.2      9.3     30.9     15.0 2022  8 11  3 22 48.620  0.00   5
   107868  40.302165 -124.545076    18.666      985.3     1085.3     5240.1      8.2     23.1     16.8 2022 10  5 10 28  0.800  0.00   5
   107869  40.304989 -124.542733    18.558     1184.5     1398.8     5132.2     11.9     29.9     16.1 2022 10 29  1 50 33.240  0.00   5
   108328  40.363147 -124.569613     6.694    -1100.3     7856.8    -6731.5     26.5     37.2    138.4 2020  4  5  1 31 54.900  0.00   5
   108329  40.329773 -124.568180     3.012     -978.9     4150.9   -10413.6      3.5     11.5      4.9 2020 12 28 14 19 23.260  0.00   5
   108330  40.335860 -124.569100     4.195    -1057.0     4826.8    -9231.3      4.5     19.1     15.8 2021  2  8 21 55 39.180  0.00   5
   108331  40.329362 -124.568766     3.125    -1028.7     4105.3   -10301.3      3.7     11.2      6.3 2021  5 31 14 18  8.300  0.00   5
   108334  40.330290 -124.567839     3.010     -949.8     4208.3   -10416.1      5.0     12.2      6.6 2022  1 23  9 42 53.580  0.00   5
   108336  40.329891 -124.568066     2.980     -969.2     4164.0   -10446.0      3.8     10.2      5.2 2022  8 25  9 19 46.880  0.00   5
   108337  40.333341 -124.567896     3.089     -954.6     4547.2   -10337.0      5.5     22.1      8.1 2022  8 30 16 15 52.160  0.00   5
   108338  40.338664 -124.568490     3.905    -1005.1     5138.1    -9520.7      6.0     27.6     12.4 2022  8 31 20 32 49.120  0.00   5
   108522  40.291736 -124.519637     9.338     3148.5      -72.7    -4087.5     11.6     27.3     26.0 2020  8 27  8 48 36.060  0.00   5
   108523  40.296151 -124.519149     8.667     3189.9      417.5    -4758.6      6.4     18.3     14.8 2020 11 19  0  1 55.140  0.00   5
   108525  40.297038 -124.519645     7.906     3147.6      516.0    -5519.7      5.3     14.0     10.3 2020 12 22 13 56 55.800  0.00   5
   108526  40.297538 -124.520223     8.260     3098.5      571.6    -5166.0      5.8     23.3     46.3 2020 12 22  2 31 25.280  0.00   5
   108527  40.294609 -124.520093     8.224     3109.6      246.2    -5201.8      5.0     18.4     36.7 2021  3  6  5 49 50.980  0.00   5
   108528  40.292586 -124.519539     8.461     3156.7       21.7    -4964.7      6.2     25.3     37.3 2021  3  7  9 29 35.160  0.00   5
   108529  40.295292 -124.519352     8.526     3172.6      322.2    -4899.8      5.6     10.6     30.9 2021  3 22 14 28 21.180  0.00   5
   108530  40.294820 -124.519434     8.467     3165.7      269.7    -4959.1      5.0     13.8     30.1 2021  3 22 16 43  7.420  0.00   5
   108531  40.294836 -124.519824     8.122     3132.5      271.5    -5303.8      4.8     13.9     47.3 2021  3 22 15 19 46.300  0.00   5
   108532  40.281604 -124.520549     5.127     3071.2    -1197.8    -8299.4     20.7     69.0     46.5 2021  3 27 20 11 40.180  0.00   5
   108533  40.296025 -124.519157     7.221     3189.2      403.5    -6204.5      9.6     29.2     27.4 2021  3 28  8 38 14.200  0.00   5
   108534  40.291443 -124.519548     8.971     3156.1     -105.3    -4455.3      8.8     29.7     29.7 2021  3 28  5 19 46.660  0.00   5
   108537  40.287410 -124.517871     4.142     3298.7     -553.0    -9284.4     14.7     32.9     24.5 2021  5 23 16 14  8.300  0.00   5
   108542  40.296969 -124.519173     8.356     3187.8      508.3    -5070.1      7.7     16.2     26.1 2022  1  7 18 16 14.140  0.00   5
   108546  40.292318 -124.519588     7.656     3152.6       -8.1    -5770.4      8.6     23.2     14.9 2022  8  3 22 11 41.100  0.00   5
   108547  40.298035 -124.519255     8.254     3180.8      626.7    -5171.6      8.2     16.1     32.9 2022  9 28  8 42 51.820  0.00   5
   108548  40.298291 -124.519206     8.515     3185.0      655.1    -4910.7      8.9     17.1     30.7 2022  9 28  8 39 11.060  0.00   5
   108549  40.298075 -124.518848     8.618     3215.4      631.2    -4808.0      8.1     18.7     18.2 2022 10  9  8 23  0.040  0.00   5
   108551  40.299797 -124.519165     8.659     3188.4      822.3    -4766.8      9.5     24.0     21.6 2022 10 27 19 46 36.020  0.00   5
   108552  40.294092 -124.519417     7.349     3167.1      188.9    -6077.4      9.3     21.5     21.2 2022 11 21 18 13 32.080  0.00   5
   108553  40.296724 -124.519466     7.920     3162.9      481.2    -5505.5      7.3     16.1     16.7 2022 11 22  5 12  0.300  0.00   5
   108554  40.297461 -124.519458     7.880     3163.5      563.0    -5546.4      3.9     15.4      8.9 2022 11 22  5 12 34.720  0.00   5
   108762  40.295516 -124.552450    10.982      358.4      347.0    -2444.1      8.8     12.5     17.2 2020  6 18 16  6 43.080  0.00   5
   108763  40.288843 -124.555054     9.855      137.0     -394.0    -3571.0     12.7     40.4     25.8 2021 11 11 11 57 34.060  0.00   5
   108764  40.303971 -124.553507     9.890      268.5     1285.9    -3536.1      8.0     24.9     17.5 2022  1  9  2 48 12.520  0.00   5
   108765  40.304716 -124.555973    10.026       58.8     1368.6    -3399.6     11.1     25.7     19.2 2022  5 12  9 11 34.360  0.00   5
   108766  40.292550 -124.554126    11.209      215.9       17.6    -2217.4     10.0     19.1     21.1 2022  6  7  9 49  1.260  0.00   5
   109011  40.304130 -124.574121    13.780    -1484.1     1303.5      353.7     14.7     35.3     25.3 2021  7 14 15 14  4.960  0.00   5
   109012  40.329435 -124.571248    19.029    -1239.7     4113.4     5602.9     25.5     51.1     57.3 2022  5 15 19 18 57.920  0.00   5
   109013  40.280021 -124.569100     5.368    -1057.4    -1373.5    -8058.2     27.2     69.6     59.4 2022  6  2 22  6 51.080  0.00   5
   109014  40.308704 -124.574829    14.758    -1544.3     1811.4     1332.3     15.8     36.2     51.4 2022  7 23 23  7 35.680  0.00   5
   110256  40.313847 -124.565560    11.535     -756.2     2382.5    -1891.3     11.6     33.8     22.3 2022  8  2 21 55 39.100  0.00   5
   110258  40.332703 -124.561076     9.964     -374.9     4476.2    -3462.3     20.7     48.9     38.8 2022  8  2 21 44 11.520  0.00   5
   110264  40.336389 -124.562174    11.877     -468.3     4885.6    -1548.9     20.8     44.4     39.4 2022  8  7 15 10 49.300  0.00   5
   110312  40.328788 -124.624349     9.998    -5753.5     4041.6    -3428.3      6.2     10.1     10.2 2022 12 19 12 20 31.700  1.28   5
   110313  40.296757 -124.557576    14.826      -77.5      484.8     1400.4      6.3     18.2     19.0 2023  2  9  8  8 42.800  2.99   5
   110357  40.287561 -124.535571    16.515     1793.6     -536.3     3088.8     13.8     30.0     22.5 2023  4 23 16  9  0.470  1.48   5
   110366  40.289787 -124.539062    10.809     1496.7     -289.2    -2616.7      7.8     20.4     27.6 2023  2 15  9 40 37.830  1.30   5
   110413  40.274451 -124.558130    17.607     -124.6    -1992.1     4181.0      7.0     15.8     19.0 2023  3 25 19 24 32.400  1.25   5
   110459  40.304252 -124.545174    18.364      977.0     1317.1     4937.5      5.7     12.6     15.9 2023  2 23  1 16  2.860  1.71   5
   110492  40.330017 -124.567562     2.945     -926.3     4178.0   -10480.9      5.0     11.2      6.5 2023  4 17  9 13 51.230  2.06   5
   110520  40.294592 -124.519393     7.153     3169.1      244.4    -6272.8     10.9     20.3     27.6 2023  1 16  3 19  0.680  1.26   5
   110550  40.295512 -124.553337    10.914      283.0      346.5    -2512.2     11.4     13.5     16.1 2023  3 30 19 31 15.280  1.92   5
   110583  40.311389 -124.573120    14.684    -1399.0     2109.6     1257.7     16.8     37.3     50.3 2023  2  7 18 35 28.040  1.14   5
   110795  40.338883 -124.560148    12.985     -296.1     5162.5     -441.0     20.9     44.3     35.0 2023  2 25 22 37 46.280  1.26   5
