   104513  40.406470 -124.349186    28.486    -1083.3     1670.0     -301.1    883.7    738.5    672.0 2020  1 21  3  0 13.680  0.00  57
   104515  40.407609 -124.351611    28.618    -1289.2     1796.5     -169.6    511.3    615.0    502.4 2020  7 27  8 38 54.500  0.00  57
   104516  40.407983 -124.350871    28.613    -1226.3     1838.1     -174.6    450.2    419.1    423.5 2021  5  6 16  3 56.100  0.00  57
   104518  40.407515 -124.351449    28.613    -1275.3     1786.1     -174.2    438.9    496.8    403.2 2021  5 21  0  9 12.220  0.00  57
   104520  40.408549 -124.351123    28.660    -1247.7     1900.9     -127.2    491.4    520.4    521.6 2021 12 20 21 40 27.420  0.00  57
   104521  40.406311 -124.348511    28.423    -1026.0     1652.4     -364.3    860.1    595.1    819.8 2022  1  6  1  8 41.420  0.00  57
   104522  40.406824 -124.351180    28.577    -1252.6     1709.3     -210.6    586.6    622.2    525.0 2022  8 10  4 54 15.660  0.00  57
   108928  40.379386 -124.325374    28.928      938.4    -1337.4      141.1    405.4    335.1    304.0 2020  8 18  7 42 21.560  0.00  57
   108931  40.379305 -124.325610    28.910      918.4    -1346.5      123.1    442.9    439.9    332.7 2021 11  3  1  3 27.500  0.00  57
   108935  40.379049 -124.326253    28.894      863.8    -1374.9      107.0    474.6    646.6    555.7 2021 12 20 23 44 13.940  0.00  57
   108936  40.379451 -124.325033    28.888      967.4    -1330.2      101.0    412.8    557.6    373.6 2021 12 20 20 20  4.260  0.00  57
   108937  40.379403 -124.325212    28.910      952.2    -1335.6      122.4    415.5    372.7    336.7 2021 12 20 20 39 20.900  0.00  57
   108940  40.379789 -124.326001    29.015      885.2    -1292.7      227.1    518.9    453.8    482.3 2021 12 20 23 54 29.040  0.00  57
   108946  40.378914 -124.325651    28.883      914.9    -1389.8       95.5    486.4    603.2    437.6 2021 12 22  6 16 37.920  0.00  57
   108949  40.379370 -124.325008    28.891      969.5    -1339.2      103.8    425.5    553.4    386.8 2021 12 23 21 58  8.480  0.00  57
   108950  40.379484 -124.326131    28.960      874.1    -1326.6      172.6    524.6    456.3    402.7 2021 12 23 10 55 57.180  0.00  57
   108955  40.379285 -124.326546    29.070      838.9    -1348.7      282.5    646.0    451.8    352.4 2022  3  8 12 56 15.060  0.00  57
   110342  40.408134 -124.350928    28.536    -1231.1     1854.8     -251.1    539.7    555.9    420.8 2023  5 15 11 35 50.560  2.49  57
   110571  40.379765 -124.325260    28.981      948.1    -1295.4      194.0    525.1    340.9    308.0 2023  5 18 17 14 50.720  1.28  57
