   106142  40.497396 -124.327458    17.854      269.7       75.5        3.7      9.7      8.2      8.4 2020  2 16  9 47  5.060  0.00   4
   106144  40.496708 -124.332048    17.759     -119.3       -0.9      -91.5     14.8     11.7     24.8 2020  4 12  4 35  0.980  0.00   4
   106147  40.496753 -124.330697    17.818       -4.8        4.1      -32.4      4.5      3.3      4.5 2020  9 14 10 23  2.500  0.00   4
   106154  40.497656 -124.330599    17.769        3.4      104.4      -81.2      4.3      4.6      7.3 2021  1 30 22 57 38.840  0.00   4
   106155  40.497009 -124.329867    17.800       65.5       32.5      -50.2     11.5     12.2     13.8 2021  2  2 17 23 41.100  0.00   4
   106164  40.496753 -124.330208    17.855       36.6        4.1        5.2      6.4      2.5      5.3 2021  7 22 15 35 57.140  0.00   4
   106167  40.497021 -124.330501    17.819       11.7       33.9      -31.2      4.2      4.4      6.4 2021 10  2  5 23 38.340  0.00   4
   106168  40.497135 -124.330241    17.834       33.8       46.5      -15.6      5.9      4.5      6.4 2021 10  3 11 37  2.540  0.00   4
   106170  40.497298 -124.330607    17.775        2.8       64.6      -75.0      4.3      4.1      5.8 2021 10  8  7 30 49.160  0.00   4
   106171  40.497176 -124.330550    17.802        7.6       51.1      -48.0      4.6      3.9      7.3 2021 10 12 12 22 10.580  0.00   4
   106173  40.497188 -124.330697    17.813       -4.8       52.4      -36.7      3.7      3.0      6.2 2021 11 18  7  5 20.520  0.00   4
   106176  40.497119 -124.330688    17.821       -4.1       44.7      -29.1      3.7      4.3      4.6 2021 12 11  7 52 35.460  0.00   4
   106178  40.497396 -124.330615    17.796        2.1       75.5      -54.4      5.1      5.3      8.3 2021 12 15  7 38 28.900  0.00   4
   106186  40.496838 -124.330884    17.880      -20.7       13.6       29.7      2.9      3.1      3.3 2021 12 23 19 12 18.300  0.00   4
   106187  40.496110 -124.330721    17.900       -6.9      -67.3       49.7      6.1      5.8      7.1 2021 12 23  7  0 19.640  0.00   4
   106191  40.501799 -124.324951    17.523      482.2      564.3     -326.9      7.2      7.6      8.3 2021 12 23  4 46 17.660  0.00   4
   106193  40.496570 -124.331217    17.825      -49.0      -16.3      -24.6      4.5      4.1      3.4 2021 12 25  3 17 58.440  0.00   4
   106194  40.496696 -124.330705    17.835       -5.5       -2.3      -15.4      3.1      2.5      3.8 2021 12 30  5 48 27.460  0.00   4
   106196  40.496712 -124.330688    17.845       -4.1       -0.5       -5.1      4.0      3.3      4.4 2021 12 31 13 20 26.880  0.00   4
   106197  40.496688 -124.330876    17.896      -20.0       -3.2       45.6      3.4      3.7      5.3 2021 12 31 10 15 16.680  0.00   4
   106200  40.496464 -124.330672    17.871       -2.8      -28.0       21.1      4.5      3.5      4.7 2022  1  2 14 54 27.660  0.00   4
   106201  40.496501 -124.330754    17.869       -9.7      -23.9       19.3      4.6      4.2      4.9 2022  1  2  0 12 25.180  0.00   4
   106202  40.496484 -124.331226    17.810      -49.7      -25.8      -40.4      7.7      5.1      7.2 2022  1  2 23 12 20.980  0.00   4
   106204  40.496619 -124.330908    17.854      -22.8      -10.8        4.0      3.9      3.4      3.9 2022  1  7  3  3 58.940  0.00   4
   106208  40.496944 -124.330656    17.866       -1.4       25.3       16.1      4.5      2.7      4.6 2022  1 16  3  3 43.240  0.00   4
   106209  40.496757 -124.330623    17.865        1.4        4.5       14.7      4.9      3.7      4.5 2022  1 16 22 15  6.960  0.00   4
   106210  40.496790 -124.331063    17.831      -35.9        8.1      -19.4      5.1      4.2      4.7 2022  1 16  4  9 53.760  0.00   4
   106211  40.496350 -124.330933    17.867      -24.8      -40.7       17.0      4.7      4.4      5.6 2022  1 16  9 17 39.940  0.00   4
   106216  40.496631 -124.330615    17.889        2.1       -9.5       38.7      5.5      4.9      6.6 2022  1 18 12  7 24.920  0.00   4
   106217  40.496651 -124.330770    17.829      -11.0       -7.2      -20.6      3.3      2.9      3.6 2022  1 18  3 25 18.740  0.00   4
   106218  40.496525 -124.330729    17.913       -7.6      -21.2       63.1      3.1      3.4      5.9 2022  1 19  6 54 58.540  0.00   4
   106220  40.496338 -124.330729    17.888       -7.6      -42.0       38.2      5.4      4.2      5.8 2022  1 21  8 26 27.620  0.00   4
   106221  40.496741 -124.330615    17.822        2.1        2.7      -28.5      3.1      2.9      4.1 2022  1 22 13 18 17.780  0.00   4
   106223  40.496684 -124.330745    17.851       -9.0       -3.6        1.0      2.5      2.5      3.2 2022  1 23 14 11 22.260  0.00   4
   106225  40.497013 -124.330664    17.856       -2.1       33.0        6.2      4.4      3.8      4.6 2022  1 28 18 30 21.440  0.00   4
   106226  40.496549 -124.330859    17.827      -18.6      -18.5      -23.0      4.8      3.2      4.6 2022  1 29 17 47 53.300  0.00   4
   106227  40.497038 -124.330900    17.847      -22.1       35.7       -2.8      3.3      2.6      4.0 2022  1 31  9 38 58.340  0.00   4
   106229  40.497042 -124.330916    17.834      -23.5       36.1      -16.0      4.0      4.3      5.8 2022  2  2 22 24 23.440  0.00   4
   106230  40.496627 -124.330794    17.845      -13.1       -9.9       -4.9      3.7      3.1      4.1 2022  2  3  2  3 31.060  0.00   4
   106231  40.496155 -124.330794    17.894      -13.1      -62.4       44.4      5.3      5.5      6.9 2022  2  3  8 40 22.780  0.00   4
   106232  40.496501 -124.330827    17.846      -15.9      -23.9       -4.0      3.7      3.6      4.2 2022  2  3  8 37  7.500  0.00   4
   106234  40.496639 -124.330843    17.848      -17.2       -8.6       -1.7      2.9      2.4      3.1 2022  2  6 11 55 37.920  0.00   4
   106235  40.496777 -124.331047    17.882      -34.5        6.8       32.3      4.0      3.2      4.3 2022  2 12  0 51 57.080  0.00   4
   106239  40.496692 -124.330802    17.857      -13.8       -2.7        7.3      3.0      2.6      3.1 2022  2 14 16 43 46.920  0.00   4
   106240  40.496647 -124.330835    17.853      -16.6       -7.7        2.6      3.5      2.9      3.8 2022  2 14 22 32 21.620  0.00   4
   106241  40.496672 -124.330876    17.843      -20.0       -5.0       -7.5      3.9      2.7      3.0 2022  2 14 21 24 22.540  0.00   4
   106242  40.496635 -124.330908    17.838      -22.8       -9.0      -11.6      3.7      2.4      3.3 2022  2 14 15 35 37.440  0.00   4
   106243  40.496354 -124.330762    17.906      -10.3      -40.2       56.2      4.2      4.0      6.0 2022  2 15  3 24 39.820  0.00   4
   106244  40.496208 -124.330648    17.870       -0.7      -56.5       19.7      5.3      4.8      5.1 2022  2 20  9 12 22.280  0.00   4
   106247  40.496619 -124.330827    17.815      -15.9      -10.8      -35.1      3.7      3.6      4.5 2022  2 21 15 40 58.540  0.00   4
   106248  40.496680 -124.330550    17.856        7.6       -4.1        6.4      4.0      3.8      5.5 2022  2 21 12 54 43.620  0.00   4
   106251  40.496472 -124.330835    17.903      -16.6      -27.1       52.5      3.7      3.9      6.3 2022  2 26  5  4 41.160  0.00   4
   106252  40.496631 -124.330843    17.857      -17.2       -9.5        6.7      3.1      2.3      3.2 2022  2 26 12 40 18.540  0.00   4
   106254  40.496452 -124.330859    17.889      -18.6      -29.4       38.7      4.5      3.8      5.8 2022  2 27 19 37 49.380  0.00   4
   106255  40.496928 -124.330859    17.799      -18.6       23.5      -51.5      3.8      4.4      6.5 2022  2 28  3 42 20.260  0.00   4
   106257  40.496924 -124.330786    17.860      -12.4       23.0       10.2      5.6      4.8      5.8 2022  3  1  1  4 35.500  0.00   4
   106258  40.496598 -124.330713    17.864       -6.2      -13.1       14.2      3.7      3.5      4.3 2022  3  1  4 33 33.320  0.00   4
   106259  40.497209 -124.330509    17.829       11.0       54.7      -20.7      5.0      5.0      4.2 2022  3  2  2 19 41.560  0.00   4
   106264  40.496834 -124.330737    17.873       -8.3       13.1       23.1      3.5      3.3      3.6 2022  3  4 23 16  6.440  0.00   4
   106265  40.496493 -124.330827    17.902      -15.9      -24.9       52.2      5.2      4.7      5.4 2022  3  8 17 12 20.840  0.00   4
   106270  40.496554 -124.330697    17.845       -4.8      -18.1       -4.5      3.8      3.7      5.2 2022  3 27  7 11  2.900  0.00   4
   106271  40.496631 -124.330811    17.855      -14.5       -9.5        5.1      3.6      3.1      4.2 2022  4  1  6 31 38.080  0.00   4
   106272  40.496639 -124.330550    17.841        7.6       -8.6       -9.2      4.5      4.0      4.2 2022  4  1  7 37 43.900  0.00   4
   106273  40.496639 -124.330623    17.855        1.4       -8.6        5.2      4.0      4.0      5.2 2022  4  1  7  8 51.380  0.00   4
   106275  40.496676 -124.330843    17.853      -17.2       -4.5        2.6      4.1      3.4      4.8 2022  4  2  2 16 50.200  0.00   4
   106276  40.496969 -124.330859    17.820      -18.6       28.0      -29.8      4.0      4.4      6.0 2022  4  7 12 46 34.800  0.00   4
   106278  40.496814 -124.330859    17.845      -18.6       10.8       -5.2      3.9      3.6      5.0 2022  4 15 23 52 12.400  0.00   4
   106280  40.496448 -124.330811    17.883      -14.5      -29.8       32.6      3.6      3.6      5.4 2022  4 25 11 18  9.700  0.00   4
   106281  40.496859 -124.330786    17.850      -12.4       15.8       -0.1      3.8      2.7      4.8 2022  4 28 17 35 58.900  0.00   4
   106282  40.496855 -124.330737    17.865       -8.3       15.4       15.4      5.0      3.2      5.3 2022  4 29  8 13 25.740  0.00   4
   106283  40.496899 -124.330737    17.873       -8.3       20.3       23.2      4.7      3.9      5.2 2022  5  2  6 55  3.460  0.00   4
   106284  40.496777 -124.330924    17.833      -24.1        6.8      -17.2      2.8      2.6      4.8 2022  5  7 22 39  3.000  0.00   4
   106286  40.496806 -124.330851    17.871      -17.9        9.9       20.8      3.4      3.2      3.8 2022  5 10  8 50 16.200  0.00   4
   106287  40.496684 -124.330501    17.865       11.7       -3.6       15.3      3.9      4.2      4.9 2022  5 10  0 41 41.360  0.00   4
   106288  40.496708 -124.330615    17.875        2.1       -0.9       24.5      3.2      3.8      5.5 2022  5 10 14 44 45.480  0.00   4
   106290  40.496606 -124.330664    17.842       -2.1      -12.2       -7.7      3.1      2.9      3.4 2022  5 12  1 30 43.080  0.00   4
   106291  40.496216 -124.330745    17.873       -9.0      -55.6       23.3      5.7      4.8      5.0 2022  5 12  8  6 13.200  0.00   4
   106293  40.496647 -124.330941    17.830      -25.5       -7.7      -20.2      5.1      3.3      4.4 2022  5 14 19  3 30.080  0.00   4
   106294  40.496659 -124.330835    17.863      -16.6       -6.3       12.9      3.3      2.8      3.4 2022  5 15  1 12 12.600  0.00   4
   106295  40.496521 -124.330957    17.853      -26.9      -21.7        3.0      3.0      3.4      4.4 2022  5 15 12 38 43.240  0.00   4
   106296  40.496696 -124.330924    17.829      -24.1       -2.3      -21.0      2.6      2.5      4.5 2022  5 15  3  8 52.300  0.00   4
   106297  40.496912 -124.330916    17.813      -23.5       21.7      -37.3      4.6      3.9      5.5 2022  5 16 17 15 16.940  0.00   4
   106298  40.496781 -124.330924    17.877      -24.1        7.2       26.6      3.8      2.7      3.8 2022  5 20 21  8 41.220  0.00   4
   106299  40.496757 -124.330534    17.900        9.0        4.5       50.4      6.8      4.7      6.9 2022  5 21  1 24 36.560  0.00   4
   106300  40.496476 -124.331104    17.831      -39.3      -26.7      -18.8      4.9      4.0      3.7 2022  5 21 19 48 49.180  0.00   4
   106302  40.496541 -124.330713    17.852       -6.2      -19.4        1.7      3.3      3.3      3.8 2022  5 27 12 32 31.140  0.00   4
   106304  40.496834 -124.330868    17.885      -19.3       13.1       34.9      3.1      3.1      4.6 2022  5 28  5 20  2.780  0.00   4
   106305  40.497038 -124.331030    17.835      -33.1       35.7      -15.0      4.1      2.9      4.3 2022  5 30 13 20 12.260  0.00   4
   106306  40.496875 -124.330713    17.882       -6.2       17.6       32.2      4.5      3.1      4.9 2022  6  1  2 39 26.760  0.00   4
   106307  40.496570 -124.330705    17.875       -5.5      -16.3       25.4      2.9      3.2      5.3 2022  6  6  9 29 14.760  0.00   4
   106308  40.496814 -124.330876    17.874      -20.0       10.8       23.5      3.0      3.0      3.8 2022  6  6  5 14 25.900  0.00   4
   106310  40.496667 -124.331112    17.856      -40.0       -5.4        6.0      5.7      3.9      5.2 2022  6  8 12 59  0.080  0.00   4
   106311  40.496643 -124.331283    17.869      -54.5       -8.1       19.1      5.6      3.9      6.0 2022  6  9  8 48 36.880  0.00   4
   106312  40.496558 -124.330868    17.833      -19.3      -17.6      -16.9      3.4      3.0      2.9 2022  6 12 14 27 16.560  0.00   4
   106313  40.496509 -124.330835    17.908      -16.6      -23.0       58.4      3.5      3.9      6.0 2022  6 13  3  6 20.360  0.00   4
   106314  40.496570 -124.330859    17.907      -18.6      -16.3       56.9      3.3      4.2      5.7 2022  6 13 23 25 35.040  0.00   4
   106315  40.496700 -124.330827    17.923      -15.9       -1.8       73.1      5.0      3.9      6.7 2022  6 15  9 41 17.600  0.00   4
   106316  40.496562 -124.330770    17.873      -11.0      -17.2       22.6      3.4      4.1      5.4 2022  6 15 15 45 11.840  0.00   4
   106317  40.496627 -124.330786    17.891      -12.4       -9.9       41.1      4.3      4.1      5.1 2022  6 15  4 34 41.940  0.00   4
   106320  40.496383 -124.331494    17.873      -72.4      -37.1       23.3      5.6      6.3      5.1 2022  6 16 12 41 44.740  0.00   4
   106321  40.496753 -124.330851    17.895      -17.9        4.1       44.6      3.2      2.4      6.3 2022  6 16 17 47 27.640  0.00   4
   106322  40.496525 -124.330884    17.917      -20.7      -21.2       66.8      4.8      3.2      6.0 2022  6 17  1 34 31.520  0.00   4
   106323  40.496407 -124.330900    17.861      -22.1      -34.3       11.4      4.1      3.4      4.2 2022  6 17  9 39 54.280  0.00   4
   106326  40.496663 -124.330981    17.881      -29.0       -5.9       31.0      3.5      2.9      5.1 2022  6 17 14 49 41.980  0.00   4
   106327  40.496851 -124.330868    17.879      -19.3       14.9       28.8      4.7      3.3      5.1 2022  6 17  8 11  3.840  0.00   4
   106328  40.496838 -124.330908    17.903      -22.8       13.6       53.3      5.2      3.6      5.5 2022  6 18  5  8  8.580  0.00   4
   106329  40.496554 -124.330868    17.924      -19.3      -18.1       73.7      4.9      3.3      6.3 2022  6 18  8 25 36.840  0.00   4
   106330  40.496684 -124.330973    17.855      -28.3       -3.6        5.0      4.5      4.3      5.3 2022  6 18 16 36  4.940  0.00   4
   106331  40.496631 -124.331136    17.857      -42.1       -9.5        7.0      5.8      3.9      4.6 2022  6 18 15 41  8.700  0.00   4
   106332  40.496810 -124.330770    17.901      -11.0       10.4       50.6      4.4      4.4      6.3 2022  6 18 14 30 21.240  0.00   4
   106333  40.496476 -124.330876    17.900      -20.0      -26.7       49.6      4.3      2.8      5.3 2022  6 20  8 44 39.060  0.00   4
   106334  40.496501 -124.330973    17.845      -28.3      -23.9       -5.5      4.1      4.0      5.3 2022  6 20  4 11 59.280  0.00   4
   106335  40.496761 -124.330518    17.852       10.3        5.0        2.0      4.4      3.0      5.1 2022  6 20  3 26  5.120  0.00   4
   106336  40.496615 -124.330794    17.916      -13.1      -11.3       65.8      3.7      3.1      5.6 2022  6 21  7 46 44.740  0.00   4
   106337  40.496590 -124.330623    17.850        1.4      -14.0       -0.4      3.1      2.5      3.3 2022  6 21  4 31 16.520  0.00   4
   106338  40.496647 -124.330973    17.857      -28.3       -7.7        6.8      3.4      2.6      3.2 2022  6 23 14 31 49.880  0.00   4
   106339  40.496667 -124.330485    17.878       13.1       -5.4       28.1      4.2      3.7      4.6 2022  6 24  2  4  9.040  0.00   4
   106340  40.496444 -124.331095    17.847      -38.6      -30.3       -2.5      4.3      4.3      4.1 2022  6 24 22 56 45.960  0.00   4
   106341  40.496533 -124.330851    17.856      -17.9      -20.3        5.6      3.9      3.3      4.0 2022  6 25 18 56 46.680  0.00   4
   106342  40.496655 -124.330623    17.881        1.4       -6.8       31.2      3.0      3.3      5.0 2022  6 27 12 33 49.880  0.00   4
   106343  40.496688 -124.330949    17.902      -26.2       -3.2       51.5      3.4      3.0      5.0 2022  7  2 22 22  4.260  0.00   4
   106344  40.496794 -124.330876    17.882      -20.0        8.6       31.6      5.9      3.9      5.0 2022  7  3 13 10  0.780  0.00   4
   106345  40.496757 -124.330981    17.833      -29.0        4.5      -16.9      3.3      2.8      4.3 2022  7  5 14 55 20.380  0.00   4
   106347  40.496842 -124.330819    17.877      -15.2       14.0       26.9      3.7      2.7      4.3 2022  7  5 16  5  1.480  0.00   4
   106350  40.496460 -124.330697    17.863       -4.8      -28.5       12.6      4.5      3.2      5.1 2022  7  7  6 54 26.120  0.00   4
   106351  40.496704 -124.331144    17.845      -42.8       -1.4       -4.7      2.9      2.6      3.9 2022  7  7  2 44 46.460  0.00   4
   106352  40.496769 -124.330705    17.864       -5.5        5.9       13.9      5.1      4.0      4.2 2022  7  7  5 56 40.020  0.00   4
   106353  40.496676 -124.330770    17.847      -11.0       -4.5       -3.3      3.6      2.6      3.9 2022  7  7  8  7  0.840  0.00   4
   106354  40.496639 -124.331014    17.854      -31.7       -8.6        3.9      3.2      2.7      3.2 2022  7  8  4 45 11.940  0.00   4
   106355  40.496798 -124.331055    17.875      -35.2        9.0       25.4      4.5      3.3      4.6 2022  7  8 12  5 48.040  0.00   4
   106357  40.496659 -124.331217    17.840      -49.0       -6.3      -10.0      3.8      2.8      3.9 2022  7 13 21 34 45.100  0.00   4
   106359  40.496139 -124.330778    17.928      -11.7      -64.2       77.7      5.4      5.9      8.5 2022  7 15  9 31 39.120  0.00   4
   106360  40.496574 -124.330721    17.894       -6.9      -15.8       43.7      3.6      3.8      5.1 2022  7 16  4 55 30.700  0.00   4
   106361  40.496834 -124.331844    17.839     -102.1       13.1      -11.1      6.4      5.7      6.0 2022  7 19 17  8 48.180  0.00   4
   106362  40.496692 -124.330615    17.855        2.1       -2.7        4.9      2.9      2.8      3.8 2022  7 26  0 28 21.180  0.00   4
   106363  40.496692 -124.330981    17.843      -29.0       -2.7       -7.0      2.6      2.5      3.6 2022  7 26 11 23 40.860  0.00   4
   106364  40.496737 -124.331104    17.868      -39.3        2.3       18.1      3.7      2.7      3.3 2022  7 26 22 15 23.800  0.00   4
   106365  40.496647 -124.330542    17.885        8.3       -7.7       34.8      3.9      3.9      6.0 2022  7 27 23 25  2.520  0.00   4
   106367  40.496781 -124.330843    17.868      -17.2        7.2       18.1      2.8      2.5      3.7 2022  7 28  2  5 12.120  0.00   4
   106368  40.496830 -124.330868    17.868      -19.3       12.7       18.3      3.1      2.8      2.9 2022  7 28  3  6 30.900  0.00   4
   106369  40.496322 -124.330583    17.892        4.8      -43.8       41.7      5.1      4.9      7.3 2022  7 28 15 13 21.480  0.00   4
   106370  40.496497 -124.330892    17.816      -21.4      -24.4      -34.4      3.0      2.9      3.4 2022  7 28  5 32 16.180  0.00   4
   106371  40.496696 -124.330534    17.880        9.0       -2.3       30.1      3.0      3.4      5.4 2022  7 28  3 11 44.020  0.00   4
   106372  40.496635 -124.330721    17.871       -6.9       -9.0       21.3      4.1      3.5      4.7 2022  7 28 20 57 33.500  0.00   4
   106374  40.496716 -124.330754    17.868       -9.7        0.0       18.0      4.3      3.4      3.8 2022  8  1 18  7 54.160  0.00   4
   106376  40.496464 -124.330819    17.845      -15.2      -28.0       -5.3      4.8      4.1      4.6 2022  8  2  1 26 23.900  0.00   4
   106379  40.496493 -124.330835    17.825      -16.6      -24.9      -24.9      5.6      4.3      5.0 2022  8  5 17  2 40.980  0.00   4
   106380  40.496818 -124.330575    17.855        5.5       11.3        5.0      5.0      3.5      4.2 2022  8  5 10 39 30.180  0.00   4
   106381  40.497074 -124.330599    17.862        3.4       39.8       12.0      4.6      4.9      4.8 2022  8 10  5 55 42.060  0.00   4
   106383  40.496810 -124.330754    17.885       -9.7       10.4       34.7      4.3      4.1      5.2 2022  8 12 15 56 26.800  0.00   4
   106384  40.496855 -124.330526    17.872        9.7       15.4       21.9      4.2      3.2      3.9 2022  8 14  9 10  2.820  0.00   4
   106385  40.496826 -124.330892    17.872      -21.4       12.2       21.9      3.0      2.9      3.2 2022  8 14 22 16 32.640  0.00   4
   106386  40.496252 -124.330794    17.848      -13.1      -51.5       -2.3      4.0      3.5      5.2 2022  8 14  9 32 44.820  0.00   4
   106388  40.496952 -124.330778    17.858      -11.7       26.2        7.8      4.7      4.0      4.8 2022  8 16  9 34  2.840  0.00   4
   106390  40.496513 -124.330550    17.888        7.6      -22.6       37.7      4.2      3.3      4.6 2022  8 18  5 34 57.140  0.00   4
   106391  40.496692 -124.330868    17.863      -19.3       -2.7       12.8      3.4      2.9      4.0 2022  8 18  8 52 50.760  0.00   4
   106393  40.496794 -124.330965    17.867      -27.6        8.6       17.1      2.9      2.3      3.2 2022  8 23 13 22  4.400  0.00   4
   106394  40.496676 -124.330876    17.851      -20.0       -4.5        1.1      4.8      3.2      4.3 2022  8 23 13  8 26.400  0.00   4
   106397  40.496387 -124.330819    17.848      -15.2      -36.6       -1.6      4.8      3.2      4.2 2022  8 25  0 29 52.800  0.00   4
   106398  40.496615 -124.330640    17.919        0.0      -11.3       69.1      5.2      4.0      6.8 2022  8 26 23 43 16.640  0.00   4
   106399  40.496708 -124.330534    17.838        9.0       -0.9      -12.3      2.7      2.4      3.2 2022  8 27  5 35 23.340  0.00   4
   106400  40.496908 -124.330827    17.825      -15.9       21.2      -25.3      3.7      3.7      4.7 2022  8 28 16  4 59.980  0.00   4
   106401  40.496973 -124.330876    17.860      -20.0       28.5        9.9      5.2      4.3      4.6 2022  8 31 11 20 31.620  0.00   4
   106403  40.492533 -124.329167    17.402      124.9     -464.5     -448.4      9.4      5.5      7.7 2022  9  2 16 31  6.800  0.00   4
   106404  40.496749 -124.330412    17.869       19.3        3.6       18.9      3.6      3.5      4.7 2022  9  4  1 44  0.500  0.00   4
   106407  40.496521 -124.330607    17.849        2.8      -21.7       -1.4      3.4      3.2      3.8 2022  9 17 10 45 18.920  0.00   4
   106409  40.496521 -124.330680    17.849       -3.4      -21.7       -1.5      3.9      2.9      3.3 2022  9 24  9 49 45.580  0.00   4
   106410  40.496379 -124.330811    17.881      -14.5      -37.5       31.0      3.7      3.7      4.1 2022 10  1 14 55  0.020  0.00   4
   106411  40.496647 -124.330729    17.816       -7.6       -7.7      -34.0      3.2      3.4      4.2 2022 10  9  8 36 16.240  0.00   4
   106412  40.497160 -124.330640    17.845        0.0       49.3       -5.1      4.6      4.4      4.7 2022 10  9  6 22 55.800  0.00   4
   106415  40.497266 -124.330363    17.799       23.5       61.0      -51.3      3.9      4.9      6.1 2022 10 18 18 18 12.480  0.00   4
   106416  40.496232 -124.330721    17.908       -6.9      -53.8       58.0      5.2      4.6      7.0 2022 10 19 13 22  2.300  0.00   4
   106417  40.497050 -124.330786    17.846      -12.4       37.1       -3.9      5.2      5.3      5.5 2022 10 26  9 12 38.720  0.00   4
   106419  40.496639 -124.330802    17.873      -13.8       -8.6       22.9      3.2      3.2      4.6 2022 11  4 19 32 57.460  0.00   4
   106420  40.496659 -124.330713    17.881       -6.2       -6.3       31.0      3.5      3.6      5.7 2022 11  5  0  2  7.900  0.00   4
   106421  40.496680 -124.330794    17.864      -13.1       -4.1       13.5      3.0      3.0      3.4 2022 11  5  0 40 53.500  0.00   4
   106422  40.496525 -124.330640    17.866        0.0      -21.2       16.0      2.5      3.0      4.2 2022 11  6  8 11 30.960  0.00   4
   106423  40.496847 -124.330868    17.878      -19.3       14.5       28.1      3.1      2.5      3.6 2022 11  7 16 28  2.740  0.00   4
   106429  40.496981 -124.330868    17.818      -19.3       29.4      -32.2      3.8      4.5      6.3 2022 11 19 21 55 30.320  0.00   4
   106431  40.496415 -124.330371    17.907       22.8      -33.4       56.6      4.6      3.7      6.9 2022 11 21 11 18 28.660  0.00   4
   106432  40.496769 -124.330737    17.868       -8.3        5.9       17.9      3.4      3.2      4.2 2022 11 27  5 38 46.220  0.00   4
   106433  40.497034 -124.330672    17.849       -2.8       35.2       -0.7      5.5      4.2      3.6 2022 11 29 21 55 22.940  0.00   4
   110398  40.496924 -124.330859    17.842      -18.6       23.0       -8.3      2.4      2.1      3.1 2023  2 11  3 18 22.440  1.85   4
