   100000  40.759123 -124.246289    17.012       -8.9       36.6       -8.5     33.4     56.5     36.2 2020  1  1  4 18 17.380  0.00  52
   100001  40.758781 -124.246191    17.016       -0.7       -1.4       -3.5     28.9     20.3     25.7 2020  1  3 12  6 10.660  0.00  52
   100002  40.758980 -124.246257    17.008       -6.2       20.8      -11.7     37.0     32.9     33.4 2020  1 10  5 38 39.760  0.00  52
   100003  40.758915 -124.245728    16.947       38.5       13.6      -72.8     44.7     29.5     66.2 2020  7  2 10 37 18.320  0.00  52
   100006  40.758862 -124.245728    16.961       38.5        7.7      -59.1     50.9     17.4     62.2 2020  8 26 17  5  7.560  0.00  52
   100008  40.759082 -124.246216    17.005       -2.7       32.1      -15.4     27.5     40.7     36.7 2021  2 26 17 10 55.880  0.00  52
   100009  40.758968 -124.246273    17.008       -7.6       19.4      -11.6     31.1     31.6     40.6 2021  8  4 13  4 50.340  0.00  52
   100010  40.757129 -124.245833    16.954       29.5     -184.8      -65.7     50.4     83.1     65.1 2021  8 31  4 21  7.080  0.00  52
   100012  40.756930 -124.245817    16.940       30.9     -207.0      -79.9     49.1     80.8     63.6 2021 10 14  9 39 56.740  0.00  52
   100017  40.758838 -124.246200    17.011       -1.4        5.0       -9.4     29.9     20.2     29.8 2022  7 21  0 22 10.260  0.00  52
   100018  40.758830 -124.246273    17.024       -7.6        4.1        4.4     20.5     16.5     31.0 2022  8  5 18 16 27.220  0.00  52
   100021  40.758846 -124.246281    17.024       -8.2        5.9        3.6     23.3     18.4     20.7 2022  8 21  7 16 43.100  0.00  52
   100022  40.758813 -124.246191    17.018       -0.7        2.3       -2.0     19.7     14.1     33.0 2022  8 24  0 39 13.140  0.00  52
   100023  40.758875 -124.246232    17.019       -4.1        9.0       -0.7     17.0     28.7     22.4 2022  8 26 13 46 28.200  0.00  52
   100028  40.758813 -124.246159    17.014        2.1        2.3       -6.1     26.6     14.7     28.0 2022  9 18  2 25 38.720  0.00  52
   100029  40.758846 -124.246240    17.020       -4.8        5.9       -0.5     17.9     18.5     27.7 2022  9 24  0 15 43.900  0.00  52
   100030  40.758826 -124.246175    17.015        0.7        3.6       -5.3     23.6     14.9     32.7 2022 10  1  3  9  7.860  0.00  52
   100031  40.758801 -124.246208    17.018       -2.1        0.9       -2.5     26.2     15.2     23.2 2022 10 16 12  4 20.320  0.00  52
   100032  40.758826 -124.246175    17.015        0.7        3.6       -5.5     23.7     14.9     32.9 2022 10 18  3 13  8.320  0.00  52
   100034  40.758870 -124.246273    17.024       -7.6        8.6        3.7     20.0     23.7     19.8 2022 10 25 11 16 30.760  0.00  52
   100036  40.758842 -124.246419    17.024      -19.9        5.4        3.6     37.9     26.5     20.3 2022 11 30 15  7  3.540  0.00  52
   110286  40.758793 -124.246232    17.035       -4.1        0.0       14.6     24.1     18.7     25.2 2023  5 27 14 43 32.110  1.31  52
