   101025  40.471948 -124.704761    26.131      -55.9     -184.8      410.7      9.4     24.2     30.3 2020  1  9  2 10 32.160  0.00  16
   101029  40.472774 -124.704769    26.181      -56.6      -93.1      460.7     10.9     19.9     36.8 2020  1 30 12  6 18.720  0.00  16
   101032  40.471851 -124.704818    26.029      -60.7     -195.6      309.3      9.8     28.0     38.3 2020  2 19  1  9 23.420  0.00  16
   101040  40.470374 -124.704533    25.359      -36.6     -359.7     -360.7     13.4     23.3     59.2 2020  3 19 10 33 49.980  0.00  16
   101042  40.470056 -124.704639    25.415      -45.5     -394.9     -304.9     16.4     19.5     65.6 2020  4  2  6 24  8.960  0.00  16
   101043  40.471297 -124.704582    25.969      -40.7     -257.1      248.8     12.5     18.5     42.9 2020  4  2 10  0 17.140  0.00  16
   101047  40.470386 -124.704159    23.915       -4.8     -358.3    -1804.7     26.4     38.0     32.6 2020  4 13  9 56 35.420  0.00  16
   101054  40.471529 -124.705005    26.305      -76.6     -231.3      584.7     12.3     18.9     45.1 2020  6 21 11 58 10.560  0.00  16
   101061  40.480375 -124.702702    25.334      118.7      751.0     -386.2     16.3     21.1     64.4 2020  8 16  0 16 42.400  0.00  16
   101065  40.479154 -124.702637    25.222      124.2      615.4     -497.5     20.8     33.1     77.4 2020  9  7 15 31 22.240  0.00  16
   101072  40.472567 -124.704785    26.286      -58.0     -116.1      566.1     10.4     20.2     41.3 2020 10  6  9 36 10.120  0.00  16
   101073  40.476506 -124.699211    23.189      414.7      321.3    -2530.8     21.8     30.0     27.7 2020 10  8 18 44  2.720  0.00  16
   101079  40.473653 -124.704232    25.429      -11.0        4.5     -290.5     23.8     33.4     81.6 2020 10 29  3 49 47.440  0.00  16
   101083  40.479114 -124.701465    23.785      223.6      610.9    -1935.3     26.0     40.0     33.3 2020 11 30  8  6 26.060  0.00  16
   101089  40.477417 -124.703255    25.463       71.8      422.5     -256.8     17.1     28.4     57.0 2021  1 16 10  6 18.420  0.00  16
   101107  40.473083 -124.704484    26.009      -32.4      -58.7      289.4     14.5     24.0     43.7 2021  4 17 21 25 11.280  0.00  16
   101111  40.472009 -124.704671    26.306      -48.3     -178.0      586.3     11.2     22.4     39.6 2021  4 28  8  7  0.040  0.00  16
   101135  40.475061 -124.703735    25.783       31.1      160.9       62.9     12.3     22.5     38.9 2021  6 30  8 56 58.780  0.00  16
   101136  40.480416 -124.701937    25.637      183.6      755.5      -83.4     23.7     20.9     86.0 2021  6 30  8 56 43.620  0.00  16
   101140  40.472355 -124.704728    26.042      -53.1     -139.6      322.3     10.5     19.8     30.4 2021  7  4 12 13 12.060  0.00  16
   101144  40.479012 -124.702205    24.528      160.8      599.6    -1192.3     22.6     38.3    135.2 2021  7 13 21 30  4.080  0.00  16
   101147  40.476119 -124.703304    25.720       67.6      278.3        0.1     13.3     25.1     47.3 2021  7 17  8 12 38.380  0.00  16
   101150  40.471293 -124.705111    26.473      -85.6     -257.5      753.0     15.1     25.6     48.4 2021  7 29  9  7  0.860  0.00  16
   101152  40.471672 -124.704826    26.085      -61.4     -215.5      365.4     12.8     24.4     48.6 2021  7 30 15 20 25.540  0.00  16
   101160  40.475708 -124.703540    25.731       47.6      232.7       10.9     13.1     25.3     40.8 2021  8 22 12 36 17.700  0.00  16
   101166  40.474325 -124.704012    25.774        7.6       79.1       54.1     13.4     26.2     37.6 2021  8 29 11 49 24.320  0.00  16
   101170  40.471757 -124.704639    26.078      -45.5     -206.0      358.3      9.0     24.7     30.4 2021  9  7 12  8 27.780  0.00  16
   101171  40.472115 -124.704639    25.922      -45.5     -166.3      202.3      9.7     26.2     31.9 2021  9  7 12  6 36.340  0.00  16
   101173  40.480314 -124.700399    23.780      314.0      744.2    -1940.3     23.7     34.7     31.4 2021  9 12  8 46  7.140  0.00  16
   101179  40.472518 -124.704492    26.130      -33.1     -121.5      409.8      9.5     23.0     51.8 2021  9 19  4 12 22.100  0.00  16
   101181  40.473181 -124.704671    26.068      -48.3      -47.9      347.9     12.7     16.7     30.7 2021  9 21 10 15 40.980  0.00  16
   101183  40.476778 -124.703174    25.630       78.7      351.5      -89.6     19.5     29.1     64.7 2021  9 25 21 15 37.720  0.00  16
   101190  40.471822 -124.704720    26.030      -52.4     -198.8      310.0     10.1     22.6     31.0 2021 10  4  3 56 50.020  0.00  16
   101191  40.471875 -124.704753    25.994      -55.2     -192.9      274.0     10.7     22.5     28.4 2021 10  4  4 17 38.960  0.00  16
   101196  40.471065 -124.704907    26.079      -68.3     -282.9      359.1     11.6     27.4     39.8 2021 10 17 20 21 35.000  0.00  16
   101210  40.472066 -124.704647    25.914      -46.2     -171.7      193.7     15.1     31.2     37.0 2021 11  9 16 33 24.060  0.00  16
   101217  40.478837 -124.702840    25.647      107.0      580.2      -72.8     19.4     23.8     62.3 2021 11 22  2 33 37.140  0.00  16
   101218  40.475061 -124.703711    25.608       33.1      160.9     -112.5     13.8     27.8     38.2 2021 11 27 16 59  2.420  0.00  16
   101224  40.479032 -124.702157    24.564      164.9      601.8    -1156.3     22.7     36.7    135.8 2022  1  6 20 34 23.120  0.00  16
   101225  40.478748 -124.702856    25.530      105.6      570.2     -189.6     20.4     30.1     65.0 2022  1  6 13  0 38.860  0.00  16
   101229  40.477352 -124.703092    25.557       85.6      415.2     -162.7     17.8     31.5     42.5 2022  1 18  9 17 28.400  0.00  16
   101230  40.477783 -124.703084    25.602       86.3      463.1     -118.1     16.9     30.7     46.6 2022  1 19  9 33 28.680  0.00  16
   101234  40.477832 -124.702979    25.415       95.2      468.6     -305.4     16.5     24.0     55.1 2022  1 23  8 46  6.580  0.00  16
   101238  40.471737 -124.704744    25.973      -54.5     -208.3      253.1     10.6     23.2     29.6 2022  2  7 21 40 32.580  0.00  16
   101243  40.473556 -124.704167    25.720       -5.5       -6.3       -0.4     23.4     33.9     70.7 2022  2 12 23 29 19.340  0.00  16
   101256  40.474251 -124.703695    25.549       34.5       70.9     -170.5     17.4     23.4     51.9 2022  3  3  4 20 48.040  0.00  16
   101257  40.480062 -124.702246    25.661      157.3      716.2      -59.5     20.1     22.0     69.0 2022  3  4  5 28 44.660  0.00  16
   101282  40.479891 -124.702425    25.522      142.2      697.2     -198.3     17.1     20.8     58.9 2022  5 15 23 29  2.560  0.00  16
   101302  40.474304 -124.703817    25.476       24.2       76.8     -243.7     17.3     22.0     37.4 2022  7  4 22 56 22.600  0.00  16
   101304  40.470732 -124.705257    26.123      -98.0     -319.9      403.1     15.6     27.3     28.9 2022  7  8 17  2 27.980  0.00  16
   101314  40.471590 -124.704834    26.022      -62.1     -224.6      301.6     10.3     25.1     30.2 2022  8  1  0 11 32.320  0.00  16
   101320  40.471948 -124.704834    26.370      -62.1     -184.8      650.4     10.9     19.3     36.6 2022  8 11  5 13 26.080  0.00  16
   101323  40.468022 -124.707080    26.865     -252.6     -620.8     1145.4     32.8     38.3    109.6 2022  8 17  5 39  0.840  0.00  16
   101326  40.473014 -124.704679    25.986      -49.0      -66.4      265.9     14.1     15.2     32.5 2022  8 26 22 29 24.400  0.00  16
   101327  40.473397 -124.704386    25.941      -24.2      -23.9      221.4     15.4     21.4     43.9 2022  8 26 17 35 25.260  0.00  16
   101335  40.479411 -124.702808    25.664      109.7      643.9      -55.8     16.1     41.8     38.8 2022  9 23 13  1 57.720  0.00  16
   101336  40.473372 -124.704476    25.994      -31.7      -26.7      274.5     10.0     18.8     28.1 2022  9 23 16 53 35.540  0.00  16
   101346  40.472526 -124.704818    26.132      -60.7     -120.6      412.5     10.9     19.1     30.4 2022 10  9 21 44 27.480  0.00  16
   101361  40.473071 -124.705200    26.445      -93.2      -60.1      724.9     13.1     20.6     34.3 2022 11 16  7 56 54.320  0.00  16
   101366  40.473556 -124.704386    25.813      -24.2       -6.3       92.6     17.9     30.4     56.0 2022 11 30 11 22 20.400  0.00  16
   110293  40.471399 -124.704647    25.866      -46.2     -245.8      146.5      9.6     15.2     29.3 2023  3 19 12 29 14.650  1.61  16
