   108433  40.748832 -124.233911    12.413     7420.3     2020.7     2979.0    140.4     81.6    146.3 2020 11 21  6 25 35.720  0.00  46
   108434  40.748832 -124.233919    12.414     7419.6     2020.7     2979.8    142.6     81.6    146.5 2020 11 21  7 26  9.440  0.00  46
   108435  40.748718 -124.234489    12.398     7371.5     2008.1     2963.6    174.2     88.2    136.6 2021  9 18  9  5  3.000  0.00  46
   108436  40.748873 -124.233862    12.393     7424.4     2025.2     2959.0    186.5     87.2    159.2 2022  1 18 23 24  5.960  0.00  46
   108437  40.748869 -124.233870    12.394     7423.7     2024.8     2959.5    184.5     86.1    157.4 2022  1 18 23 25  2.140  0.00  46
   108438  40.748621 -124.235563    12.581     7280.7     1997.2     3146.8    195.9     99.0    225.1 2022  1 19 20 33 45.540  0.00  46
   108439  40.748812 -124.232804    12.425     7513.8     2018.5     2990.3    175.7     84.0    139.1 2022  1 19 21 29 33.980  0.00  46
   108440  40.748767 -124.232902    12.422     7505.5     2013.5     2988.0    218.9     95.5    223.5 2022  1 20  0  6 19.720  0.00  46
   108960  40.735286 -124.291610     5.024     2547.0      516.5    -4410.1    118.7    120.6    207.6 2020  8 22  2 46 34.640  0.00  46
   108961  40.737211 -124.292391     5.644     2481.0      730.2    -3790.2    150.9    104.4    156.4 2022  9 24 17  8 17.940  0.00  46
   110222  40.721281 -124.380420     7.187    -4955.7    -1038.8    -2247.5     73.2     74.9     95.2 2022  6  5  8 26 45.400  0.00  46
   110223  40.721318 -124.380314     7.219    -4946.7    -1034.8    -2214.9     69.1     71.6     66.0 2022  6  5  8 51 54.180  0.00  46
   110224  40.721110 -124.380542     7.251    -4966.0    -1057.8    -2183.6     60.1     80.8     82.4 2022  6  5  8 28 25.100  0.00  46
   110227  40.720764 -124.380591     7.205    -4970.1    -1096.2    -2229.6     80.0     57.9     89.8 2022  6 20  0 19 17.960  0.00  46
   110230  40.735372 -124.370752     9.934    -4138.4      526.0      499.4    110.7     74.7    148.6 2022  5  5 20 40 11.140  0.00  46
   110236  40.705009 -124.372355     8.629    -4274.8    -2845.8     -804.7    100.0     59.0     97.0 2022  8  7  6 28 12.440  0.00  46
   110238  40.705005 -124.372355     8.632    -4274.8    -2846.3     -801.8    100.5     58.8     97.4 2022 11  2  8  1 19.400  0.00  46
   110239  40.705005 -124.372355     8.631    -4274.8    -2846.3     -802.9     99.6     58.5     96.3 2022 11  3 13 46 28.020  0.00  46
   110240  40.705017 -124.372396     8.630    -4278.3    -2844.9     -804.5     99.0     58.3     97.8 2022 11 16  6 47 46.300  0.00  46
   110241  40.705021 -124.372404     8.627    -4279.0    -2844.5     -807.6     98.0     58.1     96.7 2022 11 30  8 33 59.080  0.00  46
   110502  40.748608 -124.235978    12.320     7245.7     1995.9     2885.8    112.5     66.4    136.1 2022 12 23 17 30 27.280  1.15  46
   110573  40.737642 -124.294425     5.670     2309.1      778.1    -3764.6    123.3     92.6    168.9 2023  5 22 19  5 30.020  1.30  46
   110777  40.720833 -124.380697     7.399    -4979.1    -1088.5    -2035.1     66.0     65.9     63.7 2023  3 23  6  3  8.580  1.25  46
   110779  40.734583 -124.372583     9.929    -4293.1      438.3      494.5    110.3     74.8    148.8 2023  1 12 21  3 16.120  1.83  46
   110784  40.705005 -124.371566     8.724    -4208.1    -2846.3     -709.9     99.3     58.1     95.0 2022 12 20  0 57 24.410  1.03  46
