   104947  40.373999 -124.586995    27.510       -3.5       -1.8       -0.0      0.0      0.1      0.1 2020  1 27  3 33 37.900  0.00  23
   104948  40.373999 -124.586995    27.510       -3.5       -1.8       -0.0      0.0      0.0      0.0 2020  3 15 11  8 54.480  0.00  23
   104949  40.373999 -124.586995    27.510       -3.5       -1.8       -0.0      0.0      0.1      0.1 2020  3 15 10 40 25.300  0.00  23
   104950  40.373999 -124.586995    27.510       -3.5       -1.8       -0.0      0.0      0.1      0.1 2020  3 24 22 40 56.940  0.00  23
   104951  40.373999 -124.586995    27.510       -3.5       -1.8       -0.0      0.0      0.0      0.0 2020  3 29 19 50 48.940  0.00  23
   104952  40.373999 -124.586995    27.510       -3.5       -1.8       -0.0      0.0      0.0      0.0 2020  5 20 21 10 40.540  0.00  23
   104953  40.373999 -124.586995    27.510       -3.5       -1.8       -0.0      0.1      0.1      0.1 2020  5 28  3 30 49.200  0.00  23
   104954  40.373999 -124.586995    27.510       -3.5       -1.8       -0.0      0.0      0.0      0.0 2020  6 11  3 50 51.180  0.00  23
   104955  40.373999 -124.586995    27.510       -3.5       -1.8        0.0      0.0      0.1      0.1 2020  6 14  8 41  4.880  0.00  23
   104956  40.373999 -124.586995    27.510       -3.5       -1.8       -0.0      0.0      0.1      0.0 2020  7 14  7 25 47.800  0.00  23
   104958  40.373999 -124.586995    27.510       -3.5       -1.8        0.0      0.0      0.1      0.1 2020  9 10  2  4 47.040  0.00  23
   104959  40.373999 -124.586995    27.510       -3.5       -1.8       -0.0      0.0      0.1      0.1 2020  9 12 10 40  0.480  0.00  23
   104960  40.373999 -124.586995    27.510       -3.5       -1.8       -0.0      0.0      0.1      0.1 2020  9 19  0 33 31.640  0.00  23
   104961  40.373999 -124.586995    27.510       -3.5       -1.8       -0.0      0.0      0.1      0.1 2020  9 23  9 31 47.320  0.00  23
   104962  40.373999 -124.586995    27.510       -3.5       -1.8       -0.0      0.0      0.0      0.1 2020  9 29  9 57 55.960  0.00  23
   104964  40.373999 -124.586995    27.510       -3.5       -1.8        0.0      0.0      0.1      0.1 2020 12  8 16 42 53.280  0.00  23
   104965  40.373999 -124.586995    27.510       -3.5       -1.8       -0.0      0.0      0.1      0.1 2020 12 10 19 49 14.260  0.00  23
   104966  40.373999 -124.586995    27.510       -3.5       -1.8       -0.0      0.0      0.1      0.1 2020 12 22 14 35 10.320  0.00  23
   104967  40.373999 -124.586995    27.510       -3.5       -1.8       -0.0      0.0      0.1      0.1 2021  3  6 12 54 27.660  0.00  23
   104969  40.373999 -124.586995    27.510       -3.5       -1.8       -0.0      0.0      0.1      0.1 2021  5 20  0 50 18.180  0.00  23
   104972  40.373999 -124.586995    27.510       -3.5       -1.8       -0.0      0.0      0.1      0.1 2021  6 11  8 31 33.560  0.00  23
   104973  40.373999 -124.586995    27.510       -3.5       -1.8        0.0      0.0      0.0      0.1 2021  6 20  1 41 22.180  0.00  23
   104974  40.373999 -124.586995    27.510       -3.5       -1.8       -0.0      0.0      0.1      0.1 2021  7 20 15  5 21.760  0.00  23
   104975  40.373999 -124.586995    27.510       -3.5       -1.8       -0.0      0.0      0.0      0.1 2021  8 28 19 21 44.180  0.00  23
   104976  40.373999 -124.586995    27.510       -3.5       -1.8       -0.0      0.1      0.1      0.1 2021  9 27  1  3 32.360  0.00  23
   104977  40.373999 -124.586995    27.510       -3.5       -1.8       -0.0      0.0      0.1      0.1 2021 10  6 22  3 24.840  0.00  23
   104978  40.373999 -124.586995    27.510       -3.5       -1.8       -0.0      0.0      0.1      0.1 2021 11  1  3 56 53.200  0.00  23
   104980  40.373999 -124.586995    27.510       -3.5       -1.8       -0.0      0.0      0.1      0.1 2022  2  6 21 50 37.360  0.00  23
   104981  40.373999 -124.586995    27.510       -3.5       -1.8       -0.0      0.0      0.1      0.1 2022  3 11  9 43 29.740  0.00  23
   104982  40.373999 -124.586995    27.510       -3.5       -1.8       -0.0      0.0      0.1      0.1 2022  4  3  8 24 39.320  0.00  23
   104983  40.373999 -124.586995    27.510       -3.5       -1.8       -0.0      0.0      0.1      0.0 2022  4 19 22 16 25.080  0.00  23
   104984  40.373999 -124.586995    27.510       -3.5       -1.8       -0.1      0.1      0.2      0.2 2022  5  9 21 52  8.060  0.00  23
   104987  40.373999 -124.586995    27.510       -3.5       -1.8       -0.0      0.0      0.0      0.1 2022  6 17 10 22 17.000  0.00  23
   104988  40.373999 -124.586995    27.510       -3.5       -1.8       -0.0      0.0      0.1      0.1 2022  6 17 10 46 26.820  0.00  23
   104990  40.373999 -124.586995    27.510       -3.5       -1.8       -0.0      0.0      0.1      0.1 2022  6 24  5  4 53.800  0.00  23
   104991  40.373999 -124.586995    27.510       -3.5       -1.8       -0.0      0.1      0.1      0.1 2022  7 27  4 54 13.900  0.00  23
   104993  40.373999 -124.586995    27.510       -3.5       -1.8       -0.0      0.0      0.1      0.0 2022  8 11  4 39 15.140  0.00  23
   104994  40.373999 -124.586995    27.510       -3.5       -1.8       -0.0      0.0      0.1      0.1 2022  8 17  8 25 46.520  0.00  23
   104995  40.373999 -124.586995    27.510       -3.5       -1.8       -0.0      0.0      0.1      0.1 2022  8 30 23 11 16.520  0.00  23
   104996  40.373999 -124.586995    27.510       -3.5       -1.8        0.0      0.0      0.0      0.1 2022 10 11 17 23 22.920  0.00  23
   104997  40.373999 -124.586995    27.510       -3.5       -1.8       -0.0      0.0      0.0      0.1 2022 10 11 14  2 49.700  0.00  23
   104998  40.373999 -124.586995    27.510       -3.5       -1.8       -0.0      0.1      0.1      0.1 2022 10 11 17 30 39.280  0.00  23
   104999  40.373999 -124.586995    27.510       -3.5       -1.8       -0.0      0.1      0.1      0.1 2022 10 24 20  5 38.420  0.00  23
   105000  40.373999 -124.586995    27.510       -3.5       -1.8       -0.0      0.0      0.1      0.1 2022 11 14  0 17 50.340  0.00  23
   105001  40.373999 -124.586995    27.510       -3.5       -1.8       -0.0      0.0      0.0      0.1 2022 11 20 20 20 39.340  0.00  23
   105002  40.373999 -124.586995    27.510       -3.5       -1.8       -0.0      0.0      0.1      0.1 2022 11 27  4  0 20.280  0.00  23
   110356  40.373999 -124.586995    27.510       -3.5       -1.8       -0.0      0.1      0.1      0.1 2023  5 27  0 55 22.180  2.59  23
