   103991  40.298560 -124.340161     9.659    -2646.2    -1616.2     -140.1     18.9     14.6     12.3 2020  1 17  9 45 59.140  0.00  47
   103993  40.300708 -124.340137     9.536    -2644.1    -1377.6     -262.7     19.1     25.5     26.4 2020  5 10  3 42 52.940  0.00  47
   103994  40.301961 -124.340234     9.539    -2652.4    -1238.5     -260.2     20.6     34.6     25.6 2020  5 10  5 35 35.000  0.00  47
   103998  40.298157 -124.340340     9.666    -2661.5    -1660.9     -132.9     10.0     20.0     13.7 2020  9 14  9  1 19.540  0.00  47
   104000  40.299028 -124.340861     9.631    -2705.7    -1564.2     -167.5     11.3     24.5     17.1 2021  3 25  0  8 59.680  0.00  47
   104002  40.299483 -124.340804     9.647    -2700.9    -1513.6     -152.0      9.6     15.0      9.0 2021  8 22  5 40 15.640  0.00  47
   104004  40.299634 -124.340316     9.668    -2659.4    -1496.9     -130.9     10.0     14.5     12.1 2021  9  4  3 28 39.640  0.00  47
   104007  40.298759 -124.340365     9.656    -2663.5    -1594.0     -142.5      7.9     16.2      8.0 2022  5 10 23 26 29.780  0.00  47
   104008  40.297323 -124.340487     9.504    -2673.9    -1753.5     -294.5      9.2     16.8     13.9 2022  5 30  7 25 58.420  0.00  47
   104010  40.297196 -124.339722     9.587    -2608.9    -1767.5     -211.4     30.5     62.3     35.8 2022  6 28  1 22 18.540  0.00  47
   104011  40.296659 -124.339551     9.557    -2594.4    -1827.2     -242.1     19.7     33.1     23.0 2022 10 19 21 53 36.280  0.00  47
   106813  40.294694 -124.330208     9.474    -1800.2    -2045.4     -324.9     13.1     19.2     13.3 2020  3 17  5 56 19.560  0.00  47
   106827  40.293660 -124.330794     9.493    -1850.0    -2160.2     -306.0      9.7     14.7     14.6 2022  2 25  5 29 56.100  0.00  47
   106830  40.294954 -124.330868     9.421    -1856.2    -2016.5     -377.9     10.3     21.6     13.5 2022  7  5 15 16 47.800  0.00  47
   106831  40.293770 -124.330485     9.559    -1823.7    -2148.0     -240.0     12.0     13.7     11.7 2022  8 21 21 28 41.340  0.00  47
   106832  40.293070 -124.330664     9.545    -1839.0    -2225.7     -253.4     11.8     12.9     12.5 2022  8 21 21 40 11.720  0.00  47
   106834  40.295406 -124.330404     9.320    -1816.8    -1966.3     -478.7     15.0     17.6     25.5 2022 10 20 17 49 27.620  0.00  47
   107004  40.334603 -124.211751     7.241     8267.9     2386.1    -2558.2     20.2     26.6     18.7 2022  3  4 18 57 23.080  0.00  47
   107006  40.332817 -124.212419     6.861     8211.3     2187.7    -2937.6     16.1     20.1     27.3 2022 10 10 12 43 31.860  0.00  47
   108402  40.379948 -124.251107    12.688     4921.5     7421.2     2889.3     10.4      8.8      7.5 2022 10  8 11 13  1.020  0.00  47
   108407  40.379854 -124.250765    12.684     4950.5     7410.9     2885.6     10.0      8.6      7.0 2022 11 12 15 29 41.060  0.00  47
   110332  40.299003 -124.340503     9.668    -2675.3    -1566.9     -130.7      8.2     14.0      8.7 2023  3 12 10 38 34.580  0.73  47
   110415  40.294210 -124.329972     9.537    -1780.1    -2099.2     -262.2      7.9     10.1      8.1 2023  3 15 21 22 18.100  1.02  47
   110424  40.333594 -124.210116     7.211     8407.0     2274.0    -2587.6     14.2     21.9     17.5 2023  5  3  7 32 56.730  0.50  47
   110499  40.379663 -124.250651    12.674     4960.2     7389.6     2874.9     10.0      7.7      6.7 2023  3 19 16 35 12.330  0.73  47
   110740  40.350338 -124.249618    12.344     5049.1     4133.3     2546.0     27.0     22.4     20.9 2023  2  1  5  8 29.030  0.91  47
