   108663  40.489254 -124.339575    19.313      -47.6       -8.6      -16.1      4.9      4.1      4.2 2022  3  5 15  4 56.760  0.00  37
   108665  40.489250 -124.339730    19.314      -60.7       -9.0      -15.5      4.5      4.9      4.4 2022  3  5 14 13 15.560  0.00  37
   108670  40.489726 -124.339412    19.334      -33.8       43.8        4.5      4.0      4.5      4.7 2022  3 18  2  2 21.140  0.00  37
   108671  40.489539 -124.339364    19.339      -29.7       23.0        9.7      3.4      4.2      4.5 2022  3 18  2 55 56.140  0.00  37
   108673  40.489506 -124.339795    19.304      -66.2       19.4      -25.9      3.7      2.7      4.5 2022  5 13 21 13  4.360  0.00  37
   108674  40.489327 -124.339730    19.275      -60.7       -0.5      -54.8      4.9      3.8      4.7 2022  5 13 11  3  1.340  0.00  37
   108675  40.489360 -124.339827    19.325      -69.0        3.2       -4.5      4.9      2.6      3.7 2022  7  9 13 10 58.000  0.00  37
   108676  40.489278 -124.339876    19.315      -73.1       -5.9      -14.7      4.9      2.5      3.4 2022  7 19 14 43  3.060  0.00  37
   108678  40.489600 -124.339437    19.307      -35.9       29.8      -22.0      3.5      3.6      3.8 2022  7 24 16 37 15.260  0.00  37
   108680  40.489437 -124.339640    19.351      -53.1       11.7       22.0      3.4      3.8      4.7 2022  7 26  2 56 53.120  0.00  37
   108681  40.489494 -124.339518    19.294      -42.8       18.1      -35.5      3.1      3.8      3.7 2022  9 12  7 56 19.840  0.00  37
   108682  40.489388 -124.339673    19.306      -55.9        6.3      -23.5      3.2      3.2      5.0 2022  9 12 16 26 23.860  0.00  37
   108683  40.489665 -124.339640    19.324      -53.1       37.1       -5.4      3.5      3.9      4.2 2022  9 12  6 56 34.320  0.00  37
   108684  40.489522 -124.339616    19.293      -51.1       21.2      -36.4      3.2      3.9      4.2 2022  9 12  6 57 16.840  0.00  37
   108686  40.489441 -124.339429    19.312      -35.2       12.2      -17.0      3.8      3.8      2.9 2022  9 12  7  2 14.940  0.00  37
   108687  40.489746 -124.339665    19.326      -55.2       46.1       -3.3      3.8      4.1      4.4 2022  9 12  6 55 47.640  0.00  37
   108688  40.489164 -124.339730    19.327      -60.7      -18.5       -2.7      5.0      4.2      3.1 2022  9 12  7  0 41.780  0.00  37
   108689  40.489119 -124.339526    19.314      -43.5      -23.5      -15.5      3.8      3.9      3.8 2022  9 12  6 58 44.140  0.00  37
   108690  40.489437 -124.339933    19.281      -78.0       11.7      -48.8      4.9      3.0      5.1 2022  9 13 12  0  9.260  0.00  37
   108692  40.489478 -124.339795    19.319      -66.2       16.3      -10.2      5.8      5.0      6.4 2022  9 13 23 59 39.940  0.00  37
   108693  40.489522 -124.339404    19.287      -33.1       21.2      -42.6      3.7      4.1      3.9 2022  9 15  4 38 42.340  0.00  37
   108694  40.489624 -124.339583    19.291      -48.3       32.5      -38.8      2.4      3.7      5.1 2022  9 19 10 45 20.920  0.00  37
   108695  40.489502 -124.339600    19.310      -49.7       19.0      -19.3      3.3      3.4      4.1 2022 10 13  0  1 53.180  0.00  37
   108697  40.489591 -124.339591    19.319      -49.0       28.9      -10.5      3.5      3.9      4.2 2022 11 21 11  3 27.100  0.00  37
   108698  40.489486 -124.339396    19.302      -32.4       17.2      -27.4      3.8      4.0      4.3 2022 11 21  9 56 47.360  0.00  37
   108699  40.489665 -124.339730    19.298      -60.7       37.1      -31.0      3.1      3.8      4.6 2022 11 21 11 24 43.840  0.00  37
   108700  40.489539 -124.339583    19.323      -48.3       23.0       -6.3      3.8      3.9      3.4 2022 11 21 11  5 34.240  0.00  37
   108701  40.489661 -124.339453    19.298      -37.3       36.6      -31.1      4.0      4.1      4.4 2022 11 21 12  2 33.900  0.00  37
   108704  40.489498 -124.339754    19.293      -62.8       18.5      -36.3      4.3      3.0      4.8 2022 11 22  1 39 11.480  0.00  37
   108705  40.489494 -124.339933    19.327      -78.0       18.1       -2.3      4.4      3.1      4.5 2022 11 24  7 16 24.120  0.00  37
   108706  40.489596 -124.339510    19.340      -42.1       29.4       10.2      5.7      6.4      7.6 2022 11 27  8 29 21.460  0.00  37
   108707  40.489189 -124.339657    19.311      -54.5      -15.8      -18.1      3.2      4.3      4.8 2022 11 27  7 15  5.860  0.00  37
   110543  40.489087 -124.339372    19.372      -30.4      -27.1       42.3      3.0      3.1      3.4 2023  1 10 17 58 54.640  1.07  37
