   106728  40.457609 -124.270858    25.340       38.0       84.9      380.2      1.2      1.0      1.2 2020  3 18 22 39 56.960  0.00  17
   106731  40.457699 -124.270866    25.335       37.3       94.9      375.5      0.6      0.5      0.6 2020  4 28 22 46 41.280  0.00  17
   106736  40.457694 -124.270825    25.333       40.7       94.4      373.1      1.2      1.0      1.1 2020  9 13 12 45 25.840  0.00  17
   106739  40.457638 -124.270898    25.334       34.5       88.1      374.0      0.8      0.7      0.9 2021  3 17  1 49 22.520  0.00  17
   106742  40.457650 -124.270907    25.336       33.8       89.5      376.2      0.8      0.8      0.5 2021  6  9 13 49 49.100  0.00  17
   106743  40.457711 -124.270760    25.336       46.2       96.2      376.5      1.5      0.9      1.1 2021  6 10 16 57 49.660  0.00  17
   106745  40.457605 -124.270793    25.343       43.5       84.5      383.2      1.2      0.8      0.9 2021  7 18 16 42 41.440  0.00  17
   106753  40.457711 -124.270841    25.333       39.3       96.2      373.8      1.0      0.7      0.9 2021 12 20 20 16 29.340  0.00  17
   106754  40.457682 -124.270874    25.333       36.6       93.1      373.0      0.8      0.7      0.9 2021 12 21  2 26  2.820  0.00  17
   106755  40.457764 -124.269539    25.311      149.8      102.1      351.0      2.3      1.1      1.4 2021 12 21  3 30 46.600  0.00  17
   106756  40.457654 -124.270939    25.335       31.1       89.9      375.4      1.1      0.8      0.8 2021 12 21 19  5 18.040  0.00  17
   106757  40.457556 -124.271012    25.339       24.9       79.1      379.4      1.6      1.0      0.9 2021 12 21  1 43 20.320  0.00  17
   106758  40.457666 -124.270492    25.337       69.0       91.3      377.3      1.4      0.6      0.7 2021 12 21 21 41 57.480  0.00  17
   106760  40.457597 -124.270980    25.337       27.6       83.6      377.2      1.1      0.8      0.8 2021 12 21 23 39 48.460  0.00  17
   106761  40.457711 -124.270703    25.334       51.1       96.2      374.6      1.0      0.6      0.7 2021 12 21  6 12 22.560  0.00  17
   106762  40.457699 -124.270443    25.331       73.2       94.9      371.1      1.6      0.5      0.7 2021 12 21 13 12 47.980  0.00  17
   106765  40.457410 -124.271208    25.326        8.3       62.8      366.9      1.4      2.4      1.5 2021 12 21  4 45 19.380  0.00  17
   106768  40.457703 -124.269645    25.328      140.8       95.3      367.9      1.9      0.7      0.9 2021 12 21  1 42  0.360  0.00  17
   106770  40.457430 -124.271143    25.327       13.8       65.1      367.6      1.4      2.1      1.2 2021 12 21 20  6 12.260  0.00  17
   106771  40.457621 -124.270524    25.334       66.3       86.3      374.6      1.2      0.9      0.8 2021 12 21  9 13 30.740  0.00  17
   106772  40.457711 -124.270695    25.334       51.8       96.2      374.6      1.0      0.6      0.7 2021 12 21  7  6 27.260  0.00  17
   106774  40.457601 -124.270923    25.338       32.4       84.0      378.1      1.3      1.0      0.8 2021 12 21  8  1 41.180  0.00  17
   106775  40.457666 -124.270874    25.335       36.6       91.3      375.5      0.7      0.7      0.7 2021 12 22 11 57 26.320  0.00  17
   106776  40.457690 -124.270833    25.331       40.0       94.0      371.4      1.0      1.1      1.1 2021 12 22 20 17 58.960  0.00  17
   106778  40.457642 -124.270915    25.336       33.1       88.6      376.5      1.1      0.8      0.8 2021 12 23  3 20 39.960  0.00  17
   106780  40.457699 -124.270866    25.333       37.3       94.9      373.6      1.1      1.0      1.2 2021 12 26 10  1 21.900  0.00  17
   106781  40.457699 -124.270866    25.333       37.3       94.9      373.1      0.7      0.7      0.8 2021 12 26 23 20 59.320  0.00  17
   106783  40.457686 -124.270833    25.331       40.0       93.5      371.6      1.0      1.1      1.1 2021 12 27  1  9 16.580  0.00  17
   106787  40.457548 -124.270988    25.332       26.9       78.2      372.1      1.1      1.0      1.2 2022  1  2 22  0  9.380  0.00  17
   106789  40.457633 -124.270850    25.337       38.7       87.7      377.9      1.0      0.8      0.8 2022  1  2  4 53 31.180  0.00  17
   106790  40.457625 -124.270907    25.338       33.8       86.8      378.8      1.1      0.7      0.9 2022  1  2  8 17  5.880  0.00  17
   106793  40.457581 -124.270996    25.342       26.2       81.8      382.0      1.1      0.9      1.0 2022  1 13 13 37 23.880  0.00  17
   106795  40.457731 -124.269604    25.334      144.3       98.5      374.6      2.2      0.6      0.9 2022  1 15 16 20  8.480  0.00  17
   106796  40.457694 -124.270785    25.336       44.2       94.4      376.5      1.4      1.0      1.0 2022  1 18  1  5 22.860  0.00  17
   106798  40.457589 -124.270508    25.332       67.6       82.7      372.7      1.2      1.1      1.1 2022  1 29 10 59 48.560  0.00  17
   106799  40.457670 -124.270874    25.336       36.6       91.7      376.5      0.8      0.9      0.8 2022  1 30 22 25  8.500  0.00  17
   106801  40.457682 -124.270825    25.331       40.7       93.1      371.5      0.7      0.6      0.7 2022  2 25  4  3 34.000  0.00  17
   106803  40.457621 -124.270719    25.334       49.7       86.3      374.2      0.8      0.6      0.6 2022  4 12  0 54 20.500  0.00  17
   106804  40.457670 -124.270890    25.334       35.2       91.7      374.9      0.8      0.6      0.4 2022  4 15  9 43 42.080  0.00  17
   106807  40.457690 -124.270858    25.337       38.0       94.0      377.2      1.2      0.9      1.0 2022  8 27  0 17 55.680  0.00  17
   106808  40.457703 -124.270573    25.337       62.1       95.3      377.0      1.2      0.9      1.0 2022  9 12 11 16 51.400  0.00  17
   106809  40.457686 -124.270850    25.336       38.7       93.5      376.6      0.7      0.8      0.8 2022 11  3 19 20 57.480  0.00  17
   106810  40.457804 -124.269043    25.343      191.9      106.6      382.9      2.7      0.8      1.3 2022 11 17 18 30  3.780  0.00  17
   110130  40.457340 -124.272314    25.392      -85.6       55.1      432.3      1.8      1.3      1.3 2021 12 20 21 19 35.360  0.00  17
   110131  40.457271 -124.272819    25.393     -128.4       47.4      433.1      2.4      1.3      1.8 2021 12 20 23 14 29.400  0.00  17
   110133  40.457365 -124.272176    25.391      -73.9       57.8      431.4      1.4      1.3      1.5 2021 12 23 18 20 46.720  0.00  17
   110134  40.457532 -124.272209    25.396      -76.6       76.4      436.4      1.3      1.3      1.4 2022  3  4 15 40 56.400  0.00  17
   110169  40.450712 -124.284351    21.949    -1106.6     -680.9    -3010.5      1.1      1.0      0.8 2021 12 21 17 40 43.880  0.00  17
   110170  40.450049 -124.279378    21.889     -684.8     -754.6    -3070.2      4.0      2.3      2.1 2021 12 21 17 46 54.000  0.00  17
   110171  40.450700 -124.284424    21.945    -1112.8     -682.3    -3014.7      1.8      1.2      1.3 2021 12 21  0 56 54.660  0.00  17
   110172  40.450191 -124.280037    21.865     -740.7     -738.8    -3094.8     12.8      2.0      1.9 2021 12 21  9 29 42.380  0.00  17
   110173  40.450529 -124.286483    21.861    -1287.4     -701.3    -3098.7     12.0      1.7      1.6 2021 12 31  7 54 22.740  0.00  17
   110414  40.457633 -124.270711    25.326       50.4       87.7      366.9      0.9      0.7      0.7 2023  4 18  6 30 20.240  1.21  17
   110732  40.457556 -124.272266    25.386      -81.5       79.1      426.5      1.4      1.2      1.5 2023  4 20  6 34 58.960  0.73  17
   110744  40.450956 -124.289526    21.893    -1545.6     -653.8    -3066.2      2.2      1.2      1.4 2022 12  6 14 13  7.240  1.22  17
