   106010  40.277515 -124.562272    18.264        0.0       -8.6       -5.9      1.3      4.0      2.3 2020  2 10 16 52 35.900  0.00  40
   106012  40.277795 -124.562264    18.256        0.7       22.6      -14.2      1.7      3.2      3.3 2020  3 20  4 52 58.960  0.00  40
   106014  40.277795 -124.562256    18.231        1.4       22.6      -39.0      1.8      3.1      4.6 2020  4  7 23 24 48.060  0.00  40
   106017  40.277608 -124.562313    18.276       -3.5        1.8        5.6      1.1      1.6      2.3 2020  7 16 18 56 25.600  0.00  40
   106019  40.277714 -124.562288    18.278       -1.4       13.6        7.8      1.0      3.2      3.6 2020  8  4 17 55 32.040  0.00  40
   106020  40.277478 -124.562370    18.311       -8.3      -12.7       40.8      1.9      3.0      5.1 2020  9  6  7 26 57.220  0.00  40
   106021  40.277287 -124.562321    18.277       -4.2      -33.9        6.5      1.1      5.4      3.2 2020  9 17 15 29 55.440  0.00  40
   106023  40.277592 -124.562321    18.276       -4.2        0.0        5.7      1.1      1.5      2.7 2020 10  7 20 16 32.860  0.00  40
   106025  40.277637 -124.562313    18.283       -3.5        5.0       12.8      1.1      2.7      3.1 2020 10 30  5 28 15.440  0.00  40
   106026  40.277649 -124.562297    18.272       -2.1        6.3        1.9      1.1      2.1      3.1 2020 12 27 14 29 51.580  0.00  40
   106027  40.277877 -124.562256    18.254        1.4       31.6      -15.9      2.0      4.2      3.0 2021  1 27 20 38 14.300  0.00  40
   106028  40.277568 -124.562321    18.277       -4.2       -2.7        6.6      1.2      2.1      2.4 2021  2 12  4 45 10.420  0.00  40
   106029  40.277734 -124.562297    18.288       -2.1       15.8       17.8      1.0      4.0      3.9 2021  2 23 17  9 35.440  0.00  40
   106032  40.277649 -124.562313    18.292       -3.5        6.3       22.3      1.2      3.1      3.9 2021  4  2  8 32 29.220  0.00  40
   106033  40.277246 -124.562280    18.259       -0.7      -38.4      -11.3      1.1      5.9      3.8 2021  4  2 13 18 31.140  0.00  40
   106034  40.277629 -124.562305    18.270       -2.8        4.1        0.5      1.0      2.1      2.2 2021  4  3 23 18 17.580  0.00  40
   106035  40.277629 -124.562305    18.267       -2.8        4.1       -2.9      1.2      1.9      2.1 2021  4  4  7 50 26.820  0.00  40
   106037  40.277979 -124.562207    18.262        5.5       42.9       -8.0      2.1      4.6      5.1 2021  4 26  6 32 31.780  0.00  40
   106039  40.277531 -124.562378    18.311       -9.0       -6.8       41.2      1.9      3.2      5.3 2021  7 14 15  3 16.320  0.00  40
   106040  40.277673 -124.562313    18.283       -3.5        9.0       13.0      1.1      3.1      3.3 2021  7 28  9 36  3.100  0.00  40
   106042  40.278023 -124.562256    18.272        1.4       47.9        2.0      1.9      4.7      4.7 2021  8 24 17 52 55.220  0.00  40
   106045  40.277588 -124.562297    18.262       -2.1       -0.5       -7.6      1.1      2.2      2.7 2021 12 14 20 34 44.500  0.00  40
   106047  40.277625 -124.562297    18.271       -2.1        3.6        0.6      1.1      2.2      2.1 2021 12 21  7  5 18.660  0.00  40
   106048  40.277629 -124.562288    18.270       -1.4        4.1       -0.3      1.1      2.2      2.2 2021 12 21  9  6 23.560  0.00  40
   106052  40.277608 -124.562337    18.287       -5.5        1.8       17.4      1.4      2.8      4.2 2021 12 27 23 32 51.160  0.00  40
   106053  40.277694 -124.562297    18.275       -2.1       11.3        5.0      1.1      3.4      2.5 2021 12 30 22  2 34.580  0.00  40
   106054  40.276685 -124.562150    18.230       10.4     -100.8      -40.3      2.4      7.1      6.0 2022  1  1 17 29 31.920  0.00  40
   106055  40.277625 -124.562305    18.275       -2.8        3.6        5.0      1.1      2.5      2.4 2022  1  3  9 47 41.620  0.00  40
   106057  40.277091 -124.562427    18.296      -13.2      -55.6       25.9      2.7      7.7      5.0 2022  2 23  2  6 30.340  0.00  40
   106058  40.277409 -124.562345    18.282       -6.2      -20.3       12.5      1.8      3.0      5.2 2022  3 10  3 28 33.340  0.00  40
   106062  40.277543 -124.562313    18.266       -3.5       -5.4       -4.0      1.2      2.2      2.9 2022  7 25 13 33 16.740  0.00  40
   110386  40.277572 -124.562305    18.272       -2.8       -2.3        1.9      1.0      2.0      2.2 2023  4 30  3 21 23.220  1.14  40
