   103372  40.278471 -124.521452    19.954        7.6       30.3      -15.9      3.5      5.3      4.0 2020  1 13  4 35 54.740  0.00  32
   103373  40.278455 -124.521460    19.964        6.9       28.5       -6.3      3.3      5.1      3.1 2020  1 14 13 28 33.620  0.00  32
   103376  40.278605 -124.521346    19.872       16.6       45.2      -98.0      4.1      9.0      8.7 2020  4 23  2 43 50.960  0.00  32
   103380  40.278239 -124.521574    19.954       -2.8        4.5      -16.3      2.2      3.9      4.2 2020  6 22 23 31  2.020  0.00  32
   103381  40.278349 -124.521517    19.982        2.1       16.7       11.9      2.2      4.6      4.7 2020  6 28 17 22 53.120  0.00  32
   103383  40.278149 -124.521623    19.967       -6.9       -5.4       -2.7      2.2      4.1      2.9 2020  7 13 10 22  7.320  0.00  32
   103384  40.278406 -124.521517    19.976        2.1       23.0        5.6      2.9      4.2      4.1 2020  8  3  9  6  1.760  0.00  32
   103389  40.278430 -124.521476    19.956        5.5       25.8      -14.0      3.0      4.2      3.5 2020 11  5 12 38 58.240  0.00  32
   103390  40.278345 -124.521509    19.954        2.8       16.3      -15.8      2.7      3.8      4.0 2020 11  5 12 39 36.040  0.00  32
   103391  40.278333 -124.521533    19.964        0.7       14.9       -6.4      2.5      3.5      2.7 2020 11  6  8 25 13.440  0.00  32
   103392  40.277889 -124.521769    19.964      -19.4      -34.3       -5.6      3.9      5.9      2.6 2020 12 29  9  1 15.600  0.00  32
   103397  40.278394 -124.521501    19.988        3.5       21.7       18.1      2.7      5.4      5.4 2021  3  4 17  8 37.200  0.00  32
   103400  40.278451 -124.521460    19.961        6.9       28.0       -8.9      3.1      4.7      3.6 2021  3 27 10 50 25.740  0.00  32
   103401  40.278438 -124.521460    19.992        6.9       26.7       22.4      3.1      6.2      5.8 2021  4  5 11 42 43.140  0.00  32
   103403  40.278451 -124.521476    19.956        5.5       28.0      -14.2      2.9      4.4      3.4 2021  5 29 16 34 35.700  0.00  32
   103404  40.278284 -124.521566    19.990       -2.1        9.5       19.6      2.2      4.7      5.5 2021  6 13  0 34 11.440  0.00  32
   103412  40.277755 -124.521883    20.088      -29.1      -49.2      118.3      4.7      7.4     14.1 2021  9 19 22 24 28.280  0.00  32
   103413  40.277743 -124.521899    20.128      -30.5      -50.6      158.3      4.9      7.9     12.9 2021  9 23  7 46 21.640  0.00  32
   103414  40.278215 -124.521574    19.964       -2.8        1.8       -6.3      2.1      3.8      2.9 2021 10 10  2 35 36.640  0.00  32
   103415  40.278015 -124.521680    19.966      -11.8      -20.3       -4.4      2.8      4.7      4.8 2021 10 12 11 35 15.460  0.00  32
   103416  40.278092 -124.521631    19.966       -7.6      -11.7       -4.4      2.3      4.4      3.7 2021 10 13  3 15 11.500  0.00  32
   103417  40.277909 -124.521761    19.965      -18.7      -32.1       -5.4      3.8      5.8      2.7 2021 10 25 12 13 10.580  0.00  32
   103418  40.278092 -124.521655    19.970       -9.7      -11.7        0.3      2.4      4.2      3.1 2021 11 10 23 37 13.460  0.00  32
   103420  40.278239 -124.521566    19.959       -2.1        4.5      -11.0      2.5      4.4      3.5 2021 11 16 10 50 11.560  0.00  32
   103421  40.278349 -124.521517    19.991        2.1       16.7       21.2      2.7      5.7      5.6 2021 11 18 14 19 52.740  0.00  32
   103422  40.278190 -124.521598    19.964       -4.8       -0.9       -5.7      2.2      3.9      3.1 2021 12  7 14 41 31.160  0.00  32
   103423  40.278373 -124.521501    19.945        3.5       19.4      -25.1      3.0      4.1      5.1 2021 12 15 14 48 20.300  0.00  32
   103424  40.278239 -124.521566    19.962       -2.1        4.5       -8.0      2.1      3.8      3.0 2021 12 20 14 25 10.760  0.00  32
   103426  40.278076 -124.521663    19.978      -10.4      -13.6        8.0      2.4      4.1      3.1 2021 12 20 20  7 39.320  0.00  32
   103427  40.278072 -124.521631    19.967       -7.6      -14.0       -3.2      2.4      4.3      3.8 2021 12 20 21 43 57.240  0.00  32
   103429  40.278422 -124.521501    19.959        3.5       24.9      -11.0      3.0      4.3      3.4 2021 12 22 16  0 10.800  0.00  32
   103430  40.278292 -124.521541    19.983        0.0       10.4       13.3      2.2      5.0      4.6 2021 12 24 11  3 50.560  0.00  32
   103431  40.278353 -124.521517    19.990        2.1       17.2       19.7      2.5      5.7      5.6 2021 12 26 21 48 44.840  0.00  32
   103434  40.278117 -124.521623    19.969       -6.9       -9.0       -1.1      2.2      4.6      2.6 2022  4 30 21  3 55.400  0.00  32
   103435  40.277804 -124.521777    19.963      -20.1      -43.8       -7.2      3.8      5.5      6.8 2022  5 31 11 52 23.980  0.00  32
   103436  40.278170 -124.521606    19.972       -5.5       -3.2        1.6      2.2      3.6      2.8 2022  9  1 13  9 26.560  0.00  32
   103439  40.278162 -124.521590    19.959       -4.2       -4.1      -10.8      2.3      5.2      3.8 2022  9 23 17 55 19.120  0.00  32
   103440  40.278153 -124.521590    19.968       -4.2       -5.0       -1.9      2.3      3.9      3.3 2022  9 26 16 59 43.680  0.00  32
   110321  40.278162 -124.521623    19.975       -6.9       -4.1        4.9      2.1      3.3      2.5 2022 12 23 14 21 11.630  0.91  32
