   107694  40.533268 -123.982186    20.904       27.6       18.5       44.3   1549.2    848.4   1386.6 2021  6 15 12 30 58.240  0.00  62
   107705  40.533325 -123.982039    20.910       40.0       24.9       50.3   1563.9    905.5   1335.8 2021  6 15 14 32 56.860  0.00  62
   107712  40.533272 -123.982170    20.901       29.0       19.0       41.1   1510.7    840.1   1279.1 2021  6 15  8  3 51.620  0.00  62
   107714  40.533276 -123.982178    20.902       28.3       19.4       42.4   1546.9    841.7   1315.0 2021  6 15 10 52 14.820  0.00  62
   107717  40.533321 -123.982096    20.909       35.2       24.4       49.1   1691.6    916.7   1366.3 2021  6 16 15 46 43.780  0.00  62
   107720  40.533374 -123.981470    20.882       88.3       30.3       22.0   1557.8    866.4   1124.3 2021 10  6 17 29 42.880  0.00  62
   107721  40.533390 -123.981421    20.884       92.4       32.1       23.8   1554.7    869.7   1087.6 2021 10  6 20 25 50.100  0.00  62
   107722  40.533407 -123.981396    20.886       94.5       33.9       25.5   1544.9    871.0   1066.1 2021 10  6 18 11 58.240  0.00  62
   107723  40.533167 -123.982113    20.861       33.8        7.2        0.7   1581.5    904.3   1011.2 2021 10  9 15  7 49.740  0.00  62
   107724  40.533451 -123.981356    20.896       97.9       38.9       36.2   1216.8    799.2    924.6 2021 10  9  7 48 42.600  0.00  62
   107725  40.533407 -123.980981    20.862      129.6       33.9        1.6   2705.4    816.6   1442.7 2021 10 10 14 38 48.420  0.00  62
   107727  40.533993 -123.980924    20.946      134.5       99.0       86.3   1885.7   1462.0   1382.9 2022  8 10 10 48 36.500  0.00  62
   107728  40.533940 -123.980998    20.943      128.2       93.1       82.9   1745.9   1391.5   1310.1 2022  8 10 10 31 24.380  0.00  62
   107729  40.533036 -123.982593    20.852       -6.9       -7.2       -7.5   1338.9   1206.5   1148.7 2022  9 22  4 56  7.220  0.00  62
   107730  40.533032 -123.982601    20.851       -7.6       -7.7       -9.1   1406.0   1216.5   1271.4 2022  9 22  7  9 54.480  0.00  62
   110449  40.532857 -123.983228    20.835      -60.7      -27.1      -25.5   1002.4    795.6    795.8 2023  2 25  4  7 30.630  0.97  62
