   101025  40.471456 -124.704777    26.128      -57.3     -239.5      408.5      3.9      9.6     12.3 2020  1  9  2 10 32.160  0.00  16
   101029  40.472571 -124.704850    26.209      -63.5     -115.7      488.8      5.5      7.9     15.9 2020  1 30 12  6 18.720  0.00  16
   101032  40.471301 -124.704858    26.040      -64.2     -256.6      320.2      4.0     10.7     16.9 2020  2 19  1  9 23.420  0.00  16
   101040  40.469926 -124.704549    25.256      -38.0     -409.4     -463.9      9.5     10.0     38.2 2020  3 19 10 33 49.980  0.00  16
   101042  40.470211 -124.704915    25.673      -69.0     -377.7      -46.8      6.7     12.2     24.5 2020  4  2  6 24  8.960  0.00  16
   101043  40.471065 -124.704606    26.104      -42.8     -282.9      384.4      5.1      5.7     20.9 2020  4  2 10  0 17.140  0.00  16
   101047  40.470793 -124.704476    23.877      -31.7     -313.1    -1843.1      8.5     14.1     10.3 2020  4 13  9 56 35.420  0.00  16
   101054  40.471045 -124.704948    26.163      -71.8     -285.1      442.9      5.5      7.4     19.7 2020  6 21 11 58 10.560  0.00  16
   101061  40.479610 -124.702922    25.439      100.1      666.0     -281.4      4.8     11.0     17.5 2020  8 16  0 16 42.400  0.00  16
   101065  40.480806 -124.702848    25.555      106.3      798.9     -164.6      9.7     22.2     21.0 2020  9  7 15 31 22.240  0.00  16
   101072  40.472351 -124.704810    26.240      -60.0     -140.1      519.9      4.4      8.0     17.5 2020 10  6  9 36 10.120  0.00  16
   101073  40.478406 -124.699137    23.199      421.0      532.3    -2521.3     32.7     30.2     41.2 2020 10  8 18 44  2.720  0.00  16
   101079  40.473877 -124.704460    25.216      -30.4       29.4     -503.7      8.5      9.9     29.3 2020 10 29  3 49 47.440  0.00  16
   101083  40.480534 -124.700871    23.860      274.0      768.6    -1860.5     12.8     16.2     16.2 2020 11 30  8  6 26.060  0.00  16
   101089  40.478007 -124.703589    25.841       43.5      488.0      121.0     10.2     10.1     32.4 2021  1 16 10  6 18.420  0.00  16
   101107  40.472713 -124.704565    26.042      -39.3      -99.9      322.5      5.9      9.6     18.6 2021  4 17 21 25 11.280  0.00  16
   101111  40.471586 -124.704614    26.334      -43.5     -225.0      613.6      5.2      8.6     19.3 2021  4 28  8  7  0.040  0.00  16
   101135  40.475472 -124.703743    25.902       30.4      206.5      182.5      6.2      9.6     17.6 2021  6 30  8 56 58.780  0.00  16
   101136  40.480640 -124.702287    25.955      153.9      780.3      235.2      6.0      8.1     17.4 2021  6 30  8 56 43.620  0.00  16
   101140  40.471810 -124.704850    26.057      -63.5     -200.2      337.2      4.7      7.8     13.1 2021  7  4 12 13 12.060  0.00  16
   101144  40.481372 -124.701685    24.570      205.0      861.7    -1149.9     10.9     16.8     72.5 2021  7 13 21 30  4.080  0.00  16
   101147  40.476522 -124.703377    25.948       61.4      323.1      227.6      7.1      8.9     23.3 2021  7 17  8 12 38.380  0.00  16
   101150  40.470919 -124.705013    26.411      -77.3     -299.1      690.6      7.2      9.7     20.5 2021  7 29  9  7  0.860  0.00  16
   101152  40.471183 -124.704785    26.087      -58.0     -269.7      367.3      5.5      9.2     20.6 2021  7 30 15 20 25.540  0.00  16
   101160  40.476278 -124.703524    25.876       49.0      296.0      155.8      6.7     11.2     19.6 2021  8 22 12 36 17.700  0.00  16
   101166  40.474634 -124.703947    25.772       13.1      113.4       52.2      6.1     11.3     16.2 2021  8 29 11 49 24.320  0.00  16
   101170  40.471151 -124.704679    26.096      -49.0     -273.4      375.7      3.8      9.8     12.7 2021  9  7 12  8 27.780  0.00  16
   101171  40.471651 -124.704655    25.883      -46.9     -217.8      163.1      4.3     10.0     13.1 2021  9  7 12  6 36.340  0.00  16
   101173  40.482393 -124.699780    23.858      366.4      975.1    -1862.3     12.3     17.8     15.7 2021  9 12  8 46  7.140  0.00  16
   101179  40.472095 -124.704557    26.302      -38.6     -168.5      581.7      4.5      9.6     24.8 2021  9 19  4 12 22.100  0.00  16
   101181  40.472945 -124.704818    26.101      -60.7      -74.1      381.4      6.4      7.2     13.7 2021  9 21 10 15 40.980  0.00  16
   101183  40.476668 -124.703670    25.985       36.6      339.3      265.1      6.9     11.7     20.2 2021  9 25 21 15 37.720  0.00  16
   101190  40.471147 -124.704810    25.999      -60.0     -273.8      278.8      4.2      9.1     14.5 2021 10  4  3 56 50.020  0.00  16
   101191  40.471200 -124.704818    25.972      -60.7     -267.9      252.5      4.7      9.0     12.3 2021 10  4  4 17 38.960  0.00  16
   101196  40.470203 -124.704924    25.963      -69.7     -378.6      243.2      6.0     11.6     18.9 2021 10 17 20 21 35.000  0.00  16
   101210  40.471330 -124.704785    25.936      -58.0     -253.5      216.5      5.2     11.7     13.9 2021 11  9 16 33 24.060  0.00  16
   101217  40.478239 -124.703296    25.862       68.3      513.7      142.1      5.4     12.2     13.5 2021 11 22  2 33 37.140  0.00  16
   101218  40.475639 -124.703581    25.552       44.2      225.0     -168.4      6.7     11.4     19.4 2021 11 27 16 59  2.420  0.00  16
   101224  40.481307 -124.701652    24.639      207.7      854.4    -1080.9     11.4     17.0     70.7 2022  1  6 20 34 23.120  0.00  16
   101225  40.478715 -124.703068    25.541       87.6      566.6     -179.2     10.7     16.3     32.6 2022  1  6 13  0 38.860  0.00  16
   101229  40.477307 -124.703231    25.683       73.8      410.3      -36.6      5.9     11.4     16.4 2022  1 18  9 17 28.400  0.00  16
   101230  40.479456 -124.702718    25.721      117.3      648.8        1.1     10.2     20.7     31.6 2022  1 19  9 33 28.680  0.00  16
   101234  40.477690 -124.703166    25.452       79.4      452.7     -268.1      8.5     13.9     26.4 2022  1 23  8 46  6.580  0.00  16
   101238  40.471008 -124.704850    25.950      -63.5     -289.2      229.6      4.4      9.2     12.8 2022  2  7 21 40 32.580  0.00  16
   101243  40.473474 -124.704207    25.696       -9.0      -15.4      -24.3      7.7     11.5     23.9 2022  2 12 23 29 19.340  0.00  16
   101256  40.474593 -124.703833    25.722       22.8      108.9        2.3      8.5     10.6     22.3 2022  3  3  4 20 48.040  0.00  16
   101257  40.480282 -124.702515    25.899      134.6      740.6      178.8      5.2      7.6     14.8 2022  3  4  5 28 44.660  0.00  16
   101282  40.479846 -124.702669    25.767      121.5      692.2       47.4      5.1      5.6     16.9 2022  5 15 23 29  2.560  0.00  16
   101302  40.474711 -124.703963    25.594       11.7      122.0     -125.5      8.2     11.3     20.0 2022  7  4 22 56 22.600  0.00  16
   101304  40.469722 -124.705314    26.069     -102.8     -432.0      348.9      7.8     11.6     13.9 2022  7  8 17  2 27.980  0.00  16
   101314  40.470890 -124.704899    25.958      -67.6     -302.3      237.8      4.5     10.1     13.6 2022  8  1  0 11 32.320  0.00  16
   101320  40.471627 -124.704777    26.403      -57.3     -220.5      683.3      4.8      6.9     17.3 2022  8 11  5 13 26.080  0.00  16
   101323  40.467993 -124.707145    26.980     -258.1     -624.0     1259.6      7.7      9.3     26.5 2022  8 17  5 39  0.840  0.00  16
   101326  40.472697 -124.704883    26.009      -66.3     -101.7      289.2      7.2      6.2     13.5 2022  8 26 22 29 24.400  0.00  16
   101327  40.473149 -124.704427    25.989      -27.6      -51.5      269.2      6.5      9.1     18.9 2022  8 26 17 35 25.260  0.00  16
   101335  40.481197 -124.702425    25.725      142.2      842.2        5.2     10.9     17.4     35.1 2022  9 23 13  1 57.720  0.00  16
   101336  40.473250 -124.704517    26.013      -35.2      -40.2      293.4      4.6      7.8     12.6 2022  9 23 16 53 35.540  0.00  16
   101346  40.472026 -124.704956    26.160      -72.5     -176.2      439.9      5.2      7.8     13.3 2022 10  9 21 44 27.480  0.00  16
   101361  40.472986 -124.705363    26.456     -107.0      -69.6      735.9      6.4      8.1     13.7 2022 11 16  7 56 54.320  0.00  16
   101366  40.473246 -124.704492    25.774      -33.1      -40.7       54.3      7.7     11.8     21.2 2022 11 30 11 22 20.400  0.00  16
   110293  40.471529 -124.704590    25.834      -41.4     -231.3      113.6      4.0      6.2     13.0 2023  3 19 12 29 14.650  1.61  16
