   103964  40.354582 -124.452490    27.996       24.9     -201.1       35.6     50.5     77.5     50.9 2020  1 17 21 16  0.740  0.00  63
   103965  40.361552 -124.451326    27.871      123.7      572.9      -88.8     42.4    121.1     58.8 2020  2  4  9 57 27.160  0.00  63
   103967  40.359119 -124.451579    27.884      102.3      302.7      -75.9     42.1    100.8     59.8 2020  2 29 12 17 59.180  0.00  63
   103968  40.356425 -124.452751    27.948        2.8        3.6      -12.5     35.1     47.4     37.2 2020  3 10 15 52 55.420  0.00  63
   103969  40.360958 -124.451457    27.901      112.7      507.0      -59.5     46.1    141.6     47.8 2020  3 18 23  4 33.160  0.00  63
   103972  40.356677 -124.452856    27.968       -6.2       31.6        8.5     36.2     56.6     36.4 2020  3 18 22 23 27.000  0.00  63
   103973  40.356258 -124.452710    27.926        6.2      -14.9      -34.2     36.4     36.8     44.2 2020  3 19  2 51 21.320  0.00  63
   103974  40.356368 -124.452759    27.930        2.1       -2.7      -30.0     30.6     34.2     52.1 2020  3 19  1  6 52.920  0.00  63
   103975  40.355819 -124.452824    27.943       -3.5      -63.7      -17.0     28.4     64.5     42.2 2020  3 19 10  3  1.860  0.00  63
   103977  40.354740 -124.451725    27.860       89.9     -183.4     -100.5     51.8     82.0     55.2 2020  3 19  1 20 46.660  0.00  63
   103978  40.356592 -124.452775    27.948        0.7       22.1      -12.2     36.3     52.8     40.8 2020  3 19  0  7 36.380  0.00  63
   103979  40.355526 -124.452816    27.925       -2.8      -96.2      -35.4     30.8     75.8     48.6 2020  3 20  6 22  4.300  0.00  63
   103980  40.356287 -124.452718    27.925        5.5      -11.7      -34.7     36.5     43.3     53.1 2020  3 22 20 48 12.080  0.00  63
   103988  40.356067 -124.452059    27.891       61.5      -36.1      -69.4     39.0     83.6     43.1 2022  3 28 20 25 16.460  0.00  63
   103989  40.356510 -124.452824    27.958       -3.5       13.1       -2.0     42.7     65.1     43.0 2022  5 29 17 14 40.200  0.00  63
   110331  40.356315 -124.453190    27.993      -34.6       -8.6       32.7     28.2     43.1     32.8 2023  2 13 12  0 43.360  1.05  63
