   105415  40.279806 -124.509204    18.697       -0.7        1.4        6.9      5.0     10.5     15.1 2020 10 14 15 34 41.400  0.00  67
   105416  40.279797 -124.509196    18.687        0.0        0.5       -3.0      4.5      5.8      9.4 2021  4  1  8 19  1.020  0.00  67
   105417  40.279549 -124.509245    18.701       -4.2      -27.1       10.7      7.6     20.3     12.9 2021  5 26 14 28  8.260  0.00  67
   105420  40.279818 -124.509196    18.691        0.0        2.7        1.3      4.4      8.2      9.1 2021 11  1  8 47 28.700  0.00  67
   105423  40.279354 -124.509285    18.706       -7.6      -48.8       16.0     10.6     25.8     18.1 2021 12 21 13 39 48.980  0.00  67
   105425  40.279793 -124.509212    18.692       -1.4        0.0        1.8      5.5     10.0      8.7 2021 12 29 15 42 35.260  0.00  67
   105426  40.279814 -124.509196    18.689        0.0        2.3       -0.5      4.8      9.0      8.6 2021 12 29 15 33 22.240  0.00  67
   105431  40.279793 -124.509196    18.689        0.0        0.0       -0.7      4.6      8.0      7.9 2022  2  7  7 47 12.980  0.00  67
   105432  40.279850 -124.509188    18.687        0.7        6.3       -2.6      5.1      9.6      8.6 2022  2  7 14 35 53.840  0.00  67
   105435  40.279810 -124.509196    18.687        0.0        1.8       -3.2      5.1      7.6      9.2 2022  5 14 19 48 33.060  0.00  67
   105436  40.279818 -124.509188    18.686        0.7        2.7       -4.2      5.1     10.3      9.0 2022  5 14 20  5 32.740  0.00  67
   105438  40.280017 -124.509147    18.668        4.2       24.9      -21.7      9.3     20.6     15.8 2022  8  1 20 28 59.300  0.00  67
   105440  40.279789 -124.509204    18.689       -0.7       -0.5       -1.3      4.8      7.8      8.6 2022 11  5 20 49 14.100  0.00  67
   110371  40.279814 -124.509196    18.689        0.0        2.3       -0.5      4.7      7.9      8.4 2023  3 11  3 37 51.890  1.01  67
