   102991  40.493856 -124.500081    29.722    -1024.6     1743.6       59.5    139.2    151.6    178.9 2020  1  9 13 40 58.740  0.00  27
   102998  40.493127 -124.500163    29.748    -1031.5     1662.8       84.9    109.1    158.9    143.7 2020 10  4  6 55  1.040  0.00  27
   103000  40.492729 -124.500399    29.772    -1051.5     1618.5      108.7    156.0    176.1    204.6 2020 10  8 16 45 53.320  0.00  27
   103003  40.493237 -124.499935    29.739    -1012.2     1675.0       75.7    110.2    128.2    169.5 2020 12  7  8 22 35.820  0.00  27
   103004  40.492440 -124.500130    29.813    -1028.8     1586.4      150.5    133.2    152.6    190.4 2020 12 17 16 52 32.620  0.00  27
   103005  40.492651 -124.500415    29.861    -1052.9     1609.9      197.8    185.9    171.8    269.1 2020 12 23 12 56 52.620  0.00  27
   103006  40.493420 -124.499992    29.795    -1017.0     1695.3      131.9     95.9    150.5    138.6 2021  1 17 10 19 59.280  0.00  27
   103012  40.493770 -124.500179    29.888    -1032.9     1734.2      225.6    159.3    150.1    196.0 2021  7 21 12  6 54.160  0.00  27
   103015  40.492810 -124.500309    29.844    -1044.0     1627.5      180.9    125.5    152.9    144.5 2021  8  4 20 21 42.980  0.00  27
   103016  40.492920 -124.500521    29.826    -1061.9     1639.7      162.9    172.1    196.1    238.9 2021  8  5 18 12 32.940  0.00  27
   103017  40.492924 -124.500521    29.826    -1061.9     1640.2      162.9    172.4    196.6    239.3 2021  8  5 16 53 27.500  0.00  27
   103022  40.493233 -124.500545    29.894    -1064.0     1674.5      231.3    177.0    162.3    180.1 2021 11 14 22 32 35.820  0.00  27
   103023  40.492448 -124.499984    29.802    -1016.4     1587.3      139.4    152.8    162.8    217.0 2021 11 27  7 32 25.300  0.00  27
   103026  40.492672 -124.500252    29.803    -1039.1     1612.2      140.2    147.2    167.7    187.0 2021 12 21 17 14  4.720  0.00  27
   103028  40.493042 -124.500765    29.903    -1082.6     1653.3      240.3    177.6    188.0    230.1 2021 12 29 22 51 33.620  0.00  27
   103029  40.492485 -124.500309    29.798    -1044.0     1591.4      135.1    150.3    140.7    185.2 2022  1 23 14 14  2.380  0.00  27
   103031  40.493351 -124.500098    29.889    -1026.0     1687.6      225.8    170.6    131.2    164.0 2022  6 14 14 54 54.680  0.00  27
   103033  40.493465 -124.500065    29.874    -1023.3     1700.3      211.3    145.6    128.7    143.3 2022  9 26  8  0 17.200  0.00  27
   103034  40.493835 -124.500765    29.864    -1082.6     1741.4      201.3    136.2    176.6    206.0 2022  9 26  1 25  9.900  0.00  27
   103035  40.493009 -124.500635    29.844    -1071.6     1649.7      181.3    148.5    188.2    176.2 2022  9 26  3 48 41.620  0.00  27
   104657  40.463896 -124.476644    29.611      962.7    -1583.2      -52.0    142.6    211.9    181.4 2020  3  9 10 51 18.620  0.00  27
   104658  40.463566 -124.476530    29.573      972.4    -1619.8      -89.6    135.8    172.4    153.2 2020  3 18 23 16  2.080  0.00  27
   104659  40.462581 -124.476343    29.479      988.3    -1729.2     -183.6    160.3    146.0    141.7 2020  3 20 11  9 12.380  0.00  27
   104660  40.462618 -124.476750    29.605      953.8    -1725.1      -58.2    110.1    196.4    135.6 2020  5 10 15 44 38.280  0.00  27
   104662  40.464103 -124.476725    29.621      955.8    -1560.2      -41.5    154.0    226.2    207.7 2020 12 30 23  3 58.660  0.00  27
   104663  40.463639 -124.476668    29.600      960.7    -1611.7      -62.7    121.1    179.6    165.0 2020 12 31 13 12 57.180  0.00  27
   104665  40.462358 -124.477018    29.443      931.0    -1754.0     -219.3    178.5    240.4    221.7 2021  6 24 14 45  8.020  0.00  27
   104667  40.463554 -124.476424    29.553      981.4    -1621.2     -109.6    115.7    144.1    138.3 2021  6 30 18 57 19.900  0.00  27
   104668  40.464079 -124.476497    29.624      975.2    -1562.9      -38.8    135.4    178.5    157.3 2021  7  6 10 17  1.880  0.00  27
   104670  40.462646 -124.477393    29.507      899.3    -1722.0     -156.2    210.6    215.0    195.2 2021  7 21 11 24 19.480  0.00  27
   104672  40.462703 -124.475562    29.478     1054.5    -1715.6     -184.3    186.7    172.3    164.9 2021  8 17  0  6 25.200  0.00  27
   104676  40.462590 -124.476961    29.651      935.8    -1728.3      -12.1     98.9    228.9    140.6 2021 10 23  3  0  5.120  0.00  27
   104677  40.463440 -124.476400    29.503      983.5    -1633.9     -159.9    154.0    132.0    135.6 2021 11  3 10 40 27.040  0.00  27
   104678  40.461206 -124.477205    29.505      915.1    -1881.9     -157.8    175.4    274.4    183.5 2021 11 18  6 17 11.960  0.00  27
   104679  40.464042 -124.476359    29.614      986.9    -1567.0      -49.0    137.5    181.7    163.3 2021 11 23  3 25  3.320  0.00  27
   104681  40.463066 -124.476587    29.602      967.6    -1675.4      -61.0    121.7    184.4    136.5 2021 12 22  1 49  7.300  0.00  27
   104682  40.464001 -124.476473    29.599      977.2    -1571.5      -63.9    132.1    166.7    147.1 2021 12 22  2  6  5.140  0.00  27
   104684  40.463920 -124.476343    29.612      988.3    -1580.5      -51.2    201.0    257.1    235.8 2022  4 16  8 34 43.700  0.00  27
   104685  40.462455 -124.476693    29.619      958.6    -1743.2      -43.9    118.6    237.0    162.8 2022  4 21  0 59 15.880  0.00  27
   104686  40.463106 -124.476278    29.505      993.8    -1670.9     -157.8    179.3    157.5    155.8 2022  6 27 17 46 59.340  0.00  27
   104692  40.464156 -124.476392    29.623      984.1    -1554.3      -39.7    136.2    171.7    150.4 2022  9 24 22 42 50.600  0.00  27
   110314  40.493620 -124.499935    29.932    -1012.2     1717.4      269.1    159.5    126.9    153.2 2023  4 23 20 44 41.260  1.76  27
   110348  40.462256 -124.476538    29.612      971.7    -1765.3      -50.9    126.0    194.8    143.9 2022 12 15  2 16  4.110  2.47  27
