   102991  40.494482 -124.499593    29.724     -983.2     1813.2       61.2     70.9    124.4    103.8 2020  1  9 13 40 58.740  0.00  27
   102998  40.494800 -124.498779    29.636     -914.2     1848.5      -26.5     91.9    173.8    128.2 2020 10  4  6 55  1.040  0.00  27
   103000  40.491162 -124.498991    29.670     -932.2     1444.5        6.8    115.5    149.9    170.0 2020 10  8 16 45 53.320  0.00  27
   103003  40.493319 -124.500293    29.822    -1042.6     1684.0      159.1     52.4     68.8     86.4 2020 12  7  8 22 35.820  0.00  27
   103004  40.492603 -124.500716    29.910    -1078.5     1604.5      247.0     64.8     99.4     81.5 2020 12 17 16 52 32.620  0.00  27
   103005  40.492887 -124.500448    29.876    -1055.7     1636.1      213.0     50.1     68.7     72.9 2020 12 23 12 56 52.620  0.00  27
   103006  40.493799 -124.499886    29.798    -1008.1     1737.3      135.1     49.7     85.0     72.8 2021  1 17 10 19 59.280  0.00  27
   103012  40.492997 -124.500627    29.903    -1070.9     1648.3      240.3     79.3    114.4     75.8 2021  7 21 12  6 54.160  0.00  27
   103015  40.493697 -124.499805    29.833    -1001.2     1726.0      170.5     68.0    106.5     71.4 2021  8  4 20 21 42.980  0.00  27
   103016  40.493522 -124.501693    29.978    -1161.2     1706.6      315.0     85.9    127.3    123.4 2021  8  5 18 12 32.940  0.00  27
   103017  40.493542 -124.501701    29.977    -1161.9     1708.9      314.6     85.7    126.1    123.3 2021  8  5 16 53 27.500  0.00  27
   103022  40.492672 -124.499976    29.807    -1015.7     1612.2      144.0     76.7     75.2     85.5 2021 11 14 22 32 35.820  0.00  27
   103023  40.493087 -124.500293    29.890    -1042.6     1658.2      227.3     50.0     65.3     77.1 2021 11 27  7 32 25.300  0.00  27
   103026  40.492940 -124.500586    29.863    -1067.4     1642.0      200.0     52.3     81.1     70.7 2021 12 21 17 14  4.720  0.00  27
   103028  40.493026 -124.501156    29.950    -1115.7     1651.5      287.1     75.1    112.1    104.5 2021 12 29 22 51 33.620  0.00  27
   103029  40.493319 -124.500260    29.836    -1039.8     1684.0      173.2     53.3     82.3     65.4 2022  1 23 14 14  2.380  0.00  27
   103031  40.493103 -124.499902    29.858    -1009.5     1660.1      195.3     62.4     77.7     69.2 2022  6 14 14 54 54.680  0.00  27
   103033  40.493595 -124.499910    29.864    -1010.1     1714.7      201.3     49.7     75.2     65.6 2022  9 26  8  0 17.200  0.00  27
   103034  40.493392 -124.500342    29.782    -1046.7     1692.1      118.8     50.0     78.3     73.9 2022  9 26  1 25  9.900  0.00  27
   103035  40.493079 -124.500407    29.825    -1052.2     1657.3      161.7     54.3     65.6     69.3 2022  9 26  3 48 41.620  0.00  27
   104657  40.466801 -124.478475    29.914      807.4    -1260.6      250.8    114.6    140.5    131.4 2020  3  9 10 51 18.620  0.00  27
   104658  40.462919 -124.476432    29.515      980.7    -1691.7     -147.9     56.6     62.9     65.8 2020  3 18 23 16  2.080  0.00  27
   104659  40.462764 -124.476660    29.497      961.4    -1708.9     -166.0     64.6     63.7     64.1 2020  3 20 11  9 12.380  0.00  27
   104660  40.461934 -124.476278    29.498      993.8    -1801.0     -164.6     59.6     75.0     90.1 2020  5 10 15 44 38.280  0.00  27
   104662  40.463534 -124.475366    29.451     1071.1    -1623.5     -211.8     80.9    156.7     96.6 2020 12 30 23  3 58.660  0.00  27
   104663  40.463444 -124.475391    29.421     1069.0    -1633.4     -241.6     77.9    159.1    102.0 2020 12 31 13 12 57.180  0.00  27
   104665  40.463017 -124.475854    29.416     1029.7    -1680.8     -246.5    101.4    139.6    102.9 2021  6 24 14 45  8.020  0.00  27
   104667  40.463359 -124.476449    29.544      979.3    -1642.9     -119.0     48.6     56.8     60.0 2021  6 30 18 57 19.900  0.00  27
   104668  40.463566 -124.475854    29.547     1029.7    -1619.8     -115.7     57.6     95.6     65.4 2021  7  6 10 17  1.880  0.00  27
   104670  40.463322 -124.477661    29.578      876.5    -1647.0      -84.4     65.3     64.2     58.3 2021  7 21 11 24 19.480  0.00  27
   104672  40.463517 -124.477205    29.602      915.1    -1625.3      -61.0     67.4     89.1     64.7 2021  8 17  0  6 25.200  0.00  27
   104676  40.463041 -124.477791    29.806      865.4    -1678.1      143.3     91.8     61.6    120.6 2021 10 23  3  0  5.120  0.00  27
   104677  40.463318 -124.476237    29.471      997.3    -1647.4     -191.7     62.5     85.4     72.6 2021 11  3 10 40 27.040  0.00  27
   104678  40.461694 -124.478263    29.707      825.4    -1827.7       44.6     94.7    127.4     96.7 2021 11 18  6 17 11.960  0.00  27
   104679  40.463717 -124.475977    29.573     1019.3    -1603.1      -89.7     49.0     72.5     57.5 2021 11 23  3 25  3.320  0.00  27
   104681  40.462720 -124.476595    29.593      966.9    -1713.8      -69.7     44.6     54.3     54.0 2021 12 22  1 49  7.300  0.00  27
   104682  40.463420 -124.476253    29.555      995.9    -1636.1     -108.0     49.2     61.1     56.6 2021 12 22  2  6  5.140  0.00  27
   104684  40.464103 -124.478166    29.716      833.7    -1560.2       52.8    103.7    155.0    114.1 2022  4 16  8 34 43.700  0.00  27
   104685  40.460929 -124.474650    29.313     1131.9    -1912.6     -349.8     98.9    100.7    146.4 2022  4 21  0 59 15.880  0.00  27
   104686  40.463965 -124.477205    29.608      915.1    -1575.6      -54.8     67.5     75.1     65.4 2022  6 27 17 46 59.340  0.00  27
   104692  40.463660 -124.476180    29.584     1002.1    -1609.5      -78.4     48.3     61.2     54.9 2022  9 24 22 42 50.600  0.00  27
   110314  40.493254 -124.499870    29.898    -1006.7     1676.8      235.0     50.2     66.6     66.8 2023  4 23 20 44 41.260  1.76  27
   110348  40.462496 -124.476652    29.620      962.1    -1738.7      -42.7     44.5     55.1     55.3 2022 12 15  2 16  4.110  2.47  27
