   104399  40.353471 -124.279671    23.882     1115.1     -812.4    -3106.8     11.1     11.7      8.9 2021  6 15  4 44 44.800  0.00  26
   104401  40.354785 -124.279207    23.858     1154.5     -666.4    -3130.4     12.9     21.9      9.5 2021  8 29  1 56 52.440  0.00  26
   104403  40.356022 -124.277922    23.857     1263.7     -529.1    -3131.5     18.4     24.1      9.1 2021 12 20 21  4 59.220  0.00  26
   104405  40.352128 -124.279183    23.798     1156.6     -961.5    -3190.0     17.3     23.6     11.7 2021 12 20 20 53 33.680  0.00  26
   104406  40.351351 -124.279940    23.780     1092.3    -1047.8    -3208.3     25.2     32.0     13.6 2021 12 20 20 26 28.100  0.00  26
   104407  40.352364 -124.280363    23.867     1056.3     -935.3    -3121.8     24.5     24.4     15.5 2021 12 20 21 31 11.760  0.00  26
   104410  40.355029 -124.278573    23.857     1208.4     -639.3    -3131.4     16.4     25.7     11.0 2021 12 21  0  8 11.860  0.00  26
   104411  40.356002 -124.278507    23.825     1213.9     -531.4    -3163.7     17.3     15.3     11.2 2021 12 21 19 31 39.840  0.00  26
   104412  40.356962 -124.278092    23.907     1249.2     -424.7    -3081.0     31.8     26.2     16.8 2021 12 21 11 59  9.720  0.00  26
   104413  40.352315 -124.279134    23.802     1160.7     -940.7    -3186.3     16.5     22.1     11.8 2021 12 22  8  8 37.840  0.00  26
   104420  40.354960 -124.278784    23.859     1190.4     -647.0    -3129.7     13.9     24.1     10.3 2022  1 14  0 17 25.780  0.00  26
   104421  40.354765 -124.278581    23.903     1207.7     -668.7    -3085.5     32.9     33.9     29.1 2022  1 14  4 26 58.700  0.00  26
   104423  40.355330 -124.281551    23.889      955.4     -605.9    -3099.5     38.6     32.7     24.1 2022  1 26 22 58 55.500  0.00  26
   104426  40.355347 -124.278939    23.842     1177.3     -604.1    -3146.4     17.1     27.3     13.6 2022 11 19 20 44  5.320  0.00  26
   107213  40.339433 -124.296916    27.665     -349.8    -2371.2      676.3     27.8     36.3     25.2 2020  3 23  6 34  8.940  0.00  26
   107215  40.342700 -124.293579    27.594      -66.4    -2008.4      605.6     57.1     54.5     32.2 2021 12  1  3 23 46.460  0.00  26
   107219  40.341618 -124.296403    27.672     -306.3    -2128.6      683.7     25.1     27.1     20.0 2021 12 24 22 23 25.560  0.00  26
   107222  40.340328 -124.296566    27.750     -320.1    -2271.8      762.0     29.8     41.5     25.4 2022  1  1 10 24 30.560  0.00  26
   107224  40.343856 -124.296037    27.628     -275.2    -1880.1      639.6     35.8     48.0     26.0 2022  1 17  7 33 11.240  0.00  26
   107232  40.372257 -124.308488    29.455    -1332.6     1273.7     2466.2     13.6     13.9     11.3 2021  3 11 20  6  4.280  0.00  26
   107235  40.371969 -124.308683    29.430    -1349.2     1241.6     2441.5      9.8     12.0      7.5 2021 11  3  5 58  4.920  0.00  26
   107243  40.372351 -124.308325    29.446    -1318.8     1284.1     2457.5     11.0     13.4      8.9 2021 12 20 23 27 36.080  0.00  26
   107244  40.372355 -124.308358    29.444    -1321.6     1284.6     2456.0     11.1     12.8      8.8 2021 12 20 20 50 16.880  0.00  26
   107245  40.371960 -124.308097    29.441    -1299.5     1240.7     2452.2     13.9     14.1     11.6 2021 12 20 23 41 45.320  0.00  26
   107246  40.372351 -124.308341    29.445    -1320.2     1284.1     2456.6     11.3     13.1      9.0 2021 12 20 20 17 10.900  0.00  26
   107247  40.371932 -124.308130    29.438    -1302.2     1237.6     2449.4      9.4     10.7      7.6 2021 12 20 21 11 30.880  0.00  26
   107254  40.372026 -124.308521    29.432    -1335.4     1248.0     2443.8     12.5     10.4      6.9 2021 12 21 18  1 23.800  0.00  26
   107256  40.371899 -124.308138    29.443    -1302.9     1233.9     2454.2     12.5     11.4     11.5 2021 12 21  7 25 52.440  0.00  26
   107257  40.372241 -124.308423    29.479    -1327.1     1271.9     2490.1     18.2     16.7     17.8 2021 12 21  2 34 43.280  0.00  26
   107258  40.371733 -124.308936    29.397    -1370.7     1215.4     2409.1     20.0     24.6     16.5 2021 12 21 13  6 14.120  0.00  26
   107260  40.371952 -124.308228    29.437    -1310.5     1239.8     2449.0      8.0     10.0      6.6 2021 12 23 19 15  5.580  0.00  26
   107262  40.371407 -124.308643    29.424    -1345.8     1179.3     2435.4     16.5     20.0     11.0 2021 12 24 12 38 47.180  0.00  26
   107267  40.371777 -124.308073    29.434    -1297.4     1220.4     2446.0     11.7     13.6      8.0 2021 12 26  2 14 54.480  0.00  26
   107272  40.371952 -124.308219    29.440    -1309.8     1239.8     2451.2      9.6     11.0      8.7 2022  1  2 13 57 49.500  0.00  26
   107274  40.371720 -124.308561    29.443    -1338.9     1214.1     2455.0     12.0     14.6     10.5 2022  1 15 12 26  6.380  0.00  26
   107277  40.371993 -124.308464    29.431    -1330.6     1244.3     2442.9     14.5     12.3      8.0 2022  7  1  1 40 55.500  0.00  26
   107280  40.372026 -124.308521    29.432    -1335.4     1248.0     2443.8     12.6     10.5      6.9 2022  7 16 23 34 14.380  0.00  26
   109841  40.360465 -124.247567    25.926     3842.1      -35.7    -1062.6     69.0     35.7     26.3 2021 12 21  1 16 23.360  0.00  26
   109842  40.360913 -124.264364    25.693     2415.3       14.0    -1295.1     37.6     39.5     38.5 2021 12 23  3 36 15.740  0.00  26
   109843  40.358280 -124.263713    25.762     2470.6     -278.3    -1226.2     31.2     34.1     28.0 2021 12 31 10  3  5.180  0.00  26
   110338  40.354045 -124.279687    23.872     1113.7     -748.7    -3116.1     19.2     26.6     12.8 2022 12 19 23 29  6.160  1.05  26
   110427  40.340951 -124.294914    27.695     -179.8    -2202.7      706.5     26.3     31.3     21.1 2022 12 25  7 31 55.070  0.83  26
   110428  40.371936 -124.308236    29.437    -1311.2     1238.0     2448.8      8.2     10.2      6.9 2023  4 29  3  1 22.660  0.62  26
   110713  40.361072 -124.267253    25.786     2169.9       31.6    -1202.8     29.0     27.2     24.2 2022 12 12  1  4 54.750  2.37  26
