   108362  40.490621 -124.207023    20.691     -260.1      -78.6     -376.8      2.8      1.9      2.9 2020  7 11 17 19 52.600  0.00  43
   108363  40.490653 -124.206982    20.669     -256.7      -75.0     -398.5      4.9      4.8      3.4 2020  8 12 11 28 24.940  0.00  43
   108364  40.490601 -124.206787    20.678     -240.1      -80.9     -389.5      2.8      2.0      2.8 2020  8 12 11 23 32.820  0.00  43
   108365  40.491219 -124.205029    20.756      -91.1      -12.2     -311.0      6.0      2.4      3.1 2020  8 16 23 21 48.480  0.00  43
   108366  40.490499 -124.207788    20.723     -325.0      -92.2     -344.3      3.9      4.3      3.2 2020 10  4  9 37 29.720  0.00  43
   108367  40.491097 -124.206519    20.707     -217.3      -25.8     -360.2      2.2      1.5      2.6 2020 10  8  4 46 56.680  0.00  43
   108369  40.490780 -124.206763    20.724     -238.0      -61.0     -343.1      3.1      2.2      2.5 2021  2 19  9 54 21.040  0.00  43
   108370  40.490820 -124.207690    20.710     -316.7      -56.5     -356.9      5.3      3.5      2.3 2021  6  1 21 55 42.420  0.00  43
   108373  40.491833 -124.206299    20.641     -198.7       56.0     -426.8      5.0      4.2      3.8 2022  2  7 11 46 35.280  0.00  43
   108374  40.490894 -124.206934    20.702     -252.5      -48.3     -365.1      2.8      2.1      2.2 2022  2 12 15 44 27.500  0.00  43
   108375  40.491536 -124.205998    20.678     -173.2       23.0     -389.2      5.1      3.9      3.3 2022  4 21 17  7 41.100  0.00  43
   108376  40.491170 -124.206201    20.691     -190.4      -17.6     -376.5      2.8      2.5      2.8 2022  4 22 17 55 41.660  0.00  43
   108378  40.491060 -124.206462    20.705     -212.5      -29.8     -361.9      3.4      2.0      1.8 2022  7 27  4 35 27.980  0.00  43
   108379  40.491199 -124.207259    20.704     -280.1      -14.5     -363.0      4.8      3.3      1.6 2022  8  3  6 33 48.060  0.00  43
   108380  40.491760 -124.206437    20.704     -210.4       47.9     -363.4      4.2      3.5      2.6 2022  9  1 10 45  9.880  0.00  43
   108381  40.491138 -124.206592    20.706     -223.5      -21.2     -361.3      2.5      2.1      0.9 2022 11 26 10 34 34.000  0.00  43
   108454  40.484029 -124.236735    19.094    -2779.2     -810.6    -1972.9      4.3      2.1      1.9 2021 12 22  7 38 16.620  0.00  43
   109536  40.490035 -124.200106    22.414      326.3     -143.7     1346.8      3.7      3.3      3.3 2021  3  3 21 43  3.720  0.00  43
   109537  40.490767 -124.199390    22.436      387.1      -62.4     1368.7      4.2      3.9      4.4 2021  9 27  2 58  8.360  0.00  43
   109538  40.489213 -124.201188    22.416      234.6     -235.0     1348.4      3.5      3.8      3.4 2021 12 23 14 37 21.580  0.00  43
   109539  40.490169 -124.199959    22.447      338.8     -128.8     1379.5      3.6      2.7      2.7 2022  9 12  3 59 29.200  0.00  43
   109540  40.490161 -124.199951    22.447      339.4     -129.7     1379.6      3.6      2.7      2.7 2022 10  8  6 41 27.060  0.00  43
   109635  40.497811 -124.176587    21.209     2320.1      719.8      142.1     37.2      6.0      9.2 2021  6  4 21 21 58.240  0.00  43
   109636  40.500537 -124.187598    21.861     1386.7     1022.5      793.2      5.6      4.6      4.8 2021 12 20 21 17 32.980  0.00  43
   109637  40.495976 -124.191382    21.582     1065.9      516.0      514.3      5.4      8.5      5.6 2022  5 25  8  4 48.420  0.00  43
   110460  40.486560 -124.182365    20.360     1830.5     -529.6     -707.0      3.2      2.7      4.0 2023  3 15  6  1 38.120  0.94  43
   110498  40.491069 -124.206258    20.709     -195.3      -28.9     -358.8      1.8      1.3      1.1 2023  1 15 11 51 19.200  1.50  43
   110504  40.483940 -124.237695    19.099    -2860.6     -820.5    -1968.3      4.3      2.1      1.9 2023  2  5 13 48 53.130  1.08  43
   110642  40.489347 -124.199479    22.450      379.5     -220.0     1383.0      3.2      2.8      3.0 2023  2 27 12 40  1.270  1.39  43
   110662  40.500346 -124.190055    21.946     1178.3     1001.3      879.1      5.2      4.1      4.5 2023  5  9 11 38 20.680  1.02  43
