   108116  40.733301 -124.222502    20.950        0.7        1.8       -0.0      0.1      0.1      0.1 2020  3 26  9 20 53.200  0.00  31
   108117  40.733301 -124.222502    20.950        0.7        1.8       -0.0      0.0      0.0      0.0 2020  4 13 22 41 44.480  0.00  31
   108121  40.733301 -124.222502    20.950        0.7        1.8       -0.0      0.0      0.0      0.0 2020  6  1  3  3 25.700  0.00  31
   108124  40.733301 -124.222502    20.950        0.7        1.8       -0.0      0.0      0.0      0.0 2021  7  6  9 25 32.080  0.00  31
   108125  40.733301 -124.222502    20.950        0.7        1.8       -0.0      0.0      0.0      0.0 2021  7  7  8 56 27.360  0.00  31
   108126  40.733301 -124.222502    20.950        0.7        1.8       -0.0      0.0      0.0      0.0 2021  7  7  8 57 58.960  0.00  31
   108127  40.733301 -124.222502    20.950        0.7        1.8       -0.0      0.0      0.0      0.0 2021  7  7  8 57 42.960  0.00  31
   108128  40.733301 -124.222502    20.950        0.7        1.8       -0.0      0.0      0.0      0.0 2021  7 17  8 16 24.480  0.00  31
   108129  40.733301 -124.222502    20.950        0.7        1.8       -0.0      0.0      0.0      0.0 2021  7 17  8  5  6.820  0.00  31
   108130  40.733301 -124.222502    20.950        0.7        1.8       -0.0      0.0      0.0      0.0 2021  7 17  8  4 38.280  0.00  31
   108133  40.733301 -124.222502    20.950        0.7        1.8       -0.0      0.0      0.0      0.0 2021  9 13 12 47 56.560  0.00  31
   108135  40.733301 -124.222502    20.950        0.7        1.8       -0.0      0.0      0.0      0.0 2021  9 25 19 33 49.660  0.00  31
   108136  40.733301 -124.222502    20.950        0.7        1.8       -0.0      0.0      0.0      0.0 2021  9 25 19 32 13.960  0.00  31
   108137  40.733301 -124.222502    20.950        0.7        1.8       -0.0      0.0      0.0      0.0 2021  9 25 21  8 54.760  0.00  31
   108138  40.733301 -124.222502    20.950        0.7        1.8       -0.0      0.0      0.0      0.0 2021  9 25 22 51 56.340  0.00  31
   108140  40.733301 -124.222502    20.950        0.7        1.8       -0.0      0.0      0.0      0.0 2021  9 26  2 29  6.560  0.00  31
   108144  40.733301 -124.222502    20.950        0.7        1.8       -0.0      0.0      0.0      0.0 2021 10  2 14 19 50.940  0.00  31
   108145  40.733301 -124.222502    20.950        0.7        1.8       -0.0      0.0      0.0      0.0 2021 10  2 15 18 22.940  0.00  31
   108147  40.733301 -124.222502    20.950        0.7        1.8       -0.0      0.0      0.0      0.0 2021 10  2 13 51  0.980  0.00  31
   108148  40.733301 -124.222502    20.950        0.7        1.8       -0.0      0.0      0.0      0.0 2021 10 10 10 57 12.440  0.00  31
   108149  40.733301 -124.222502    20.950        0.7        1.8       -0.0      0.0      0.0      0.0 2021 10 10  9 56 55.340  0.00  31
   108150  40.733301 -124.222502    20.950        0.7        1.8       -0.0      0.0      0.0      0.0 2021 10 10 12  3  7.700  0.00  31
   108160  40.733301 -124.222502    20.950        0.7        1.8       -0.0      0.0      0.0      0.0 2021 10 18  5  9 30.780  0.00  31
   108162  40.733301 -124.222502    20.950        0.7        1.8       -0.0      0.0      0.0      0.0 2021 12  8 21 31 20.560  0.00  31
   108164  40.733301 -124.222502    20.950        0.7        1.8       -0.0      0.1      0.1      0.1 2022  3 23  3 53 43.400  0.00  31
   108165  40.733301 -124.222502    20.950        0.7        1.8       -0.0      0.0      0.0      0.0 2022  3 25 19 15 29.160  0.00  31
   108166  40.733301 -124.222502    20.950        0.7        1.8       -0.0      0.0      0.0      0.0 2022  3 25 14 27 33.320  0.00  31
   108167  40.733301 -124.222502    20.950        0.7        1.8       -0.0      0.0      0.0      0.0 2022  3 25 14 42  8.760  0.00  31
   108168  40.733301 -124.222502    20.950        0.7        1.8       -0.0      0.0      0.0      0.0 2022  3 25 11 50 44.720  0.00  31
   108169  40.733301 -124.222502    20.950        0.7        1.8       -0.0      0.0      0.0      0.0 2022  3 26  4 13 16.340  0.00  31
   108170  40.733301 -124.222502    20.950        0.7        1.8       -0.0      0.0      0.0      0.0 2022  3 26 10 29 21.520  0.00  31
   108171  40.733301 -124.222502    20.950        0.7        1.8       -0.0      0.0      0.0      0.0 2022  3 26  9 46 18.680  0.00  31
   108172  40.733301 -124.222502    20.950        0.7        1.8       -0.0      0.0      0.0      0.0 2022  3 27  3 30 40.240  0.00  31
   108173  40.733301 -124.222502    20.950        0.7        1.8       -0.0      0.0      0.0      0.0 2022  3 27 12 44 16.700  0.00  31
   108175  40.733301 -124.222502    20.950        0.7        1.8       -0.0      0.0      0.0      0.0 2022  3 30 11 52 59.300  0.00  31
   108176  40.733301 -124.222502    20.950        0.7        1.8       -0.0      0.0      0.0      0.0 2022  4  2 16 13  4.240  0.00  31
   108178  40.733301 -124.222502    20.950        0.7        1.8       -0.0      0.0      0.0      0.0 2022  6 22  0 28 21.720  0.00  31
   108179  40.733301 -124.222502    20.950        0.7        1.8       -0.0      0.0      0.0      0.0 2022  7  3 23 30 11.360  0.00  31
   108182  40.733301 -124.222502    20.950        0.7        1.8       -0.0      0.0      0.0      0.0 2022  8 17  6 23  8.780  0.00  31
   110483  40.733301 -124.222502    20.950        0.7        1.8       -0.0      0.0      0.0      0.0 2023  4 29 18 24  1.280  0.83  31
