   104838  40.291663 -124.389185    21.342       24.2       -5.0      -28.0      8.2      6.2     10.6 2020  1 25 14 20 47.820  0.00  34
   104839  40.291679 -124.389201    21.347       22.8       -3.2      -23.2      8.1      5.7      9.6 2020  1 25 14 22 23.940  0.00  34
   104842  40.291650 -124.389054    21.331       35.3       -6.3      -39.5      8.8      7.2     11.7 2020  3 13 13 44 40.320  0.00  34
   104843  40.292525 -124.389299    21.354       14.5       90.8      -15.8      7.4     16.7      6.1 2020  5 23 16 19  5.400  0.00  34
   104844  40.293213 -124.389282    21.352       15.9      167.2      -17.8      9.5     24.8      6.2 2020  5 24 12  7 13.140  0.00  34
   104845  40.291618 -124.389502    21.370       -2.8       -9.9        0.4      4.2      7.7      3.5 2020  6  5 12  0 20.420  0.00  34
   104848  40.291659 -124.389103    21.336       31.1       -5.4      -34.1      8.6      6.9     11.7 2020 12 25 11 55 38.020  0.00  34
   104849  40.291671 -124.389103    21.337       31.1       -4.1      -33.0      8.4      6.6     11.5 2020 12 25 14 25 57.040  0.00  34
   104850  40.291646 -124.389144    21.337       27.7       -6.8      -32.8      7.8      6.3     14.1 2021  1 13 10  0 21.440  0.00  34
   104851  40.291695 -124.389461    21.366        0.7       -1.4       -3.9      3.8      6.5      4.5 2021  2  5 11 24  9.360  0.00  34
   104854  40.291557 -124.389478    21.369       -0.7      -16.7       -1.1      4.1      8.4      3.8 2021  9 17  3 49 29.860  0.00  34
   104855  40.291618 -124.389575    21.374       -9.0       -9.9        4.0      6.6      9.0      5.3 2021 10 23 10 36 54.840  0.00  34
   104857  40.291541 -124.389461    21.369        0.7      -18.5       -1.0      4.3      9.0      3.6 2021 11 10 22 12  7.100  0.00  34
   104858  40.292017 -124.389502    21.367       -2.8       34.3       -2.7      4.7     10.1      4.3 2021 11 17 11 58 34.440  0.00  34
   104859  40.291793 -124.389543    21.370       -6.2        9.5        0.2      5.2      8.3      4.3 2021 12 20 22 16 24.420  0.00  34
   104862  40.291695 -124.389510    21.370       -3.5       -1.4        0.1      4.3      7.0      3.6 2021 12 21  0  0 44.500  0.00  34
   104863  40.291683 -124.389543    21.371       -6.2       -2.7        1.1      4.6      6.0      3.5 2021 12 21  7 32  7.940  0.00  34
   104864  40.291663 -124.389518    21.371       -4.2       -5.0        0.9      5.0      6.2      3.9 2021 12 21  7 32 38.440  0.00  34
   104866  40.291687 -124.389494    21.370       -2.1       -2.3       -0.5      4.2      7.4      3.5 2021 12 21 13 12 35.900  0.00  34
   104868  40.291679 -124.389526    21.372       -4.8       -3.2        2.0      4.5      7.9      3.7 2021 12 21  7 35 40.760  0.00  34
   104869  40.291793 -124.389510    21.370       -3.5        9.5       -0.1      4.2      7.2      3.5 2021 12 21  5 59 26.840  0.00  34
   104870  40.291622 -124.389486    21.369       -1.4       -9.5       -1.1      4.4      7.8      3.5 2021 12 21  2 41 56.780  0.00  34
   104872  40.291728 -124.389844    21.393      -31.8        2.3       23.2      9.0      7.7      7.3 2021 12 21  5 35 36.300  0.00  34
   104874  40.291789 -124.389388    21.364        6.9        9.0       -5.8      5.3      7.2      4.9 2021 12 21 13 40 27.300  0.00  34
   104875  40.291577 -124.389502    21.372       -2.8      -14.5        2.2      4.1      8.9      4.1 2021 12 22  2 25 36.120  0.00  34
   104876  40.291593 -124.389518    21.372       -4.2      -12.7        1.5      4.7      8.1      4.0 2021 12 22  4 43 41.600  0.00  34
   104878  40.291642 -124.389518    21.371       -4.2       -7.2        1.4      4.7      7.8      4.4 2021 12 23 13 23  2.200  0.00  34
   104881  40.291728 -124.389486    21.370       -1.4        2.3       -0.5      4.0      6.9      3.8 2021 12 31 17  4  4.900  0.00  34
   104884  40.291687 -124.389494    21.370       -2.1       -2.3        0.3      3.9      7.2      3.6 2022  1 28 17 21 49.780  0.00  34
   104885  40.291732 -124.389502    21.371       -2.8        2.7        0.6      4.4      8.0      3.9 2022  1 28 15 57 19.160  0.00  34
   104886  40.291772 -124.389478    21.369       -0.7        7.2       -0.6      4.1      6.0      3.5 2022  1 28 15 48 35.980  0.00  34
   104888  40.291638 -124.389526    21.371       -4.8       -7.7        0.9      4.9      7.3      3.6 2022  2 22  1 59 45.720  0.00  34
   104889  40.291781 -124.389510    21.369       -3.5        8.1       -0.6      4.4      7.1      3.8 2022  9  2 17 28 49.180  0.00  34
   110352  40.291715 -124.389551    21.371       -6.9        0.9        1.3      4.1      4.6      3.8 2023  3 28  2 26 28.480  2.85  34
