   103864  40.297343 -124.345687     9.248       47.1        7.7     -152.1     18.5     18.9     22.5 2020  1 15  6 50 38.220  0.00  24
   103866  40.298783 -124.347127     9.359      -75.4      167.6      -40.9     11.1     13.0     12.5 2020  1 24 22  3 41.740  0.00  24
   103867  40.296908 -124.346745     9.279      -42.9      -40.7     -121.0      9.4     16.6     13.3 2020  1 24 15 30 20.360  0.00  24
   103868  40.297945 -124.347021     9.371      -66.4       74.6      -28.7      9.1     11.5     11.2 2020  1 24 21  4  2.500  0.00  24
   103869  40.297225 -124.346590     9.248      -29.8       -5.4     -152.3     10.5     12.4     12.2 2020  1 24 15 55 59.700  0.00  24
   103870  40.296851 -124.346696     9.242      -38.7      -47.0     -157.8      9.7     10.3     13.7 2020  1 24 15 22 48.080  0.00  24
   103871  40.299011 -124.347290     9.358      -89.3      192.9      -41.7     12.0     13.9     13.4 2020  1 24 22 54  7.460  0.00  24
   103872  40.296969 -124.346785     9.269      -46.4      -33.9     -131.3     11.8     12.5     16.5 2020  1 24 15 25 13.420  0.00  24
   103873  40.296643 -124.346883     9.241      -54.7      -70.0     -158.9     13.9     13.8     16.2 2020  1 24 15 26 23.140  0.00  24
   103874  40.297917 -124.346981     9.385      -63.0       71.4      -15.5      9.8     11.1     11.3 2020  1 24 20  3  2.500  0.00  24
   103876  40.299011 -124.347168     9.383      -78.9      192.9      -17.0     11.7     14.1     12.6 2020  1 24 23 20 24.980  0.00  24
   103880  40.293237 -124.347510     9.080     -107.9     -448.2     -319.9     20.6     39.7     21.3 2020  1 25  3 13 59.340  0.00  24
   103882  40.296102 -124.346305     9.294       -5.5     -130.1     -106.4      8.7     11.0     11.0 2020  1 25  3 14 28.680  0.00  24
   103883  40.297575 -124.346045     9.342       16.6       33.4      -57.8     12.5     13.4     11.8 2020  1 25  3  9  6.220  0.00  24
   103890  40.297656 -124.345964     9.250       23.5       42.5     -149.5     10.4     12.4     17.7 2020  1 27 19  4 35.860  0.00  24
   103891  40.296175 -124.346525     9.273      -24.2     -122.0     -126.5     12.5     19.5      9.7 2020  1 27 17 36 12.020  0.00  24
   103892  40.297062 -124.346419     9.376      -15.2      -23.5      -24.1     12.5     13.8     14.2 2020  1 27 16 23 44.480  0.00  24
   103895  40.297603 -124.345337     9.143       76.8       36.6     -257.1     16.3     12.2     17.9 2020  3 13  2 39 50.580  0.00  24
   103896  40.295951 -124.346143     9.009        8.3     -146.8     -391.0      9.2     24.1     13.6 2020  3 13  2 37 37.340  0.00  24
   103897  40.299422 -124.346704     9.266      -39.4      238.6     -134.3     25.6     31.9     23.3 2020  3 13  5 10 12.960  0.00  24
   103898  40.298885 -124.346330     9.267       -7.6      178.9     -133.2      8.3     10.6     12.9 2020  4  7 16 50 56.420  0.00  24
   103901  40.302169 -124.348665     9.421     -206.2      543.5       21.3     13.1     19.4     17.9 2020  5 10  3 40 47.520  0.00  24
   103902  40.296529 -124.346224     9.533        1.4      -82.7      133.5     11.1     15.9     15.3 2020  7 16 14 40 26.160  0.00  24
   103904  40.296407 -124.345443     8.688       67.8      -96.2     -711.7     20.5     35.7     33.6 2020 11  9  2 11  9.620  0.00  24
   103906  40.296212 -124.346183     9.383        4.8     -117.9      -16.7     20.0     19.8     27.7 2021  2  6 20 40 14.680  0.00  24
   103908  40.297327 -124.346655     9.509      -35.3        5.9      109.3      7.9      9.6     16.1 2021  3 13 11 25  2.260  0.00  24
   103909  40.295658 -124.346672     9.241      -36.7     -179.4     -159.2      9.2     19.3     16.4 2021  4  5 17 17  0.360  0.00  24
   103912  40.298031 -124.346672     9.447      -36.7       84.0       46.6      8.9     12.5     11.6 2021  4 17 12 56  1.300  0.00  24
   103913  40.297628 -124.346785     9.435      -46.4       39.3       34.6      9.9     16.2     13.9 2021  4 17 13 40 53.640  0.00  24
   103915  40.296647 -124.346655     9.459      -35.3      -69.6       59.1     10.1     11.4     14.7 2021  7 28 21 11  2.380  0.00  24
   103916  40.296586 -124.346558     9.464      -27.0      -76.4       64.2      9.7     12.0     14.2 2021  7 28 21 33 36.020  0.00  24
   103918  40.297994 -124.346965     9.351      -61.6       80.0      -49.1     10.6     10.4     11.8 2021  9  7 19 40  5.860  0.00  24
   103919  40.295858 -124.350146     9.330     -332.1     -157.2      -70.1     13.8     18.9     15.1 2021 11 25 16 28 40.160  0.00  24
   103921  40.297319 -124.346729     9.375      -41.5        5.0      -24.7     10.1     14.3      9.0 2021 12 21  3 38 51.940  0.00  24
   103922  40.297001 -124.347201     9.292      -81.6      -30.3     -107.8      8.0     17.1     12.2 2022  3 23 22 42 10.720  0.00  24
   103924  40.296586 -124.346997     9.283      -64.3      -76.4     -116.5     13.9     15.2     14.9 2022  5 29 21 13 23.800  0.00  24
   103926  40.297294 -124.346875     9.261      -54.0        2.3     -139.2     15.0     13.8     14.7 2022  5 29 19 36  5.420  0.00  24
   103927  40.297827 -124.346704     9.317      -39.4       61.4      -83.1      9.9     13.7      8.1 2022  5 29 19 11 27.880  0.00  24
   103929  40.296871 -124.346379     9.352      -11.8      -44.7      -48.0     11.6     13.0     13.0 2022  5 30  4 10  9.060  0.00  24
   103930  40.297477 -124.346541     9.362      -25.6       22.6      -38.3     11.5     12.9     11.1 2022  5 30  1 51 30.580  0.00  24
   103932  40.298446 -124.347021     9.360      -66.4      130.1      -39.8     10.4     14.0     10.8 2022  5 30  3 12  8.820  0.00  24
   103933  40.297327 -124.346590     9.380      -29.8        5.9      -20.2     10.4     13.7     11.5 2022  5 30  9 43 48.840  0.00  24
   103934  40.297595 -124.346631     9.319      -33.2       35.7      -80.5     11.7     10.9     12.7 2022  5 30  6 35  3.560  0.00  24
   103935  40.296639 -124.347062     9.191      -69.9      -70.5     -208.5     11.6     14.7     17.7 2022  5 30  6 42 38.800  0.00  24
   103937  40.298206 -124.346476     9.316      -20.1      103.5      -84.4     10.0     13.0      9.6 2022  5 30  4  6 28.560  0.00  24
   110328  40.296134 -124.345793     9.586       38.1     -126.5      185.7      8.3      9.2      9.3 2022 12 23 23 23  4.120  1.11  24
