   104315  40.499882 -124.471533    28.795       -6.9      -34.8      -25.4     36.1     49.8     40.3 2020  2 29  6 32  4.220  0.00  44
   104316  40.499996 -124.471240    28.784       17.9      -22.1      -36.0     29.8     32.9     35.9 2020  2 29  5 10 55.440  0.00  44
   104318  40.499333 -124.471908    28.792      -38.6      -95.8      -28.4     51.5     85.6     59.5 2020  3  9  4  5 43.220  0.00  44
   104320  40.499585 -124.471077    28.718       31.7      -67.8     -102.3     32.1     45.5     41.9 2020  4  7 20 37 32.440  0.00  44
   104328  40.500411 -124.471493    28.852       -3.4       23.9       31.8     40.8     43.1     52.3 2020  8 25  0 14 44.680  0.00  44
   104329  40.499959 -124.471427    28.804        2.1      -26.2      -15.9     29.5     44.9     36.9 2021  2 18  7 41 28.860  0.00  44
   104331  40.499573 -124.472184    28.890      -62.1      -69.1       70.1     39.0     63.3     44.7 2021  5  8  9 20 14.780  0.00  44
   104335  40.499927 -124.471094    28.780       30.4      -29.8      -39.9     31.6     30.7     34.5 2021  7  4  9 17 56.000  0.00  44
   104338  40.500659 -124.472054    28.967      -51.0       51.5      147.3     67.5     63.0     78.8 2021  7  9  8 58 26.480  0.00  44
   104341  40.498039 -124.470744    28.750       60.0     -239.5      -70.0     61.2     53.5     77.6 2021  7 22 17  3 20.420  0.00  44
   104346  40.499849 -124.471436    28.802        1.4      -38.4      -17.8     31.1     34.9     36.1 2021  8 12 22  5 24.040  0.00  44
   104348  40.499996 -124.470719    28.746       62.1      -22.1      -74.2     37.9     45.2     33.3 2021  9  9 17 29 27.180  0.00  44
   104349  40.500033 -124.471216    28.778       20.0      -18.1      -42.3     29.4     33.0     36.1 2021  9 11  3 40  9.640  0.00  44
   104353  40.503459 -124.476969    29.412     -467.7      362.4      592.5     74.3     71.3     81.9 2021  9 25  2 26 47.460  0.00  44
   104355  40.499723 -124.472070    28.851      -52.4      -52.4       31.1     42.8     54.4     40.8 2021 10 31  6  6 24.240  0.00  44
   104356  40.499687 -124.472095    28.843      -54.5      -56.5       23.0     43.5     59.0     42.8 2021 10 31  6 11 51.880  0.00  44
   104357  40.500167 -124.471379    28.792        6.2       -3.2      -27.7     29.1     36.5     39.8 2021 11 20  7 24  9.400  0.00  44
   104358  40.499915 -124.471248    28.781       17.2      -31.2      -38.5     28.5     31.9     34.1 2021 12 18  9 25 32.000  0.00  44
   104359  40.500362 -124.471436    28.883        1.4       18.5       63.2     52.3     36.5     38.8 2021 12 18 22 39 54.400  0.00  44
   104360  40.500073 -124.471183    28.804       22.8      -13.6      -16.5     35.3     32.3     38.0 2021 12 18  9  9 50.140  0.00  44
   104364  40.500500 -124.471899    28.909      -37.9       33.9       88.8     51.9     53.7     61.8 2021 12 20 21 52 57.420  0.00  44
   104365  40.500037 -124.470736    28.746       60.7      -17.6      -74.2     37.6     46.6     34.3 2021 12 20 20 20 46.040  0.00  44
   104368  40.499504 -124.472209    28.894      -64.2      -76.8       74.2     37.5     61.7     46.6 2022  1 18 19 57 40.240  0.00  44
   104369  40.499056 -124.471330    28.699       10.3     -126.5     -121.1     52.3     60.2     46.1 2022  1 23 14 14 28.080  0.00  44
   104370  40.499841 -124.469702    28.796      148.3      -39.3      -24.3     65.1     64.0     74.8 2022  2 18  3 26 35.760  0.00  44
   104371  40.499618 -124.471916    28.860      -39.3      -64.2       39.6     38.1     42.4     50.0 2022  3  3  0 51 53.940  0.00  44
   104372  40.499699 -124.472477    28.872      -86.9      -55.1       52.3     53.6     72.8     43.2 2022  3 20 12  6 54.320  0.00  44
   104373  40.497945 -124.470239    28.519      102.8     -249.9     -301.0     76.1     89.8     95.9 2022  3 22 20 56 34.200  0.00  44
   110336  40.500277 -124.471273    28.798       15.2        9.0      -22.1     30.8     37.0     34.0 2022 12 22 20 56 54.800  1.39  44
