   102182  40.446236 -124.654378    25.013       -9.0      -54.2     -206.6      1.7      2.2      7.3 2020  1 15 17 42 30.720  0.00  10
   102184  40.448271 -124.652197    25.150      176.0      171.7      -70.2      3.3      5.3     17.6 2020  1 17  0 45  9.680  0.00  10
   102188  40.446049 -124.654045    25.562       19.3      -75.0      342.4      2.3      2.4      7.6 2020  1 21  4 20 43.480  0.00  10
   102200  40.449329 -124.651253    22.478      256.1      289.2    -2741.8      3.7      5.1      4.4 2020  3 19  5 35 45.780  0.00  10
   102205  40.446578 -124.654240    25.578        2.8      -16.3      358.5      1.6      3.2      8.7 2020  3 30 12 52 56.680  0.00  10
   102210  40.447990 -124.653328    25.548       80.1      140.5      327.8      5.7      7.8     18.2 2020  4 19 20 24 43.340  0.00  10
   102212  40.455066 -124.650871    23.811      288.6      926.3    -1409.2      2.5      6.6      3.1 2020  4 23 16 58 36.620  0.00  10
   102228  40.447078 -124.654248    25.677        2.1       39.3      456.7      2.6      2.8      9.0 2020  6  6 17 33 56.240  0.00  10
   102230  40.444108 -124.654744    25.249      -40.0     -290.5       28.8      3.8      4.7     11.9 2020  6  8  6 32 15.660  0.00  10
   102238  40.445048 -124.654492    25.177      -18.6     -186.2      -42.5      3.6      3.9     13.6 2020  6 26 15 28 13.260  0.00  10
   102242  40.434086 -124.657756    25.963     -295.5    -1403.4      743.2      4.9      7.0     14.5 2020  7  2  9 45 28.780  0.00  10
   102243  40.452303 -124.652881    25.706      118.1      619.5      486.4      3.6      8.0      6.2 2020  7  4 10 27 11.180  0.00  10
   102245  40.446667 -124.654118    25.545       13.1       -6.3      325.0      1.9      2.4      7.6 2020  7 15 14 48 38.640  0.00  10
   102246  40.443958 -124.654671    25.500      -33.8     -307.2      280.5      2.4      3.3      8.6 2020  7 15  6 44  5.980  0.00  10
   102248  40.448523 -124.653955    24.867       26.9      199.7     -352.9      2.2      3.4      9.8 2020  7 19 18 15 35.580  0.00  10
   102251  40.448433 -124.654297    25.302       -2.1      189.8       82.0      4.0      4.5      8.4 2020  7 24 17 25 56.900  0.00  10
   102255  40.443844 -124.654940    24.864      -56.6     -319.9     -356.2      4.6      6.1     19.7 2020  8  9  8 20 35.060  0.00  10
   102264  40.449943 -124.653174    25.288       93.2      357.4       67.6      1.8      3.5      6.7 2020  8 30  7 38 46.020  0.00  10
   102266  40.446476 -124.653947    25.566       27.6      -27.6      346.0      2.2      2.4      7.9 2020  9  9 23 36 32.240  0.00  10
   102267  40.446891 -124.654061    25.521       18.0       18.5      301.2      1.8      2.7      7.7 2020  9 10  0 16 17.420  0.00  10
   102268  40.444006 -124.654810    25.148      -45.6     -301.8      -71.6      1.7      3.3      7.9 2020  9 10  3 19 24.240  0.00  10
   102270  40.446301 -124.654150    24.796       10.4      -47.0     -424.0      4.4      6.5     19.2 2020  9 18  0 58 33.740  0.00  10
   102277  40.442509 -124.654948    25.030      -57.3     -468.1     -190.3      3.6      7.8     13.5 2020 10 12 19 25 13.660  0.00  10
   102279  40.453861 -124.651945    25.308      197.4      792.5       87.7      3.0      7.3     10.8 2020 10 14  1 51 41.000  0.00  10
   102282  40.448177 -124.653711    25.631       47.6      161.3      410.9      4.1      4.4     14.0 2020 10 21  8 40 43.180  0.00  10
   102283  40.445353 -124.655981    25.488     -145.0     -152.3      267.8      2.7      3.0     11.1 2020 10 24 23  4 54.880  0.00  10
   102285  40.446269 -124.654167    25.430        9.0      -50.6      210.4      2.1      3.2      8.4 2020 11  1 13 18 54.340  0.00  10
   102294  40.444194 -124.654818    25.872      -46.3     -281.0      651.6      2.1      3.2      7.1 2020 11 14  6 37 54.500  0.00  10
   102301  40.450004 -124.653540    25.749       62.1      364.2      528.6      4.6      6.1     12.6 2020 12  1 22 12 47.360  0.00  10
   102303  40.445943 -124.654012    24.507       22.1      -86.8     -712.7      2.7      3.1     15.0 2020 12  5 11 45  1.180  0.00  10
   102322  40.443660 -124.657479    26.960     -272.0     -340.2     1740.2      5.3     10.8      8.5 2021  3 12  0 34 57.040  0.00  10
   102324  40.443766 -124.654199    24.409        6.2     -328.5     -810.7      4.2      6.3     26.4 2021  3 12  1 21 53.360  0.00  10
   102333  40.447262 -124.654346    24.861       -6.2       59.6     -359.0      1.9      2.7     11.1 2021  4  2 13 31 56.200  0.00  10
   102336  40.444906 -124.654777    24.661      -42.8     -202.0     -558.6      3.7      4.7     16.1 2021  4 10 16 40 38.080  0.00  10
   102338  40.446143 -124.654338    24.900       -5.5      -64.6     -320.4      1.9      2.4     11.1 2021  4 16  5 33 23.300  0.00  10
   102340  40.445638 -124.654403    25.076      -11.0     -120.6     -144.0      1.8      2.9      8.5 2021  4 16  5 35 19.500  0.00  10
   102344  40.445170 -124.655729    25.524     -123.6     -172.6      303.6      3.6      5.2     14.4 2021  5  4 21 50 51.440  0.00  10
   102345  40.444108 -124.656722    26.796     -207.8     -290.5     1575.9      1.9      3.5      5.0 2021  5  4 21 38 56.240  0.00  10
   102355  40.446159 -124.653817    25.565       38.7      -62.8      344.6      3.5      2.4      7.1 2021  5 30  0 32 40.240  0.00  10
   102360  40.449080 -124.650114    23.419      352.8      261.6    -1800.5      5.1      5.2      6.1 2021  6 12 12 22 59.900  0.00  10
   102362  40.450448 -124.653491    25.330       66.3      413.4      109.8      3.2      3.7      9.9 2021  6 24 19 30 18.060  0.00  10
   102371  40.447302 -124.654329    25.604       -4.8       64.2      383.8      2.8      2.6      9.1 2021  7 21 12 26  5.200  0.00  10
   102372  40.447205 -124.654297    25.509       -2.1       53.3      288.6      1.8      2.6      6.3 2021  7 21 11 22 14.200  0.00  10
   102373  40.444796 -124.653711    25.413       47.6     -214.2      193.3      2.3      3.7     12.4 2021  7 21 11 54 55.820  0.00  10
   102384  40.448055 -124.654321    25.538       -4.1      147.8      318.1      1.5      2.8      5.2 2021  9  8  2 16  1.420  0.00  10
   102385  40.445451 -124.654403    24.916      -11.0     -141.4     -303.7      2.7      3.3     12.0 2021  9  9 12 37 57.360  0.00  10
   102387  40.446334 -124.654272    24.984        0.0      -43.4     -236.0      2.1      2.3      9.2 2021  9 10  1  1 31.200  0.00  10
   102388  40.447310 -124.654346    25.385       -6.2       65.1      165.0      2.1      2.8      6.2 2021  9 15  6 30 53.620  0.00  10
   102390  40.445060 -124.654500    24.971      -19.3     -184.8     -248.6      4.1      4.5     15.8 2021 10  4  4 32 17.280  0.00  10
   102392  40.446757 -124.654329    25.670       -4.8        3.6      450.4      2.2      2.4      7.9 2021 10 18  2 39 39.300  0.00  10
   102393  40.445898 -124.654281    24.869       -0.7      -91.7     -350.7      2.9      2.9     13.0 2021 10 23 14 44 14.460  0.00  10
   102399  40.448674 -124.653849    25.604       35.9      216.4      384.4      3.4      4.5      9.6 2021 11 10  9 26 40.460  0.00  10
   102404  40.448722 -124.649080    23.329      440.5      221.9    -1890.6      2.0      5.7      2.5 2021 11 13  7 46 30.500  0.00  10
   102408  40.446240 -124.654069    25.024       17.3      -53.8     -196.3      2.6      2.6      7.5 2021 11 30  5 12 25.660  0.00  10
   102410  40.447343 -124.654093    25.127       15.2       68.7      -93.1      2.3      3.0      6.7 2021 12  1 15  9 27.140  0.00  10
   102414  40.446415 -124.654256    24.735        1.4      -34.3     -485.3      2.8      2.8     14.1 2021 12 11 10  9 36.640  0.00  10
   102418  40.446257 -124.654191    25.173        6.9      -52.0      -47.4      2.1      2.8      7.1 2022  1  6 20 31  6.480  0.00  10
   102422  40.446159 -124.654061    25.014       18.0      -62.8     -206.4      2.7      2.3      9.2 2022  1 16 20  3 25.640  0.00  10
   102423  40.446838 -124.654256    24.442        1.4       12.7     -777.9      2.4      2.3     15.3 2022  1 16 23 26 59.440  0.00  10
   102424  40.446143 -124.654175    24.766        8.3      -64.6     -454.4      2.3      2.7      7.5 2022  1 16 23 21 31.880  0.00  10
   102425  40.446045 -124.654183    25.018        7.6      -75.5     -202.1      3.3      3.3      9.9 2022  1 16 23 34 44.500  0.00  10
   102429  40.448324 -124.653914    25.541       30.4      177.6      320.5      2.8      3.4      8.2 2022  2 11  7 42  4.820  0.00  10
   102437  40.446513 -124.654126    25.345       12.4      -23.5      124.9      2.8      2.2      7.4 2022  3 26  2  8 37.740  0.00  10
   102439  40.447791 -124.654224    25.650        4.1      118.4      430.4      3.1      3.4     10.0 2022  3 26  3 20 55.020  0.00  10
   102441  40.448600 -124.651237    23.854      257.5      208.3    -1366.2      5.4      9.5      6.8 2022  3 27  9  2  0.020  0.00  10
   102452  40.438611 -124.656095    25.223     -154.7     -901.0        3.3      3.1      6.8      9.4 2022  5 19  4 59 54.560  0.00  10
   102456  40.445683 -124.654346    25.551       -6.2     -115.7      331.4      1.9      2.3      7.6 2022  5 26 14 46 51.040  0.00  10
   102460  40.447469 -124.654232    25.334        3.5       82.7      114.3      3.6      3.4     11.2 2022  6  4 18 39 40.820  0.00  10
   102461  40.447538 -124.654289    25.721       -1.4       90.4      500.7      3.8      3.7     12.2 2022  6  4 18 37 39.740  0.00  10
   102462  40.446615 -124.654085    22.828       15.9      -12.2    -2392.3      2.5      2.7     81.9 2022  6  7  7 42  2.260  0.00  10
   102467  40.447274 -124.654232    24.848        3.5       61.0     -371.9      2.9      4.2     10.8 2022  6 29 15 43 49.420  0.00  10
   102478  40.453149 -124.653019    25.423      106.3      713.5      203.2      4.2      6.0     11.7 2022  7 28  0 49 37.560  0.00  10
   102479  40.444491 -124.654818    24.081      -46.3     -248.1    -1138.8      4.2      5.4     32.4 2022  8  1 11 26 14.540  0.00  10
   102480  40.446191 -124.654720    23.831      -38.0      -59.2    -1388.8      4.7     14.8      6.2 2022  8  1 11 14 15.880  0.00  10
   102484  40.447738 -124.654045    25.241       19.3      112.5       21.0      2.7      3.7      7.6 2022  9  2 22 28 11.020  0.00  10
   102487  40.446240 -124.654224    24.625        4.1      -53.8     -594.5      2.2      2.6     13.4 2022  9 13 10 25 13.400  0.00  10
   102488  40.446847 -124.654167    25.432        9.0       13.6      212.5      1.9      2.7      7.0 2022  9 15 10 27 10.840  0.00  10
   102495  40.447811 -124.654191    25.597        6.9      120.6      377.1      3.3      3.7     10.4 2022 10  2 19 19 28.360  0.00  10
   102497  40.445341 -124.654468    25.108      -16.6     -153.6     -112.2      4.0      5.4     11.0 2022 10  7 21 58 55.180  0.00  10
   102498  40.448254 -124.653280    25.150       84.2      169.9      -69.9      4.8      5.6     17.4 2022 10  8 23 33 52.300  0.00  10
   102502  40.445732 -124.654102    25.307       14.5     -110.2       87.4      1.9      2.9      8.3 2022 10 22  7  6 12.100  0.00  10
   102504  40.446456 -124.653947    25.468       27.6      -29.8      247.9      3.6      2.5      7.0 2022 11  8  8 25 11.960  0.00  10
   102510  40.449255 -124.652303    23.941      167.1      281.0    -1279.2      4.1      6.3      5.2 2022 11 22 13 37 11.000  0.00  10
   110301  40.446611 -124.654321    25.282       -4.1      -12.7       62.2      1.5      1.8      4.9 2023  5 20  8 26 59.420  1.66  10
