   105847  40.391459 -124.287638    27.826       -3.5       17.6        6.0   1532.7   2332.6   1592.7 2021 12 20 20 46 28.200  0.00  65
   105849  40.391309 -124.287671    27.821       -6.2        0.9        0.8   2740.0   2247.2   1713.4 2021 12 21  9 55 15.700  0.00  65
   105851  40.391268 -124.287809    27.821      -18.0       -3.6        1.1   2791.8   2162.6   1556.2 2021 12 21 19 32 35.980  0.00  65
   105864  40.391663 -124.286523    27.813       91.2       40.2       -6.8   5015.9   3569.9   1891.1 2021 12 21 18 52 36.660  0.00  65
   105872  40.391431 -124.287736    27.830      -11.7       14.5       10.0   5204.2   3276.2   2277.0 2021 12 21  8 10  1.860  0.00  65
   105888  40.391386 -124.287687    27.827       -7.6        9.5        7.4   4545.2   2832.3   2019.4 2021 12 22  5 26  9.740  0.00  65
   105898  40.391313 -124.287760    27.824      -13.8        1.4        4.4   2309.8   2005.0   1461.5 2021 12 23  1  5 17.280  0.00  65
   105899  40.391447 -124.286873    27.807       61.5       16.3      -12.6   3821.0   3014.9   2029.1 2021 12 23  1 47 11.060  0.00  65
   105919  40.391248 -124.287630    27.818       -2.8       -5.9       -1.6   1861.7   1814.1   1612.5 2021 12 30 12 28  4.260  0.00  65
   105923  40.391093 -124.286466    27.818       96.0      -23.0       -2.5   6622.8   2742.2   2064.8 2022  1  5 23  1 28.700  0.00  65
   105928  40.391317 -124.287630    27.821       -2.8        1.8        1.1   3474.6   2420.1   1780.0 2022  1 16  4 44 46.820  0.00  65
   105933  40.390763 -124.287533    27.792        5.5      -59.6      -28.3   3642.5   4231.4   3004.1 2022  2 10  9 46 48.960  0.00  65
   105946  40.391361 -124.288037    27.817      -37.3        6.8       -3.4   3581.4   2497.0   2342.3 2022  6  9  2 40 47.580  0.00  65
   105948  40.391398 -124.287646    27.828       -4.1       10.8        8.3   5103.1   3153.3   2195.9 2022  7  1 20 19 34.200  0.00  65
   110381  40.391284 -124.287703    27.821       -9.0       -1.8        0.9   2200.4   2086.3   1522.4 2023  2  9  3 13  2.870  0.89  65
