   107694  40.533130 -123.982438    20.868        6.2        3.2        8.1     37.1     22.7     31.6 2021  6 15 12 30 58.240  0.00  62
   107705  40.533142 -123.982406    20.870        9.0        4.5        9.6     36.7     22.1     29.8 2021  6 15 14 32 56.860  0.00  62
   107712  40.533130 -123.982438    20.868        6.2        3.2        7.5     36.6     22.7     30.5 2021  6 15  8  3 51.620  0.00  62
   107714  40.533134 -123.982438    20.868        6.2        3.6        8.0     37.4     22.5     30.9 2021  6 15 10 52 14.820  0.00  62
   107717  40.533142 -123.982422    20.869        7.6        4.5        9.3     39.5     22.3     30.7 2021  6 16 15 46 43.780  0.00  62
   107720  40.533162 -123.982251    20.863       22.1        6.8        3.2     45.8     23.5     30.2 2021 10  6 17 29 42.880  0.00  62
   107721  40.533171 -123.982235    20.864       23.4        7.7        3.6     47.0     24.8     31.9 2021 10  6 20 25 50.100  0.00  62
   107722  40.533171 -123.982227    20.864       24.1        7.7        4.1     46.7     24.5     30.4 2021 10  6 18 11 58.240  0.00  62
   107723  40.533118 -123.982397    20.861        9.7        1.8        0.6     40.2     24.9     23.7 2021 10  9 15  7 49.740  0.00  62
   107724  40.533211 -123.982121    20.870       33.1       12.2        9.7     48.2     24.7     29.8 2021 10  9  7 48 42.600  0.00  62
   107725  40.533167 -123.982153    20.861       30.3        7.2        1.0     63.5     22.0     34.2 2021 10 10 14 38 48.420  0.00  62
   107727  40.533341 -123.982129    20.885       32.4       26.7       24.7     45.5     40.6     48.5 2022  8 10 10 48 36.500  0.00  62
   107728  40.533329 -123.982137    20.884       31.7       25.3       23.7     45.2     39.6     47.0 2022  8 10 10 31 24.380  0.00  62
   107729  40.533097 -123.982503    20.859        0.7       -0.5       -0.6     33.8     27.6     27.8 2022  9 22  4 56  7.220  0.00  62
   107730  40.533093 -123.982503    20.859        0.7       -0.9       -0.8     34.1     28.1     27.1 2022  9 22  7  9 54.480  0.00  62
   110449  40.533040 -123.982690    20.855      -15.2       -6.8       -5.0     30.6     21.0     22.8 2023  2 25  4  7 30.630  0.97  62
