   103964  40.354781 -124.452669    28.014        9.7     -178.9       54.1     32.9     50.0     34.3 2020  1 17 21 16  0.740  0.00  63
   103965  40.364315 -124.450871    27.888      162.4      879.7      -72.2     28.8     89.7     44.1 2020  2  4  9 57 27.160  0.00  63
   103967  40.360417 -124.451017    27.875      150.0      446.9      -85.2     31.2     71.9     45.4 2020  2 29 12 17 59.180  0.00  63
   103968  40.356588 -124.452832    27.943       -4.1       21.7      -17.1     27.4     34.0     27.4 2020  3 10 15 52 55.420  0.00  63
   103969  40.364087 -124.450895    27.908      160.4      854.4      -52.4     32.6    106.7     36.3 2020  3 18 23  4 33.160  0.00  63
   103972  40.356970 -124.452954    27.981      -14.5       64.2       21.1     25.4     39.0     25.7 2020  3 18 22 23 27.000  0.00  63
   103973  40.356311 -124.452840    27.913       -4.8       -9.0      -47.3     28.4     27.5     34.1 2020  3 19  2 51 21.320  0.00  63
   103974  40.356588 -124.452962    27.937      -15.2       21.7      -23.4     23.7     29.2     38.7 2020  3 19  1  6 52.920  0.00  63
   103975  40.355164 -124.452954    27.933      -14.5     -136.5      -27.3     20.1     49.8     31.4 2020  3 19 10  3  1.860  0.00  63
   103977  40.354232 -124.451270    27.806      128.6     -239.9     -154.2     33.6     58.5     37.3 2020  3 19  1 20 46.660  0.00  63
   103978  40.356934 -124.452848    27.940       -5.5       60.1      -19.9     27.3     37.6     30.2 2020  3 19  0  7 36.380  0.00  63
   103979  40.354736 -124.453027    27.910      -20.7     -183.9      -50.3     23.5     55.9     36.8 2020  3 20  6 22  4.300  0.00  63
   103980  40.356559 -124.452995    27.929      -18.0       18.5      -31.4     29.4     36.5     40.1 2020  3 22 20 48 12.080  0.00  63
   103988  40.356189 -124.451546    27.847      105.1      -22.6     -113.2     33.6     66.2     37.0 2022  3 28 20 25 16.460  0.00  63
   103989  40.356726 -124.452897    27.959       -9.7       37.1       -0.6     28.8     44.0     29.4 2022  5 29 17 14 40.200  0.00  63
   110331  40.356104 -124.453231    28.002      -38.0      -32.1       41.8     20.9     31.6     24.6 2023  2 13 12  0 43.360  1.05  63
