   101367  40.297860 -124.377563     8.675      -36.7       83.6      -45.4     22.2     39.5     34.5 2020  1  3 18 37 48.420  0.00  36
   101368  40.297839 -124.377588     8.655      -38.7       81.3      -64.7     22.6     40.6     37.8 2020  1  3 21  3 28.940  0.00  36
   101377  40.300533 -124.378223     9.216      -92.7      380.4      496.1     26.7     38.6     40.8 2020  1 25  4  5 34.620  0.00  36
   101379  40.297514 -124.377995     9.143      -73.3       45.2      423.5     36.8     33.5     43.5 2020  1 25  3 30 34.600  0.00  36
   101380  40.298486 -124.378630     9.172     -127.3      153.2      452.2     28.1     35.0     39.4 2020  1 25  4 10 12.200  0.00  36
   101382  40.298922 -124.378516     9.184     -117.6      201.5      464.2     26.0     37.2     40.7 2020  1 25  3 31 37.080  0.00  36
   101383  40.296981 -124.376855     8.723       23.5      -14.0        2.9     16.3     26.2     19.3 2020  2  6 17 51  9.320  0.00  36
   101389  40.297843 -124.377531     8.739      -33.9       81.8       19.3     19.6     22.3     22.8 2020  2  6 13 51  8.720  0.00  36
   101391  40.298714 -124.376750     8.736       32.5      178.5       15.8     26.9     30.4     27.6 2020  2  7  2 54 42.920  0.00  36
   101393  40.296814 -124.376969     8.716       13.8      -32.5       -4.3     16.7     29.1     29.0 2020  3  8 19 42 41.580  0.00  36
   101396  40.298690 -124.377507     8.852      -31.8      175.8      132.2     19.7     28.2     42.2 2020  3 20 23 44 12.400  0.00  36
   101398  40.297253 -124.377132     8.700        0.0       16.3      -19.9     17.8     31.6     20.6 2020  4  8  2  0 22.120  0.00  36
   101399  40.296712 -124.376994     8.704       11.8      -43.8      -16.2     17.1     30.7     20.4 2020  4 15 18 15 23.100  0.00  36
   101402  40.296895 -124.377018     8.703        9.7      -23.5      -16.5     18.9     31.0     20.9 2020  4 19  7 46 54.060  0.00  36
   101408  40.296965 -124.375464     8.665      141.8      -15.8      -54.5     24.8     40.2     37.4 2020  8  6  8 32 23.100  0.00  36
   101410  40.296798 -124.376961     8.672       14.5      -34.3      -48.4     17.6     32.9     27.7 2020  9  3  7 35 28.420  0.00  36
   101413  40.296208 -124.376758     8.707       31.8      -99.9      -13.1     17.3     29.4     40.2 2020 11 12  2 44 16.520  0.00  36
   101418  40.297339 -124.376742     8.694       33.2       25.8      -25.5     17.1     32.4     25.1 2021  3 31 23 59 38.480  0.00  36
   101423  40.296879 -124.377091     8.697        3.5      -25.3      -22.6     18.7     22.5     20.1 2021  5 18 12 40 20.440  0.00  36
   101424  40.297152 -124.377035     8.713        8.3        5.0       -7.2     17.1     33.1     26.2 2021  5 19 22 43 10.320  0.00  36
   101427  40.297103 -124.378247     9.138      -94.8       -0.5      418.5     36.1     31.7     43.4 2021  6 28  8 37 35.300  0.00  36
   101428  40.297530 -124.378263     9.141      -96.2       47.0      421.2     35.3     27.4     40.6 2021  6 28  7 55  0.760  0.00  36
   101430  40.299048 -124.377572     8.817      -37.4      215.5       97.1     21.2     31.9     65.1 2021  6 28  1 24 33.540  0.00  36
   101432  40.296830 -124.377132     8.650        0.0      -30.7      -69.7     18.2     26.8     26.9 2021  7 28 16  2 31.160  0.00  36
   101433  40.297083 -124.377067     8.659        5.5       -2.7      -61.2     19.0     19.3     25.1 2021  7 28 16  9  1.560  0.00  36
   101437  40.296989 -124.375049     8.449      177.1      -13.1     -271.0     25.8     51.0     44.0 2021 12 19 12 20 16.920  0.00  36
   101438  40.294157 -124.375513     8.476      137.7     -327.6     -243.7     36.1     67.5     55.6 2021 12 19 12 43 37.120  0.00  36
   101442  40.298100 -124.375260     8.543      159.1      110.2     -177.1     30.8     60.9     50.3 2022  2 24 22 19 12.180  0.00  36
   101444  40.297184 -124.377018     8.741        9.7        8.6       21.4     14.4     23.4     21.7 2022  4  5 23 58  3.860  0.00  36
   101445  40.297262 -124.377230     8.725       -8.3       17.2        4.5     15.6     26.1     26.6 2022  4  6 20 48 44.220  0.00  36
   101446  40.298621 -124.376213     8.840       78.2      168.1      120.4     36.2     61.5     56.3 2022  4  6 23 44 48.880  0.00  36
   101448  40.300260 -124.377612     9.156      -40.8      350.2      435.9     33.1     50.6     54.7 2022  5 29 22  5 22.560  0.00  36
   101452  40.297160 -124.377100     8.707        2.8        5.9      -12.5     17.2     31.2     27.1 2022  9 27 16 34 38.900  0.00  36
   110294  40.296615 -124.377116     8.709        1.4      -54.7      -10.7     13.8     22.5     20.0 2023  5 20  7 11  5.220  0.56  36
