   107373  40.473242 -124.492961    16.977        1.4        5.0        6.9     14.0     20.8     31.8 2020  4 14  6 23  7.000  0.00  45
   107379  40.473222 -124.492969    16.977        0.7        2.7        6.7     14.8     14.7     25.0 2020  6 15  1 46 51.580  0.00  45
   107387  40.473226 -124.493009    16.979       -2.8        3.2        9.4     11.1     17.5     28.5 2020  7 27  4 46 34.380  0.00  45
   107392  40.473279 -124.492985    16.991       -0.7        9.0       20.6     16.3     21.3     32.2 2020  8 30 19  4 40.040  0.00  45
   107394  40.473230 -124.492969    16.977        0.7        3.6        7.4     14.0     15.8     26.7 2020  9  3 10 23 36.500  0.00  45
   107395  40.473214 -124.492896    16.957        6.9        1.8      -13.0     21.6     34.2     56.5 2020  9 29 12 22 30.880  0.00  45
   107400  40.473181 -124.492936    16.956        3.5       -1.8      -14.2     17.1     24.9     44.0 2020 11 24 20 36 18.500  0.00  45
   107408  40.473193 -124.492961    16.962        1.4       -0.5       -7.7     15.1     21.4     37.9 2021  2 19 15 52  7.820  0.00  45
   107410  40.473258 -124.492985    16.981       -0.7        6.8       11.1     12.2     21.6     30.2 2021  3  7 10 35 31.160  0.00  45
   107414  40.473258 -124.493018    16.989       -3.5        6.8       19.4     13.2     19.3     34.8 2021  4 25 18 54 25.160  0.00  45
   107415  40.473185 -124.492944    16.963        2.8       -1.4       -7.3     15.6     20.3     32.8 2021  4 28  6 32 18.440  0.00  45
   107416  40.473242 -124.493018    16.982       -3.5        5.0       12.4     14.1     20.4     34.5 2021  5  3  2  6 28.960  0.00  45
   107417  40.473258 -124.492961    16.981        1.4        6.8       10.9     14.7     21.3     28.2 2021  5 30 11 37 49.540  0.00  45
   107421  40.473226 -124.493009    16.979       -2.8        3.2        8.7     10.7     17.1     28.0 2021  7 18 15  2 20.760  0.00  45
   107422  40.473197 -124.492969    16.967        0.7        0.0       -2.5     11.3     13.4     21.8 2021  7 18 15 31 52.420  0.00  45
   107423  40.473246 -124.493026    16.984       -4.1        5.4       13.6     13.4     17.9     30.4 2021  7 27 13 51 30.020  0.00  45
   107424  40.473193 -124.492961    16.966        1.4       -0.5       -4.5     14.1     17.9     28.6 2021  7 30  0 23  4.580  0.00  45
   107425  40.473218 -124.492993    16.973       -1.4        2.3        3.4      9.7     15.8     27.0 2021  7 31  8 31  9.420  0.00  45
   107427  40.473254 -124.492977    16.981        0.0        6.3       11.4     13.9     19.6     27.8 2021  8 22  9 57 36.520  0.00  45
   107431  40.473214 -124.492985    16.972       -0.7        1.8        1.7     10.8     14.9     27.0 2021  8 28 18 49 43.480  0.00  45
   107433  40.473258 -124.492985    16.982       -0.7        6.8       12.1     12.1     21.5     30.1 2021  9 26  9 56 24.080  0.00  45
   107439  40.473234 -124.493018    16.982       -3.5        4.1       11.9     14.3     20.5     37.4 2021 12  4  2 17  7.060  0.00  45
   107440  40.473242 -124.492952    16.978        2.1        5.0        7.5     17.2     24.5     34.5 2021 12 29 22  3  1.540  0.00  45
   107445  40.473258 -124.493026    16.990       -4.1        6.8       19.6     13.5     19.3     34.8 2022  2 13  8 35 50.880  0.00  45
   107453  40.473185 -124.492944    16.963        2.8       -1.4       -7.3     15.5     20.1     32.5 2022  5  5 12 32 31.180  0.00  45
   107460  40.473218 -124.492993    16.973       -1.4        2.3        3.2     11.0     15.3     27.8 2022 10  5 16 12 57.180  0.00  45
   107461  40.473258 -124.493026    16.990       -4.1        6.8       20.0     13.5     19.2     34.6 2022 10 18  5 42 38.700  0.00  45
   110437  40.473177 -124.493009    16.964       -2.8       -2.3       -6.1     11.4     16.1     25.6 2023  2 22  3  3 18.930  1.24  45
