   106728  40.457528 -124.270605    25.327       59.4       75.9      367.5     56.1     40.1     48.4 2020  3 18 22 39 56.960  0.00  17
   106731  40.456897 -124.272013    25.013      -60.1        5.9       53.8    123.3    120.1    132.5 2020  4 28 22 46 41.280  0.00  17
   106736  40.456307 -124.274618    25.308     -280.9      -59.6      348.6    131.9    105.1     78.0 2020  9 13 12 45 25.840  0.00  17
   106739  40.459595 -124.271257    25.519        4.1      305.4      559.2    105.6     94.2    103.1 2021  3 17  1 49 22.520  0.00  17
   106742  40.457145 -124.269840    25.315      124.3       33.4      355.2     64.8     57.4     86.0 2021  6  9 13 49 49.100  0.00  17
   106743  40.456840 -124.265381    25.249      502.5       -0.5      289.1    128.4     69.6     81.7 2021  6 10 16 57 49.660  0.00  17
   106745  40.456689 -124.274919    25.695     -306.5      -17.2      735.2    124.2    160.7    145.4 2021  7 18 16 42 41.440  0.00  17
   106753  40.458484 -124.271297    25.433        0.7      182.1      472.9     63.7     58.0     54.2 2021 12 20 20 16 29.340  0.00  17
   106754  40.457414 -124.273096    25.436     -151.9       63.3      476.8     79.0     80.0     70.9 2021 12 21  2 26  2.820  0.00  17
   106755  40.457039 -124.270451    25.236       72.5       21.7      276.5    118.4     60.2     80.0 2021 12 21  3 30 46.600  0.00  17
   106756  40.460270 -124.267424    25.746      329.3      380.4      786.3    171.7    109.8    101.1 2021 12 21 19  5 18.040  0.00  17
   106757  40.457686 -124.264453    25.346      581.2       93.5      386.2    147.7    118.2    102.3 2021 12 21  1 43 20.320  0.00  17
   106758  40.455961 -124.270768    25.108       45.6      -98.0      148.1    164.1     84.5    109.6 2021 12 21 21 41 57.480  0.00  17
   106760  40.457731 -124.269784    25.366      129.1       98.5      406.4     72.9     54.7     65.5 2021 12 21 23 39 48.460  0.00  17
   106761  40.457194 -124.273535    25.159     -189.1       38.9      199.3    159.4     50.6     85.8 2021 12 21  6 12 22.560  0.00  17
   106762  40.457064 -124.270776    25.150       44.9       24.4      190.4    126.8     51.9     90.3 2021 12 21 13 12 47.980  0.00  17
   106765  40.461068 -124.272485    25.749     -100.1      469.0      789.6    110.1    123.1    120.3 2021 12 21  4 45 19.380  0.00  17
   106768  40.458012 -124.268612    25.445      228.5      129.7      485.2    102.6     39.9     86.0 2021 12 21  1 42  0.360  0.00  17
   106770  40.456685 -124.272306    25.305      -84.9      -17.6      345.1     86.4     68.1     58.2 2021 12 21 20  6 12.260  0.00  17
   106771  40.457568 -124.275749    25.473     -376.9       80.4      513.7    122.0     94.7     77.1 2021 12 21  9 13 30.740  0.00  17
   106772  40.456474 -124.278394    24.857     -601.2      -41.1     -102.3    262.8     74.0    153.9 2021 12 21  7  6 27.260  0.00  17
   106774  40.460136 -124.267269    25.665      342.4      365.5      705.0    151.9    130.2     96.2 2021 12 21  8  1 41.180  0.00  17
   106775  40.458423 -124.270565    25.338       62.8      175.3      378.0     64.7     75.3     58.0 2021 12 22 11 57 26.320  0.00  17
   106776  40.457255 -124.272990    25.424     -142.9       45.6      464.1     81.3     88.6     81.2 2021 12 22 20 17 58.960  0.00  17
   106778  40.458553 -124.268009    25.627      279.6      189.8      667.6    140.9     95.9    108.6 2021 12 23  3 20 39.960  0.00  17
   106780  40.457723 -124.270516    25.306       67.0       97.6      346.2     55.7     47.6     52.7 2021 12 26 10  1 21.900  0.00  17
   106781  40.457715 -124.270076    25.281      104.2       96.7      321.5     59.7     57.4     56.9 2021 12 26 23 20 59.320  0.00  17
   106783  40.457943 -124.270418    25.336       75.2      122.0      376.5     60.5     54.4     51.9 2021 12 27  1  9 16.580  0.00  17
   106787  40.456470 -124.275041    25.617     -316.8      -41.6      657.4    111.8    129.1    105.7 2022  1  2 22  0  9.380  0.00  17
   106789  40.457454 -124.271549    25.296      -20.7       67.8      336.4     74.5     54.7     48.9 2022  1  2  4 53 31.180  0.00  17
   106790  40.460697 -124.268620    25.790      227.8      427.9      830.5    159.3    119.3    110.8 2022  1  2  8 17  5.880  0.00  17
   106793  40.458122 -124.273983    25.794     -227.1      141.9      833.9    108.6    120.1    128.4 2022  1 13 13 37 23.880  0.00  17
   106795  40.456628 -124.269548    25.112      149.1      -23.9      152.8    150.3     75.0     86.8 2022  1 15 16 20  8.480  0.00  17
   106796  40.457576 -124.267074    25.261      358.9       81.3      301.4    111.1     77.8     68.0 2022  1 18  1  5 22.860  0.00  17
   106798  40.457426 -124.270410    25.276       75.9       64.6      315.9     62.1     58.3     54.2 2022  1 29 10 59 48.560  0.00  17
   106799  40.454700 -124.270581    25.046       61.4     -238.1       86.1    100.4    121.7     93.2 2022  1 30 22 25  8.500  0.00  17
   106801  40.455636 -124.271273    25.133        2.8     -134.2      172.9    110.3     86.8     85.3 2022  2 25  4  3 34.000  0.00  17
   106803  40.457255 -124.271021    25.270       24.2       45.6      310.7     68.7     59.9     57.5 2022  4 12  0 54 20.500  0.00  17
   106804  40.457397 -124.271126    25.298       15.2       61.4      338.0     70.7     58.5     56.8 2022  4 15  9 43 42.080  0.00  17
   106807  40.461186 -124.273592    25.858     -194.0      482.1      898.0    146.9    102.2    116.1 2022  8 27  0 17 55.680  0.00  17
   106808  40.457544 -124.272526    25.320     -103.5       77.7      359.9    111.0     40.7     43.1 2022  9 12 11 16 51.400  0.00  17
   106809  40.453174 -124.272469    24.891      -98.7     -407.6      -69.1    150.1    127.0    110.4 2022 11  3 19 20 57.480  0.00  17
   106810  40.458040 -124.271069    25.358       20.0      132.8      398.7     81.8     46.8     48.5 2022 11 17 18 30  3.780  0.00  17
   110130  40.457528 -124.272453    25.379      -97.3       75.9      419.5    142.1     91.1    100.5 2021 12 20 21 19 35.360  0.00  17
   110131  40.452917 -124.271191    24.771        9.7     -436.0     -188.9    171.3    120.4    155.5 2021 12 20 23 14 29.400  0.00  17
   110133  40.457576 -124.273177    25.412     -158.8       81.3      452.8    134.3     93.2    101.1 2021 12 23 18 20 46.720  0.00  17
   110134  40.458012 -124.274910    25.521     -305.8      129.7      561.6    131.4    118.1    101.9 2022  3  4 15 40 56.400  0.00  17
   110169  40.450452 -124.286426    21.964    -1282.6     -709.8    -2995.9    138.3     93.6     97.7 2021 12 21 17 40 43.880  0.00  17
   110170  40.449845 -124.281567    21.911     -870.5     -777.2    -3048.7    184.3     85.1     95.9 2021 12 21 17 46 54.000  0.00  17
   110171  40.449272 -124.284090    21.854    -1084.5     -840.9    -3105.1    144.2    106.5    120.4 2021 12 21  0 56 54.660  0.00  17
   110172  40.448556 -124.289412    21.963    -1536.0     -920.4    -2996.2    343.3    122.4    100.0 2021 12 21  9 29 42.380  0.00  17
   110173  40.450692 -124.289787    21.880    -1567.7     -683.2    -3080.0    152.1     93.9     91.2 2021 12 31  7 54 22.740  0.00  17
   110414  40.457670 -124.270386    25.305       78.0       91.7      345.8     41.9     38.7     45.9 2023  4 18  6 30 20.240  1.21  17
   110732  40.458407 -124.271362    25.444       -4.8      173.5      484.3    120.5     87.7     93.8 2023  4 20  6 34 58.960  0.73  17
   110744  40.451615 -124.287712    21.888    -1391.7     -580.6    -3071.4    159.1     91.2     91.5 2022 12  6 14 13  7.240  1.22  17
