   100617  40.440963 -124.644076    26.394       -1.4       -4.1       -5.5      1.1      1.9      2.7 2020  2  3 10 40  3.920  0.00  42
   100621  40.440727 -124.644002    26.332        4.8      -30.3      -68.3      2.4      4.0      5.9 2020  4  7  8  2 37.780  0.00  42
   100628  40.441024 -124.644124    26.410       -5.5        2.7        9.7      1.1      1.8      3.0 2020  6 21  6 37 46.700  0.00  42
   100632  40.440979 -124.644092    26.392       -2.8       -2.3       -8.1      1.0      1.8      3.1 2020  8  3  6 38  2.840  0.00  42
   100633  40.441036 -124.644124    26.413       -5.5        4.1       13.0      1.2      1.8      3.1 2020  8  3  7  0  1.480  0.00  42
   100642  40.440995 -124.644116    26.407       -4.8       -0.5        6.6      1.0      2.3      2.9 2020 12  3 11 19 59.440  0.00  42
   100644  40.440967 -124.644084    26.387       -2.1       -3.6      -12.6      1.1      1.8      3.1 2021  2 18 20 46  6.360  0.00  42
   100651  40.440910 -124.644059    26.373        0.0       -9.9      -27.1      1.5      2.3      3.9 2021  5 15 18  1 55.860  0.00  42
   100660  40.440995 -124.644092    26.387       -2.8       -0.5      -12.7      1.2      1.8      3.3 2021  5 29 23 35 46.220  0.00  42
   100661  40.440983 -124.644076    26.393       -1.4       -1.8       -6.9      1.3      2.0      2.9 2021  6  5  4 50 51.360  0.00  42
   100664  40.440959 -124.644076    26.384       -1.4       -4.5      -16.0      1.4      1.9      3.1 2021  6 10 11 50 54.660  0.00  42
   100665  40.440951 -124.644067    26.386       -0.7       -5.4      -14.2      1.4      2.0      3.0 2021  6 18 17 18 33.520  0.00  42
   100666  40.441060 -124.644157    26.420       -8.3        6.8       19.8      1.6      2.8      3.8 2021  7  1  0  7 14.980  0.00  42
   100677  40.441028 -124.644108    26.400       -4.1        3.2        0.3      1.1      1.7      2.5 2021  8 12 12 11 29.140  0.00  42
   100687  40.441069 -124.644132    26.408       -6.2        7.7        8.4      1.4      2.1      3.6 2021  9 29 19 23 12.960  0.00  42
   100692  40.440959 -124.644084    26.386       -2.1       -4.5      -14.3      1.3      1.8      3.1 2021 10 27 12 44 47.160  0.00  42
   100696  40.441016 -124.644108    26.402       -4.1        1.8        2.0      1.1      1.6      2.4 2021 11  8  1 56 17.400  0.00  42
   100699  40.441056 -124.644165    26.413       -9.0        6.3       13.1      1.6      3.0      4.4 2021 11 15 17 47 18.300  0.00  42
   100703  40.441073 -124.644124    26.415       -5.5        8.1       14.6      1.2      2.0      2.9 2021 11 29 12  5 28.880  0.00  42
   100709  40.441040 -124.644124    26.408       -5.5        4.5        7.8      1.2      1.8      2.9 2022  1 12  5 31 10.940  0.00  42
   100714  40.441003 -124.644100    26.396       -3.5        0.5       -4.1      1.1      1.5      2.7 2022  2 18 20 24 19.140  0.00  42
   100722  40.441040 -124.644124    26.408       -5.5        4.5        7.7      1.2      1.8      2.8 2022  4 14 23 44  7.940  0.00  42
   100724  40.441028 -124.644141    26.414       -6.9        3.2       14.1      1.4      3.0      3.4 2022  4 16 13 51 24.860  0.00  42
   100727  40.440975 -124.644092    26.389       -2.8       -2.7      -11.1      1.2      1.8      3.3 2022  5  4 15 52 36.500  0.00  42
   100728  40.441024 -124.644116    26.404       -4.8        2.7        4.2      1.2      1.7      2.6 2022  5 16  1 12 36.440  0.00  42
   100732  40.440979 -124.644084    26.396       -2.1       -2.3       -4.3      1.1      1.7      2.5 2022  6  6  4 15 20.000  0.00  42
   100734  40.441020 -124.644157    26.405       -8.3        2.3        5.2      1.5      3.3      4.7 2022  6 12  4  1 55.760  0.00  42
   100745  40.440995 -124.644116    26.398       -4.8       -0.5       -1.8      1.1      2.1      2.9 2022  8  8  9 33  4.680  0.00  42
   100756  40.440979 -124.644084    26.386       -2.1       -2.3      -14.1      1.2      1.8      3.2 2022 11 14 22 52 43.060  0.00  42
   110290  40.441003 -124.644084    26.403       -2.1        0.5        2.6      1.0      1.7      2.7 2023  2  3 19 43  4.720  1.42  42
