   105504  40.296061 -124.397070     8.125        3.5       39.8       15.2     77.6    119.1     97.3 2020  2  6  8 39 18.320  0.00  72
   105505  40.295719 -124.397127     8.122       -1.4        1.8       12.1     75.2    102.6     93.1 2020  2  6 11 33 20.940  0.00  72
   105506  40.295890 -124.397656     8.212      -46.4       20.8      102.2    115.8    176.2    156.1 2020  2  6 11 35 41.960  0.00  72
   105515  40.295874 -124.397062     8.112        4.2       19.0        2.4     67.6    102.7     96.3 2021  6  3 12 20 24.160  0.00  72
   105519  40.295874 -124.397038     8.100        6.2       19.0      -10.1     73.8    116.2    116.7 2021  8  1 14  0 36.000  0.00  72
   105544  40.296720 -124.396859     8.110       21.4      113.0        0.1     88.7    202.4    144.1 2022  2 20 15 29 37.960  0.00  72
   105560  40.295296 -124.396932     8.098       15.2      -45.2      -12.1     70.0    149.9    123.0 2022  9 24  2 36 23.560  0.00  72
   105562  40.295915 -124.396973     8.109       11.8       23.5       -0.8     66.0    110.4     99.6 2022 11  8 18 37  6.880  0.00  72
   105563  40.296151 -124.396908     8.109       17.3       49.7       -0.8     77.0    128.7    133.6 2022 11  9  1 33 51.080  0.00  72
   110376  40.295414 -124.397160     8.100       -4.2      -32.1      -10.0     61.9     97.1    101.1 2023  4  1 12 56 24.620  0.61  72
