   105847  40.391606 -124.287663    27.832       -5.5       33.9       12.1    189.6    258.8    169.9 2021 12 20 20 46 28.200  0.00  65
   105849  40.391292 -124.287703    27.820       -9.0       -0.9       -0.1    194.8    102.2     79.9 2021 12 21  9 55 15.700  0.00  65
   105851  40.391243 -124.287931    27.821      -28.3       -6.3        0.9    211.6    114.7     94.3 2021 12 21 19 32 35.980  0.00  65
   105864  40.391943 -124.286019    27.819      134.0       71.4       -1.3    340.1    190.0    137.1 2021 12 21 18 52 36.660  0.00  65
   105872  40.391581 -124.287793    27.841      -16.6       31.2       21.2    283.5    140.2    127.7 2021 12 21  8 10  1.860  0.00  65
   105888  40.391488 -124.287720    27.836      -10.4       20.8       16.4    261.0    137.2    125.3 2021 12 22  5 26  9.740  0.00  65
   105898  40.391313 -124.287882    27.826      -24.2        1.4        6.4    246.3    155.2    105.8 2021 12 23  1  5 17.280  0.00  65
   105899  40.391516 -124.286499    27.803       93.3       23.9      -16.7    244.0    123.3     86.2 2021 12 23  1 47 11.060  0.00  65
   105919  40.391203 -124.287646    27.817       -4.1      -10.8       -2.7     94.6    149.6    100.8 2021 12 30 12 28  4.260  0.00  65
   105923  40.391125 -124.284033    27.828      302.6      -19.4        8.5   2079.8    213.5    130.7 2022  1  5 23  1 28.700  0.00  65
   105928  40.391317 -124.287638    27.821       -3.5        1.8        1.1    165.5    116.0     85.7 2022  1 16  4 44 46.820  0.00  65
   105933  40.390381 -124.287524    27.776        6.2     -102.1      -43.9    165.4    326.1    221.5 2022  2 10  9 46 48.960  0.00  65
   105946  40.391471 -124.288428    27.821      -70.5       19.0        0.8    208.9    155.1    153.2 2022  6  9  2 40 47.580  0.00  65
   105948  40.391528 -124.287646    27.839       -4.1       25.3       18.5    284.6    165.7    139.9 2022  7  1 20 19 34.200  0.00  65
   110381  40.391239 -124.287744    27.818      -12.4       -6.8       -1.8    135.1    112.0     93.3 2023  2  9  3 13  2.870  0.89  65
