   106452  40.707255 -124.368848    23.868     -279.2      482.1    -1099.3   1427.7   1382.2  28543.9 2021  2 24  1 13  1.120  0.00  71
   106453  40.707198 -124.368636    23.767     -261.3      475.8    -1200.3   1339.7   1614.2   2328.9 2021  6  9  4 11 41.800  0.00  71
   106454  40.706665 -124.368685    24.277     -265.5      416.6     -690.3   2546.9   1976.0  11984.5 2021  6 15  1 44 36.180  0.00  71
   106455  40.707699 -124.369255    25.875     -313.6      531.4      907.4   1893.7   1705.8   4239.0 2021  9 20  7 30 52.220  0.00  71
   106456  40.706628 -124.368701    24.399     -266.8      412.5     -567.9    623.7    851.4   3191.4 2021  9 22  9 23  9.220  0.00  71
   106457  40.706661 -124.368831    24.615     -277.8      416.2     -352.5   3741.6   2199.8  13181.9 2021  9 26 15 38 26.700  0.00  71
   106458  40.706616 -124.368685    24.379     -265.5      411.2     -588.3    753.4   1073.1   3167.4 2021 12 28  4 59 52.400  0.00  71
   106459  40.707231 -124.368978    25.087     -290.2      479.4      120.1   1757.1   1482.0   3446.7 2022  8  5  4  2 33.760  0.00  71
   106470  40.684257 -124.351074    29.005     1223.0    -2071.8     4037.9   1890.6   2484.3   2433.2 2021  6 27 14 23 24.780  0.00  71
   110401  40.707109 -124.368823    23.953     -277.2      465.9    -1013.8   1525.0   1522.9   1675.5 2023  1 19  3  6 27.480  1.40  71
   110402  40.685038 -124.351180    29.026     1214.1    -1985.0     4058.9   1799.3   1934.0   2415.5 2023  2 17  9 24 34.670  1.19  71
