   104513  40.406384 -124.349080    28.476    -1074.3     1660.5     -311.6    919.4    763.0    714.3 2020  1 21  3  0 13.680  0.00  57
   104515  40.407511 -124.351237    28.600    -1257.4     1785.6     -187.4    538.0    636.8    527.4 2020  7 27  8 38 54.500  0.00  57
   104516  40.407727 -124.350594    28.594    -1202.8     1809.6     -193.5    469.5    438.3    442.1 2021  5  6 16  3 56.100  0.00  57
   104518  40.407410 -124.351082    28.595    -1244.3     1774.3     -192.5    462.2    513.8    424.4 2021  5 21  0  9 12.220  0.00  57
   104520  40.408236 -124.350846    28.639    -1224.2     1866.1     -148.8    517.2    549.0    546.3 2021 12 20 21 40 27.420  0.00  57
   104521  40.406274 -124.348576    28.429    -1031.5     1648.3     -358.2    911.9    629.3    869.1 2022  1  6  1  8 41.420  0.00  57
   104522  40.406816 -124.350822    28.560    -1222.2     1708.4     -227.1    612.8    660.3    556.5 2022  8 10  4 54 15.660  0.00  57
   108928  40.379553 -124.325659    28.940      914.2    -1318.9      152.5    421.5    352.5    319.0 2020  8 18  7 42 21.560  0.00  57
   108931  40.379513 -124.325863    28.925      896.9    -1323.4      137.9    464.0    460.5    348.9 2021 11  3  1  3 27.500  0.00  57
   108935  40.379317 -124.326449    28.915      847.2    -1345.1      128.0    492.1    683.6    583.2 2021 12 20 23 44 13.940  0.00  57
   108936  40.379529 -124.325334    28.904      941.9    -1321.6      116.3    433.0    579.1    392.5 2021 12 20 20 20  4.260  0.00  57
   108937  40.379565 -124.325513    28.924      926.6    -1317.5      136.3    435.7    385.1    353.5 2021 12 20 20 39 20.900  0.00  57
   108940  40.379944 -124.326286    29.017      861.0    -1275.5      229.9    548.5    463.5    505.6 2021 12 20 23 54 29.040  0.00  57
   108946  40.379195 -124.325903    28.902      893.5    -1358.7      115.1    512.1    635.2    460.3 2021 12 22  6 16 37.920  0.00  57
   108949  40.379464 -124.325309    28.906      943.9    -1328.8      118.6    446.2    573.7    406.1 2021 12 23 21 58  8.480  0.00  57
   108950  40.379675 -124.326343    28.969      856.2    -1305.3      182.1    552.6    477.4    421.8 2021 12 23 10 55 57.180  0.00  57
   108955  40.379496 -124.326807    29.066      816.8    -1325.2      278.6    668.7    467.7    371.5 2022  3  8 12 56 15.060  0.00  57
   110342  40.407825 -124.350578    28.527    -1201.4     1820.4     -260.3    569.0    583.8    442.6 2023  5 15 11 35 50.560  2.49  57
   110571  40.379907 -124.325610    28.985      918.4    -1279.6      198.0    550.1    355.4    321.8 2023  5 18 17 14 50.720  1.28  57
