   100528  40.555200 -124.663802     7.341        0.7        0.9        0.5   2107.1   1898.1   2843.8 2020  2 16  4  7 45.440  0.00  51
   100537  40.554952 -124.664079     7.294      -22.7      -26.7      -45.8   2979.2   6048.4   4084.5 2020  8  7  9 28 44.340  0.00  51
   100538  40.554976 -124.664095     7.291      -24.1      -23.9      -48.6   3011.1   6064.3   4133.6 2020  8  7  9 28 26.060  0.00  51
   100540  40.555160 -124.663843     7.334       -2.8       -3.6       -5.9   1977.9   1820.0   2690.6 2020  8 11 22 23 53.320  0.00  51
   100541  40.555176 -124.663810     7.339        0.0       -1.8       -1.0   2190.0   2045.3   2953.2 2020 10 21  2 37 32.940  0.00  51
   100542  40.555249 -124.663802     7.340        0.7        6.3        0.5   2316.3   2873.3   3124.2 2020 11  8  3 54 55.800  0.00  51
   100543  40.555363 -124.663599     7.374       17.9       19.0       34.2   3388.6   5504.3   4625.5 2020 11  8  1 32 40.980  0.00  51
   100544  40.555009 -124.664144     7.283      -28.3      -20.3      -56.7   3138.8   6058.5   4310.9 2020 12  2  8 33 33.620  0.00  51
   100545  40.555111 -124.663916     7.321       -9.0       -9.0      -19.1   2027.0   3298.8   2779.1 2020 12 19 10  1 43.240  0.00  51
   100547  40.555050 -124.663900     7.323       -7.6      -15.8      -16.9   2044.7   3638.3   2791.3 2021  3 27  3  7  8.420  0.00  51
   100551  40.555151 -124.663818     7.337       -0.7       -4.5       -3.2   2167.9   1912.7   2941.1 2021  6 13 21  6 52.180  0.00  51
   100552  40.555212 -124.663770     7.345        3.4        2.3        5.4   2420.6   2615.0   3286.1 2021  8 10 10  7 37.160  0.00  51
   100553  40.555225 -124.663786     7.343        2.1        3.6        3.0   2230.1   2211.3   3008.3 2021  8 19  2 14 36.260  0.00  51
   100560  40.555025 -124.663916     7.321       -9.0      -18.5      -18.5   2070.6   2807.4   2811.4 2022  2 26  9 19 53.720  0.00  51
   100562  40.554871 -124.664119     7.287      -26.2      -35.7      -52.9   3165.6   6075.2   4336.1 2022  4  5  4 37 52.080  0.00  51
   100563  40.555176 -124.663810     7.338        0.0       -1.8       -1.5   2189.1   2156.6   2944.0 2022  5 14 21 27 27.240  0.00  51
   100566  40.555212 -124.663786     7.343        2.1        2.3        3.0   2314.0   2742.8   3123.3 2022  7 25  5  3 56.220  0.00  51
   100569  40.554883 -124.664103     7.289      -24.8      -34.3      -50.6   3129.0   5796.3   4270.7 2022  9  4  5 45 54.000  0.00  51
   100570  40.555009 -124.664062     7.296      -21.4      -20.3      -43.6   2823.4   5412.6   3872.4 2022  9  6  7  2 59.900  0.00  51
   100571  40.555160 -124.663778     7.344        2.8       -3.6        3.9   2200.6   2331.2   3001.4 2022 11  6  5  3 49.800  0.00  51
   100572  40.555208 -124.663761     7.346        4.1        1.8        6.2   2242.7   3336.0   3067.3 2022 11  6  4 45 38.900  0.00  51
   110288  40.555257 -124.663737     7.351        6.2        7.2       11.3   1945.6   2215.9   2649.4 2023  5 29  5 41 15.670  1.33  51
