   109195  40.310592 -124.361353    31.963       16.6      -84.0      -16.9      1.9      2.7      1.7 2021  7 18  7  5 50.060  0.00   6
   109199  40.311300 -124.361702    31.980      -13.1       -5.4        0.0      0.1      0.1      0.0 2021  7 19  4 10  9.600  0.00   6
   109204  40.311300 -124.361702    31.980      -13.1       -5.4       -0.0      0.0      0.1      0.0 2021  7 22 10 36 45.760  0.00   6
   109205  40.311296 -124.361702    31.980      -13.1       -5.9        0.0      0.1      0.0      0.0 2021  7 23 20  9 55.580  0.00   6
   109207  40.311300 -124.361702    31.980      -13.1       -5.4        0.0      0.0      0.0      0.0 2021  7 24  1 50  3.500  0.00   6
   109208  40.311300 -124.361702    31.980      -13.1       -5.4        0.0      0.0      0.0      0.0 2021  7 24  8 41 49.560  0.00   6
   109209  40.311092 -124.361694    31.980      -12.5      -28.5       -0.3      0.2      0.9      0.1 2021  7 24  8 38 42.000  0.00   6
   109210  40.311287 -124.361702    31.980      -13.1       -6.8       -0.0      0.1      0.3      0.1 2021  7 24 19  2  5.180  0.00   6
   109212  40.310942 -124.361694    31.979      -12.5      -45.2       -0.6      0.4      1.6      0.2 2021  7 25 23 20 57.380  0.00   6
   109213  40.311300 -124.361702    31.980      -13.1       -5.4        0.0      0.1      0.1      0.0 2021  7 25 20  5 30.660  0.00   6
   109214  40.311300 -124.361702    31.980      -13.1       -5.4        0.0      0.0      0.1      0.0 2021  7 25 18 49 10.460  0.00   6
   109215  40.311296 -124.361702    31.980      -13.1       -5.9        0.0      0.1      0.2      0.1 2021  7 25 23 43 27.000  0.00   6
   109216  40.311292 -124.361702    31.980      -13.1       -6.3        0.0      0.0      0.1      0.0 2021  7 25 21 37 43.460  0.00   6
   109217  40.311300 -124.361702    31.980      -13.1       -5.4        0.0      0.0      0.0      0.0 2021  7 25  7 24 13.180  0.00   6
   109219  40.311300 -124.361702    31.980      -13.1       -5.4        0.0      0.0      0.1      0.0 2021  7 26  6 50 22.360  0.00   6
   109220  40.311300 -124.361702    31.980      -13.1       -5.4        0.0      0.0      0.0      0.0 2021  7 26 19 27 24.380  0.00   6
   109222  40.311296 -124.361702    31.980      -13.1       -5.9        0.0      0.0      0.1      0.0 2021  7 26 23 34 14.520  0.00   6
   109223  40.311300 -124.361702    31.980      -13.1       -5.4        0.0      0.0      0.0      0.0 2021  7 26  5 35 10.060  0.00   6
   109225  40.310913 -124.361694    31.979      -12.5      -48.3       -0.7      0.4      1.4      0.2 2021  7 27 10 37 25.060  0.00   6
   109226  40.311296 -124.361702    31.980      -13.1       -5.9        0.0      0.1      0.1      0.0 2021  7 28 19 32 15.660  0.00   6
   109227  40.311296 -124.361702    31.980      -13.1       -5.9        0.0      0.0      0.1      0.0 2021  7 28  2 37 56.380  0.00   6
   109228  40.311300 -124.361702    31.980      -13.1       -5.4        0.0      0.0      0.1      0.0 2021  7 28  5 27 46.940  0.00   6
   109229  40.311292 -124.361702    31.980      -13.1       -6.3        0.0      0.1      0.3      0.1 2021  7 28  9 12 47.980  0.00   6
   109233  40.311300 -124.361702    31.980      -13.1       -5.4        0.0      0.0      0.1      0.0 2021  7 29 18 39 28.720  0.00   6
   109235  40.311296 -124.361702    31.980      -13.1       -5.9        0.0      0.1      0.1      0.1 2021  7 30 14 58 42.900  0.00   6
   109236  40.311300 -124.361702    31.980      -13.1       -5.4        0.0      0.0      0.1      0.0 2021  7 30  3 30 35.380  0.00   6
   109239  40.311292 -124.361702    31.980      -13.1       -6.3        0.0      0.1      0.1      0.0 2021  7 31 13 40 23.960  0.00   6
   109240  40.311292 -124.361702    31.980      -13.1       -6.3       -0.0      0.1      0.3      0.1 2021  7 31 11 13 30.740  0.00   6
   109241  40.311296 -124.361702    31.980      -13.1       -5.9        0.0      0.1      0.2      0.1 2021  7 31  1 51 16.840  0.00   6
   109242  40.311296 -124.361702    31.980      -13.1       -5.9        0.0      0.1      0.2      0.0 2021  7 31  4 20 10.140  0.00   6
   109244  40.311296 -124.361702    31.980      -13.1       -5.9        0.0      0.0      0.1      0.0 2021  7 31 11  7 51.120  0.00   6
   109245  40.311300 -124.361702    31.980      -13.1       -5.4        0.0      0.0      0.0      0.0 2021  8  1 16 55 20.720  0.00   6
   109248  40.311296 -124.361702    31.980      -13.1       -5.9        0.0      0.1      0.3      0.1 2021  8  1 21 26 30.980  0.00   6
   109249  40.311292 -124.361702    31.980      -13.1       -6.3       -0.0      0.1      0.2      0.1 2021  8  1 21 31 37.400  0.00   6
   109251  40.311296 -124.361702    31.980      -13.1       -5.9        0.0      0.1      0.1      0.0 2021  8  1 16 34 12.980  0.00   6
   109252  40.311300 -124.361702    31.980      -13.1       -5.4        0.0      0.0      0.0      0.0 2021  8  2  7 50 25.840  0.00   6
   109253  40.311255 -124.361702    31.980      -13.1      -10.4       -0.1      0.1      0.5      0.1 2021  8  2  6 34 21.080  0.00   6
   109255  40.311300 -124.361702    31.980      -13.1       -5.4        0.0      0.0      0.1      0.0 2021  8  2 11 41 32.420  0.00   6
   109256  40.311296 -124.361702    31.980      -13.1       -5.9        0.0      0.1      0.2      0.1 2021  8  3  2 40 18.780  0.00   6
   109257  40.311300 -124.361702    31.980      -13.1       -5.4        0.0      0.0      0.0      0.0 2021  8  4 21 11 43.080  0.00   6
   109258  40.311296 -124.361702    31.980      -13.1       -5.9        0.0      0.1      0.1      0.0 2021  8  5  9 30 12.540  0.00   6
   109259  40.311300 -124.361702    31.980      -13.1       -5.4        0.0      0.0      0.0      0.0 2021  8  6 20 58 36.520  0.00   6
   109262  40.311247 -124.361702    31.980      -13.1      -11.3       -0.1      0.2      0.6      0.1 2021  8  7 14  6 37.400  0.00   6
   109263  40.311300 -124.361702    31.980      -13.1       -5.4        0.0      0.0      0.1      0.0 2021  8  9 12 31 31.560  0.00   6
   109264  40.311300 -124.361702    31.980      -13.1       -5.4        0.0      0.1      0.1      0.1 2021  8 10  2  3 25.460  0.00   6
   109265  40.311296 -124.361702    31.980      -13.1       -5.9        0.0      0.1      0.1      0.0 2021  8 10 15 41 38.320  0.00   6
   109266  40.308374 -124.355452    31.533      518.1     -330.3     -447.1      1.7      3.0      1.7 2021  8 12  8  3 17.040  0.00   6
   109267  40.311292 -124.361702    31.980      -13.1       -6.3        0.0      0.1      0.1      0.0 2021  8 13 23 40  3.920  0.00   6
   109268  40.311300 -124.361702    31.980      -13.1       -5.4       -0.0      0.0      0.0      0.0 2021  8 13  4 11 20.940  0.00   6
   109269  40.311300 -124.361702    31.980      -13.1       -5.4        0.0      0.0      0.0      0.0 2021  8 13 22 41  3.240  0.00   6
   109270  40.311300 -124.361702    31.980      -13.1       -5.4        0.0      0.0      0.1      0.0 2021  8 14  6 12 10.780  0.00   6
   109273  40.311300 -124.361702    31.980      -13.1       -5.4        0.0      0.0      0.0      0.0 2021  8 19 23 33 20.840  0.00   6
   109274  40.311300 -124.361702    31.980      -13.1       -5.4        0.0      0.0      0.0      0.0 2021  8 19 18 58  1.140  0.00   6
   109277  40.311300 -124.361702    31.980      -13.1       -5.4        0.0      0.0      0.0      0.0 2021  8 19 11 58 38.360  0.00   6
   109278  40.311300 -124.361702    31.980      -13.1       -5.4        0.0      0.0      0.0      0.0 2021  8 19 14  8 21.200  0.00   6
   109279  40.311300 -124.361702    31.980      -13.1       -5.4       -0.0      0.1      0.1      0.1 2021  8 20 18  1 37.320  0.00   6
   109280  40.311300 -124.361702    31.980      -13.1       -5.4        0.0      0.0      0.1      0.0 2021  8 22 13 44 25.420  0.00   6
   109281  40.311300 -124.361702    31.980      -13.1       -5.4        0.0      0.0      0.1      0.0 2021  8 22 16 20 25.140  0.00   6
   109282  40.311300 -124.361702    31.980      -13.1       -5.4        0.0      0.0      0.1      0.0 2021  8 22 13 45 21.680  0.00   6
   109284  40.311296 -124.361702    31.980      -13.1       -5.9        0.0      0.1      0.1      0.1 2021  8 23 22 44 22.940  0.00   6
   109285  40.311296 -124.361702    31.980      -13.1       -5.9        0.0      0.1      0.2      0.1 2021  8 23  0  0  5.780  0.00   6
   109286  40.311292 -124.361702    31.980      -13.1       -6.3       -0.0      0.1      0.2      0.1 2021  8 24  4 45 53.600  0.00   6
   109288  40.311300 -124.361702    31.980      -13.1       -5.4        0.0      0.0      0.0      0.0 2021  8 24  4 47 42.220  0.00   6
   109289  40.311157 -124.361702    31.980      -13.1      -21.2       -0.3      0.3      0.9      0.2 2021  8 24 11  5 24.380  0.00   6
   109290  40.311300 -124.361702    31.980      -13.1       -5.4        0.0      0.0      0.0      0.0 2021  8 25  8 42 30.260  0.00   6
   109292  40.311300 -124.361702    31.980      -13.1       -5.4        0.0      0.0      0.1      0.0 2021  8 25 19 39 13.980  0.00   6
   109293  40.311292 -124.361702    31.980      -13.1       -6.3        0.0      0.1      0.1      0.1 2021  8 27 23 45 32.860  0.00   6
   109295  40.311296 -124.361702    31.980      -13.1       -5.9        0.0      0.1      0.2      0.1 2021  8 29 21  2 20.980  0.00   6
   109296  40.311300 -124.361702    31.980      -13.1       -5.4        0.0      0.0      0.0      0.0 2021  8 30 16 40 16.680  0.00   6
   109298  40.311300 -124.361702    31.980      -13.1       -5.4        0.0      0.0      0.0      0.0 2021  8 31  1 34  0.660  0.00   6
   109304  40.311292 -124.361702    31.980      -13.1       -6.3        0.0      0.1      0.2      0.0 2021  9  1  0 12 29.580  0.00   6
   109306  40.311296 -124.361702    31.980      -13.1       -5.9        0.0      0.0      0.1      0.0 2021  9  2  0 39  8.880  0.00   6
   109307  40.311296 -124.361702    31.980      -13.1       -5.9        0.0      0.0      0.1      0.0 2021  9  2  0 38 45.800  0.00   6
   109312  40.311300 -124.361702    31.980      -13.1       -5.4        0.0      0.0      0.1      0.0 2021  9  3 10 57 31.420  0.00   6
   109313  40.311296 -124.361702    31.980      -13.1       -5.9        0.0      0.1      0.2      0.1 2021  9  3 22 18 39.160  0.00   6
   109314  40.311300 -124.361702    31.980      -13.1       -5.4        0.0      0.1      0.0      0.0 2021  9  4 14 15 57.920  0.00   6
   109315  40.311300 -124.361702    31.980      -13.1       -5.4        0.0      0.1      0.1      0.1 2021  9  4  0 16 15.820  0.00   6
   109316  40.311300 -124.361702    31.980      -13.1       -5.4        0.0      0.0      0.1      0.0 2021  9  4 23 44 57.640  0.00   6
   109317  40.311300 -124.361702    31.980      -13.1       -5.4        0.0      0.0      0.1      0.0 2021  9  5 22 52 47.740  0.00   6
   109318  40.311300 -124.361702    31.980      -13.1       -5.4        0.0      0.0      0.0      0.0 2021  9  5 23 22  8.420  0.00   6
   109319  40.311292 -124.361702    31.980      -13.1       -6.3       -0.0      0.1      0.2      0.1 2021  9  5  0 35 11.340  0.00   6
   109322  40.311296 -124.361702    31.980      -13.1       -5.9        0.0      0.1      0.1      0.0 2021  9  6  5 29 11.320  0.00   6
   109326  40.311300 -124.361702    31.980      -13.1       -5.4        0.0      0.0      0.0      0.0 2021  9  9 21 58  1.820  0.00   6
   109327  40.311300 -124.361702    31.980      -13.1       -5.4        0.0      0.0      0.1      0.0 2021  9  9 22 18 30.260  0.00   6
   109328  40.311300 -124.361702    31.980      -13.1       -5.4       -0.0      0.0      0.1      0.0 2021  9 10 17  6 37.240  0.00   6
   109329  40.311300 -124.361702    31.980      -13.1       -5.4       -0.0      0.0      0.1      0.0 2021  9 10 10 24 24.200  0.00   6
   109331  40.311287 -124.361702    31.980      -13.1       -6.8       -0.0      0.1      0.4      0.1 2021  9 13  4 48 24.520  0.00   6
   109332  40.311300 -124.361702    31.980      -13.1       -5.4        0.0      0.0      0.0      0.0 2021  9 15 19 57 59.300  0.00   6
   109335  40.311300 -124.361702    31.980      -13.1       -5.4        0.0      0.0      0.0      0.0 2021  9 15  6 37 38.020  0.00   6
   109336  40.310518 -124.357926    31.662      307.8      -92.2     -317.7      2.2      3.0      2.1 2021  9 16  8 37  4.980  0.00   6
   109337  40.311300 -124.361702    31.980      -13.1       -5.4        0.0      0.0      0.0      0.0 2021  9 17  6 36  5.720  0.00   6
   109338  40.311300 -124.361702    31.980      -13.1       -5.4        0.0      0.0      0.1      0.0 2021  9 17 22 27 21.360  0.00   6
   109339  40.311292 -124.361702    31.980      -13.1       -6.3        0.0      0.1      0.1      0.0 2021  9 17  9  1 58.700  0.00   6
   109340  40.311292 -124.361702    31.980      -13.1       -6.3        0.0      0.1      0.1      0.0 2021  9 19  6  5 38.020  0.00   6
   109341  40.311300 -124.361702    31.980      -13.1       -5.4        0.0      0.0      0.1      0.0 2021  9 19  3  8 27.520  0.00   6
   109342  40.311300 -124.361702    31.980      -13.1       -5.4        0.0      0.0      0.0      0.0 2021  9 22  0  8 23.380  0.00   6
   109343  40.311292 -124.361702    31.980      -13.1       -6.3       -0.1      0.1      0.2      0.0 2021  9 22  0  2 55.800  0.00   6
   109347  40.311300 -124.361702    31.980      -13.1       -5.4        0.0      0.0      0.1      0.0 2021  9 25  0 37 22.520  0.00   6
   109348  40.311296 -124.361702    31.980      -13.1       -5.9       -0.4      0.1      0.2      0.1 2021  9 26  6 20 37.900  0.00   6
   109349  40.311292 -124.361702    31.980      -13.1       -6.3        0.0      0.1      0.1      0.0 2021  9 27  4 44 39.340  0.00   6
   109354  40.311300 -124.361702    31.980      -13.1       -5.4        0.0      0.1      0.1      0.0 2021 10 25  1  3 32.840  0.00   6
   109355  40.311300 -124.361702    31.980      -13.1       -5.4        0.0      0.0      0.0      0.0 2021 10 26  6  8 31.580  0.00   6
   109356  40.311300 -124.361702    31.980      -13.1       -5.4        0.0      0.0      0.0      0.0 2021 11 22  4 17 27.920  0.00   6
   109357  40.311292 -124.361702    31.980      -13.1       -6.3        0.0      0.1      0.1      0.0 2021 12 23  9  2 20.220  0.00   6
   109358  40.310970 -124.358423    31.687      265.6      -42.0     -292.9      2.1      4.1      2.4 2021 12 23 18 55 52.360  0.00   6
   109359  40.309587 -124.358301    31.650      276.0     -195.6     -330.0      2.5      3.1      2.3 2021 12 23  8 27 56.380  0.00   6
   109360  40.310457 -124.357064    31.615      381.2      -98.9     -365.0      1.9      1.7      1.9 2021 12 23 11 24 40.520  0.00   6
   109361  40.311300 -124.361702    31.980      -13.1       -5.4        0.0      0.0      0.0      0.0 2021 12 23 12 16 31.140  0.00   6
   109362  40.311300 -124.361702    31.980      -13.1       -5.4        0.0      0.0      0.1      0.0 2021 12 23 13 36 42.580  0.00   6
   109363  40.311300 -124.361702    31.980      -13.1       -5.4        0.0      0.0      0.1      0.0 2021 12 23 18 57 15.160  0.00   6
   109364  40.311292 -124.361702    31.980      -13.1       -6.3       -0.2      0.1      0.4      0.1 2021 12 24 16 44 39.600  0.00   6
   109366  40.311300 -124.361702    31.980      -13.1       -5.4       -0.0      0.0      0.0      0.0 2021 12 25  6 19  6.540  0.00   6
   109367  40.311300 -124.361702    31.980      -13.1       -5.4        0.0      0.1      0.1      0.0 2021 12 25 16 20 55.220  0.00   6
   109368  40.311287 -124.361702    31.980      -13.1       -6.8       -0.0      0.1      0.3      0.1 2021 12 25  6 18  5.720  0.00   6
   109369  40.311296 -124.361702    31.980      -13.1       -5.9        0.0      0.1      0.1      0.0 2021 12 25  7 27 29.140  0.00   6
   109373  40.311300 -124.361702    31.980      -13.1       -5.4        0.0      0.1      0.1      0.0 2022  1  6  0 59 31.420  0.00   6
   109374  40.306478 -124.359448    31.853      178.5     -540.8     -127.1      2.3      2.6      1.8 2022  1 11 12  2 21.560  0.00   6
   109376  40.311300 -124.361702    31.980      -13.1       -5.4        0.0      0.0      0.0      0.0 2022  7 10  5 57 23.960  0.00   6
   109379  40.311300 -124.361702    31.980      -13.1       -5.4        0.0      0.0      0.0      0.0 2022  7 19  0 22 27.000  0.00   6
   109380  40.311300 -124.361702    31.980      -13.1       -5.4        0.0      0.1      0.1      0.1 2022  7 19 23 51 52.120  0.00   6
   109381  40.311300 -124.361702    31.980      -13.1       -5.4        0.0      0.0      0.0      0.0 2022  7 25 22 53 46.120  0.00   6
   109382  40.311300 -124.361702    31.980      -13.1       -5.4        0.0      0.0      0.0      0.0 2022  7 29 19 56 59.160  0.00   6
   109385  40.311300 -124.361702    31.980      -13.1       -5.4        0.0      0.0      0.0      0.0 2022  8  9  4 38 31.500  0.00   6
   109386  40.311300 -124.361702    31.980      -13.1       -5.4        0.0      0.0      0.0      0.0 2022  8  9 18 41 47.920  0.00   6
   109393  40.311300 -124.361702    31.980      -13.1       -5.4        0.0      0.0      0.1      0.0 2022  8 30  6  3 39.840  0.00   6
   109395  40.311300 -124.361702    31.980      -13.1       -5.4        0.0      0.0      0.0      0.0 2022  9  3 12  0 10.600  0.00   6
   109396  40.311300 -124.361702    31.980      -13.1       -5.4        0.0      0.0      0.0      0.0 2022  9 14  1 47 59.060  0.00   6
   109397  40.311300 -124.361702    31.980      -13.1       -5.4        0.0      0.1      0.1      0.0 2022  9 14  1 51 22.500  0.00   6
   109398  40.311300 -124.361702    31.980      -13.1       -5.4        0.0      0.1      0.1      0.0 2022  9 28 10 10 30.060  0.00   6
   109399  40.311300 -124.361702    31.980      -13.1       -5.4        0.0      0.0      0.1      0.0 2022 10  1 11  0 21.440  0.00   6
   109403  40.311300 -124.361702    31.980      -13.1       -5.4        0.1      0.1      0.1      0.1 2022 10 10  5 11 55.860  0.00   6
   109404  40.311300 -124.361702    31.980      -13.1       -5.4        0.0      0.0      0.1      0.0 2022 10 13 13 52 48.680  0.00   6
   109405  40.311300 -124.361702    31.980      -13.1       -5.4        0.0      0.0      0.0      0.0 2022 10 15  1  6 50.180  0.00   6
   109406  40.311300 -124.361702    31.980      -13.1       -5.4        0.0      0.0      0.1      0.0 2022 10 15  7 41 36.280  0.00   6
   109407  40.311300 -124.361702    31.980      -13.1       -5.4        0.0      0.0      0.0      0.0 2022 10 20  4  3 58.380  0.00   6
   109408  40.311300 -124.361702    31.980      -13.1       -5.4        0.0      0.0      0.1      0.0 2022 10 30 12 59 54.920  0.00   6
   109411  40.311300 -124.361702    31.980      -13.1       -5.4        0.0      0.0      0.0      0.0 2022 11 18  1 57 26.740  0.00   6
   109412  40.311300 -124.361702    31.980      -13.1       -5.4        0.0      0.0      0.0      0.0 2022 11 19 10 54 49.280  0.00   6
   110617  40.313460 -124.361214    32.000       28.4      234.5       19.9      1.0      1.1      0.9 2022 12  2 13 23 47.570  2.13   6
