   105485  40.699194 -124.200773    17.472        2.1       14.9      -10.8     54.0     33.6     48.8 2020  2  5  5 58 25.560  0.00  53
   105486  40.699288 -124.196908    17.184      328.8       25.3     -298.8     75.1     80.5     84.1 2020  3 17 12 51 45.720  0.00  53
   105487  40.698995 -124.200456    17.398       28.9       -7.2      -85.2     73.6     44.8     38.9 2020  4 15  7 17 47.580  0.00  53
   105489  40.699422 -124.200439    17.479       30.3       40.2       -3.6     52.0     38.1     52.5 2020  9  1  3 23  1.060  0.00  53
   105491  40.699768 -124.196541    17.157      359.7       78.6     -325.9     73.4     36.3     62.4 2022  6 26  6 12 19.280  0.00  53
   105492  40.699369 -124.199699    17.385       92.9       34.3      -97.5     41.5     21.9     40.2 2022  9 22  6  0 32.400  0.00  53
   105493  40.699459 -124.199813    17.394       83.2       44.3      -88.8     25.7     20.4     21.9 2022  9 22  6  2 18.960  0.00  53
   105494  40.699569 -124.199829    17.387       81.8       56.5      -95.7     25.7     18.1     20.3 2022  9 22  7 21 46.180  0.00  53
   105495  40.699784 -124.199536    17.421      106.6       80.4      -61.8     28.0     22.4     34.5 2022  9 22 15 52 11.740  0.00  53
   105496  40.699491 -124.200000    17.388       67.4       47.9      -94.9     19.9     20.0     21.7 2022  9 23  7 36 42.680  0.00  53
   105498  40.699447 -124.200057    17.394       62.6       42.9      -88.7     26.9     17.7     13.2 2022  9 25 11 10 14.460  0.00  53
   105501  40.699491 -124.200122    17.359       57.1       47.9     -123.7     22.7     19.1     20.9 2022 10 26 12 52 38.720  0.00  53
   105502  40.699479 -124.199837    17.385       81.2       46.5      -97.9     19.7     19.3     18.7 2022 10 28 19 52 59.400  0.00  53
   105503  40.699500 -124.200073    17.372       61.2       48.8     -110.8     22.4     20.1     23.3 2022 10 28 19 54 10.800  0.00  53
   108832  40.721912 -124.233594    16.960    -2771.4     2537.6     -522.6     86.7     55.2     92.8 2020  6 27  1 38 36.220  0.00  53
   108833  40.723173 -124.236263    17.091    -2996.9     2677.7     -391.5     78.5     50.2     87.4 2020  7  7 22 53  4.560  0.00  53
   108870  40.673531 -124.177563    17.876     1964.0    -2834.9      392.9    108.1     52.8     97.6 2021  3 19  7  6 30.900  0.00  53
   108873  40.674357 -124.166309    18.520     2915.4    -2743.2     1037.3    125.2     47.2    119.5 2022  9 22 18 46  5.320  0.00  53
   110375  40.699325 -124.199626    17.429       99.0       29.4      -53.8     20.9     16.7     17.9 2023  4 18 21 27 56.500  2.49  53
   110555  40.722937 -124.234342    17.645    -2834.6     2651.5      162.6     48.2     47.3     71.2 2023  5  5 10 40  9.930  1.00  53
   110562  40.672058 -124.173755    18.893     2286.0    -2998.5     1410.0    103.0     45.2     92.1 2023  2  1  1 28 26.490  1.31  53
   110714  40.704106 -124.194759    17.894      510.3      560.3      411.6     20.2     24.9     33.3 2023  1  6 12 27 19.440  3.44  53
