   106010  40.277380 -124.562240    18.256        2.8      -23.5      -13.6    140.4    471.7    248.4 2020  2 10 16 52 35.900  0.00  40
   106012  40.277946 -124.562240    18.245        2.8       39.3      -24.7    134.5    283.5    261.8 2020  3 20  4 52 58.960  0.00  40
   106014  40.277946 -124.562231    18.198        3.5       39.3      -71.7    149.7    243.5    399.7 2020  4  7 23 24 48.060  0.00  40
   106017  40.277592 -124.562321    18.279       -4.2        0.0        8.5    105.9    183.7    260.1 2020  7 16 18 56 25.600  0.00  40
   106019  40.277808 -124.562280    18.285       -0.7       23.9       15.2    101.5    282.9    298.6 2020  8  4 17 55 32.040  0.00  40
   106020  40.277303 -124.562459    18.356      -15.9      -32.1       86.2    194.9    322.5    581.6 2020  9  6  7 26 57.220  0.00  40
   106021  40.277006 -124.562329    18.280       -4.8      -65.1        9.6    100.4    437.6    279.9 2020  9 17 15 29 55.440  0.00  40
   106023  40.277604 -124.562329    18.279       -4.8        1.4        8.9    105.0    254.0    261.3 2020 10  7 20 16 32.860  0.00  40
   106025  40.277665 -124.562321    18.293       -4.2        8.1       23.3    112.8    243.6    262.2 2020 10 30  5 28 15.440  0.00  40
   106026  40.277698 -124.562288    18.274       -1.4       11.7        3.7    117.1    218.5    286.3 2020 12 27 14 29 51.580  0.00  40
   106027  40.278166 -124.562191    18.234        6.9       63.7      -35.7    214.0    402.8    304.4 2021  1 27 20 38 14.300  0.00  40
   106028  40.277551 -124.562337    18.281       -5.5       -4.5       11.4    115.4    228.9    222.6 2021  2 12  4 45 10.420  0.00  40
   106029  40.277844 -124.562288    18.302       -1.4       28.0       31.8    104.8    302.7    332.7 2021  2 23 17  9 35.440  0.00  40
   106032  40.277710 -124.562321    18.307       -4.2       13.1       36.8    117.9    284.5    364.7 2021  4  2  8 32 29.220  0.00  40
   106033  40.276843 -124.562240    18.244        2.8      -83.1      -26.1    122.4    565.5    432.7 2021  4  2 13 18 31.140  0.00  40
   106034  40.277649 -124.562297    18.271       -2.1        6.3        0.8    104.7    218.4    229.3 2021  4  3 23 18 17.580  0.00  40
   106035  40.277653 -124.562288    18.261       -1.4        6.8       -8.8    128.3    185.1    227.3 2021  4  4  7 50 26.820  0.00  40
   106037  40.278394 -124.562101    18.254       14.5       89.0      -15.7    203.8    438.0    614.8 2021  4 26  6 32 31.780  0.00  40
   106039  40.277425 -124.562467    18.357      -16.6      -18.5       87.3    193.3    323.6    594.3 2021  7 14 15  3 16.320  0.00  40
   106040  40.277738 -124.562313    18.293       -3.5       16.3       22.8    106.8    256.0    266.5 2021  7 28  9 36  3.100  0.00  40
   106042  40.278442 -124.562199    18.276        6.2       94.4        6.1    183.1    409.8    576.6 2021  8 24 17 52 55.220  0.00  40
   106045  40.277576 -124.562297    18.256       -2.1       -1.8      -14.0    117.7    222.5    252.3 2021 12 14 20 34 44.500  0.00  40
   106047  40.277641 -124.562297    18.271       -2.1        5.4        0.6    114.6    212.3    219.6 2021 12 21  7  5 18.660  0.00  40
   106048  40.277657 -124.562280    18.270       -0.7        7.2       -0.5    110.6    222.7    230.4 2021 12 21  9  6 23.560  0.00  40
   106052  40.277625 -124.562386    18.309       -9.7        3.6       39.3    141.7    245.5    475.5 2021 12 27 23 32 51.160  0.00  40
   106053  40.277771 -124.562288    18.278       -1.4       19.9        8.0    113.2    275.5    231.2 2021 12 30 22  2 34.580  0.00  40
   106054  40.275578 -124.561971    18.186       25.6     -223.7      -84.0    256.4    718.0    562.4 2022  1  1 17 29 31.920  0.00  40
   106055  40.277649 -124.562297    18.279       -2.1        6.3        9.5    115.2    236.4    237.6 2022  1  3  9 47 41.620  0.00  40
   106057  40.276591 -124.562573    18.330      -25.6     -111.1       59.8    277.1    614.1    534.5 2022  2 23  2  6 30.340  0.00  40
   106058  40.277136 -124.562410    18.298      -11.8      -50.6       27.6    197.6    345.2    753.8 2022  3 10  3 28 33.340  0.00  40
   106062  40.277498 -124.562329    18.262       -4.8      -10.4       -8.1    121.2    224.8    262.1 2022  7 25 13 33 16.740  0.00  40
   110386  40.277551 -124.562297    18.274       -2.1       -4.5        4.1    109.2    189.5    239.4 2023  4 30  3 21 23.220  1.14  40
