   105504  40.296065 -124.397078     8.132        2.8       40.2       22.3     12.6     12.0     18.3 2020  2  6  8 39 18.320  0.00  72
   105505  40.295711 -124.397135     8.128       -2.1        0.9       18.4     12.7     13.5     17.9 2020  2  6 11 33 20.940  0.00  72
   105506  40.295923 -124.397664     8.266      -47.1       24.4      155.9     11.4     15.9     55.3 2020  2  6 11 35 41.960  0.00  72
   105515  40.295980 -124.397046     8.115        5.5       30.7        4.7     11.3     21.0     16.7 2021  6  3 12 20 24.160  0.00  72
   105519  40.295976 -124.397005     8.095        9.0       30.3      -15.3     13.9     21.6     20.3 2021  8  1 14  0 36.000  0.00  72
   105544  40.296733 -124.396875     8.112       20.1      114.3        1.7     11.0     14.0     15.3 2022  2 20 15 29 37.960  0.00  72
   105560  40.295455 -124.396965     8.100       12.5      -27.6       -9.6     13.1     29.4     19.5 2022  9 24  2 36 23.560  0.00  72
   105562  40.295907 -124.396924     8.111       15.9       22.6        0.9     11.7     16.3     20.2 2022 11  8 18 37  6.880  0.00  72
   105563  40.296195 -124.396859     8.112       21.4       54.7        1.6     11.5     13.7     21.6 2022 11  9  1 33 51.080  0.00  72
   110376  40.295353 -124.397168     8.097       -4.8      -38.9      -12.8      9.0     15.6     14.5 2023  4  1 12 56 24.620  0.61  72
