   100823  40.497095 -124.211043    22.397      -24.1        1.8       -3.4     94.0     51.0     69.3 2020  1  3  2  9 56.020  0.00  28
   100828  40.497111 -124.211466    22.419      -60.0        3.6       19.3     62.6     35.1     42.0 2020  2 17  3 53 58.760  0.00  28
   100832  40.497030 -124.213127    22.426     -200.8       -5.4       25.7    100.6     39.3     38.2 2020  3 14 21 11  5.280  0.00  28
   100833  40.497099 -124.210677    22.382        6.9        2.3      -17.7     66.4     38.6     77.1 2020  3 17  4 59 55.420  0.00  28
   100834  40.496647 -124.211092    22.326      -28.3      -47.9      -73.7     57.4     55.9     90.6 2020  3 20 11 48 15.620  0.00  28
   100861  40.497274 -124.212785    22.506     -171.8       21.7      105.5     48.8     48.1     45.7 2020  9  8 20 40 29.360  0.00  28
   100864  40.497083 -124.210579    22.393       15.2        0.5       -6.9     59.1     40.6     41.0 2020  9 15 23  5 33.140  0.00  28
   100868  40.497115 -124.211890    22.445      -95.9        4.1       44.9     63.8     46.6     55.5 2020 10  4 23 46 22.940  0.00  28
   100877  40.497066 -124.210970    22.400      -17.9       -1.4       -0.1     44.2     37.7     42.6 2020 10 25  1  8 44.260  0.00  28
   100878  40.497180 -124.212760    22.488     -169.7       11.3       88.0     52.3     42.7     48.7 2020 11  5 15 53 50.760  0.00  28
   100879  40.497111 -124.211776    22.436      -86.2        3.6       36.0     59.9     40.9     48.6 2020 11 16 18 47 24.720  0.00  28
   100881  40.497115 -124.211768    22.440      -85.5        4.1       40.4     60.1     45.2     54.3 2020 11 20 18 31 54.040  0.00  28
   100882  40.497009 -124.210775    22.386       -1.4       -7.7      -14.0     51.9     38.7     45.9 2020 12  1 21  4 34.360  0.00  28
   100895  40.497013 -124.211947    22.422     -100.7       -7.2       22.0     53.0     35.4     39.4 2021  3 13 21  1 53.660  0.00  28
   100918  40.497139 -124.211702    22.435      -80.0        6.8       35.0     60.2     40.0     45.9 2021  6 10 14 51 11.820  0.00  28
   100919  40.497123 -124.211556    22.422      -67.6        5.0       21.6     61.6     31.7     41.9 2021  6 15 12 18 12.020  0.00  28
   100922  40.497083 -124.211637    22.424      -74.5        0.5       23.6     62.3     33.7     39.2 2021  6 29  7 50 55.520  0.00  28
   100929  40.497054 -124.206413    22.288      368.4       -2.7     -112.1    158.2     79.0     98.3 2021  7 19 21 37  9.300  0.00  28
   100933  40.497087 -124.211825    22.424      -90.4        0.9       23.8     68.4     34.9     43.8 2021  7 25 13 59 39.480  0.00  28
   100940  40.497123 -124.211377    22.419      -52.4        5.0       19.5     59.2     44.7     44.9 2021  8 19 15 50 35.180  0.00  28
   100942  40.497103 -124.211930    22.437      -99.3        2.7       36.8     70.4     38.2     47.2 2021  8 19 18  1 55.100  0.00  28
   100955  40.497099 -124.211646    22.424      -75.2        2.3       24.4     62.7     32.4     37.8 2021 11  1  1 35 30.020  0.00  28
   100956  40.497119 -124.211825    22.439      -90.4        4.5       39.1     62.8     44.5     50.3 2021 11  2  1  5 32.520  0.00  28
   100957  40.497111 -124.211523    22.422      -64.8        3.6       22.2     57.0     34.3     38.2 2021 11 12 15 38 24.340  0.00  28
   100961  40.497542 -124.211849    22.482      -92.4       51.5       82.0     65.1     63.8     84.9 2021 12  5  5 41  5.840  0.00  28
   100967  40.497026 -124.209172    22.342      134.5       -5.9      -58.3     96.1     61.0     65.2 2021 12 21  7 59  2.500  0.00  28
   100968  40.496663 -124.214974    22.346     -357.4      -46.1      -54.0     83.8     49.4     71.5 2021 12 21  3 18 42.500  0.00  28
   100979  40.497091 -124.211873    22.431      -94.5        1.4       30.7     72.1     32.0     39.4 2022  1 27 16 48 44.920  0.00  28
   100982  40.497083 -124.210465    22.392       24.8        0.5       -8.4     68.8     37.5     41.1 2022  2 13 16 48 50.860  0.00  28
   100990  40.497148 -124.211963    22.439     -102.1        7.7       38.5     73.4     33.5     41.7 2022  4  4 21 16 28.200  0.00  28
   100995  40.497107 -124.210701    22.400        4.8        3.2       -0.0     60.2     37.9     37.8 2022  4  7  3 42  3.140  0.00  28
   100997  40.497087 -124.211922    22.425      -98.7        0.9       25.1     71.3     36.1     45.9 2022  4 12 17  5 36.820  0.00  28
   100998  40.497135 -124.212052    22.446     -109.7        6.3       45.5     75.4     38.4     45.8 2022  4 12 13 19  3.300  0.00  28
   100999  40.497245 -124.210734    22.414        2.1       18.5       14.0     67.5     34.5     58.6 2022  4 15  2 58 16.600  0.00  28
   101004  40.497078 -124.210742    22.396        1.4        0.0       -3.6     97.4     52.9     72.2 2022  6 25  4 35 37.880  0.00  28
   101008  40.497119 -124.211646    22.430      -75.2        4.5       30.2     56.3     40.3     44.8 2022  7 24  3 57  6.420  0.00  28
   101009  40.497066 -124.210067    22.382       58.6       -1.4      -18.1     84.3     40.6     48.5 2022  8  8  6 18 14.540  0.00  28
   101011  40.497119 -124.211808    22.438      -89.0        4.5       37.7     63.1     43.5     50.0 2022  8 29  3  7 12.160  0.00  28
   101015  40.497131 -124.211702    22.433      -80.0        5.9       32.5     67.1     32.3     40.4 2022  9 12  6 56  5.880  0.00  28
   101016  40.496871 -124.209505    22.331      106.2      -23.0      -69.1    103.9     67.2     64.5 2022  9 14  8  0 43.760  0.00  28
   101020  40.497323 -124.211776    22.454      -86.2       27.1       54.5     65.3     42.0     56.0 2022 11 27  4 55 37.960  0.00  28
   110292  40.497099 -124.210010    22.387       63.5        2.3      -13.2     52.1     30.8     37.1 2023  3 16 13 57 14.250  1.04  28
