   107012  40.449398 -124.509920    19.898       18.6       -3.6      -42.2      5.1      6.0      7.8 2020  3 13 20 49 46.760  0.00  20
   107018  40.449646 -124.510335    19.968      -16.6       23.9       28.0      5.1      5.9      7.1 2020  3 16 15  0 15.800  0.00  20
   107019  40.449524 -124.510262    19.976      -10.4       10.4       36.0      6.1      5.2      7.8 2020  3 19  5 28 35.140  0.00  20
   107025  40.449255 -124.509945    19.890       16.6      -19.4      -49.8      4.7      5.6      8.1 2020  4 13 16 19 31.580  0.00  20
   107026  40.449296 -124.509855    19.876       24.2      -14.9      -63.9      5.8      5.7      8.8 2020  4 13 15 50 34.720  0.00  20
   107027  40.449207 -124.509896    19.882       20.7      -24.9      -58.2      5.1      6.0      8.5 2020  4 13 19 50 27.360  0.00  20
   107028  40.449646 -124.510636    20.020      -42.1       23.9       79.6      7.7      6.5     11.9 2020  4 14 17  8 38.280  0.00  20
   107033  40.449137 -124.509823    19.865       26.9      -32.5      -75.1      5.7      6.8      9.6 2020  4 18  4 37 30.240  0.00  20
   107036  40.449198 -124.509888    19.879       21.4      -25.8      -61.4      4.8      5.7      9.1 2020  4 20  0 18 25.620  0.00  20
   107039  40.449162 -124.509855    19.842       24.2      -29.8      -97.6      6.0      7.0     11.8 2020  4 22  4  6 12.460  0.00  20
   107041  40.449972 -124.510653    20.001      -43.5       60.1       61.2      7.4      8.6     10.7 2020  4 23 14 12 34.780  0.00  20
   107046  40.449101 -124.509782    19.840       30.4      -36.6     -100.0      5.9      7.0     12.1 2020  5 11  2 24 50.380  0.00  20
   107047  40.449084 -124.509766    19.834       31.8      -38.4     -105.9      6.0      7.2     12.5 2020  5 15  1  9 24.220  0.00  20
   107049  40.448991 -124.509806    19.842       28.3      -48.8      -98.1      7.2      7.7     10.7 2020  5 22  8 30  7.360  0.00  20
   107074  40.449434 -124.510124    19.947        1.4        0.5        6.6      3.0      3.7      5.2 2020  6 26 21 11 31.440  0.00  20
   107076  40.449447 -124.510140    19.950        0.0        1.8        9.7      3.0      3.9      5.6 2020  6 26 21 41 55.120  0.00  20
   107085  40.449406 -124.510099    19.940        3.5       -2.7        0.2      2.8      3.5      5.0 2020  7  3 12 39 44.800  0.00  20
   107090  40.449426 -124.510116    19.944        2.1       -0.5        4.4      2.6      3.2      4.5 2020  7  5  5 27 39.000  0.00  20
   107091  40.449434 -124.510124    19.946        1.4        0.5        6.4      3.0      3.7      5.2 2020  7  5 22 14 38.140  0.00  20
   107097  40.449410 -124.510107    19.942        2.8       -2.3        2.4      3.0      3.4      5.0 2020  7 13 15 22 48.300  0.00  20
   107104  40.449426 -124.510124    19.944        1.4       -0.5        4.4      3.1      3.6      4.6 2020  7 24 15 25  2.280  0.00  20
   107107  40.449463 -124.510148    19.952       -0.7        3.6       12.1      3.2      4.0      5.5 2020  7 26 17 32 18.560  0.00  20
   107108  40.449414 -124.510091    19.940        4.1       -1.8       -0.2      2.8      3.7      4.9 2020  7 29 23 21 13.380  0.00  20
   107109  40.449430 -124.510107    19.941        2.8        0.0        0.9      2.6      3.4      4.8 2020  7 30  0 33 38.560  0.00  20
   107110  40.449422 -124.510116    19.944        2.1       -0.9        4.0      2.9      3.6      5.1 2020  7 31 15 58 31.680  0.00  20
   107112  40.449418 -124.510107    19.943        2.8       -1.4        2.5      2.8      3.7      5.2 2020  8 21  3 38  0.900  0.00  20
   107113  40.449304 -124.510164    19.959       -2.1      -14.0       18.5      3.4      6.7      6.1 2020  8 22  8 28 36.020  0.00  20
   107117  40.449443 -124.510083    19.936        4.8        1.4       -4.0      2.6      4.2      4.6 2020  9  5 22 11 56.180  0.00  20
   107122  40.449410 -124.510124    19.945        1.4       -2.3        5.2      2.6      2.6      4.3 2020 10 21 11 51 21.820  0.00  20
   107125  40.449377 -124.510075    19.935        5.5       -5.9       -5.5      2.7      3.6      4.7 2020 12 11 12 11 46.140  0.00  20
   107129  40.449398 -124.510099    19.939        3.5       -3.6       -0.7      2.8      3.4      4.9 2020 12 29  1 47 27.420  0.00  20
   107140  40.449373 -124.510107    19.941        2.8       -6.3        1.5      2.7      3.6      4.1 2021  6  8  0 28 30.380  0.00  20
   107142  40.449418 -124.510116    19.943        2.1       -1.4        2.5      2.9      3.7      4.6 2021  6  9 13 25 38.980  0.00  20
   107144  40.449430 -124.510124    19.945        1.4        0.0        4.7      2.9      3.7      4.7 2021  6 10 12 39 30.160  0.00  20
   107146  40.449556 -124.510262    19.966      -10.4       14.0       26.3      4.4      5.0      6.8 2021  6 15  3  3 59.900  0.00  20
   107147  40.449414 -124.510116    19.943        2.1       -1.8        3.3      2.9      3.6      4.6 2021  6 22 21 20 11.860  0.00  20
   107148  40.449426 -124.510116    19.945        2.1       -0.5        4.5      2.8      3.4      4.4 2021  6 23 21 32 51.880  0.00  20
   107150  40.449406 -124.510116    19.942        2.1       -2.7        2.5      2.7      3.0      4.1 2021  6 26  5  4 28.020  0.00  20
   107153  40.449406 -124.510116    19.941        2.1       -2.7        1.2      2.8      3.4      4.4 2021  8 22  8 46 23.040  0.00  20
   107155  40.449406 -124.510124    19.942        1.4       -2.7        2.3      2.8      3.4      4.4 2021  8 30  9 39 56.700  0.00  20
   107156  40.449382 -124.510124    19.943        1.4       -5.4        2.8      2.7      3.4      4.1 2021  8 30  7 17 22.420  0.00  20
   107158  40.449353 -124.510156    19.952       -1.4       -8.6       11.5      3.0      5.4      4.9 2021  9  3  9 32  4.260  0.00  20
   107160  40.449369 -124.510091    19.940        4.1       -6.8       -0.1      2.6      3.3      4.2 2021  9 13  8  1 39.740  0.00  20
   107162  40.449414 -124.510116    19.943        2.1       -1.8        3.1      2.9      3.6      4.6 2021  9 14 18 20 35.760  0.00  20
   107165  40.449426 -124.510116    19.945        2.1       -0.5        5.5      3.0      3.8      4.7 2021  9 14 23 19 12.780  0.00  20
   107168  40.449418 -124.510116    19.943        2.1       -1.4        3.3      2.9      3.6      4.6 2021  9 22 20 32 26.380  0.00  20
   107170  40.449426 -124.510124    19.945        1.4       -0.5        5.2      3.1      3.6      4.7 2021 10  8  8  3 23.660  0.00  20
   107171  40.449414 -124.510107    19.943        2.8       -1.8        3.1      2.9      3.5      4.7 2021 11 14 20 50 55.920  0.00  20
   107178  40.449369 -124.510067    19.931        6.2       -6.8       -8.9      3.0      3.4      4.7 2022 11 27 18 31 58.100  0.00  20
   110425  40.449418 -124.510107    19.948        2.8       -1.4        7.7      2.8      3.2      4.9 2023  4 20 17 48 59.220  0.86  20
