   109195  40.311190 -124.360718    31.917       70.6      -17.6      -63.2      9.7     11.2      9.0 2021  7 18  7  5 50.060  0.00   6
   109199  40.311670 -124.359896    31.934      140.4       35.7      -46.5     10.8     14.9     10.3 2021  7 19  4 10  9.600  0.00   6
   109204  40.307251 -124.359049    31.807      212.4     -455.0     -173.2     10.7     14.0      8.3 2021  7 22 10 36 45.760  0.00   6
   109205  40.309505 -124.362199    31.885      -55.3     -204.7      -95.5      9.5     14.5     10.1 2021  7 23 20  9 55.580  0.00   6
   109207  40.313033 -124.361890    31.955      -29.1      187.1      -25.0     14.2     17.1     12.6 2021  7 24  1 50  3.500  0.00   6
   109208  40.309269 -124.361141    31.889       34.6     -230.9      -91.0     13.4     11.2     13.2 2021  7 24  8 41 49.560  0.00   6
   109209  40.310030 -124.362492    31.866      -80.2     -146.4     -114.0     12.0     12.3     11.1 2021  7 24  8 38 42.000  0.00   6
   109210  40.308455 -124.362240    31.912      -58.8     -321.2      -68.2     10.3     12.9      9.5 2021  7 24 19  2  5.180  0.00   6
   109212  40.309961 -124.362573    31.860      -87.2     -154.1     -120.1     11.9     11.8     11.4 2021  7 25 23 20 57.380  0.00   6
   109213  40.308390 -124.362362    31.899      -69.2     -328.5      -81.2     10.0     14.1      9.7 2021  7 25 20  5 30.660  0.00   6
   109214  40.313123 -124.360571    31.963       83.0      197.0      -16.8      7.9     14.4      7.9 2021  7 25 18 49 10.460  0.00   6
   109215  40.309249 -124.362191    31.876      -54.7     -233.1     -104.1     11.6     15.1     10.7 2021  7 25 23 43 27.000  0.00   6
   109216  40.308252 -124.361572    31.916       -2.1     -343.8      -63.5     10.0     14.1      9.6 2021  7 25 21 37 43.460  0.00   6
   109217  40.309363 -124.358765    31.965      236.6     -220.5      -15.0     13.0     16.3     12.2 2021  7 25  7 24 13.180  0.00   6
   109219  40.315165 -124.361141    31.973       34.6      423.8       -7.0      9.4     16.6      9.7 2021  7 26  6 50 22.360  0.00   6
   109220  40.312557 -124.360848    31.966       59.5      134.2      -13.7      8.9     13.1      8.8 2021  7 26 19 27 24.380  0.00   6
   109222  40.307947 -124.361784    31.904      -20.1     -377.7      -75.8      9.4     14.1      9.8 2021  7 26 23 34 14.520  0.00   6
   109223  40.310575 -124.362484    31.873      -79.6      -85.8     -107.4     11.3     15.0     10.8 2021  7 26  5 35 10.060  0.00   6
   109225  40.308272 -124.362435    31.890      -75.4     -341.6      -90.1     11.0     12.2     10.5 2021  7 27 10 37 25.060  0.00   6
   109226  40.309391 -124.362077    31.884      -45.0     -217.3      -96.5     11.2     15.6     10.3 2021  7 28 19 32 15.660  0.00   6
   109227  40.310071 -124.362052    31.873      -42.9     -141.9     -106.9     12.1     16.7     10.7 2021  7 28  2 37 56.380  0.00   6
   109228  40.310238 -124.361792    31.896      -20.8     -123.3      -84.4     10.3     15.3      9.8 2021  7 28  5 27 46.940  0.00   6
   109229  40.307825 -124.360075    32.006      125.2     -391.3       26.1     16.1     14.1     12.6 2021  7 28  9 12 47.980  0.00   6
   109233  40.308610 -124.362313    31.913      -65.0     -304.1      -67.1     10.9     12.4      9.9 2021  7 29 18 39 28.720  0.00   6
   109235  40.309208 -124.362720    31.870      -99.6     -237.7     -109.6      9.6     15.6     10.9 2021  7 30 14 58 42.900  0.00   6
   109236  40.306820 -124.358390    31.799      268.4     -502.9     -181.0     14.4     15.0      8.5 2021  7 30  3 30 35.380  0.00   6
   109239  40.308683 -124.362329    31.887      -66.4     -295.9      -92.8     10.7     15.1     10.4 2021  7 31 13 40 23.960  0.00   6
   109240  40.308557 -124.362321    31.871      -65.7     -310.0     -109.1     10.9     14.6     11.0 2021  7 31 11 13 30.740  0.00   6
   109241  40.308809 -124.362052    31.913      -42.9     -281.9      -67.2      9.4     15.0      9.4 2021  7 31  1 51 16.840  0.00   6
   109242  40.309123 -124.362378    31.846      -70.6     -247.1     -133.9     11.8     14.8     12.2 2021  7 31  4 20 10.140  0.00   6
   109244  40.307145 -124.358919    31.792      223.4     -466.7     -187.9     10.7     12.8      7.9 2021  7 31 11  7 51.120  0.00   6
   109245  40.314872 -124.361287    31.975       22.1      391.3       -4.9      8.3     15.5      9.3 2021  8  1 16 55 20.720  0.00   6
   109248  40.307853 -124.361320    31.955       19.4     -388.1      -24.9     11.3     15.4     11.0 2021  8  1 21 26 30.980  0.00   6
   109249  40.307430 -124.361076    31.984       40.1     -435.1        4.5     12.3     14.3     11.9 2021  8  1 21 31 37.400  0.00   6
   109251  40.303536 -124.360295    32.140      106.5     -867.5      160.0     17.7     28.2     15.0 2021  8  1 16 34 12.980  0.00   6
   109252  40.313167 -124.360872    31.982       57.4      202.0        1.8      8.6     14.6      8.5 2021  8  2  7 50 25.840  0.00   6
   109253  40.308887 -124.362354    31.868      -68.5     -273.4     -112.4     11.1     11.1     11.2 2021  8  2  6 34 21.080  0.00   6
   109255  40.305884 -124.363167    31.867     -137.7     -606.8     -112.9     15.9     27.9     12.6 2021  8  2 11 41 32.420  0.00   6
   109256  40.308919 -124.362191    31.871      -54.7     -269.7     -109.0     11.6     15.6     10.7 2021  8  3  2 40 18.780  0.00   6
   109257  40.308883 -124.362207    31.872      -56.0     -273.8     -107.6     11.6     15.6     10.6 2021  8  4 21 11 43.080  0.00   6
   109258  40.308911 -124.362581    31.884      -87.9     -270.6      -95.5     12.2     12.2     11.4 2021  8  5  9 30 12.540  0.00   6
   109259  40.309619 -124.362028    31.911      -40.8     -192.0      -69.3     11.8     16.5     10.0 2021  8  6 20 58 36.520  0.00   6
   109262  40.303906 -124.359871    32.019      142.5     -826.4       39.4     22.7     23.3     19.5 2021  8  7 14  6 37.400  0.00   6
   109263  40.308952 -124.362541    31.886      -84.4     -266.1      -94.0     13.1     12.0     11.3 2021  8  9 12 31 31.560  0.00   6
   109264  40.313057 -124.360710    31.962       71.3      189.8      -18.4      8.5     13.9      9.0 2021  8 10  2  3 25.460  0.00   6
   109265  40.302242 -124.360075    32.124      125.2    -1011.2      144.4     18.6     36.2     15.7 2021  8 10 15 41 38.320  0.00   6
   109266  40.307833 -124.354663    31.477      585.3     -390.4     -503.3      9.7     11.1      8.6 2021  8 12  8  3 17.040  0.00   6
   109267  40.309070 -124.362679    31.890      -96.2     -253.0      -90.4     10.9     13.3     10.7 2021  8 13 23 40  3.920  0.00   6
   109268  40.308834 -124.355241    31.546      536.1     -279.2     -434.3     12.1     21.2     12.8 2021  8 13  4 11 20.940  0.00   6
   109269  40.301286 -124.360335    32.112      103.1    -1117.4      131.8     22.4     52.1     18.9 2021  8 13 22 41  3.240  0.00   6
   109270  40.307857 -124.361776    31.930      -19.4     -387.7      -50.2     10.3     16.6     11.1 2021  8 14  6 12 10.780  0.00   6
   109273  40.308931 -124.362378    31.906      -70.6     -268.4      -74.0     10.9     12.2     10.1 2021  8 19 23 33 20.840  0.00   6
   109274  40.308931 -124.361955    31.893      -34.6     -268.4      -87.0     12.9     15.6     11.7 2021  8 19 18 58  1.140  0.00   6
   109277  40.305591 -124.361003    32.057       46.4     -639.3       76.8     15.1     15.9     13.9 2021  8 19 11 58 38.360  0.00   6
   109278  40.309745 -124.362964    31.867     -120.4     -178.0     -112.8     11.4     15.3     11.2 2021  8 19 14  8 21.200  0.00   6
   109279  40.308809 -124.355127    31.345      545.8     -281.9     -635.0     14.4     17.7     14.8 2021  8 20 18  1 37.320  0.00   6
   109280  40.314473 -124.361296    31.978       21.4      347.0       -2.4      8.4     14.9      9.0 2021  8 22 13 44 25.420  0.00   6
   109281  40.313391 -124.360994    31.959       47.0      226.8      -20.7     11.2     13.6     10.4 2021  8 22 16 20 25.140  0.00   6
   109282  40.314433 -124.361377    31.973       14.5      342.5       -7.1      8.0     14.9      9.0 2021  8 22 13 45 21.680  0.00   6
   109284  40.307756 -124.360848    31.950       59.5     -399.0      -30.0     13.1     13.9     11.3 2021  8 23 22 44 22.940  0.00   6
   109285  40.307418 -124.360156    31.996      118.3     -436.5       16.0     16.6     17.1     14.1 2021  8 23  0  0  5.780  0.00   6
   109286  40.305990 -124.361426    31.967       10.4     -595.1      -13.0     12.6     21.1     12.5 2021  8 24  4 45 53.600  0.00   6
   109288  40.306746 -124.360376    32.008       99.6     -511.0       27.6     16.1     18.0     13.5 2021  8 24  4 47 42.220  0.00   6
   109289  40.306242 -124.360010    32.036      130.7     -567.0       55.9     18.6     18.9     15.5 2021  8 24 11  5 24.380  0.00   6
   109290  40.308394 -124.362109    31.867      -47.7     -328.0     -112.9      9.5     12.9     10.7 2021  8 25  8 42 30.260  0.00   6
   109292  40.307259 -124.362085    31.925      -45.7     -454.1      -55.1     11.2     17.7     10.3 2021  8 25 19 39 13.980  0.00   6
   109293  40.301656 -124.360107    32.114      122.5    -1076.2      133.8     15.2     20.4     13.4 2021  8 27 23 45 32.860  0.00   6
   109295  40.305619 -124.360392    32.062       98.2     -636.2       81.9     19.1     21.3     15.5 2021  8 29 21  2 20.980  0.00   6
   109296  40.307548 -124.360156    31.997      118.3     -422.0       16.7     16.8     16.8     14.4 2021  8 30 16 40 16.680  0.00   6
   109298  40.308423 -124.361963    31.855      -35.3     -324.9     -124.9     11.8     14.8     10.4 2021  8 31  1 34  0.660  0.00   6
   109304  40.309591 -124.362630    31.873      -92.0     -195.2     -106.8     12.6     16.1     10.7 2021  9  1  0 12 29.580  0.00   6
   109306  40.309070 -124.362801    31.862     -106.5     -253.0     -118.4     11.8     15.3     11.1 2021  9  2  0 39  8.880  0.00   6
   109307  40.309277 -124.362598    31.856      -89.2     -230.0     -123.7     11.2     14.6     11.2 2021  9  2  0 38 45.800  0.00   6
   109312  40.310046 -124.362850    31.853     -110.7     -144.6     -127.1     10.0     16.8     11.4 2021  9  3 10 57 31.420  0.00   6
   109313  40.305880 -124.360889    32.045       56.0     -607.3       64.9     16.3     14.9     14.2 2021  9  3 22 18 39.160  0.00   6
   109314  40.308492 -124.361654    31.909       -9.0     -317.2      -70.9      9.9     12.6     10.9 2021  9  4 14 15 57.920  0.00   6
   109315  40.308927 -124.362785    31.870     -105.2     -268.8     -110.4      7.6     15.7     10.4 2021  9  4  0 16 15.820  0.00   6
   109316  40.307137 -124.362362    31.894      -69.2     -467.6      -85.9     13.5     17.5     11.7 2021  9  4 23 44 57.640  0.00   6
   109317  40.310022 -124.363314    31.853     -150.1     -147.3     -127.4     14.6     11.6     13.1 2021  9  5 22 52 47.740  0.00   6
   109318  40.310872 -124.360636    31.943       77.5      -52.9      -37.1     11.1     10.1      9.3 2021  9  5 23 22  8.420  0.00   6
   109319  40.306209 -124.361572    31.956       -2.1     -570.7      -23.6     14.8     22.8     13.1 2021  9  5  0 35 11.340  0.00   6
   109322  40.303813 -124.361808    32.050      -22.1     -836.8       70.1     16.1     36.6     16.0 2021  9  6  5 29 11.320  0.00   6
   109326  40.313440 -124.362671    31.912      -95.5      232.2      -68.0     26.5     21.6     21.1 2021  9  9 21 58  1.820  0.00   6
   109327  40.308341 -124.362191    31.914      -54.7     -333.9      -66.2     10.5     14.6      9.3 2021  9  9 22 18 30.260  0.00   6
   109328  40.313118 -124.362492    31.645      -80.2      196.5     -334.8     15.9     11.5     16.0 2021  9 10 17  6 37.240  0.00   6
   109329  40.314620 -124.363949    31.839     -204.1      363.3     -141.2     16.5     20.2      7.5 2021  9 10 10 24 24.200  0.00   6
   109331  40.303707 -124.361418    32.013       11.1     -848.5       33.3     20.6     49.2     18.8 2021  9 13  4 48 24.520  0.00   6
   109332  40.312545 -124.362500    31.668      -80.9      132.8     -311.9     15.9     11.7     15.5 2021  9 15 19 57 59.300  0.00   6
   109335  40.310974 -124.364868    31.829     -282.2      -41.6     -151.2     15.3     14.1     15.3 2021  9 15  6 37 38.020  0.00   6
   109336  40.308712 -124.357121    31.435      376.3     -292.8     -544.9     12.4      9.4     11.6 2021  9 16  8 37  4.980  0.00   6
   109337  40.304651 -124.360710    32.008       71.3     -743.7       28.0     16.1     23.6     15.1 2021  9 17  6 36  5.720  0.00   6
   109338  40.304439 -124.362524    31.961      -83.0     -767.2      -19.4     29.8     52.9     24.8 2021  9 17 22 27 21.360  0.00   6
   109339  40.302681 -124.361442    32.048        9.0     -962.4       67.8     18.8     46.5     17.0 2021  9 17  9  1 58.700  0.00   6
   109340  40.304976 -124.361247    31.996       25.6     -707.6       15.6     15.5     25.0     14.7 2021  9 19  6  5 38.020  0.00   6
   109341  40.307275 -124.362533    31.946      -83.7     -452.3      -33.6     10.6     13.5     11.7 2021  9 19  3  8 27.520  0.00   6
   109342  40.312166 -124.362297    31.622      -63.6       90.8     -358.3     19.0     10.7     15.9 2021  9 22  0  8 23.380  0.00   6
   109343  40.308899 -124.356478    31.493      431.0     -272.0     -486.6      9.5     13.9      8.9 2021  9 22  0  2 55.800  0.00   6
   109347  40.311682 -124.360286    31.944      107.2       37.0      -36.0     11.2     14.7     10.2 2021  9 25  0 37 22.520  0.00   6
   109348  40.309721 -124.357349    31.509      357.0     -180.7     -470.9      9.3     14.5     10.7 2021  9 26  6 20 37.900  0.00   6
   109349  40.304236 -124.361458    32.020        7.6     -789.8       40.1     15.2     34.4     15.2 2021  9 27  4 44 39.340  0.00   6
   109354  40.312769 -124.360726    31.983       69.9      157.7        2.5      8.8     15.6      7.2 2021 10 25  1  3 32.840  0.00   6
   109355  40.306632 -124.360596    32.013       80.9     -523.7       33.2     17.0     15.9     14.4 2021 10 26  6  8 31.580  0.00   6
   109356  40.314331 -124.361572    31.972       -2.1      331.2       -7.8      8.2     14.8      9.6 2021 11 22  4 17 27.920  0.00   6
   109357  40.304911 -124.361141    32.017       34.6     -714.8       37.0     14.3     18.7     14.0 2021 12 23  9  2 20.220  0.00   6
   109358  40.309066 -124.357495    31.485      344.5     -253.5     -495.0      9.7     12.5     10.2 2021 12 23 18 55 52.360  0.00   6
   109359  40.308362 -124.356860    31.476      398.5     -331.6     -504.3      7.4     13.2      8.0 2021 12 23  8 27 56.380  0.00   6
   109360  40.310311 -124.356453    31.558      433.1     -115.2     -421.6     12.2      9.9     11.5 2021 12 23 11 24 40.520  0.00   6
   109361  40.303577 -124.361507    32.053        3.5     -863.0       72.8     14.4     35.7     14.8 2021 12 23 12 16 31.140  0.00   6
   109362  40.305448 -124.361458    32.020        7.6     -655.1       40.1     17.0     24.4     15.5 2021 12 23 13 36 42.580  0.00   6
   109363  40.304777 -124.359888    32.057      141.1     -729.7       77.3     19.8     16.1     15.7 2021 12 23 18 57 15.160  0.00   6
   109364  40.308683 -124.356193    31.538      455.2     -295.9     -442.4      8.7     12.1      8.7 2021 12 24 16 44 39.600  0.00   6
   109366  40.309009 -124.356828    31.467      401.2     -259.8     -513.4     10.8     16.3     10.8 2021 12 25  6 19  6.540  0.00   6
   109367  40.305481 -124.360457    32.061       92.7     -651.5       81.2     19.7     18.9     16.1 2021 12 25 16 20 55.220  0.00   6
   109368  40.305916 -124.362500    31.915      -80.9     -603.2      -65.3     12.9     28.9     12.3 2021 12 25  6 18  5.720  0.00   6
   109369  40.305420 -124.360921    32.008       53.3     -658.3       28.4     16.0     20.9     14.5 2021 12 25  7 27 29.140  0.00   6
   109373  40.306274 -124.362687    31.905      -96.9     -563.4      -75.0     12.3     14.9     11.7 2022  1  6  0 59 31.420  0.00   6
   109374  40.304651 -124.356771    31.781      406.1     -743.7     -199.3     14.3     11.1     12.0 2022  1 11 12  2 21.560  0.00   6
   109376  40.314262 -124.361825    31.942      -23.5      323.5      -37.7      9.4     15.9      9.8 2022  7 10  5 57 23.960  0.00   6
   109379  40.314376 -124.361865    31.931      -27.0      336.2      -48.5      9.5     15.7     10.1 2022  7 19  0 22 27.000  0.00   6
   109380  40.314941 -124.361637    31.945       -7.6      399.0      -35.0      8.6     15.8      9.5 2022  7 19 23 51 52.120  0.00   6
   109381  40.314099 -124.361214    31.965       28.4      305.4      -14.7     10.2     14.9      9.5 2022  7 25 22 53 46.120  0.00   6
   109382  40.314246 -124.361312    31.975       20.1      321.7       -5.0      8.4     16.5      8.5 2022  7 29 19 56 59.160  0.00   6
   109385  40.314132 -124.361515    31.937        2.8      309.0      -43.4      9.0     14.0     10.5 2022  8  9  4 38 31.500  0.00   6
   109386  40.314648 -124.361694    31.925      -12.5      366.4      -55.3      9.0     17.0     10.1 2022  8  9 18 41 47.920  0.00   6
   109393  40.314640 -124.361076    31.965       40.1      365.5      -14.8      8.7     16.3      9.1 2022  8 30  6  3 39.840  0.00   6
   109395  40.314233 -124.361442    31.970        9.0      320.3      -10.2      8.3     14.7      9.2 2022  9  3 12  0 10.600  0.00   6
   109396  40.314303 -124.361393    31.955       13.1      328.0      -25.4      8.2     14.4      9.9 2022  9 14  1 47 59.060  0.00   6
   109397  40.314872 -124.360840    31.981       60.2      391.3        1.3      8.5     15.4      8.8 2022  9 14  1 51 22.500  0.00   6
   109398  40.314518 -124.361035    31.974       43.6      352.0       -6.1      9.7     16.2     10.1 2022  9 28 10 10 30.060  0.00   6
   109399  40.314246 -124.361564    31.976       -1.4      321.7       -3.6      8.9     14.2     10.1 2022 10  1 11  0 21.440  0.00   6
   109403  40.322380 -124.364559    32.612     -255.9     1224.9      631.7     26.3     38.3     23.9 2022 10 10  5 11 55.860  0.00   6
   109404  40.313761 -124.361491    31.945        4.8      267.9      -34.6     12.5     17.7     11.4 2022 10 13 13 52 48.680  0.00   6
   109405  40.314709 -124.361328    31.971       18.7      373.2       -8.9      8.3     15.5      9.2 2022 10 15  1  6 50.180  0.00   6
   109406  40.315133 -124.361434    31.963        9.7      420.2      -16.9      8.1     15.8      9.2 2022 10 15  7 41 36.280  0.00   6
   109407  40.314160 -124.361174    31.967       31.8      312.2      -13.3      9.1     17.2      8.0 2022 10 20  4  3 58.380  0.00   6
   109408  40.314685 -124.361776    31.973      -19.4      370.5       -7.0      9.5     15.0     10.0 2022 10 30 12 59 54.920  0.00   6
   109411  40.313949 -124.361060    31.966       41.5      288.7      -13.7      8.2     15.0      9.5 2022 11 18  1 57 26.740  0.00   6
   109412  40.313879 -124.360986    31.968       47.7      281.0      -11.9      8.9     14.1      8.8 2022 11 19 10 54 49.280  0.00   6
   110617  40.313786 -124.361499    32.063        4.2      270.6       83.1      6.9     11.6      7.3 2022 12  2 13 23 47.570  2.13   6
