   101025  40.472319 -124.704688    26.097      -49.7     -143.7      377.0     29.4     49.3     87.1 2020  1  9  2 10 32.160  0.00  16
   101029  40.472957 -124.704679    26.136      -49.0      -72.7      416.3     32.2     36.9    100.2 2020  1 30 12  6 18.720  0.00  16
   101032  40.472249 -124.704736    26.013      -53.8     -151.4      293.2     28.0     53.7    100.8 2020  2 19  1  9 23.420  0.00  16
   101040  40.470980 -124.704484    25.479      -32.4     -292.3     -240.9     33.0     59.5    132.3 2020  3 19 10 33 49.980  0.00  16
   101042  40.470650 -124.704468    25.420      -31.1     -328.9     -300.2     33.5     65.4    130.7 2020  4  2  6 24  8.960  0.00  16
   101043  40.471708 -124.704517    25.929      -35.2     -211.5      208.7     30.8     68.2    102.6 2020  4  2 10  0 17.140  0.00  16
   101047  40.470817 -124.704053    23.930        4.1     -310.4    -1789.6     30.4     77.2    266.3 2020  4 13  9 56 35.420  0.00  16
   101054  40.471924 -124.704940    26.318      -71.1     -187.5      598.5     33.8     49.3    122.6 2020  6 21 11 58 10.560  0.00  16
   101061  40.479655 -124.702726    25.190      116.6      671.0     -529.7     48.2     83.1    207.3 2020  8 16  0 16 42.400  0.00  16
   101065  40.478263 -124.702547    24.683      131.8      516.5    -1037.2     46.2     68.8    301.4 2020  9  7 15 31 22.240  0.00  16
   101072  40.472778 -124.704712    26.260      -51.8      -92.6      539.6     32.0     37.8    113.4 2020 10  6  9 36 10.120  0.00  16
   101073  40.475899 -124.699805    23.108      364.4      253.9    -2612.2     76.0     53.4     94.5 2020 10  8 18 44  2.720  0.00  16
   101079  40.473588 -124.704159    25.499       -4.8       -2.7     -221.1     54.9     79.9    181.8 2020 10 29  3 49 47.440  0.00  16
   101083  40.478133 -124.701823    23.735      193.2      502.0    -1984.6     65.3     76.9     84.4 2020 11 30  8  6 26.060  0.00  16
   101089  40.476807 -124.703206    25.254       75.9      354.7     -465.7     37.2     58.5    152.1 2021  1 16 10  6 18.420  0.00  16
   101107  40.473275 -124.704427    25.979      -27.6      -37.5      259.5     37.9     68.6    123.4 2021  4 17 21 25 11.280  0.00  16
   101111  40.472314 -124.704631    26.258      -44.9     -144.1      538.4     33.3     58.5    101.8 2021  4 28  8  7  0.040  0.00  16
   101135  40.474801 -124.703760    25.732       29.0      131.9       11.6     25.9     41.5     80.6 2021  6 30  8 56 58.780  0.00  16
   101136  40.479533 -124.701831    25.246      192.5      657.4     -473.8     52.5     95.2    206.4 2021  6 30  8 56 43.620  0.00  16
   101140  40.472697 -124.704631    26.014      -44.9     -101.7      294.2     28.1     55.6     79.1 2021  7  4 12 13 12.060  0.00  16
   101144  40.477991 -124.702368    24.433      147.0      486.2    -1286.8     43.9     74.5    250.0 2021  7 13 21 30  4.080  0.00  16
   101147  40.475675 -124.703345    25.623       64.2      229.1      -97.0     30.0     53.5    104.4 2021  7 17  8 12 38.380  0.00  16
   101150  40.471651 -124.705062    26.451      -81.4     -217.8      731.2     38.3     61.7    134.1 2021  7 29  9  7  0.860  0.00  16
   101152  40.472062 -124.704769    26.074      -56.6     -172.2      353.5     37.0     45.1    122.9 2021  7 30 15 20 25.540  0.00  16
   101160  40.475309 -124.703581    25.671       44.2      188.4      -49.4     27.8     46.2     88.4 2021  8 22 12 36 17.700  0.00  16
   101166  40.474182 -124.704036    25.768        5.5       63.3       48.4     31.2     39.6     94.0 2021  8 29 11 49 24.320  0.00  16
   101170  40.472184 -124.704574    26.042      -40.0     -158.6      321.9     26.3     53.0     84.6 2021  9  7 12  8 27.780  0.00  16
   101171  40.472461 -124.704574    25.922      -40.0     -127.9      202.2     25.3     50.6     87.7 2021  9  7 12  6 36.340  0.00  16
   101173  40.479215 -124.700838    23.723      276.7      622.2    -1996.9     56.5     71.1     73.8 2021  9 12  8 46  7.140  0.00  16
   101179  40.472791 -124.704427    26.052      -27.6      -91.3      332.3     24.4     44.8    114.2 2021  9 19  4 12 22.100  0.00  16
   101181  40.473340 -124.704582    26.032      -40.7      -30.3      312.2     28.5     43.2     77.2 2021  9 21 10 15 40.980  0.00  16
   101183  40.476156 -124.703060    25.356       88.3      282.4     -364.5     46.6     63.0    168.8 2021  9 25 21 15 37.720  0.00  16
   101190  40.472262 -124.704631    26.009      -44.9     -150.0      289.1     27.3     60.4     79.3 2021 10  4  3 56 50.020  0.00  16
   101191  40.472310 -124.704663    25.982      -47.6     -144.6      261.8     28.0     56.5     76.8 2021 10  4  4 17 38.960  0.00  16
   101196  40.471643 -124.704818    26.085      -60.7     -218.7      365.4     29.7     61.6     94.7 2021 10 17 20 21 35.000  0.00  16
   101210  40.472477 -124.704557    25.896      -38.6     -126.1      176.1     36.1     78.0     93.4 2021 11  9 16 33 24.060  0.00  16
   101217  40.478186 -124.702743    25.433      115.2      507.9     -287.5     45.2     82.6    139.5 2021 11 22  2 33 37.140  0.00  16
   101218  40.474748 -124.703768    25.625       28.3      126.1      -95.3     28.5     46.8     85.8 2021 11 27 16 59  2.420  0.00  16
   101224  40.478040 -124.702327    24.446      150.4      491.6    -1274.4     43.4     75.4    254.8 2022  1  6 20 34 23.120  0.00  16
   101225  40.477917 -124.702913    25.489      100.8      478.0     -230.9     38.5     95.5    100.9 2022  1  6 13  0 38.860  0.00  16
   101229  40.476685 -124.703182    25.512       78.0      341.1     -207.8     39.4     97.5     87.3 2022  1 18  9 17 28.400  0.00  16
   101230  40.477067 -124.703141    25.510       81.4      383.6     -210.1     40.4     72.4    109.5 2022  1 19  9 33 28.680  0.00  16
   101234  40.477161 -124.703035    25.389       90.4      394.0     -331.4     44.4    111.9     92.3 2022  1 23  8 46  6.580  0.00  16
   101238  40.472201 -124.704647    25.960      -46.2     -156.8      240.0     28.6     61.6     77.8 2022  2  7 21 40 32.580  0.00  16
   101243  40.473584 -124.704159    25.727       -4.8       -3.2        7.4     63.4     92.9    194.2 2022  2 12 23 29 19.340  0.00  16
   101256  40.474101 -124.703695    25.506       34.5       54.2     -214.1     34.8     36.8    113.5 2022  3  3  4 20 48.040  0.00  16
   101257  40.479159 -124.702181    25.374      162.9      615.9     -345.9     45.3     88.6    154.7 2022  3  4  5 28 44.660  0.00  16
   101282  40.479041 -124.702393    25.281      144.9      602.8     -439.3     44.4     88.1    154.4 2022  5 15 23 29  2.560  0.00  16
   101302  40.474158 -124.703792    25.472       26.2       60.5     -248.4     35.4     33.3     82.1 2022  7  4 22 56 22.600  0.00  16
   101304  40.471399 -124.705127    26.120      -87.0     -245.8      400.1     35.7     67.5     79.7 2022  7  8 17  2 27.980  0.00  16
   101314  40.472070 -124.704744    26.021      -54.5     -171.2      300.7     26.3     55.4     82.1 2022  8  1  0 11 32.320  0.00  16
   101320  40.472221 -124.704785    26.317      -58.0     -154.5      597.1     32.6     53.2     98.9 2022  8 11  5 13 26.080  0.00  16
   101323  40.468323 -124.706991    26.740     -245.0     -587.4     1019.9     60.8     66.3     97.4 2022  8 17  5 39  0.840  0.00  16
   101326  40.473210 -124.704565    25.959      -39.3      -44.7      239.3     33.0     51.1     86.2 2022  8 26 22 29 24.400  0.00  16
   101327  40.473511 -124.704354    25.915      -21.4      -11.3      194.8     42.3     63.3    124.5 2022  8 26 17 35 25.260  0.00  16
   101335  40.478267 -124.702962    25.603       96.6      516.9     -116.8     30.7     75.3     94.6 2022  9 23 13  1 57.720  0.00  16
   101336  40.473474 -124.704427    25.969      -27.6      -15.4      248.6     24.8     36.4     74.8 2022  9 23 16 53 35.540  0.00  16
   101346  40.472835 -124.704704    26.096      -51.1      -86.3      375.8     28.1     52.7     79.2 2022 10  9 21 44 27.480  0.00  16
   101361  40.473193 -124.705062    26.390      -81.4      -46.5      670.1     35.9     36.6    103.4 2022 11 16  7 56 54.320  0.00  16
   101366  40.473649 -124.704338    25.819      -20.0        4.1       98.9     57.9     89.6    176.7 2022 11 30 11 22 20.400  0.00  16
   110293  40.471383 -124.704679    25.890      -49.0     -247.6      169.5     24.5     37.0     70.9 2023  3 19 12 29 14.650  1.61  16
