   100575  40.368941 -124.459806    17.761     -782.4     -650.2     -797.7     14.4     19.7     17.7 2020  1  3 15 57 51.560  0.00  30
   100576  40.367802 -124.458382    17.281     -661.4     -776.7    -1277.5     64.6    101.6     77.5 2020  1 14  1  9 31.340  0.00  30
   100577  40.368486 -124.460050    17.721     -803.1     -700.8     -837.9     19.2     26.6     21.0 2020  2 16  2 38  6.780  0.00  30
   100578  40.368030 -124.459806    17.777     -782.4     -751.4     -782.3     20.3     31.2     22.6 2020  2 28  7 47  9.140  0.00  30
   100580  40.368018 -124.459611    17.699     -765.8     -752.8     -859.7     28.6     47.6     38.0 2020  3 24 20 10 18.920  0.00  30
   100581  40.367806 -124.459261    17.630     -736.1     -776.2     -929.1     44.3     62.6     64.0 2020  5  4 10 41 42.840  0.00  30
   100582  40.367338 -124.458390    17.591     -662.1     -828.2     -967.4     46.4     73.2     56.6 2020  5 13  5 11 45.540  0.00  30
   100583  40.368294 -124.459766    17.762     -778.9     -722.0     -796.7     10.1     14.6     15.2 2020  6  9 10 47  6.140  0.00  30
   100584  40.368140 -124.459847    17.760     -785.8     -739.2     -798.7     15.5     23.8     18.3 2020  6 13  7  8 34.340  0.00  30
   100587  40.368213 -124.459945    17.764     -794.1     -731.1     -794.3     15.8     21.2     25.3 2020  8 20 18 40 55.160  0.00  30
   100588  40.368559 -124.459806    17.783     -782.4     -692.7     -775.9     18.3     35.6     18.8 2020  9 12 21 54 44.740  0.00  30
   100589  40.368510 -124.459692    17.775     -772.7     -698.1     -783.7     19.7     39.0     16.7 2020  9 12 21 37 16.080  0.00  30
   100590  40.368083 -124.459814    17.746     -783.1     -745.5     -812.8     15.4     25.7     23.1 2020 11 29 17 24 14.040  0.00  30
   100591  40.368075 -124.460002    17.785     -799.0     -746.4     -773.7     28.9     38.7     35.4 2021  4 17 10 27 49.580  0.00  30
   100592  40.368018 -124.459871    17.777     -787.9     -752.8     -781.9     17.6     24.1     21.8 2021  4 26 21 46 39.180  0.00  30
   100593  40.368095 -124.460042    17.778     -802.4     -744.2     -780.6     15.3     21.3     22.0 2021  5 11 12 13 44.620  0.00  30
   100594  40.367961 -124.459953    17.764     -794.8     -759.1     -795.2     22.5     31.4     29.2 2021  5 20  1 35 27.000  0.00  30
   100595  40.369153 -124.460596    17.691     -849.4     -626.7     -868.1     22.5     41.1     25.3 2021  6 15 11 27 24.780  0.00  30
   100596  40.368713 -124.460091    17.741     -806.6     -675.5     -817.9     19.9     37.4     21.1 2021  6 15 11 31  8.000  0.00  30
   100597  40.368229 -124.460156    17.735     -812.1     -729.3     -823.6     14.4     19.6     18.7 2021  6 15 11 58 52.480  0.00  30
   100598  40.368412 -124.460132    17.741     -810.0     -708.9     -818.3     13.4     22.1     18.9 2021  6 15 13  9 16.300  0.00  30
   100600  40.368819 -124.460197    17.722     -815.6     -663.7     -836.9     19.4     37.8     21.2 2021  8 12 11 50 12.180  0.00  30
   100602  40.369458 -124.460173    17.744     -813.5     -592.8     -814.8     25.2     37.2     32.8 2021  9 15  3 21  7.320  0.00  30
   100603  40.367537 -124.459863    17.751     -787.2     -806.1     -807.7     19.5     30.3     24.1 2021  9 24  8 15 17.120  0.00  30
   100604  40.367419 -124.458854    17.634     -701.5     -819.2     -924.3     61.1     55.9     47.5 2021 10 10 16 46 24.120  0.00  30
   100605  40.368380 -124.460343    17.696     -828.0     -712.5     -863.2     21.1     32.0     29.3 2021 10 29  1 24 55.020  0.00  30
   100606  40.368363 -124.460327    17.681     -826.6     -714.3     -877.4     17.2     27.0     23.6 2021 11  8 10 41 50.820  0.00  30
   100607  40.368632 -124.460295    17.748     -823.9     -684.5     -810.5     22.8     30.6     24.3 2021 11 15  1 46 35.440  0.00  30
   100610  40.369283 -124.457552    17.616     -590.9     -612.2     -942.9     57.3     93.9     56.2 2021 12 31 10  4 37.000  0.00  30
   100611  40.368620 -124.459448    17.761     -752.0     -685.9     -797.4     36.6     62.1     35.9 2022  3 22 11  4 35.800  0.00  30
   100612  40.369047 -124.459863    17.746     -787.2     -638.4     -812.6     19.3     39.4     19.4 2022  6  5  8 21 59.320  0.00  30
   100613  40.368323 -124.459880    17.736     -788.6     -718.9     -823.0     15.5     29.5     18.4 2022  8 17  5  6 21.800  0.00  30
   100614  40.366911 -124.460286    17.746     -823.2     -875.6     -813.0     37.4     59.1     23.4 2022  8 21  5 51  8.080  0.00  30
   100615  40.368038 -124.459977    17.771     -796.9     -750.5     -788.3     22.7     33.4     30.8 2022 10 25 21 20 54.620  0.00  30
   106864  40.405794 -124.409635    24.923     3477.6     3442.0     6363.8     77.1     99.8     58.2 2021 10  4  7 13 43.640  0.00  30
   106865  40.406881 -124.413371    25.344     3160.4     3562.7     6785.3     82.6    121.0     69.2 2021 12 21 23 35 58.700  0.00  30
   106871  40.405355 -124.409798    24.897     3463.8     3393.3     6338.1     77.0     92.3     55.5 2022 11 22 23  5 32.660  0.00  30
   109433  40.412130 -124.398804    19.907     4397.1     4145.6     1347.8     44.7     47.8     44.2 2021 12 22  1 59 55.300  0.00  30
   109434  40.412386 -124.398787    19.848     4398.5     4174.0     1288.8     40.0     47.1     42.3 2022  4 16 21  8 59.900  0.00  30
   110289  40.368774 -124.460482    17.717     -839.8     -668.7     -841.6      9.5     16.2     16.9 2023  1 26 21 33 28.920  1.26  30
   110418  40.404932 -124.420467    25.034     2558.0     3346.3     6475.5     58.9     90.7     54.8 2023  2 15 12  9 12.570  0.98  30
   110621  40.413574 -124.397209    19.962     4532.5     4306.0     1403.6     42.9     47.3     43.3 2023  2 12 15 30 31.930  3.14  30
