   107300  40.713098 -124.395500    24.462       -0.7        0.0        1.8     13.6     20.0     49.7 2020 10 29 13 32  8.460  0.00  59
   107302  40.713147 -124.395524    24.454       -2.8        5.4       -6.3     15.3     19.2     34.2 2021  2  5 18 58 22.480  0.00  59
   107304  40.713167 -124.395426    24.346        5.5        7.7     -114.5     20.7     22.1     88.4 2021  2 10 18 39  4.720  0.00  59
   107305  40.713184 -124.395467    24.399        2.1        9.5      -61.1     14.6     28.1     64.3 2021  3 27 19 44 22.840  0.00  59
   107309  40.713135 -124.395483    24.444        0.7        4.1      -15.7     13.6     14.5     50.2 2021  7  1  7 49  4.920  0.00  59
   107310  40.713127 -124.395451    24.392        3.4        3.2      -68.3     18.0     14.9     69.1 2021  7 28 13 54 34.920  0.00  59
   107312  40.713118 -124.395492    24.437        0.0        2.3      -23.4     11.3     16.2     47.5 2021  9  4  2 51 43.760  0.00  59
   107313  40.713127 -124.395516    24.475       -2.1        3.2       15.2     12.5     15.2     46.4 2021  9  4  3 54 10.000  0.00  59
   107314  40.713147 -124.395426    24.363        5.5        5.4      -97.3     18.7     20.2     77.5 2021  9  7  3 43 11.160  0.00  59
   107316  40.713094 -124.395467    24.413        2.1       -0.5      -47.4     21.7     14.5     76.7 2021 11 11  4 40 22.120  0.00  59
   107319  40.713090 -124.395524    24.493       -2.8       -0.9       32.8     13.1     22.3     47.5 2021 11 25 19  7 42.260  0.00  59
   107321  40.713155 -124.395516    24.453       -2.1        6.3       -7.0     14.1     18.1     32.3 2022  1  7  1 27 28.780  0.00  59
   107322  40.713151 -124.395451    24.390        3.4        5.9      -70.1     22.0     18.9     82.4 2022  3 25 15 49 48.380  0.00  59
   107323  40.713086 -124.395532    24.494       -3.4       -1.4       34.4     14.5     20.6     50.0 2022  5  3  0 18 12.600  0.00  59
   107326  40.713151 -124.395524    24.480       -2.8        5.9       20.5     16.5     19.2     55.2 2022  6 28  9 36 18.380  0.00  59
   107332  40.713167 -124.395492    24.428        0.0        7.7      -31.5     16.5     27.4     83.7 2022 11 14 17 38 58.600  0.00  59
   110430  40.713070 -124.395516    24.472       -2.1       -3.2       11.6     13.4     14.5     35.0 2023  4 18  9 17 19.780  1.42  59
