   109669  40.399756 -124.279476    26.854     -124.4     -104.8       -5.9    108.5     74.5     52.6 2021  6 30  4  7 16.980  0.00  49
   109670  40.400688 -124.278255    26.871      -20.7       -1.4       10.5     45.5     25.3     44.4 2021 12 20 21 33 53.800  0.00  49
   109671  40.400700 -124.277791    26.840       18.7        0.0      -20.0     39.1     52.5     42.1 2021 12 20 20 16  2.340  0.00  49
   109672  40.401038 -124.277726    26.868       24.2       37.5        7.9     53.5     60.1     40.0 2021 12 20 21  4  2.560  0.00  49
   109674  40.400940 -124.277637    26.868       31.8       26.7        7.5     59.1     52.5     39.5 2021 12 20 22  5 33.080  0.00  49
   109675  40.401017 -124.277694    26.876       26.9       35.2       16.2     61.1     55.0     41.9 2021 12 20 20 38 16.520  0.00  49
   109676  40.398995 -124.277238    26.784       65.6     -189.3      -76.4     75.4    101.2     82.5 2021 12 20 23 18 45.760  0.00  49
   109678  40.401029 -124.278369    26.868      -30.4       36.6        8.4     56.8     56.0     66.2 2021 12 20 20 28  8.320  0.00  49
   109680  40.401558 -124.277718    26.798       24.9       95.3      -61.9     89.7     67.3     43.6 2021 12 20 22 40  4.140  0.00  49
   109681  40.399959 -124.278573    26.830      -47.7      -82.2      -30.3     71.0     69.3     43.2 2021 12 20 21 16 57.840  0.00  49
   109682  40.400834 -124.277677    26.878       28.3       14.9       18.5     54.5     32.4     42.4 2021 12 21  0 35 38.260  0.00  49
   109683  40.400651 -124.278052    26.867       -3.5       -5.4        7.3     44.6     54.4     41.0 2021 12 21  1 29  1.520  0.00  49
   109684  40.399984 -124.277555    26.865       38.7      -79.5        4.9    141.7     62.9     42.6 2021 12 21 10 32 44.960  0.00  49
   109686  40.400944 -124.277726    26.850       24.2       27.1       -9.9     46.9     71.1     40.3 2021 12 21  9 35 39.700  0.00  49
   109688  40.400643 -124.277856    26.862       13.1       -6.3        2.2     43.1     33.4     46.1 2021 12 22 16 42 51.760  0.00  49
   109689  40.399304 -124.277743    26.799       22.8     -155.0      -61.2     71.3     92.7     55.0 2021 12 22 21 49  0.120  0.00  49
   109690  40.400651 -124.277938    26.868        6.2       -5.4        8.2     51.2     45.2     44.0 2021 12 23 19 18 59.440  0.00  49
   109691  40.401025 -124.279891    27.028     -159.6       36.1      167.6    111.7     58.7    122.2 2021 12 24 18 30 16.400  0.00  49
   109692  40.400647 -124.277995    26.854        1.4       -5.9       -5.9     42.2     40.5     34.7 2021 12 28 12 16  7.460  0.00  49
   109693  40.400610 -124.278320    26.864      -26.3       -9.9        4.3     50.4     40.4     39.7 2022  1  2  4  3 22.780  0.00  49
   109697  40.400248 -124.278743    26.896      -62.2      -50.2       36.5     55.9     72.3     43.0 2022  4  7 18 43 56.160  0.00  49
   110670  40.400798 -124.277962    26.864        4.1       10.8        3.7     39.7     28.8     36.2 2022 12 14  8 39 12.430  2.11  49
