   102927  40.327702 -124.625667    11.898    -5865.6     3920.9    -1527.5    409.2    953.8    829.4 2020  1  9 16 12 46.120  0.00   5
   102930  40.328756 -124.622152    10.038    -5566.8     4038.0    -3388.2    424.2    542.6    652.1 2020  7 10 11 40 51.780  0.00   5
   102931  40.329419 -124.621769    10.029    -5534.2     4111.6    -3396.7    396.6    612.8    496.6 2020 10  2  5 29 51.580  0.00   5
   102932  40.328817 -124.622054     9.898    -5558.4     4044.7    -3527.8    392.7    554.8    531.5 2020 12 29 18 56 53.340  0.00   5
   102933  40.333423 -124.621021     9.017    -5470.4     4556.2    -4409.3    294.8    580.1    510.7 2021  2 19 14 49 13.520  0.00   5
   102934  40.347725 -124.624479     8.326    -5763.8     6144.4    -5100.3    409.7   1201.2    683.6 2021  8 23 20 46 18.340  0.00   5
   102935  40.327205 -124.620410     9.549    -5418.8     3865.8    -3876.6    425.2    631.5    699.4 2021 10 19  7 54 31.220  0.00   5
   102936  40.328979 -124.621908     9.928    -5546.0     4062.8    -3497.5    396.2    592.5    552.9 2021 11  9 11 28 29.120  0.00   5
   102937  40.328381 -124.622502    10.215    -5596.5     3996.4    -3210.9    396.9    695.7    603.3 2021 11 28 21 38 37.840  0.00   5
   102939  40.328581 -124.621810     9.903    -5537.7     4018.5    -3522.9    395.9    597.0    568.3 2021 12 21 23 30 13.180  0.00   5
   102940  40.320687 -124.623763    11.447    -5704.1     3142.0    -1979.0    385.9    927.7    767.5 2021 12 23  8 43 26.880  0.00   5
   102944  40.327771 -124.621769    10.546    -5534.3     3928.6    -2879.9    400.9    630.4    767.5 2022  1 19  8 10 37.440  0.00   5
   102946  40.329663 -124.622078     9.667    -5560.5     4138.7    -3759.2    360.7    606.7    569.1 2022  4 11  4  4 28.440  0.00   5
   102948  40.323433 -124.620646     9.666    -5439.0     3447.0    -3760.3    399.1    491.4    482.7 2022  4 19  9 28 33.920  0.00   5
   102949  40.327718 -124.622233    10.642    -5573.7     3922.7    -2783.7    413.8    464.8    843.4 2022  5  2 22 28 32.800  0.00   5
   102950  40.327454 -124.622852     8.887    -5626.3     3893.4    -4538.6    379.4    478.2    642.6 2022  6 24  0 54  1.540  0.00   5
   102951  40.329924 -124.625651    10.195    -5864.2     4167.6    -3231.4    509.1    648.1    900.9 2022  7 14 16 54 29.000  0.00   5
   102952  40.330452 -124.623527    10.337    -5683.6     4226.4    -3089.1    366.3    474.2    496.2 2022  7 22 12 35 35.500  0.00   5
   102953  40.341357 -124.622843     8.527    -5625.0     5437.3    -4899.3    486.7   1498.8   1109.0 2022  9 19  8 27  9.760  0.00   5
   102955  40.321472 -124.619971     9.661    -5381.6     3229.2    -3765.4    514.5    771.8    811.9 2022 10  7  7 29 37.760  0.00   5
   102957  40.285966 -124.558366    14.165     -144.6     -713.4      739.3    489.4   1623.2    997.3 2020  1  9  0 25 18.340  0.00   5
   102958  40.298319 -124.558757    15.200     -177.8      658.3     1774.4    499.9    800.7    804.1 2020  1  9  5 40 55.020  0.00   5
   102959  40.292952 -124.557609    15.005      -80.3       62.4     1579.0    385.7    669.2    838.8 2020  1 10 16 19 54.400  0.00   5
   102961  40.296053 -124.557926    14.778     -107.3      406.6     1351.6    415.3    854.5   1098.1 2020  5 11  5 18  3.180  0.00   5
   102962  40.255192 -124.559733    13.495     -260.9    -4130.6       68.7    387.4   1698.4    984.3 2020  5 21 20 27  9.960  0.00   5
   102963  40.291976 -124.558797    14.119     -181.3      -46.1      692.8    362.5   1199.4   1250.6 2020  6 26 12 41 46.880  0.00   5
   102966  40.292932 -124.557340    15.317      -57.4       60.1     1891.3    320.0    615.8    753.6 2020  9 15 23 23  4.260  0.00   5
   102967  40.297473 -124.558569    14.263     -161.9      564.3      836.8    378.9    820.8   1298.5 2020  9 26 13 45 23.380  0.00   5
   102968  40.300175 -124.559521    12.188     -242.9      864.3    -1238.2    393.5    705.6   1673.0 2020 10  7 23 57 11.980  0.00   5
   102969  40.294393 -124.558537    14.386     -159.1      222.3      959.7    311.0    818.5    943.4 2021  3 21  4 39 28.380  0.00   5
   102970  40.294222 -124.557463    14.826      -67.8      203.3     1399.9    299.4    540.7    505.2 2021  5 26  0 52 22.700  0.00   5
   102971  40.272339 -124.558260    14.522     -135.6    -2226.6     1096.1    327.2   1071.5    778.9 2021  6  7  3 30 47.660  0.00   5
   102972  40.295544 -124.559375    12.281     -230.4      350.2    -1145.3    328.9    799.2   1276.5 2021  6 26 19 49 41.240  0.00   5
   102974  40.254932 -124.559782    13.448     -265.1    -4159.5       21.9    362.4   1702.0   1003.8 2021  8 18  7 53 43.320  0.00   5
   102976  40.289331 -124.558455    14.141     -152.2     -339.8      715.3    393.8   1198.9   1759.4 2021 10 14 12 29 46.820  0.00   5
   102977  40.253215 -124.559782    13.358     -265.1    -4350.2      -67.9    394.7   1991.5   1150.3 2021 12  9 17 52 24.880  0.00   5
   102978  40.292139 -124.557902    15.343     -105.2      -28.0     1917.2    322.3    775.2    824.6 2021 12 20 14 26 22.420  0.00   5
   102979  40.302254 -124.557137    15.441      -40.1     1095.2     2014.8    381.8    675.3    813.0 2022  1  5 13 58 42.900  0.00   5
   102981  40.287427 -124.558610    13.958     -165.4     -551.2      532.1    303.5    721.8   1093.0 2022  2 19 22 27 17.340  0.00   5
   102982  40.292863 -124.558049    15.909     -117.6       52.4     2483.2    426.0    875.6    857.2 2022  4 22 22 11  8.700  0.00   5
   102983  40.299276 -124.558561    14.888     -161.2      764.5     1461.5    358.5    761.9   1062.6 2022  5 14  6  2 12.840  0.00   5
   102984  40.291370 -124.557910    14.947     -105.9     -113.4     1520.8    374.9    346.6    777.1 2022  5 27 21 21 41.400  0.00   5
   102986  40.295512 -124.559269    12.540     -221.4      346.5     -885.8    366.0    808.8   1205.8 2022  6 10  0 40 50.580  0.00   5
   102987  40.293868 -124.557495    15.361      -70.6      164.0     1935.0    394.1    628.3    848.4 2022  6 11  1 51  4.680  0.00   5
   102988  40.297628 -124.558236    14.846     -133.5      581.5     1420.2    426.5    817.0    898.9 2022  7 24 10  6 19.260  0.00   5
   102989  40.298210 -124.557202    14.979      -45.7      646.1     1552.7    327.8    610.0    683.4 2022  8 12  8 51 14.040  0.00   5
   102990  40.276347 -124.558187    14.718     -129.4    -1781.5     1291.6    326.1   1045.6    882.5 2022  8 26  5 13 30.220  0.00   5
   105011  40.276957 -124.534937    15.838     1847.8    -1713.8     2412.0    426.5   1262.0    798.0 2021  9 14 19 33 56.900  0.00   5
   105019  40.279374 -124.535286    15.805     1818.0    -1445.4     2379.1    330.7    933.1    629.7 2021 12 17 16 25 12.180  0.00   5
   105020  40.295227 -124.531730    16.523     2120.1      314.9     3096.6    530.9   1172.8    876.2 2021 12 21  3 42 22.440  0.00   5
   105021  40.295097 -124.531860    16.488     2109.1      300.5     3061.9    539.4   1117.1    906.7 2021 12 21  3 24 24.160  0.00   5
   105023  40.283451 -124.533887    15.908     1936.9     -992.7     2481.8    481.8    745.7    814.3 2021 12 21 14 59  6.880  0.00   5
   105029  40.279834 -124.535400    15.803     1808.3    -1394.3     2376.6    341.0    929.8    626.7 2021 12 21 16 17 37.440  0.00   5
   105030  40.286336 -124.527669    18.012     2465.6     -672.3     4586.0    446.9    885.5    714.1 2021 12 21  5  0 54.580  0.00   5
   105031  40.282723 -124.537207    15.113     1654.6    -1073.5     1687.1    384.7   1054.9    666.0 2021 12 21 12 38 45.420  0.00   5
   105033  40.302726 -124.532853    16.866     2024.5     1147.6     3439.7    437.0   1174.4    672.7 2021 12 21  9 13 54.680  0.00   5
   105038  40.277413 -124.533146    16.948     2000.0    -1663.2     3522.0    503.8    865.2    807.7 2021 12 26  7 58 23.160  0.00   5
   105039  40.304207 -124.532747    17.480     2033.5     1312.1     4054.1    550.6   1528.7    768.7 2021 12 27  5 43 54.680  0.00   5
   105041  40.290409 -124.534644    16.345     1872.5     -220.0     2919.4    299.3    913.0    537.6 2022  2 11 20 35 36.260  0.00   5
   105043  40.294954 -124.531860    16.488     2109.1      284.6     3062.0    537.4   1136.4    913.9 2022  4 21  0 49 10.600  0.00   5
   105368  40.285433 -124.538599     9.492     1536.2     -772.6    -3934.4    301.3    862.8    809.6 2020  2  1  1 58 46.340  0.00   5
   105369  40.288236 -124.539372    11.300     1470.5     -461.3    -2126.4    344.5    835.6    848.6 2020  4 19 18  7 57.940  0.00   5
   105370  40.278678 -124.535409    15.763     1807.6    -1522.6     2336.7    472.6    858.3   1050.6 2020  8 14 11 27 29.760  0.00   5
   105371  40.280164 -124.536206    13.380     1739.8    -1357.7      -45.6    326.6    765.2    944.3 2020  9 12 12 44  3.120  0.00   5
   105374  40.282377 -124.539689    13.881     1443.5    -1111.9      455.4    412.8    600.7    803.3 2021  9 13 23  5 20.040  0.00   5
   105376  40.281795 -124.537231     9.963     1652.5    -1176.6    -3462.7    328.1    899.3    635.7 2021 10 28 10 57 51.840  0.00   5
   105377  40.287406 -124.539274    11.480     1478.8     -553.5    -1946.0    225.5    822.9    637.7 2021 11 15  6 11 30.560  0.00   5
   105379  40.288456 -124.539543    11.243     1455.9     -436.9    -2182.7    397.8    805.4    788.2 2022  1 31 19  7 30.320  0.00   5
   105380  40.285909 -124.538989    11.558     1503.0     -719.8    -1868.1    210.1    789.9    600.1 2022  5  7 21  0 16.060  0.00   5
   105381  40.295158 -124.534562    11.634     1879.3      307.2    -1791.7    345.0   1064.4   1493.7 2022  6  7  9 50 42.720  0.00   5
   105382  40.290861 -124.539632    10.012     1448.3     -169.9    -3413.7    346.8    722.3   1079.4 2022  6 16 11  6 32.160  0.00   5
   105383  40.284969 -124.537231    10.250     1652.5     -824.1    -3176.4    327.3    788.3   1152.8 2022  8 18 13 36  2.300  0.00   5
   106680  40.270915 -124.556901    17.649      -20.1    -2384.7     4222.9    354.3    877.2    785.8 2020  2 22 19  6 52.320  0.00   5
   106684  40.273499 -124.556755    17.649       -7.6    -2097.8     4223.2    437.6   1055.7    590.7 2020  7 11  9 46  0.560  0.00   5
   106685  40.274320 -124.557056    17.656      -33.2    -2006.6     4229.8    373.9    969.0    404.9 2020  7 24 16 55 42.900  0.00   5
   106687  40.271867 -124.556787    17.649      -10.4    -2279.0     4222.6    425.0    806.3    819.9 2020 10  2  4 24 47.100  0.00   5
   106695  40.271944 -124.557479    17.654      -69.2    -2270.4     4227.9    350.8    810.4    708.2 2021  7 16  7  9  5.340  0.00   5
   106696  40.275574 -124.557764    17.746      -93.4    -1867.4     4319.6    359.4    568.0    676.1 2021  7 18  4 33 15.200  0.00   5
   106697  40.275220 -124.557495    17.630      -70.6    -1906.7     4204.4    351.3    805.6    498.0 2021  7 27 10 19 27.640  0.00   5
   106700  40.288550 -124.557593    17.295      -78.9     -426.5     3869.2    371.2    863.7    799.5 2021  8 24 13 36 31.660  0.00   5
   106702  40.278475 -124.557471    17.554      -68.5    -1545.2     4127.6    361.9    814.6    507.1 2021 10 21 19  2  0.520  0.00   5
   106706  40.269035 -124.556779    17.541       -9.7    -2593.5     4115.5    385.5    853.4    812.9 2021 12 21  0 21 19.000  0.00   5
   106710  40.279529 -124.557520    17.627      -72.7    -1428.2     4201.3    412.5    852.0    620.8 2022  1  6 21 12 58.500  0.00   5
   106711  40.272363 -124.556958    17.660      -24.9    -2223.9     4233.8    407.5    866.1    816.4 2022  1 23 11 45  1.040  0.00   5
   106713  40.270264 -124.557837    17.725      -99.7    -2457.0     4299.4    419.2    898.9    544.0 2022  3  7 10 52 39.260  0.00   5
   106714  40.271452 -124.556877    17.682      -18.0    -2325.1     4256.3    427.3    841.0    758.3 2022  4  6 12 30 20.240  0.00   5
   106716  40.269446 -124.555729    17.945       79.6    -2547.8     4518.7    397.6    791.1    764.9 2022  6  3  4 32 25.640  0.00   5
   106718  40.283940 -124.558643    17.353     -168.2     -938.4     3926.8    476.4   1219.1   1093.5 2022  6 15 20 50 14.340  0.00   5
   106719  40.272506 -124.556510    17.931       13.1    -2208.1     4505.2    474.7    698.1    973.3 2022  8  6  0 50 42.000  0.00   5
   106720  40.277275 -124.557324    17.548      -56.1    -1678.5     4121.6    396.1    729.6    768.6 2022  8 11  6 16 43.060  0.00   5
   106721  40.289303 -124.558252    17.558     -134.9     -342.9     4131.6    447.8    945.5    883.4 2022  8 21 10 39 36.560  0.00   5
   106722  40.276469 -124.557194    17.720      -45.0    -1768.0     4294.4    347.1    844.3    539.0 2022  9 18 22 30 39.860  0.00   5
   106724  40.278735 -124.556689    18.393       -2.1    -1516.3     4966.8    385.4   1254.1    973.7 2022 11 23 23 40 19.840  0.00   5
   107850  40.299784 -124.541463    19.164     1292.5      821.0     5738.4    492.7   1238.2    759.8 2020  3 18 10 33 16.280  0.00   5
   107851  40.294442 -124.542546    19.650     1200.5      227.7     6223.7    458.4    894.5    708.8 2020  7 23  7 57 52.860  0.00   5
   107854  40.301363 -124.544922    18.632      998.4      996.3     5206.4    411.8    897.9    783.7 2021  2 23 21 22 50.460  0.00   5
   107855  40.309082 -124.543799    18.105     1093.9     1853.4     4679.0    338.3   1052.0    732.8 2021  3  1 21 39  8.000  0.00   5
   107856  40.301770 -124.547266    18.856      799.2     1041.5     5430.4    386.5   1040.5    596.0 2021  5 30 21 13 23.020  0.00   5
   107857  40.292139 -124.545622    17.657      939.0      -28.0     4230.9    397.0   1020.0    877.3 2021  8 10 16 52 12.400  0.00   5
   107858  40.300924 -124.546086    18.176      899.5      947.5     4749.6    393.8    915.4    648.3 2021 10 30 23 24 21.000  0.00   5
   107859  40.298238 -124.543970    18.655     1079.4      649.3     5229.3    393.1    972.6    811.6 2021 10 31  0  6 14.000  0.00   5
   107860  40.294149 -124.545068    18.495      986.0      195.2     5068.6    408.3   1062.0    798.4 2021 11  1  0  2 32.120  0.00   5
   107863  40.297148 -124.545467    18.037      952.1      528.2     4611.0    370.5    976.0    603.9 2021 12 11 17 33  8.300  0.00   5
   107867  40.288127 -124.546110    18.388      897.5     -473.5     4962.1    390.3   1190.6    818.1 2022  8 11  3 22 48.620  0.00   5
   107868  40.290308 -124.545182    18.564      976.4     -231.3     5138.1    354.8   1197.1    827.5 2022 10  5 10 28  0.800  0.00   5
   107869  40.304736 -124.543197    18.567     1145.1     1370.8     5140.9    493.0    974.9    954.3 2022 10 29  1 50 33.240  0.00   5
   108328  40.362520 -124.565666    13.378     -764.9     7787.2      -47.8    892.1   1668.6   1814.9 2020  4  5  1 31 54.900  0.00   5
   108329  40.332336 -124.568026     3.077     -965.7     4435.6   -10348.5    376.5    832.3    523.6 2020 12 28 14 19 23.260  0.00   5
   108330  40.340580 -124.568522     4.499    -1007.8     5351.0    -8926.6    521.7   1069.5   1071.7 2021  2  8 21 55 39.180  0.00   5
   108331  40.331270 -124.568563     3.182    -1011.4     4317.2   -10244.3    347.4    836.5    482.0 2021  5 31 14 18  8.300  0.00   5
   108334  40.334436 -124.567505     3.071     -921.4     4668.7   -10355.4    412.4    945.7    582.1 2022  1 23  9 42 53.580  0.00   5
   108336  40.332377 -124.567879     3.037     -953.2     4440.1   -10388.7    368.1    851.2    539.8 2022  8 25  9 19 46.880  0.00   5
   108337  40.340767 -124.567131     3.217     -889.5     5371.7   -10209.1    413.6    964.9    605.6 2022  8 30 16 15 52.160  0.00   5
   108338  40.346757 -124.567782     4.060     -944.8     6036.8    -9365.7    415.1   1067.2    906.4 2022  8 31 20 32 49.120  0.00   5
   108522  40.287557 -124.518953     9.503     3206.7     -536.8    -3923.0    229.5    650.5    845.6 2020  8 27  8 48 36.060  0.00   5
   108523  40.295345 -124.519271     9.129     3179.5      328.0    -4297.4    281.8    802.4    583.8 2020 11 19  0  1 55.140  0.00   5
   108524  40.293245 -124.519889     8.427     3127.0       94.9    -4998.7    255.6    595.1    644.0 2020 12 19 23 43 53.180  0.00   5
   108525  40.296167 -124.519572     8.546     3153.9      419.3    -4880.1    271.1    688.3    673.7 2020 12 22 13 56 55.800  0.00   5
   108526  40.302348 -124.519808     8.803     3133.7     1105.6    -4623.2    313.0    878.6    786.2 2020 12 22  2 31 25.280  0.00   5
   108527  40.291882 -124.519686     8.435     3144.3      -56.5    -4990.7    290.6    664.7    721.9 2021  3  6  5 49 50.980  0.00   5
   108528  40.287374 -124.519409     8.521     3167.9     -557.1    -4905.1    317.3    804.7    583.2 2021  3  7  9 29 35.160  0.00   5
   108529  40.294604 -124.519417     8.854     3167.1      245.8    -4572.0    270.9    608.2    603.7 2021  3 22 14 28 21.180  0.00   5
   108530  40.292753 -124.519352     8.792     3172.6       40.2    -4633.8    281.2    608.1    636.2 2021  3 22 16 43  7.420  0.00   5
   108531  40.291642 -124.519645     8.593     3147.8      -83.1    -4832.9    301.5    659.0    658.8 2021  3 22 15 19 46.300  0.00   5
   108532  40.279456 -124.519759     5.590     3138.4    -1436.4    -7836.4    503.9   1470.7   1275.2 2021  3 27 20 11 40.180  0.00   5
   108533  40.296541 -124.519808     8.170     3133.8      460.9    -5256.2    315.6    717.7    908.9 2021  3 28  8 38 14.200  0.00   5
   108534  40.285583 -124.519482     8.202     3161.7     -755.9    -5224.4    275.7    622.6   1375.7 2021  3 28  5 19 46.660  0.00   5
   108537  40.288590 -124.519401     3.673     3168.6     -422.0    -9753.3    402.9    871.2   4828.0 2021  5 23 16 14  8.300  0.00   5
   108542  40.295597 -124.519165     8.864     3188.5      356.0    -4562.2    286.9    620.4    626.4 2022  1  7 18 16 14.140  0.00   5
   108546  40.290633 -124.519368     7.679     3171.3     -195.2    -5747.3    343.5    870.3   1384.5 2022  8  3 22 11 41.100  0.00   5
   108547  40.297408 -124.519084     8.734     3195.4      557.1    -4692.3    287.6    654.0    613.0 2022  9 28  8 42 51.820  0.00   5
   108548  40.296847 -124.519206     8.858     3185.0      494.7    -4567.5    296.5    623.2    575.2 2022  9 28  8 39 11.060  0.00   5
   108549  40.297656 -124.518937     8.956     3207.8      584.7    -4470.0    277.9    669.2    554.0 2022 10  9  8 23  0.040  0.00   5
   108551  40.298446 -124.519132     8.923     3191.2      672.3    -4503.3    301.7    726.3    585.5 2022 10 27 19 46 36.020  0.00   5
   108552  40.297184 -124.519645     8.199     3147.6      532.2    -5227.3    351.2    644.7   1474.6 2022 11 21 18 13 32.080  0.00   5
   108553  40.297799 -124.519255     8.729     3180.8      600.5    -4697.1    269.8    632.8    678.6 2022 11 22  5 12  0.300  0.00   5
   108554  40.296244 -124.519303     8.542     3176.7      427.9    -4884.5    303.7    605.1    634.9 2022 11 22  5 12 34.720  0.00   5
   108762  40.297782 -124.552523    10.996      352.2      598.7    -2430.0    442.4    747.1    783.5 2020  6 18 16  6 43.080  0.00   5
   108763  40.289624 -124.554606     9.211      175.1     -307.2    -4215.0    315.1    786.9    651.6 2021 11 11 11 57 34.060  0.00   5
   108764  40.306812 -124.553524     9.945      267.1     1601.3    -3480.5    362.9    725.0    914.8 2022  1  9  2 48 12.520  0.00   5
   108765  40.310221 -124.555127    10.394      130.8     1979.9    -3032.1    386.7    826.8    777.1 2022  5 12  9 11 34.360  0.00   5
   108766  40.295024 -124.554224    11.380      207.6      292.3    -2045.9    443.6    788.1    635.6 2022  6  7  9 49  1.260  0.00   5
   109011  40.305481 -124.575016    15.034    -1560.2     1453.5     1608.2    501.6   1115.6   1465.4 2021  7 14 15 14  4.960  0.00   5
   109012  40.314266 -124.573861    19.099    -1461.9     2429.0     5672.7    578.7   1024.2   1007.8 2022  5 15 19 18 57.920  0.00   5
   109013  40.307471 -124.575374    16.021    -1590.6     1674.5     2594.6    546.6   1272.7    692.5 2022  6  2 22  6 51.080  0.00   5
   109014  40.313688 -124.576766    15.454    -1708.9     2364.9     2028.4    550.9    983.6   1434.9 2022  7 23 23  7 35.680  0.00   5
   110256  40.310116 -124.564665    11.820     -680.1     1968.1    -1605.8    393.1    901.2    706.7 2022  8  2 21 55 39.100  0.00   5
   110258  40.333362 -124.561279     9.672     -392.2     4549.4    -3753.8    457.0   1086.1   2079.5 2022  8  2 21 44 11.520  0.00   5
   110264  40.329061 -124.562256    11.625     -475.3     4071.8    -1801.2    302.6    737.7    577.0 2022  8  7 15 10 49.300  0.00   5
   110312  40.330192 -124.623145    10.298    -5651.1     4197.5    -3127.9    365.7    479.6    512.3 2022 12 19 12 20 31.700  1.28   5
   110313  40.299235 -124.557528    15.020      -73.3      760.0     1593.9    296.1    596.2    689.4 2023  2  9  8  8 42.800  2.99   5
   110357  40.275651 -124.534196    16.244     1910.7    -1858.8     2818.4    459.4    936.0    708.7 2023  4 23 16  9  0.470  1.48   5
   110366  40.290417 -124.538924    11.180     1508.5     -219.1    -2246.4    273.7    636.0    716.3 2023  2 15  9 40 37.830  1.30   5
   110413  40.271252 -124.557747    17.470      -92.0    -2347.2     4044.0    371.3    776.6    631.9 2023  3 25 19 24 32.400  1.25   5
   110459  40.299622 -124.545923    18.229      913.3      802.9     4802.7    393.2    901.4    597.6 2023  2 23  1 16  2.860  1.71   5
   110492  40.332153 -124.567660     2.957     -934.6     4415.2   -10468.9    403.0    822.0    539.8 2023  4 17  9 13 51.230  2.06   5
   110520  40.293835 -124.519840     6.224     3131.1      160.4    -7201.5    301.2    520.8   1780.5 2023  1 16  3 19  0.680  1.26   5
   110550  40.297221 -124.552661    11.003      340.4      536.3    -2422.6    442.9    638.4    859.1 2023  3 30 19 31 15.280  1.92   5
   110583  40.309224 -124.573804    14.814    -1457.1     1869.2     1387.9    487.7    718.3    892.6 2023  2  7 18 35 28.040  1.14   5
   110795  40.340967 -124.561442    12.869     -406.0     5393.9     -556.5    421.2    785.5   1045.5 2023  2 25 22 37 46.280  1.26   5
