   102991  40.491943 -124.499186    29.598     -948.7     1531.3      -64.9    296.7    334.4    389.6 2020  1  9 13 40 58.740  0.00  27
   102998  40.491703 -124.499235    29.604     -952.9     1504.6      -59.3    232.8    347.0    305.8 2020 10  4  6 55  1.040  0.00  27
   103000  40.491492 -124.499105    29.584     -941.8     1481.1      -78.9    336.8    379.1    441.9 2020 10  8 16 45 53.320  0.00  27
   103003  40.491777 -124.499170    29.606     -947.4     1512.8      -57.2    294.4    281.0    445.6 2020 12  7  8 22 35.820  0.00  27
   103004  40.491394 -124.499048    29.589     -937.0     1470.3      -73.4    298.0    314.0    429.4 2020 12 17 16 52 32.620  0.00  27
   103005  40.491455 -124.499129    29.604     -943.9     1477.1      -58.9    403.4    400.9    600.6 2020 12 23 12 56 52.620  0.00  27
   103006  40.491825 -124.499227    29.624     -952.2     1518.2      -39.1    212.0    322.7    295.6 2021  1 17 10 19 59.280  0.00  27
   103012  40.492033 -124.499455    29.671     -971.5     1541.2        8.0    352.4    316.7    444.5 2021  7 21 12  6 54.160  0.00  27
   103015  40.491679 -124.499300    29.634     -958.4     1501.9      -28.9    269.8    336.3    307.2 2021  8  4 20 21 42.980  0.00  27
   103016  40.491532 -124.499137    29.596     -944.6     1485.6      -67.1    406.9    464.2    570.6 2021  8  5 18 12 32.940  0.00  27
   103017  40.491532 -124.499137    29.596     -944.6     1485.6      -67.2    407.4    465.1    571.3 2021  8  5 16 53 27.500  0.00  27
   103022  40.492053 -124.499658    29.676     -988.8     1543.5       13.3    375.9    353.5    397.3 2021 11 14 22 32 35.820  0.00  27
   103023  40.491382 -124.499015    29.586     -934.3     1468.9      -77.0    325.9    347.9    473.4 2021 11 27  7 32 25.300  0.00  27
   103026  40.491488 -124.499129    29.599     -943.9     1480.7      -64.2    312.8    364.2    403.7 2021 12 21 17 14  4.720  0.00  27
   103028  40.491996 -124.499666    29.691     -989.5     1537.2       28.0    365.9    398.8    500.4 2021 12 29 22 51 33.620  0.00  27
   103029  40.491402 -124.499089    29.586     -940.5     1471.2      -76.5    317.8    305.1    399.0 2022  1 23 14 14  2.380  0.00  27
   103031  40.491951 -124.499447    29.670     -970.8     1532.2        7.5    362.8    308.0    355.1 2022  6 14 14 54 54.680  0.00  27
   103033  40.491915 -124.499357    29.658     -963.2     1528.1       -4.5    314.1    271.7    320.6 2022  9 26  8  0 17.200  0.00  27
   103034  40.491907 -124.499495    29.661     -975.0     1527.2       -1.7    311.7    381.3    468.2 2022  9 26  1 25  9.900  0.00  27
   103035  40.491825 -124.499504    29.653     -975.7     1518.2       -9.7    333.9    410.6    400.3 2022  9 26  3 48 41.620  0.00  27
   104657  40.465417 -124.477523    29.753      888.2    -1414.3       89.9    314.3    472.3    406.3 2020  3  9 10 51 18.620  0.00  27
   104658  40.465222 -124.477425    29.734      896.5    -1435.9       71.3    288.5    374.1    327.0 2020  3 18 23 16  2.080  0.00  27
   104659  40.464526 -124.476937    29.664      937.9    -1513.2        1.5    339.6    308.9    299.0 2020  3 20 11  9 12.380  0.00  27
   104660  40.464917 -124.477401    29.731      898.6    -1469.8       67.8    247.9    411.5    300.6 2020  5 10 15 44 38.280  0.00  27
   104662  40.465466 -124.477547    29.756      886.1    -1408.8       93.2    335.4    494.4    452.0 2020 12 30 23  3 58.660  0.00  27
   104663  40.465096 -124.477376    29.727      900.6    -1450.0       63.9    301.5    414.1    409.2 2020 12 31 13 12 57.180  0.00  27
   104665  40.464376 -124.477051    29.636      928.2    -1529.9      -26.9    401.3    502.0    484.7 2021  6 24 14 45  8.020  0.00  27
   104667  40.464860 -124.477116    29.692      922.7    -1476.2       28.9    244.7    300.5    292.7 2021  6 30 18 57 19.900  0.00  27
   104668  40.465438 -124.477490    29.754      891.0    -1412.0       91.2    314.8    430.6    382.5 2021  7  6 10 17  1.880  0.00  27
   104670  40.464628 -124.477222    29.677      913.7    -1501.9       14.6    465.9    459.9    428.4 2021  7 21 11 24 19.480  0.00  27
   104672  40.464478 -124.476587    29.656      967.6    -1518.6       -6.4    416.6    381.0    368.8 2021  8 17  0  6 25.200  0.00  27
   104676  40.464848 -124.477384    29.726      899.9    -1477.5       63.2    219.1    498.3    318.0 2021 10 23  3  0  5.120  0.00  27
   104677  40.464819 -124.477051    29.679      928.2    -1480.7       16.0    320.4    277.8    283.0 2021 11  3 10 40 27.040  0.00  27
   104678  40.464254 -124.477148    29.661      920.0    -1543.5       -2.1    370.6    594.7    384.3 2021 11 18  6 17 11.960  0.00  27
   104679  40.465401 -124.477450    29.749      894.4    -1416.1       86.6    340.7    414.9    393.2 2021 11 23  3 25  3.320  0.00  27
   104681  40.465015 -124.477352    29.729      902.7    -1459.0       66.6    267.2    374.7    306.3 2021 12 22  1 49  7.300  0.00  27
   104682  40.465401 -124.477466    29.748      893.0    -1416.1       84.8    278.3    353.3    312.3 2021 12 22  2  6  5.140  0.00  27
   104684  40.465393 -124.477450    29.750      894.4    -1417.0       87.1    445.7    572.4    524.3 2022  4 16  8 34 43.700  0.00  27
   104685  40.464852 -124.477344    29.723      903.4    -1477.1       60.1    252.2    501.6    347.7 2022  4 21  0 59 15.880  0.00  27
   104686  40.464612 -124.476839    29.667      946.2    -1503.7        4.2    388.1    346.8    341.2 2022  6 27 17 46 59.340  0.00  27
   104692  40.465434 -124.477466    29.753      893.0    -1412.4       89.9    371.0    422.4    412.2 2022  9 24 22 42 50.600  0.00  27
   110314  40.492025 -124.499406    29.685     -967.4     1540.3       22.4    337.0    272.8    338.5 2023  4 23 20 44 41.260  1.76  27
   110348  40.464689 -124.477205    29.715      915.1    -1495.1       52.6    267.8    404.2    304.2 2022 12 15  2 16  4.110  2.47  27
