   103149  40.403259 -124.387842    27.622      304.7     1137.3    -1263.3     12.7     19.3     11.1 2020  1 20  7 59 56.880  0.00  50
   103155  40.400960 -124.386580    27.437      411.8      882.0    -1447.9      8.8     25.4     14.9 2020  5  8 15 27 24.500  0.00  50
   103157  40.402970 -124.387093    27.595      368.2     1105.2    -1289.9     11.5     13.4     11.5 2020 10 12 20 48 16.180  0.00  50
   103162  40.402922 -124.387321    27.621      348.9     1099.8    -1263.9      5.7      7.7     11.2 2021  8  3  3 28  0.360  0.00  50
   103163  40.403328 -124.387280    27.604      352.4     1144.9    -1281.2      7.7     12.7      7.6 2021 10  2  9 49 41.900  0.00  50
   103164  40.403276 -124.387378    27.593      344.1     1139.1    -1291.7      6.6      8.7      9.6 2021 10  2  8 27 36.460  0.00  50
   103166  40.403654 -124.386955    27.599      380.0     1181.1    -1286.1      6.8     10.7      6.4 2021 10 25  1 19 40.240  0.00  50
   103167  40.403503 -124.389429    27.726      170.0     1164.4    -1159.3     16.5     30.5     20.6 2021 12 20 22  9 19.760  0.00  50
   103176  40.403792 -124.387109    27.601      366.9     1196.5    -1284.2      6.7      7.2      8.7 2022  8 19 12 11 19.800  0.00  50
   103178  40.403389 -124.387256    27.622      354.4     1151.7    -1262.9      6.4     11.1      6.3 2022 10 17  8 21 57.480  0.00  50
   103179  40.403304 -124.387248    27.604      355.1     1142.2    -1280.7      8.0     13.5      7.6 2022 10 17  8 33 17.800  0.00  50
   103180  40.403467 -124.387451    27.605      337.8     1160.3    -1279.7      6.0      7.8      8.2 2022 11 15  2 32 57.340  0.00  50
   103660  40.366479 -124.403271    31.387    -1005.5    -2946.9     2502.3     10.4     21.1     10.4 2020  3 19  2 25 29.840  0.00  50
   103662  40.381840 -124.405648    31.110    -1207.2    -1241.2     2225.4      9.4     12.0      8.2 2021  8  1  9 57 47.140  0.00  50
   103663  40.372579 -124.397974    30.895     -555.6    -2269.6     2009.8     14.0     11.4     12.0 2021  9  4 15 10 50.460  0.00  50
   103664  40.384562 -124.403044    31.010     -986.0     -938.9     2125.1     25.5     28.8     21.5 2021  9 24 22 55 12.600  0.00  50
   103665  40.384953 -124.403052    31.001     -986.7     -895.5     2116.0     25.0     28.2     21.1 2021  9 25  0 45 28.340  0.00  50
   103666  40.372668 -124.398576    30.943     -606.7    -2259.6     2057.6     10.5      8.5     13.7 2021 10  2  8 10 25.060  0.00  50
   103670  40.386589 -124.402466    31.222     -937.0     -713.9     2337.0     12.1     25.4      9.4 2021 12 21 20 41 34.660  0.00  50
   103671  40.381165 -124.401880    30.989     -887.2    -1316.2     2103.7      9.5     23.0     10.1 2022  2 12  1 43 15.200  0.00  50
   110317  40.404232 -124.386898    27.588      384.8     1245.3    -1296.9      4.0      6.4      6.4 2023  3 22 15 19 23.600  1.19  50
   110324  40.379862 -124.405729    31.209    -1214.1    -1460.8     2324.1      9.4      8.7      9.2 2022 12 22 11 49 54.180  3.63  50
