   105485  40.698901 -124.201481    17.574      -57.8      -17.6       91.5      9.1      5.4      7.9 2020  2  5  5 58 25.560  0.00  53
   105487  40.699215 -124.200391    17.412       34.4       17.2      -70.7      9.1      5.6      4.8 2020  4 15  7 17 47.580  0.00  53
   105489  40.699292 -124.200114    17.456       57.8       25.8      -26.7      7.3      4.6      9.0 2020  9  1  3 23  1.060  0.00  53
   105491  40.699910 -124.196574    17.009      357.0       94.4     -473.3     10.6      3.5      8.0 2022  6 26  6 12 19.280  0.00  53
   105492  40.699447 -124.199910    17.383       75.0       42.9      -99.7      3.8      1.9      3.2 2022  9 22  6  0 32.400  0.00  53
   105493  40.699422 -124.199919    17.401       74.3       40.2      -81.4      3.8      2.2      3.3 2022  9 22  6  2 18.960  0.00  53
   105494  40.699544 -124.199967    17.392       70.2       53.8      -90.9      3.8      2.3      4.0 2022  9 22  7 21 46.180  0.00  53
   105495  40.699719 -124.199658    17.420       96.3       73.2      -63.2      3.8      3.8      5.6 2022  9 22 15 52 11.740  0.00  53
   105496  40.699556 -124.200065    17.374       61.9       55.1     -108.3      4.4      3.2      3.7 2022  9 23  7 36 42.680  0.00  53
   105498  40.699479 -124.200065    17.397       61.9       46.5      -85.8      3.9      1.5      3.2 2022  9 25 11 10 14.460  0.00  53
   105501  40.699516 -124.200220    17.354       48.8       50.6     -128.3      3.9      2.6      4.0 2022 10 26 12 52 38.720  0.00  53
   105502  40.699483 -124.199731    17.384       90.1       47.0      -98.6      4.4      2.0      3.0 2022 10 28 19 52 59.400  0.00  53
   105503  40.699471 -124.200252    17.381       46.1       45.6     -101.3      3.8      2.4      3.7 2022 10 28 19 54 10.800  0.00  53
   108833  40.723348 -124.236190    17.064    -2990.7     2697.1     -418.6     21.0      5.7     11.1 2020  7  7 22 53  4.560  0.00  53
   108870  40.673539 -124.176278    17.801     2072.7    -2834.0      318.4     14.4      4.3      9.0 2021  3 19  7  6 30.900  0.00  53
   108873  40.674365 -124.167741    18.635     2794.4    -2742.3     1152.5     16.4      5.0     11.6 2022  9 22 18 46  5.320  0.00  53
   110375  40.699308 -124.199593    17.430      101.8       27.6      -52.5      3.9      2.3      3.1 2023  4 18 21 27 56.500  2.49  53
   110555  40.722807 -124.235400    17.706    -2924.0     2637.0      223.4     21.3      5.7     11.1 2023  5  5 10 40  9.930  1.00  53
   110562  40.672054 -124.173250    18.930     2328.7    -2999.0     1447.4     13.6      4.4     10.2 2023  2  1  1 28 26.490  1.31  53
   110714  40.704118 -124.194621    17.899      522.0      561.7      416.6      4.0      3.2      4.0 2023  1  6 12 27 19.440  3.44  53
