   102900  40.394116 -124.512362    21.042     1048.1     -257.5     1289.6    152.2    259.9    179.5 2020  1  7 21 14 24.860  0.00  68
   102901  40.396859 -124.513078    21.177      987.3       47.0     1424.1    229.6    290.5    217.9 2020  2  9 15 30  9.720  0.00  68
   102903  40.394629 -124.512712    21.128     1018.4     -200.6     1375.5    144.4    320.8    184.3 2020  4 20 21 58  8.780  0.00  68
   102904  40.394755 -124.512085    20.978     1071.6     -186.6     1224.8    164.3    216.9    246.8 2021 11 29 10 14 46.380  0.00  68
   104441  40.399788 -124.523836    18.325       73.9      372.3    -1427.4    291.9    394.7    665.8 2020  5 12 17 39 10.980  0.00  68
   104442  40.402795 -124.525659    18.455      -80.8      706.2    -1297.4    222.1    320.8    344.6 2020  5 17 18 32 25.060  0.00  68
   104451  40.401982 -124.525130    18.304      -35.9      615.8    -1448.8    190.7    261.6    349.7 2021  8  3  7  2 26.040  0.00  68
   104471  40.402319 -124.525830    19.029      -95.3      653.4     -724.0    228.2    436.9    465.2 2022  7  3 15 13  0.180  0.00  68
   109737  40.396981 -124.538143    18.324    -1140.7       60.5    -1428.8    115.8    182.5    192.1 2021 11 29 18 57 25.040  0.00  68
   109738  40.397127 -124.538322    18.307    -1155.9       76.8    -1445.4    124.4    194.7    190.1 2022  9 22  8 38  4.380  0.00  68
   110310  40.393901 -124.511865    20.985     1090.3     -281.5     1232.3    110.2    193.7    123.6 2022 12 24  5 13  7.020  2.60  68
   110339  40.401534 -124.524479    18.185       19.3      566.1    -1567.5    172.8    276.2    323.1 2023  1 30 19 45 47.760  1.21  68
   110684  40.397925 -124.538721    18.301    -1189.7      165.4    -1451.5    114.2    180.4    182.5 2023  3 16 11 19 56.420  1.21  68
