   106108  40.495789 -123.975496    20.739       33.8     -752.8     -152.0     41.6     35.7     33.8 2020  8  9  5 42 39.180  0.00  60
   106111  40.496016 -123.975334    20.759       47.6     -727.5     -131.7     48.1     41.1     35.2 2020 11 30  1 29 11.000  0.00  60
   106114  40.495553 -123.975830    20.732        5.5     -779.0     -159.6     48.8     34.7     58.2 2021  7 10  6 45  4.760  0.00  60
   106118  40.496252 -123.975537    20.772       30.4     -701.3     -119.6     57.8     54.4     55.0 2022  4 18 15 56 36.880  0.00  60
   106120  40.495707 -123.976099    20.725      -17.2     -761.8     -166.0     43.6     53.1     30.8 2022  9  7 20 48 18.260  0.00  60
   106122  40.494368 -123.977995    20.657     -178.0     -910.5     -234.4     77.0     70.1     70.7 2022 11 18  1 46 11.180  0.00  60
   108843  40.507222 -123.976188    20.975      -24.8      516.9       84.2     53.8     46.6     50.0 2020  6 30 18 24 45.540  0.00  60
   108845  40.507865 -123.975195    21.071       59.3      588.3      179.5     49.4     46.7     49.5 2021  6 25 11 47  3.720  0.00  60
   108846  40.507658 -123.975505    21.042       33.1      565.3      151.2     44.1     50.0     48.3 2021  6 29 14 49 28.900  0.00  60
   108847  40.507739 -123.975391    21.043       42.8      574.3      151.5     42.4     45.9     53.4 2021  7 12  8  6 52.460  0.00  60
   108848  40.507768 -123.975374    21.049       44.1      577.5      158.1     44.8     44.3     52.3 2021  7 31 15 40 27.060  0.00  60
   108850  40.508321 -123.974618    21.155      108.3      638.9      264.0     78.4     59.5     70.7 2022  1  7 22 34 42.920  0.00  60
   108851  40.507446 -123.976253    21.073      -30.4      541.8      182.0     70.8     39.2     92.2 2022  1 21 15 52 59.180  0.00  60
   108854  40.506055 -123.979028    20.925     -265.6      387.2       33.7    127.4     75.8     85.1 2022  7 26  5 20 28.200  0.00  60
   108855  40.507129 -123.976408    20.984      -43.5      506.5       92.5     55.1     50.4     52.7 2022 11 19 11 57  9.280  0.00  60
   110393  40.495903 -123.975252    20.749       54.5     -740.1     -142.1     44.1     29.3     34.0 2023  1  5 23 38  8.240  1.45  60
   110557  40.507113 -123.976335    20.967      -37.2      504.7       75.7     44.7     39.1     46.2 2023  1  2 17 21 40.040  1.10  60
