   103964  40.354541 -124.452466    27.993       27.0     -205.6       32.7    120.3    308.1    152.4 2020  1 17 21 16  0.740  0.00  63
   103965  40.361141 -124.451408    27.871      116.8      527.3      -88.7    128.9    292.3    174.7 2020  2  4  9 57 27.160  0.00  63
   103967  40.358911 -124.451676    27.887       94.0      279.7      -73.1    110.8    259.5    136.3 2020  2 29 12 17 59.180  0.00  63
   103968  40.356405 -124.452751    27.948        2.8        1.4      -11.7     85.7    127.7     91.5 2020  3 10 15 52 55.420  0.00  63
   103969  40.360514 -124.451554    27.901      104.4      457.7      -58.6    118.5    339.8    141.2 2020  3 18 23  4 33.160  0.00  63
   103972  40.356628 -124.452840    27.967       -4.8       26.2        6.6     89.1    127.9     91.2 2020  3 18 22 23 27.000  0.00  63
   103973  40.356258 -124.452702    27.928        6.9      -14.9      -31.5     73.8     93.9     96.7 2020  3 19  2 51 21.320  0.00  63
   103974  40.356352 -124.452743    27.931        3.5       -4.5      -28.8     72.5     94.5    109.1 2020  3 19  1  6 52.920  0.00  63
   103975  40.355904 -124.452816    27.944       -2.8      -54.2      -15.6     86.8    170.6     99.8 2020  3 19 10  3  1.860  0.00  63
   103977  40.354883 -124.451823    27.870       81.6     -167.6      -90.3    108.4    169.8    113.1 2020  3 19  1 20 46.660  0.00  63
   103978  40.356547 -124.452767    27.949        1.4       17.2      -11.3     92.5    134.8     98.4 2020  3 19  0  7 36.380  0.00  63
   103979  40.355644 -124.452791    27.927       -0.7      -83.1      -32.5     83.9    208.1     99.9 2020  3 20  6 22  4.300  0.00  63
   103980  40.356266 -124.452702    27.927        6.9      -14.0      -32.9     77.7    103.3    103.7 2020  3 22 20 48 12.080  0.00  63
   103988  40.356075 -124.452132    27.897       55.3      -35.2      -62.6     82.4    160.5     89.9 2022  3 28 20 25 16.460  0.00  63
   103989  40.356478 -124.452808    27.958       -2.1        9.5       -2.4    116.1    176.9    115.4 2022  5 29 17 14 40.200  0.00  63
   110331  40.356335 -124.453174    27.990      -33.2       -6.3       30.5     67.6    107.4     77.9 2023  2 13 12  0 43.360  1.05  63
