   108581  40.630566 -124.459741     6.815      122.6      -36.6      205.2     48.1     50.6     59.4 2020  5 13 20  3  4.300  0.00  69
   108582  40.630542 -124.460465     6.828       61.3      -39.3      217.5     32.8     43.6     58.5 2020  5 13 18 31 14.120  0.00  69
   108583  40.630656 -124.460449     6.848       62.7      -26.7      238.0     37.3     45.1     60.9 2020  5 14 18 38 58.560  0.00  69
   108584  40.631209 -124.459017     6.922      183.8       34.8      312.2     49.2     85.2     76.7 2020  5 20 16 51 14.680  0.00  69
   108589  40.630957 -124.461312     6.586      -10.3        6.8      -23.7     23.5     25.9     37.0 2021  3 31 17 40 58.500  0.00  69
   108590  40.630961 -124.461043     6.538       12.4        7.2      -71.8     27.8     26.4     66.2 2021  4  1  6 16 55.760  0.00  69
   108592  40.630819 -124.461182     6.633        0.7       -8.6       22.9     30.9     22.2     35.1 2021  4  7  4 37 52.260  0.00  69
   108593  40.631063 -124.461597     6.560      -34.4       18.5      -50.3     40.5     29.2     49.8 2021  9 26 20 33 15.780  0.00  69
   108594  40.630957 -124.461344     6.589      -13.1        6.8      -21.4     28.4     22.4     37.8 2021 12 17 19 37 36.640  0.00  69
   108595  40.630945 -124.461369     6.589      -15.1        5.4      -21.4     27.1     23.8     39.4 2022  8 28 14 42 15.860  0.00  69
   108596  40.630811 -124.461100     6.637        7.6       -9.5       27.2     36.1     22.7     40.5 2022 10 24 21 45 36.600  0.00  69
   108598  40.630900 -124.461393     6.573      -17.2        0.5      -37.4     27.1     27.7     40.2 2022 11 11 16 42 55.460  0.00  69
   110528  40.630953 -124.461434     6.565      -20.7        6.3      -45.2     25.5     21.9     32.7 2023  4 29  9 23  2.130  0.95  69
