   107012  40.449430 -124.509530    19.796       51.8        0.0     -144.3    271.3    296.3    401.1 2020  3 13 20 49 46.760  0.00  20
   107018  40.450122 -124.510791    20.005      -55.2       76.8       64.6    254.0    296.8    442.2 2020  3 16 15  0 15.800  0.00  20
   107019  40.450175 -124.510929    20.186      -67.0       82.7      245.7    490.6    455.7    683.9 2020  3 19  5 28 35.140  0.00  20
   107025  40.448893 -124.509546    19.747       50.4      -59.6     -193.1    333.1    389.6    509.7 2020  4 13 16 19 31.580  0.00  20
   107026  40.449089 -124.509310    19.712       70.4      -38.0     -228.0    321.9    309.2    481.0 2020  4 13 15 50 34.720  0.00  20
   107027  40.448755 -124.509416    19.725       61.4      -75.0     -214.8    346.8    404.7    520.2 2020  4 13 19 50 27.360  0.00  20
   107028  40.449972 -124.511816    20.133     -142.2       60.1      193.3    408.1    329.9    716.2 2020  4 14 17  8 38.280  0.00  20
   107033  40.448604 -124.509245    19.674       75.9      -91.7     -266.3    351.9    411.9    580.3 2020  4 18  4 37 30.240  0.00  20
   107036  40.448946 -124.509603    19.762       45.6      -53.8     -177.8    195.2    231.5    419.5 2020  4 20  0 18 25.620  0.00  20
   107039  40.448698 -124.509342    19.593       67.7      -81.3     -347.3    349.5    409.1    674.1 2020  4 22  4  6 12.460  0.00  20
   107041  40.451168 -124.511784    20.052     -139.5      192.9      111.8    382.7    451.5    706.2 2020  4 23 14 12 34.780  0.00  20
   107046  40.448771 -124.509408    19.652       62.1      -73.2     -288.1    207.3    255.3    553.8 2020  5 11  2 24 50.380  0.00  20
   107047  40.448767 -124.509391    19.632       63.5      -73.6     -308.1    207.5    259.3    589.1 2020  5 15  1  9 24.220  0.00  20
   107049  40.448145 -124.509424    19.626       60.8     -142.8     -313.8    337.4    374.9    551.0 2020  5 22  8 30  7.360  0.00  20
   107074  40.449504 -124.510164    19.959       -2.1        8.1       18.8    161.3    200.9    278.1 2020  6 26 21 11 31.440  0.00  20
   107076  40.449524 -124.510205    19.966       -5.5       10.4       26.0    169.7    206.6    296.9 2020  6 26 21 41 55.120  0.00  20
   107085  40.449410 -124.510091    19.939        4.1       -2.3       -1.3    157.5    187.6    270.3 2020  7  3 12 39 44.800  0.00  20
   107090  40.449463 -124.510181    19.958       -3.5        3.6       18.4    150.6    139.2    256.4 2020  7  5  5 27 39.000  0.00  20
   107091  40.449479 -124.510140    19.953        0.0        5.4       12.8    157.1    190.3    269.6 2020  7  5 22 14 38.140  0.00  20
   107097  40.449414 -124.510116    19.943        2.1       -1.8        2.6    162.7    184.7    268.4 2020  7 13 15 22 48.300  0.00  20
   107104  40.449451 -124.510156    19.951       -1.4        2.3       11.4    164.6    186.7    248.3 2020  7 24 15 25  2.280  0.00  20
   107107  40.449556 -124.510229    19.971       -7.6       14.0       31.2    174.1    208.7    294.4 2020  7 26 17 32 18.560  0.00  20
   107108  40.449434 -124.510067    19.938        6.2        0.5       -2.5    152.2    193.4    261.0 2020  7 29 23 21 13.380  0.00  20
   107109  40.449516 -124.510107    19.940        2.8        9.5       -0.1    143.2    197.9    253.3 2020  7 30  0 33 38.560  0.00  20
   107110  40.449451 -124.510132    19.947        0.7        2.3        7.3    155.8    190.3    271.9 2020  7 31 15 58 31.680  0.00  20
   107112  40.449471 -124.510148    19.952       -0.7        4.5       11.6    169.8    208.9    299.6 2020  8 21  3 38  0.900  0.00  20
   107113  40.449015 -124.510327    20.003      -15.9      -46.1       63.0    190.0    344.8    461.6 2020  8 22  8 28 36.020  0.00  20
   107117  40.449540 -124.510050    19.926        7.6       12.2      -14.1    150.3    183.3    260.9 2020  9  5 22 11 56.180  0.00  20
   107122  40.449410 -124.510173    19.959       -2.8       -2.3       18.8    143.7    124.3    230.6 2020 10 21 11 51 21.820  0.00  20
   107125  40.449329 -124.510026    19.924        9.7      -11.3      -16.1    150.9    195.2    260.1 2020 12 11 12 11 46.140  0.00  20
   107129  40.449394 -124.510099    19.937        3.5       -4.1       -3.1    155.9    186.3    266.9 2020 12 29  1 47 27.420  0.00  20
   107140  40.449272 -124.510132    19.945        0.7      -17.6        4.9    144.0    211.2    222.0 2021  6  8  0 28 30.380  0.00  20
   107142  40.449430 -124.510124    19.943        1.4        0.0        3.1    157.6    194.3    245.9 2021  6  9 13 25 38.980  0.00  20
   107144  40.449475 -124.510156    19.950       -1.4        5.0        9.9    156.7    193.6    244.2 2021  6 10 12 39 30.160  0.00  20
   107146  40.449902 -124.510612    19.992      -40.0       52.4       51.6    236.6    269.3    449.7 2021  6 15  3  3 59.900  0.00  20
   107147  40.449451 -124.510140    19.952        0.0        2.3       11.6    161.8    198.6    253.0 2021  6 22 21 20 11.860  0.00  20
   107148  40.449479 -124.510156    19.954       -1.4        5.4       14.4    146.6    159.6    221.7 2021  6 23 21 32 51.880  0.00  20
   107150  40.449386 -124.510148    19.945       -0.7       -5.0        5.2    146.6    167.3    225.8 2021  6 26  5  4 28.020  0.00  20
   107153  40.449390 -124.510173    19.946       -2.8       -4.5        6.1    153.1    195.6    237.5 2021  8 22  8 46 23.040  0.00  20
   107155  40.449398 -124.510181    19.949       -3.5       -3.6        8.6    154.3    193.8    237.3 2021  8 30  9 39 56.700  0.00  20
   107156  40.449292 -124.510148    19.945       -0.7      -15.4        5.1    145.9    210.4    221.5 2021  8 30  7 17 22.420  0.00  20
   107158  40.449223 -124.510278    19.980      -11.7      -23.0       40.4    158.5    261.8    255.0 2021  9  3  9 32  4.260  0.00  20
   107160  40.449276 -124.510091    19.942        4.1      -17.2        2.3    145.1    200.2    223.4 2021  9 13  8  1 39.740  0.00  20
   107162  40.449451 -124.510140    19.951        0.0        2.3       11.1    160.8    201.7    254.7 2021  9 14 18 20 35.760  0.00  20
   107165  40.449455 -124.510140    19.955        0.0        2.7       15.3    161.1    198.4    250.0 2021  9 14 23 19 12.780  0.00  20
   107168  40.449451 -124.510140    19.952        0.0        2.3       11.8    162.1    198.5    254.5 2021  9 22 20 32 26.380  0.00  20
   107170  40.449455 -124.510156    19.954       -1.4        2.7       14.4    164.4    187.0    253.3 2021 10  8  8  3 23.660  0.00  20
   107171  40.449447 -124.510140    19.952        0.0        1.8       12.3    157.1    195.8    262.6 2021 11 14 20 50 55.920  0.00  20
   107178  40.449308 -124.510002    19.911       11.7      -13.6      -28.5    166.1    189.3    246.5 2022 11 27 18 31 58.100  0.00  20
   110425  40.449438 -124.510099    19.966        3.5        0.9       25.9    157.2    172.0    258.3 2023  4 20 17 48 59.220  0.86  20
