   108362  40.490621 -124.207015    20.690     -259.4      -78.6     -377.3      3.2      1.9      3.2 2020  7 11 17 19 52.600  0.00  43
   108363  40.490682 -124.206950    20.669     -253.9      -71.8     -398.6      5.3      5.0      3.7 2020  8 12 11 28 24.940  0.00  43
   108364  40.490605 -124.206787    20.677     -240.1      -80.4     -390.0      3.0      2.1      3.1 2020  8 12 11 23 32.820  0.00  43
   108365  40.491211 -124.205037    20.757      -91.8      -13.1     -310.1      6.6      2.6      3.7 2020  8 16 23 21 48.480  0.00  43
   108366  40.490479 -124.207780    20.722     -324.3      -94.4     -345.3      4.5      4.9      3.9 2020 10  4  9 37 29.720  0.00  43
   108367  40.491097 -124.206519    20.707     -217.3      -25.8     -360.5      2.6      1.9      2.8 2020 10  8  4 46 56.680  0.00  43
   108369  40.490788 -124.206755    20.724     -237.3      -60.1     -343.3      3.4      2.3      2.7 2021  2 19  9 54 21.040  0.00  43
   108370  40.490837 -124.207658    20.710     -313.9      -54.7     -357.2      5.6      3.6      2.3 2021  6  1 21 55 42.420  0.00  43
   108373  40.491813 -124.206291    20.640     -198.0       53.8     -427.0      5.3      4.3      4.5 2022  2  7 11 46 35.280  0.00  43
   108374  40.490902 -124.206925    20.702     -251.8      -47.4     -365.2      3.1      2.3      2.4 2022  2 12 15 44 27.500  0.00  43
   108375  40.491516 -124.206014    20.679     -174.6       20.8     -388.8      5.1      4.0      3.5 2022  4 21 17  7 41.100  0.00  43
   108376  40.491162 -124.206209    20.691     -191.1      -18.5     -376.0      2.7      2.6      3.0 2022  4 22 17 55 41.660  0.00  43
   108378  40.491056 -124.206486    20.705     -214.6      -30.3     -362.1      3.5      2.5      2.0 2022  7 27  4 35 27.980  0.00  43
   108379  40.491215 -124.207243    20.704     -278.7      -12.7     -363.3      4.9      3.3      1.6 2022  8  3  6 33 48.060  0.00  43
   108380  40.491748 -124.206437    20.704     -210.4       46.5     -363.2      4.2      3.6      2.8 2022  9  1 10 45  9.880  0.00  43
   108381  40.491130 -124.206600    20.706     -224.2      -22.1     -361.3      2.5      2.5      1.7 2022 11 26 10 34 34.000  0.00  43
   108454  40.484025 -124.236759    19.095    -2781.3     -811.1    -1972.6      4.6      2.2      2.1 2021 12 22  7 38 16.620  0.00  43
   109536  40.490047 -124.200090    22.414      327.7     -142.3     1347.0      4.1      3.8      3.8 2021  3  3 21 43  3.720  0.00  43
   109537  40.490784 -124.199406    22.438      385.7      -60.5     1370.6      4.8      4.5      4.9 2021  9 27  2 58  8.360  0.00  43
   109538  40.489213 -124.201180    22.415      235.3     -235.0     1348.0      4.1      4.5      4.1 2021 12 23 14 37 21.580  0.00  43
   109539  40.490173 -124.199943    22.447      340.1     -128.3     1379.4      3.9      3.3      3.4 2022  9 12  3 59 29.200  0.00  43
   109540  40.490165 -124.199935    22.447      340.8     -129.2     1379.5      3.9      3.3      3.3 2022 10  8  6 41 27.060  0.00  43
   109635  40.497847 -124.178337    21.219     2171.8      723.8      151.2    104.4      7.2     11.1 2021  6  4 21 21 58.240  0.00  43
   109636  40.500525 -124.187630    21.860     1383.9     1021.2      792.5      5.8      4.0      4.0 2021 12 20 21 17 32.980  0.00  43
   109637  40.495984 -124.191390    21.582     1065.2      516.9      514.6      5.2      8.2      5.4 2022  5 25  8  4 48.420  0.00  43
   110460  40.486548 -124.182365    20.361     1830.5     -530.9     -706.3      3.6      3.0      4.1 2023  3 15  6  1 38.120  0.94  43
   110498  40.491069 -124.206258    20.709     -195.3      -28.9     -358.7      2.2      1.5      1.9 2023  1 15 11 51 19.200  1.50  43
   110504  40.483940 -124.237679    19.099    -2859.2     -820.5    -1968.7      4.6      2.2      2.1 2023  2  5 13 48 53.130  1.08  43
   110642  40.489339 -124.199487    22.450      378.8     -220.9     1382.8      3.7      3.4      3.6 2023  2 27 12 40  1.270  1.39  43
   110662  40.500346 -124.190031    21.946     1180.4     1001.3      878.8      4.7      3.5      3.0 2023  5  9 11 38 20.680  1.02  43
