   106452  40.706942 -124.368734    24.043     -269.6      447.3     -924.7   1477.4   1442.8  24881.6 2021  2 24  1 13  1.120  0.00  71
   106453  40.706930 -124.368636    23.807     -261.3      446.0    -1159.9   1339.3   1708.9   2430.0 2021  6  9  4 11 41.800  0.00  71
   106454  40.706620 -124.368628    24.171     -260.7      411.6     -796.2   2668.3   2006.4  18463.5 2021  6 15  1 44 36.180  0.00  71
   106455  40.707182 -124.369010    25.815     -293.0      474.0      848.0   1990.1   1766.2   4474.7 2021  9 20  7 30 52.220  0.00  71
   106456  40.706612 -124.368652    24.342     -262.7      410.7     -625.0    650.7    921.7   3719.6 2021  9 22  9 23  9.220  0.00  71
   106457  40.706620 -124.368669    24.433     -264.1      411.6     -534.1   3925.3   2306.5  16838.5 2021  9 26 15 38 26.700  0.00  71
   106458  40.706604 -124.368644    24.319     -262.0      409.8     -648.6    840.8   1158.1   3773.1 2021 12 28  4 59 52.400  0.00  71
   106459  40.706930 -124.368823    25.032     -277.2      446.0       65.1   1814.0   1555.3   3684.7 2022  8  5  4  2 33.760  0.00  71
   106470  40.685229 -124.351375    29.063     1197.5    -1963.8     4095.8   1985.3   2592.0   2518.1 2021  6 27 14 23 24.780  0.00  71
   110401  40.706873 -124.368734    23.976     -269.6      439.7     -991.0   1603.4   1587.9   1748.3 2023  1 19  3  6 27.480  1.40  71
   110402  40.685628 -124.351424    29.073     1193.4    -1919.5     4105.9   1880.3   2016.1   2518.0 2023  2 17  9 24 34.670  1.19  71
