   103864  40.297526 -124.345605     9.286       54.0       28.0     -114.1     31.1     35.5     38.5 2020  1 15  6 50 38.220  0.00  24
   103866  40.298169 -124.346745     9.388      -42.9       99.4      -11.9     23.8     34.3     26.4 2020  1 24 22  3 41.740  0.00  24
   103867  40.297001 -124.346379     9.323      -11.8      -30.3      -77.0     21.7     31.7     26.6 2020  1 24 15 30 20.360  0.00  24
   103868  40.297668 -124.346729     9.395      -41.5       43.8       -5.3     20.0     21.7     24.5 2020  1 24 21  4  2.500  0.00  24
   103869  40.297298 -124.346151     9.281        7.6        2.7     -118.6     22.1     25.9     30.1 2020  1 24 15 55 59.700  0.00  24
   103870  40.296932 -124.346289     9.293       -4.2      -38.0     -107.1     24.9     28.4     30.9 2020  1 24 15 22 48.080  0.00  24
   103871  40.298319 -124.346834     9.389      -50.5      116.1      -10.7     25.3     37.8     27.7 2020  1 24 22 54  7.460  0.00  24
   103872  40.297046 -124.346322     9.316       -6.9      -25.3      -84.2     23.3     22.5     29.7 2020  1 24 15 25 13.420  0.00  24
   103873  40.296948 -124.346322     9.299       -6.9      -36.1     -100.5     26.3     34.7     29.0 2020  1 24 15 26 23.140  0.00  24
   103874  40.297738 -124.346688     9.402      -38.1       51.5        2.1     21.9     31.4     25.7 2020  1 24 20  3  2.500  0.00  24
   103876  40.298299 -124.346777     9.402      -45.7      113.9        1.6     24.9     35.4     26.3 2020  1 24 23 20 24.980  0.00  24
   103880  40.294967 -124.346965     9.191      -61.6     -256.2     -209.5     32.0     70.7     46.9 2020  1 25  3 13 59.340  0.00  24
   103882  40.296419 -124.346053     9.309       15.9      -94.9      -90.8     23.3     26.6     29.1 2020  1 25  3 14 28.680  0.00  24
   103883  40.297534 -124.345841     9.334       33.9       28.9      -65.6     27.7     24.8     33.1 2020  1 25  3  9  6.220  0.00  24
   103890  40.297428 -124.345793     9.311       38.1       17.2      -89.4     26.5     28.2     40.7 2020  1 27 19  4 35.860  0.00  24
   103891  40.296533 -124.346053     9.303       15.9      -82.2      -96.8     27.8     39.3     31.7 2020  1 27 17 36 12.020  0.00  24
   103892  40.297209 -124.346102     9.358       11.8       -7.2      -42.2     23.9     29.3     35.5 2020  1 27 16 23 44.480  0.00  24
   103895  40.297502 -124.345386     9.230       72.7       25.3     -170.2     32.9     33.4     40.9 2020  3 13  2 39 50.580  0.00  24
   103896  40.296920 -124.345939     9.040       25.6      -39.3     -359.7     20.0     33.1     25.9 2020  3 13  2 37 37.340  0.00  24
   103897  40.300594 -124.346183     9.278        4.8      368.7     -122.3     30.4     35.1     20.9 2020  3 13  5 10 12.960  0.00  24
   103898  40.298425 -124.346232     9.312        0.7      127.9      -88.4     22.7     40.9     29.2 2020  4  7 16 50 56.420  0.00  24
   103901  40.301685 -124.347746     9.342     -128.0      489.8      -58.4     36.4     65.5     58.4 2020  5 10  3 40 47.520  0.00  24
   103902  40.296826 -124.346403     9.485      -13.8      -49.7       85.3     27.9     43.3     38.0 2020  7 16 14 40 26.160  0.00  24
   103904  40.296724 -124.345679     8.890       47.7      -61.0     -509.8     38.4     66.7     67.8 2020 11  9  2 11  9.620  0.00  24
   103906  40.296777 -124.346012     9.363       19.4      -55.1      -36.6     31.0     37.3     41.1 2021  2  6 20 40 14.680  0.00  24
   103908  40.297424 -124.346623     9.470      -32.5       16.7       70.0     19.5     24.8     31.8 2021  3 13 11 25  2.260  0.00  24
   103909  40.296000 -124.346313     9.287       -6.2     -141.4     -113.4     22.5     41.6     33.2 2021  4  5 17 17  0.360  0.00  24
   103912  40.297791 -124.346582     9.439      -29.1       57.4       39.1     22.9     34.3     30.9 2021  4 17 12 56  1.300  0.00  24
   103913  40.297616 -124.346720     9.439      -40.8       38.0       39.0     29.5     48.4     40.6 2021  4 17 13 40 53.640  0.00  24
   103915  40.296928 -124.346712     9.443      -40.1      -38.4       43.2     25.4     27.6     32.5 2021  7 28 21 11  2.380  0.00  24
   103916  40.296936 -124.346598     9.440      -30.4      -37.5       40.1     22.0     28.0     27.4 2021  7 28 21 33 36.020  0.00  24
   103918  40.297685 -124.346623     9.377      -32.5       45.6      -23.2     22.1     25.5     25.0 2021  9  7 19 40  5.860  0.00  24
   103919  40.296541 -124.349723     9.460     -296.1      -81.3       59.6     39.0     46.1     44.1 2021 11 25 16 28 40.160  0.00  24
   103921  40.297424 -124.346533     9.386      -24.9       16.7      -13.5     20.8     38.9     19.7 2021 12 21  3 38 51.940  0.00  24
   103922  40.297559 -124.346981     9.322      -63.0       31.6      -77.7     18.1     40.1     23.9 2022  3 23 22 42 10.720  0.00  24
   103924  40.296948 -124.346517     9.334      -23.5      -36.1      -66.2     25.2     36.7     25.1 2022  5 29 21 13 23.800  0.00  24
   103926  40.297262 -124.346338     9.315       -8.3       -1.4      -84.6     27.3     36.0     25.5 2022  5 29 19 36  5.420  0.00  24
   103927  40.297530 -124.346362     9.341      -10.4       28.5      -58.8     18.3     33.4     24.5 2022  5 29 19 11 27.880  0.00  24
   103929  40.296969 -124.346118     9.344       10.4      -33.9      -56.4     24.1     32.2     30.6 2022  5 30  4 10  9.060  0.00  24
   103930  40.297416 -124.346208     9.359        2.8       15.8      -41.1     21.7     31.4     31.0 2022  5 30  1 51 30.580  0.00  24
   103932  40.297909 -124.346688     9.386      -38.1       70.5      -13.7     23.8     31.2     24.8 2022  5 30  3 12  8.820  0.00  24
   103933  40.297327 -124.346305     9.371       -5.5        5.9      -29.2     19.6     33.3     29.8 2022  5 30  9 43 48.840  0.00  24
   103934  40.297481 -124.346257     9.333       -1.4       23.0      -66.5     22.4     29.0     31.6 2022  5 30  6 35  3.560  0.00  24
   103935  40.296777 -124.346493     9.275      -21.4      -55.1     -125.1     24.5     32.4     36.2 2022  5 30  6 42 38.800  0.00  24
   103937  40.297766 -124.346191     9.343        4.2       54.7      -56.7     21.5     27.3     20.2 2022  5 30  4  6 28.560  0.00  24
   110328  40.296163 -124.346077     9.566       13.8     -123.3      166.3     17.8     23.5     22.0 2022 12 23 23 23  4.120  1.11  24
