   105485  40.699402 -124.199756    17.372       88.0       38.0     -110.9      3.6      2.0      3.6 2020  2  5  5 58 25.560  0.00  53
   105486  40.699272 -124.199382    17.390      119.7       23.5      -93.2      3.2      2.6      2.5 2020  3 17 12 51 45.720  0.00  53
   105487  40.699341 -124.200016    17.396       66.0       31.2      -86.7      3.9      2.3      2.0 2020  4 15  7 17 47.580  0.00  53
   105489  40.699532 -124.199536    17.398      106.6       52.4      -84.5      2.9      1.8      2.8 2020  9  1  3 23  1.060  0.00  53
   105491  40.699182 -124.199479    17.340      111.4       13.6     -142.4      3.5      2.1      3.8 2022  6 26  6 12 19.280  0.00  53
   105492  40.699255 -124.199479    17.404      111.4       21.7      -78.7      3.4      1.8      2.9 2022  9 22  6  0 32.400  0.00  53
   105493  40.699443 -124.199666    17.388       95.6       42.5      -94.5      2.1      1.4      1.8 2022  9 22  6  2 18.960  0.00  53
   105494  40.699520 -124.199609    17.381      100.4       51.1     -102.1      2.7      2.3      2.9 2022  9 22  7 21 46.180  0.00  53
   105495  40.699792 -124.199406    17.419      117.6       81.3      -64.2      4.3      3.0      5.9 2022  9 22 15 52 11.740  0.00  53
   105496  40.699386 -124.199870    17.395       78.4       36.1      -88.1      2.4      1.3      1.5 2022  9 23  7 36 42.680  0.00  53
   105498  40.699369 -124.199943    17.393       72.2       34.3      -90.2      3.0      1.6      1.6 2022  9 25 11 10 14.460  0.00  53
   105501  40.699410 -124.199943    17.363       72.2       38.9     -119.7      3.4      1.4      3.3 2022 10 26 12 52 38.720  0.00  53
   105502  40.699451 -124.199837    17.387       81.2       43.4      -95.6      2.2      1.2      2.2 2022 10 28 19 52 59.400  0.00  53
   105503  40.699463 -124.199837    17.364       81.2       44.7     -118.3      3.2      1.7      3.3 2022 10 28 19 54 10.800  0.00  53
   108832  40.722237 -124.237223    17.034    -3078.1     2573.8     -449.2     13.2      4.1      8.1 2020  6 27  1 38 36.220  0.00  53
   108833  40.723108 -124.234839    17.004    -2876.5     2670.5     -478.9     13.4      3.8      7.6 2020  7  7 22 53  4.560  0.00  53
   108870  40.673560 -124.182218    18.178     1570.5    -2831.8      695.0     17.3      5.3     14.9 2021  3 19  7  6 30.900  0.00  53
   108873  40.673999 -124.169482    18.360     2647.1    -2783.0      877.5     10.5      4.2     14.3 2022  9 22 18 46  5.320  0.00  53
   110375  40.699365 -124.199650    17.419       97.0       33.9      -63.7      3.5      1.5      2.8 2023  4 18 21 27 56.500  2.49  53
   110555  40.722827 -124.233757    17.643    -2785.1     2639.3      160.5     13.4      3.9      7.7 2023  5  5 10 40  9.930  1.00  53
   110562  40.672298 -124.169458    18.674     2649.2    -2971.9     1191.2     10.0      3.8     10.3 2023  2  1  1 28 26.490  1.31  53
   110714  40.704097 -124.194832    17.900      504.1      559.4      417.5      5.1      2.0      4.0 2023  1  6 12 27 19.440  3.44  53
