   108433  40.749040 -124.234334    12.340     7384.5     2043.8     2905.7   4564.5   2530.9   5159.6 2020 11 21  6 25 35.720  0.00  46
   108434  40.749040 -124.234334    12.340     7384.5     2043.8     2905.9   4365.3   2324.1   5210.5 2020 11 21  7 26  9.440  0.00  46
   108435  40.748999 -124.234302    12.343     7387.3     2039.2     2908.8   6041.6   3523.1   6908.7 2021  9 18  9  5  3.000  0.00  46
   108436  40.749056 -124.234285    12.338     7388.6     2045.6     2903.6   3716.8   1626.9   3332.4 2022  1 18 23 24  5.960  0.00  46
   108437  40.749056 -124.234294    12.338     7388.0     2045.6     2903.6   3735.4   1634.3   3354.4 2022  1 18 23 25  2.140  0.00  46
   108438  40.748840 -124.234953    12.471     7332.3     2021.6     3036.4   4942.4   1376.6   3846.7 2022  1 19 20 33 45.540  0.00  46
   108439  40.749052 -124.234212    12.340     7394.8     2045.1     2906.0   5151.5   2059.8   4249.9 2022  1 19 21 29 33.980  0.00  46
   108440  40.749052 -124.234253    12.340     7391.4     2045.1     2905.6   6112.5   2596.8   5274.9 2022  1 20  0  6 19.720  0.00  46
   108960  40.734880 -124.288306     5.856     2826.1      471.3    -3578.6   5104.5   3925.2   8495.6 2020  8 22  2 46 34.640  0.00  46
   108961  40.735177 -124.288517     5.952     2808.2      504.3    -3482.4   4962.2   4638.8   5676.5 2022  9 24 17  8 17.940  0.00  46
   110222  40.721261 -124.381991     7.178    -5088.4    -1041.1    -2256.2   2935.5   2263.3   4861.2 2022  6  5  8 26 45.400  0.00  46
   110223  40.721305 -124.382202     7.164    -5106.2    -1036.1    -2270.0   3570.3   2538.7   2801.3 2022  6  5  8 51 54.180  0.00  46
   110224  40.721187 -124.382080     7.222    -5095.9    -1049.2    -2212.5   2957.2   2100.1   4733.1 2022  6  5  8 28 25.100  0.00  46
   110227  40.721037 -124.382365     7.157    -5120.0    -1065.9    -2277.2   3118.4   1997.3   3801.9 2022  6 20  0 19 17.960  0.00  46
   110230  40.736918 -124.373519     9.815    -4372.1      697.7      380.4   2904.2   2747.1   3699.0 2022  5  5 20 40 11.140  0.00  46
   110236  40.705322 -124.373535     8.566    -4374.5    -2811.0     -868.1   2818.6   1508.4   3203.7 2022  8  7  6 28 12.440  0.00  46
   110238  40.705318 -124.373519     8.569    -4373.2    -2811.5     -865.6   2805.8   1512.5   3227.2 2022 11  2  8  1 19.400  0.00  46
   110239  40.705318 -124.373519     8.568    -4373.2    -2811.5     -865.8   2806.7   1504.4   3209.2 2022 11  3 13 46 28.020  0.00  46
   110240  40.705314 -124.373511     8.570    -4372.5    -2811.9     -864.4   2789.9   1499.7   3212.5 2022 11 16  6 47 46.300  0.00  46
   110241  40.705318 -124.373527     8.568    -4373.8    -2811.5     -866.5   2815.3   1502.8   3194.4 2022 11 30  8 33 59.080  0.00  46
   110502  40.748678 -124.234489    12.350     7371.5     2003.5     2915.6   5180.5   2629.0   4180.6 2022 12 23 17 30 27.280  1.15  46
   110573  40.736487 -124.291854     5.739     2526.4      649.8    -3694.8   3291.9   2449.7   3317.7 2023  5 22 19  5 30.020  1.30  46
   110603  40.735689 -124.480298     9.702   -13392.2      561.2      267.5   3662.1   3241.6   5380.4 2023  1  1  9 39  4.360  1.46  46
   110777  40.720813 -124.382129     7.304    -5100.1    -1090.8    -2130.5   1810.6   1880.6   2811.0 2023  3 23  6  3  8.580  1.25  46
   110779  40.736589 -124.374447     9.808    -4450.5      661.1      373.9   3197.2   2735.5   4076.5 2023  1 12 21  3 16.120  1.83  46
   110784  40.705103 -124.372428     8.669    -4281.0    -2835.4     -764.9   2721.4   1654.3   2883.6 2022 12 20  0 57 24.410  1.03  46
