   106010  40.277600 -124.562305    18.270       -2.8        0.9        0.0      0.0      0.1      0.0 2020  2 10 16 52 35.900  0.00  40
   106012  40.277600 -124.562305    18.270       -2.8        0.9       -0.0      0.0      0.1      0.1 2020  3 20  4 52 58.960  0.00  40
   106014  40.277600 -124.562305    18.270       -2.8        0.9       -0.0      0.0      0.1      0.1 2020  4  7 23 24 48.060  0.00  40
   106017  40.277600 -124.562305    18.270       -2.8        0.9        0.0      0.0      0.1      0.0 2020  7 16 18 56 25.600  0.00  40
   106019  40.277600 -124.562305    18.270       -2.8        0.9        0.0      0.0      0.0      0.1 2020  8  4 17 55 32.040  0.00  40
   106020  40.277600 -124.562305    18.270       -2.8        0.9        0.0      0.0      0.0      0.1 2020  9  6  7 26 57.220  0.00  40
   106021  40.277600 -124.562305    18.270       -2.8        0.9        0.0      0.0      0.1      0.0 2020  9 17 15 29 55.440  0.00  40
   106023  40.277600 -124.562305    18.270       -2.8        0.9        0.0      0.0      0.0      0.1 2020 10  7 20 16 32.860  0.00  40
   106025  40.277600 -124.562305    18.270       -2.8        0.9        0.0      0.0      0.0      0.0 2020 10 30  5 28 15.440  0.00  40
   106026  40.277600 -124.562305    18.270       -2.8        0.9        0.0      0.0      0.0      0.0 2020 12 27 14 29 51.580  0.00  40
   106027  40.277600 -124.562305    18.270       -2.8        0.9        0.0      0.0      0.1      0.1 2021  1 27 20 38 14.300  0.00  40
   106028  40.277600 -124.562305    18.270       -2.8        0.9        0.0      0.0      0.0      0.1 2021  2 12  4 45 10.420  0.00  40
   106029  40.277600 -124.562305    18.270       -2.8        0.9        0.0      0.0      0.1      0.1 2021  2 23 17  9 35.440  0.00  40
   106032  40.277600 -124.562305    18.270       -2.8        0.9        0.0      0.0      0.1      0.1 2021  4  2  8 32 29.220  0.00  40
   106033  40.277600 -124.562305    18.270       -2.8        0.9       -0.0      0.0      0.1      0.1 2021  4  2 13 18 31.140  0.00  40
   106034  40.277600 -124.562305    18.270       -2.8        0.9        0.0      0.0      0.0      0.0 2021  4  3 23 18 17.580  0.00  40
   106035  40.277600 -124.562305    18.270       -2.8        0.9       -0.0      0.0      0.0      0.0 2021  4  4  7 50 26.820  0.00  40
   106037  40.277600 -124.562305    18.270       -2.8        0.9        0.0      0.0      0.1      0.1 2021  4 26  6 32 31.780  0.00  40
   106039  40.277600 -124.562305    18.270       -2.8        0.9        0.0      0.0      0.0      0.1 2021  7 14 15  3 16.320  0.00  40
   106040  40.277600 -124.562305    18.270       -2.8        0.9        0.0      0.0      0.0      0.0 2021  7 28  9 36  3.100  0.00  40
   106042  40.277600 -124.562305    18.270       -2.8        0.9        0.0      0.0      0.1      0.1 2021  8 24 17 52 55.220  0.00  40
   106045  40.277600 -124.562305    18.270       -2.8        0.9       -0.0      0.0      0.1      0.1 2021 12 14 20 34 44.500  0.00  40
   106047  40.277600 -124.562305    18.270       -2.8        0.9        0.0      0.0      0.0      0.1 2021 12 21  7  5 18.660  0.00  40
   106048  40.277600 -124.562305    18.270       -2.8        0.9        0.0      0.0      0.0      0.0 2021 12 21  9  6 23.560  0.00  40
   106052  40.277600 -124.562305    18.270       -2.8        0.9        0.0      0.0      0.0      0.1 2021 12 27 23 32 51.160  0.00  40
   106053  40.277600 -124.562305    18.270       -2.8        0.9        0.0      0.0      0.0      0.0 2021 12 30 22  2 34.580  0.00  40
   106054  40.277600 -124.562305    18.270       -2.8        0.9       -0.0      0.0      0.1      0.1 2022  1  1 17 29 31.920  0.00  40
   106055  40.277600 -124.562305    18.270       -2.8        0.9        0.0      0.0      0.0      0.1 2022  1  3  9 47 41.620  0.00  40
   106057  40.277600 -124.562305    18.270       -2.8        0.9        0.0      0.0      0.1      0.1 2022  2 23  2  6 30.340  0.00  40
   106058  40.277600 -124.562305    18.270       -2.8        0.9        0.0      0.0      0.0      0.1 2022  3 10  3 28 33.340  0.00  40
   106062  40.277600 -124.562305    18.270       -2.8        0.9        0.0      0.0      0.1      0.1 2022  7 25 13 33 16.740  0.00  40
   110386  40.277600 -124.562305    18.270       -2.8        0.9        0.0      0.0      0.0      0.1 2023  4 30  3 21 23.220  1.14  40
