   105298  40.408000 -124.559139    28.874      141.6       78.2     -296.1     19.5     28.0     39.4 2020  2 11 15 19 28.020  0.00  55
   105301  40.407296 -124.560815    29.178       -0.7        0.0        7.5      7.1      9.7     15.3 2020  2 25  5 13 53.560  0.00  55
   105305  40.406982 -124.560588    29.084       18.7      -34.8      -86.2     21.1     29.7     31.6 2020  4 29 23  1 49.900  0.00  55
   105309  40.407206 -124.560742    29.160        5.5       -9.9      -10.1     14.3     21.8     22.3 2020  7 31 12 47 13.580  0.00  55
   105313  40.407520 -124.560840    29.170       -2.8       24.9       -0.2     13.0     32.1     29.6 2021  1  5  0 23  5.820  0.00  55
   105319  40.406775 -124.560881    29.165       -6.2      -57.8       -4.6     10.0     14.7     13.3 2021  7 21 11 28 57.520  0.00  55
   105321  40.407617 -124.560726    29.177        6.9       35.7        7.4     11.5     19.2     20.7 2021  8 18  8 21 26.720  0.00  55
   105322  40.407520 -124.560905    29.190       -8.3       24.9       20.5     11.5     15.2     17.1 2021  8 19  7 18 10.260  0.00  55
   105325  40.407227 -124.560775    29.175        2.8       -7.7        5.0      9.7     22.2     18.6 2021  9  3 21 30 53.400  0.00  55
   105331  40.407231 -124.560750    29.164        4.8       -7.2       -5.9      8.4     14.3     13.2 2021 12 25 10 34 41.640  0.00  55
   105333  40.407747 -124.560588    29.153       18.7       50.2      -16.7     14.0     19.2     17.7 2022  1 25 11 52 13.660  0.00  55
   105336  40.407235 -124.560734    29.165        6.2       -6.8       -4.9     10.7     18.7     17.6 2022  2  4 20 41 36.720  0.00  55
   105337  40.407027 -124.561051    29.193      -20.7      -29.8       22.6     10.3     27.3     18.3 2022  2 26  7 23 30.220  0.00  55
   105340  40.406519 -124.561092    29.174      -24.2      -86.3        4.5     11.2     12.6     13.8 2022  3 12 15 17  2.720  0.00  55
   105351  40.407190 -124.561003    29.180      -16.6      -11.7        9.5     13.9     19.3     19.3 2022  7 31 17 59 40.980  0.00  55
   105356  40.407434 -124.560872    29.185       -5.5       15.4       15.5     11.5     17.4     18.0 2022  9  6  2 12 31.600  0.00  55
   105357  40.407271 -124.561043    29.192      -20.0       -2.7       21.7     17.0     24.6     22.0 2022  9  9 11 44 44.400  0.00  55
   105359  40.407292 -124.560913    29.167       -9.0       -0.5       -3.1     14.7     17.1     28.0 2022 11  7 15 50 24.900  0.00  55
   105360  40.407511 -124.560881    29.187       -6.2       23.9       16.6     11.3     19.9     16.3 2022 11 21  5 14 55.680  0.00  55
   110364  40.407296 -124.560815    29.179       -0.7        0.0        9.2      7.4      8.4     11.0 2023  4 18 11 40  6.890  2.03  55
