   108663  40.489286 -124.339510    19.317      -42.1       -5.0      -11.9      5.0      4.1      4.0 2022  3  5 15  4 56.760  0.00  37
   108665  40.489278 -124.339681    19.319      -56.6       -5.9      -10.3      4.8      5.3      4.7 2022  3  5 14 13 15.560  0.00  37
   108670  40.489657 -124.339429    19.337      -35.2       36.1        7.5      4.4      4.8      4.9 2022  3 18  2  2 21.140  0.00  37
   108671  40.489506 -124.339396    19.339      -32.4       19.4       10.1      3.9      4.4      4.6 2022  3 18  2 55 56.140  0.00  37
   108673  40.489490 -124.339730    19.315      -60.7       17.6      -14.6      4.0      2.9      4.8 2022  5 13 21 13  4.360  0.00  37
   108674  40.489319 -124.339600    19.287      -49.7       -1.4      -42.8      5.2      4.1      5.0 2022  5 13 11  3  1.340  0.00  37
   108675  40.489355 -124.339722    19.326      -60.0        2.7       -3.4      5.2      2.9      3.9 2022  7  9 13 10 58.000  0.00  37
   108676  40.489299 -124.339746    19.318      -62.1       -3.6      -11.1      5.3      2.7      3.5 2022  7 19 14 43  3.060  0.00  37
   108678  40.489535 -124.339429    19.314      -35.2       22.6      -15.4      3.9      4.0      4.0 2022  7 24 16 37 15.260  0.00  37
   108680  40.489445 -124.339624    19.351      -51.7       12.7       21.4      4.6      4.8      5.9 2022  7 26  2 56 53.120  0.00  37
   108681  40.489433 -124.339502    19.303      -41.4       11.3      -26.9      3.5      4.1      4.1 2022  9 12  7 56 19.840  0.00  37
   108682  40.489404 -124.339624    19.316      -51.7        8.1      -13.8      3.7      3.7      5.5 2022  9 12 16 26 23.860  0.00  37
   108683  40.489636 -124.339632    19.330      -52.4       33.9        1.1      3.7      4.1      4.4 2022  9 12  6 56 34.320  0.00  37
   108684  40.489490 -124.339575    19.304      -47.6       17.6      -25.1      3.5      4.2      4.6 2022  9 12  6 57 16.840  0.00  37
   108686  40.489400 -124.339404    19.315      -33.1        7.7      -14.6      4.1      4.0      3.1 2022  9 12  7  2 14.940  0.00  37
   108687  40.489681 -124.339640    19.334      -53.1       38.9        4.9      4.1      4.3      4.6 2022  9 12  6 55 47.640  0.00  37
   108688  40.489205 -124.339648    19.326      -53.8      -14.0       -3.2      5.4      4.5      3.3 2022  9 12  7  0 41.780  0.00  37
   108689  40.489132 -124.339486    19.311      -40.0      -22.1      -18.5      4.2      4.2      4.2 2022  9 12  6 58 44.140  0.00  37
   108690  40.489433 -124.339827    19.296      -69.0       11.3      -33.0      5.3      3.3      5.5 2022  9 13 12  0  9.260  0.00  37
   108692  40.489478 -124.339746    19.326      -62.1       16.3       -3.3      6.6      5.8      7.1 2022  9 13 23 59 39.940  0.00  37
   108693  40.489453 -124.339396    19.295      -32.4       13.6      -34.1      4.0      4.5      4.2 2022  9 15  4 38 42.340  0.00  37
   108694  40.489579 -124.339567    19.305      -46.9       27.6      -23.9      2.6      3.9      5.3 2022  9 19 10 45 20.920  0.00  37
   108695  40.489473 -124.339567    19.316      -46.9       15.8      -13.1      3.4      3.5      4.3 2022 10 13  0  1 53.180  0.00  37
   108697  40.489559 -124.339591    19.325      -49.0       25.3       -4.6      3.5      4.0      4.1 2022 11 21 11  3 27.100  0.00  37
   108698  40.489453 -124.339396    19.307      -32.4       13.6      -22.7      4.0      4.3      4.5 2022 11 21  9 56 47.360  0.00  37
   108699  40.489616 -124.339697    19.313      -58.0       31.6      -16.9      3.4      4.1      5.0 2022 11 21 11 24 43.840  0.00  37
   108700  40.489482 -124.339575    19.326      -47.6       16.7       -2.9      4.2      4.1      3.7 2022 11 21 11  5 34.240  0.00  37
   108701  40.489591 -124.339445    19.308      -36.6       28.9      -21.6      4.3      4.4      4.7 2022 11 21 12  2 33.900  0.00  37
   108704  40.489486 -124.339665    19.306      -55.2       17.2      -23.7      4.6      3.1      5.1 2022 11 22  1 39 11.480  0.00  37
   108705  40.489506 -124.339860    19.335      -71.8       19.4        5.8      4.9      3.7      5.1 2022 11 24  7 16 24.120  0.00  37
   108706  40.489555 -124.339486    19.337      -40.0       24.9        7.5      5.9      6.8      8.0 2022 11 27  8 29 21.460  0.00  37
   108707  40.489128 -124.339657    19.312      -54.5      -22.6      -17.5      3.8      4.6      5.3 2022 11 27  7 15  5.860  0.00  37
   110543  40.489115 -124.339404    19.365      -33.1      -23.9       35.8      3.2      3.3      3.6 2023  1 10 17 58 54.640  1.07  37
