   106632  40.271431 -124.547371     3.789      -15.9     -318.1      -60.8      1.8      7.8      3.7 2020  2 22  5 52 18.180  0.00  38
   106633  40.274076 -124.547184     3.827        0.0      -24.4      -23.2      1.6      2.0      3.2 2020  3  1 20 25 24.240  0.00  38
   106634  40.274679 -124.546086     4.084       93.4       42.5      233.8      5.3     18.2      9.0 2020  5  3 13 38 18.400  0.00  38
   106635  40.274919 -124.547038     3.833       12.5       69.1      -17.4      2.0      9.5      3.1 2020  5  4 19  6 10.540  0.00  38
   106636  40.274512 -124.547192     3.795       -0.7       23.9      -54.9      1.7      2.3      3.5 2020  5  4  9 42 44.380  0.00  38
   106637  40.274650 -124.547241     3.795       -4.8       39.3      -54.8      2.5      2.3      2.6 2020  5  4  8 13 22.220  0.00  38
   106638  40.273979 -124.547030     3.780       13.2      -35.2      -70.4      1.6      2.5      2.6 2020  5  4 15 33  2.520  0.00  38
   106640  40.274727 -124.547266     3.786       -6.9       47.9      -64.1      2.0      5.1      3.4 2020  5  4  8 38 58.940  0.00  38
   106642  40.274841 -124.547241     3.798       -4.8       60.5      -52.5      2.6      2.5      2.8 2020  5  4  8 24 12.120  0.00  38
   106643  40.274784 -124.547225     3.774       -3.5       54.2      -76.2      2.4      5.0      3.9 2020  5  4  8 47  1.720  0.00  38
   106644  40.274870 -124.547135     3.800        4.2       63.7      -49.7      2.3      7.9      3.8 2020  5  5  2 52 18.880  0.00  38
   106647  40.281437 -124.546932     3.811       21.5      792.9      -38.8      3.0     18.7      4.2 2020  5  5  1 48 19.700  0.00  38
   106648  40.274618 -124.547168     3.780        1.4       35.7      -70.2      1.9      5.5      3.3 2020  5  5  9 53 47.400  0.00  38
   106651  40.273661 -124.547290     3.819       -9.0      -70.5      -30.6      1.8      2.7      3.2 2021  1  5 21 56  2.340  0.00  38
   106653  40.273844 -124.547201     3.849       -1.4      -50.2       -1.0      1.7      2.2      2.8 2021  7 10  7 24 38.580  0.00  38
   106654  40.274150 -124.547282     3.830       -8.3      -16.3      -19.9      1.7      2.0      2.8 2021  7 10 11 51 45.900  0.00  38
   106655  40.273669 -124.547257     3.833       -6.2      -69.6      -16.6      1.5      2.7      2.6 2021  7 10 19  3 50.340  0.00  38
   106656  40.275142 -124.547331     3.834      -12.5       94.0      -15.9      1.9      8.3      3.4 2021  7 11 22 33 51.940  0.00  38
   106657  40.273726 -124.548242     3.689      -90.0      -63.3     -161.4      5.1      7.2      6.9 2021  7 15 19  8 47.300  0.00  38
   106658  40.273503 -124.547062     3.827       10.4      -88.1      -22.6      1.9      3.5      3.2 2021  7 15 13  0 48.340  0.00  38
   106659  40.279220 -124.547795     3.657      -51.9      546.7     -192.8      3.2      9.4      4.6 2021  8 25 19 10 39.080  0.00  38
   106660  40.274194 -124.547257     3.861       -6.2      -11.3       10.6      2.4      2.3      3.4 2021 11  5  3 58 28.600  0.00  38
   106661  40.273490 -124.547298     3.847       -9.7      -89.5       -3.2      2.3      2.8      3.1 2021 11  5  3 59 39.640  0.00  38
   106662  40.273914 -124.547249     3.853       -5.5      -42.5        2.7      1.6      2.5      2.9 2021 11  5  5 28  9.100  0.00  38
   106663  40.274369 -124.547347     3.825      -13.8        8.1      -25.1      1.7      3.1      3.5 2021 11  7  2 53 22.060  0.00  38
   106664  40.276062 -124.547388     3.808      -17.3      196.1      -42.4      3.2      5.9      2.7 2022  1 13  2 40 39.500  0.00  38
   106665  40.273893 -124.547176     3.843        0.7      -44.7       -7.3      2.0      4.5      3.1 2022  1 15 23 23  0.380  0.00  38
   106666  40.273958 -124.547266     3.836       -6.9      -37.5      -14.1      1.8      4.1      3.1 2022  5  3  9 12 19.780  0.00  38
   106669  40.274109 -124.547298     3.839       -9.7      -20.8      -11.2      1.9      3.6      3.4 2022  5  4 12 40 45.580  0.00  38
   106672  40.273568 -124.547282     3.824       -8.3      -80.9      -26.0      1.7      4.2      2.9 2022  5  5 14 31 49.800  0.00  38
   106673  40.274215 -124.547282     3.839       -8.3       -9.0      -11.1      1.8      3.5      3.2 2022  5 10 12  8 48.400  0.00  38
   106674  40.272319 -124.546842     3.784       29.1     -219.6      -65.9      3.1      7.1      4.9 2022  7 11  7 17 29.200  0.00  38
   106675  40.270451 -124.546029     3.641       98.3     -427.0     -208.8      3.1      8.4      5.6 2022  8 17  6 48 39.560  0.00  38
   110411  40.273820 -124.547380     3.860      -16.6      -52.9       10.2      1.3      2.4      2.1 2022 12 21 19 45 27.080  1.81  38
