   105847  40.391516 -124.287655    27.828       -4.8       23.9        8.5   1506.7   2285.5   1561.6 2021 12 20 20 46 28.200  0.00  65
   105849  40.391305 -124.287679    27.821       -6.9        0.5        0.5   2686.0   2195.0   1672.4 2021 12 21  9 55 15.700  0.00  65
   105851  40.391260 -124.287866    27.821      -22.8       -4.5        1.3   2736.8   2114.7   1519.9 2021 12 21 19 32 35.980  0.00  65
   105864  40.391813 -124.286296    27.817      110.6       56.9       -3.3   4907.9   3485.8   1857.4 2021 12 21 18 52 36.660  0.00  65
   105872  40.391516 -124.287777    27.836      -15.2       23.9       16.2   5088.7   3205.0   2228.7 2021 12 21  8 10  1.860  0.00  65
   105888  40.391443 -124.287712    27.832       -9.7       15.8       12.5   4447.7   2771.8   1976.4 2021 12 22  5 26  9.740  0.00  65
   105898  40.391313 -124.287809    27.825      -18.0        1.4        5.3   2262.4   1961.9   1427.3 2021 12 23  1  5 17.280  0.00  65
   105899  40.391479 -124.286686    27.805       77.4       19.9      -14.7   3741.8   2940.4   1984.7 2021 12 23  1 47 11.060  0.00  65
   105919  40.391231 -124.287630    27.818       -2.8       -7.7       -2.0   1816.1   1774.5   1572.8 2021 12 30 12 28  4.260  0.00  65
   105923  40.391121 -124.286174    27.824      120.9      -19.9        3.6   6497.0   2681.8   2018.5 2022  1  5 23  1 28.700  0.00  65
   105928  40.391317 -124.287638    27.821       -3.5        1.8        1.1   3396.8   2361.6   1735.2 2022  1 16  4 44 46.820  0.00  65
   105933  40.390609 -124.287516    27.784        6.9      -76.8      -36.0   3565.9   4149.2   2941.6 2022  2 10  9 46 48.960  0.00  65
   105946  40.391414 -124.288216    27.818      -52.5       12.7       -1.5   3511.9   2443.3   2297.2 2022  6  9  2 40 47.580  0.00  65
   105948  40.391475 -124.287663    27.834       -5.5       19.4       14.2   4990.5   3085.3   2149.6 2022  7  1 20 19 34.200  0.00  65
   110381  40.391260 -124.287728    27.819      -11.1       -4.5       -0.7   2155.7   2041.3   1487.9 2023  2  9  3 13  2.870  0.89  65
