   103673  40.380733 -124.632585    25.800      -22.8      527.3     -720.4      6.4     14.1     21.2 2020  1 14 15 15 17.280  0.00  15
   103674  40.375883 -124.631584    26.774       62.2      -11.3      253.7      4.1      7.1     10.0 2020  1 16 22 39 17.780  0.00  15
   103675  40.374886 -124.631901    26.768       35.2     -122.0      248.4      4.6      5.0      8.9 2020  1 16 23 52  2.380  0.00  15
   103680  40.364376 -124.634880    26.474     -217.7    -1289.1      -45.5      4.2     15.8     10.9 2020  3 15  8 13 26.920  0.00  15
   103681  40.376164 -124.632560    25.621      -20.7       19.9     -899.0      4.6      7.8     16.5 2020  3 19  1 14 44.660  0.00  15
   103683  40.388033 -124.633268    26.193      -80.9     1337.9     -326.5      5.4     11.8     15.7 2020  4  6  8 32 34.940  0.00  15
   103684  40.381112 -124.632951    26.098      -53.9      569.3     -422.5      4.7     18.6     17.2 2020  4  6  8 26 12.640  0.00  15
   103685  40.376542 -124.632983    24.626      -56.7       61.9    -1894.1      6.7     11.6     30.4 2020  4 11  0 30 15.880  0.00  15
   103686  40.389433 -124.630111    25.795      187.3     1493.3     -725.4      5.7      8.9     14.3 2020  4 18  1 52 31.020  0.00  15
   103688  40.379907 -124.632023    25.762       24.9      435.6     -758.1      3.3      4.6     12.1 2020  4 30 20 36 37.720  0.00  15
   103697  40.376599 -124.631942    26.483       31.8       68.2      -37.1      3.0      6.6      6.7 2020  6  4 14 54 40.800  0.00  15
   103705  40.376685 -124.632170    26.406       12.4       77.7     -114.3      2.6      6.6      6.0 2020  8  7 15  6  9.460  0.00  15
   103712  40.377934 -124.632072    26.470       20.7      216.4      -49.8      3.0      7.5      9.5 2020  9 20  6  7  5.560  0.00  15
   103713  40.374398 -124.631755    26.080       47.7     -176.2     -439.7      3.4     11.8      9.9 2020  9 29 16 41  7.480  0.00  15
   103717  40.374874 -124.632129    26.419       15.9     -123.3     -100.5      3.2      6.8      8.9 2020 11  9  3 26 14.900  0.00  15
   103721  40.377299 -124.634521    27.462     -187.3      145.9      942.1      3.8      6.7     11.5 2021  1 21 20 44 37.900  0.00  15
   103724  40.377763 -124.631974    26.499       29.0      197.5      -21.3      2.9      7.8      7.2 2021  1 28  8  1 18.460  0.00  15
   103725  40.367501 -124.633626    26.777     -111.3     -942.1      256.8      4.0     13.4      6.9 2021  2 12  4 13 46.120  0.00  15
   103726  40.379533 -124.633944    26.829     -138.2      394.0      308.8      3.9     11.2     11.1 2021  2 12  4  5 42.100  0.00  15
   103727  40.377486 -124.632528    25.949      -18.0      166.7     -570.6      3.3      7.5     20.0 2021  2 28 17 42  1.520  0.00  15
   103733  40.373499 -124.632536    26.717      -18.7     -276.1      196.8      5.4      8.9      6.3 2021  3 16 22 26 59.680  0.00  15
   103736  40.373120 -124.632243    26.429        6.2     -318.1      -90.9      4.5     12.6     13.0 2021  4 24 19 55 12.980  0.00  15
   103737  40.372648 -124.632585    26.258      -22.8     -370.5     -262.3      4.1     12.7     14.2 2021  4 24 21 25 22.420  0.00  15
   103738  40.379012 -124.632104    26.709       18.0      336.2      188.7      4.6      8.5     13.0 2021  5  2 10 15 15.360  0.00  15
   103739  40.375517 -124.632121    26.287       16.6      -52.0     -232.7      3.0      7.3      7.7 2021  5 17  1 51 15.000  0.00  15
   103743  40.372156 -124.632707    26.547      -33.2     -425.2       27.4      5.1      9.5      6.2 2021  6  3  9 11 16.620  0.00  15
   103746  40.368860 -124.632975    26.291      -56.0     -791.2     -229.3      7.4     13.4     14.8 2021  6 21 18 25 58.900  0.00  15
   103747  40.368380 -124.633187    26.366      -74.0     -844.5     -154.1      9.2     17.0     18.7 2021  6 21 18 56 10.100  0.00  15
   103748  40.370085 -124.633000    26.339      -58.1     -655.2     -180.9      4.3     11.8      8.0 2021  6 26 21 34 53.920  0.00  15
   103749  40.368335 -124.633960    26.362     -139.6     -849.4     -158.3      5.7     15.4     11.8 2021  6 26 21 52 52.480  0.00  15
   103752  40.377087 -124.631893    26.519       35.9      122.4       -1.2      3.2      6.8      7.3 2021  7 16  4 38  9.540  0.00  15
   103753  40.379232 -124.631340    26.793       82.9      360.6      273.4      5.1     12.2     14.4 2021  7 23 17 27  4.080  0.00  15
   103765  40.375008 -124.635164    27.023     -241.9     -108.4      502.6      3.8      9.4     10.7 2021  9 14 11  7 22.460  0.00  15
   103766  40.373779 -124.632121    26.652       16.6     -244.9      132.4      4.6      8.6      6.1 2021  9 15 10 50 21.940  0.00  15
   103770  40.374679 -124.632161    26.466       13.1     -145.0      -54.0      4.4      6.1      6.7 2021  9 22 19 29 33.580  0.00  15
   103780  40.372579 -124.632227    26.521        7.6     -378.2        1.0      4.4     10.6      6.3 2021 11 29  2 31 57.980  0.00  15
   103781  40.376286 -124.631925    26.633       33.2       33.4      113.4      3.0      7.7      8.0 2021 12  5 11 19 17.180  0.00  15
   103782  40.375614 -124.632365    26.579       -4.1      -41.1       59.3      3.3      5.2      5.9 2021 12  5 11 20 39.060  0.00  15
   103787  40.372811 -124.632666    26.634      -29.7     -352.4      114.3      5.3     10.3      5.4 2021 12 19  2 14 40.560  0.00  15
   103793  40.374565 -124.632153    26.551       13.8     -157.7       30.9      3.8      6.0      5.5 2022  1 14  5 18 12.200  0.00  15
   103796  40.383752 -124.635002    26.587     -228.1      862.5       67.2      5.7     11.5     14.9 2022  2 18 12 44 56.020  0.00  15
   103797  40.371688 -124.632235    26.174        6.9     -477.1     -346.4      4.3     10.2      8.1 2022  2 19 12 21  1.500  0.00  15
   103802  40.382719 -124.630957    26.675      115.4      747.8      155.0      5.9     16.1     13.2 2022  3 12  4 33 48.940  0.00  15
   103804  40.383736 -124.630233    26.887      176.9      860.7      367.4      8.1     24.3     19.1 2022  3 15 10 40 38.520  0.00  15
   103811  40.376135 -124.632121    26.398       16.6       16.7     -122.3      3.0      6.9      5.1 2022  5 14  0 44  9.960  0.00  15
   103814  40.389010 -124.630037    25.558      193.5     1446.3     -962.0     12.0     27.5     27.4 2022  5 31 12 38 59.980  0.00  15
   103815  40.376823 -124.631942    26.365       31.8       93.1     -154.8      5.0      7.7      9.1 2022  5 31 16 45 19.300  0.00  15
   103820  40.375785 -124.632129    26.391       15.9      -22.1     -129.1      2.7      5.9      5.5 2022  6 16 23 23 11.160  0.00  15
   103822  40.372603 -124.632739    26.446      -35.9     -375.5      -73.7      6.3     13.8     10.1 2022  7  2  3 27 26.160  0.00  15
   103828  40.376147 -124.632088    26.360       19.4       18.1     -160.3      3.3      8.6      6.6 2022  7 30 10  3 37.460  0.00  15
   103829  40.373804 -124.632381    26.501       -5.5     -242.2      -18.7      3.2      8.7      5.8 2022  8  8 16 29 41.540  0.00  15
   103831  40.373979 -124.632511    26.474      -16.6     -222.8      -46.4      4.7      7.3      7.2 2022  8 21  3 43 30.740  0.00  15
   103834  40.370821 -124.632878    26.658      -47.7     -573.4      137.8      4.6     11.2      8.1 2022  9  5 17 44 25.060  0.00  15
   103835  40.369360 -124.634269    27.246     -165.9     -735.6      725.9      8.1     21.6     15.9 2022  9 22 18 37 12.600  0.00  15
   103836  40.364140 -124.630990    26.750      112.7    -1315.3      229.6      5.8     10.6      9.5 2022  9 23 19 40  3.100  0.00  15
   103837  40.376465 -124.632357    26.391       -3.5       53.3     -129.4      3.3      7.0      5.9 2022  9 25  0 13 36.240  0.00  15
   103842  40.375916 -124.632178    26.412       11.7       -7.7     -108.3      3.1      6.3      5.9 2022 10 27 16  1  8.480  0.00  15
   103843  40.376489 -124.631942    26.387       31.8       56.0     -132.8      3.2      6.3      6.4 2022 10 27 19 13 41.200  0.00  15
   103844  40.374052 -124.632389    26.410       -6.2     -214.6     -109.7      4.1      8.8      7.2 2022 10 27 19 10 46.000  0.00  15
   103850  40.375281 -124.632048    26.677       22.8      -78.2      157.1      3.1      5.0      8.2 2022 11 22 17 13 20.760  0.00  15
   110325  40.376383 -124.632202    26.604        9.7       44.3       84.1      2.8      5.2      5.2 2023  1  6  2 11 23.440  2.07  15
