   102795  40.456091 -124.684440    26.468      -98.0     -175.8      877.5     12.7     18.3     23.9 2020  1 13  5 54  9.180  0.00  29
   102796  40.459432 -124.683154    25.409       11.0      195.2     -180.7     11.6     13.8     42.1 2020  2 29  7 15 32.820  0.00  29
   102799  40.456722 -124.684717    26.831     -121.5     -105.7     1240.8     12.4     17.2     31.1 2020  3 19  2 25 40.400  0.00  29
   102801  40.458586 -124.681494    23.790      151.9      101.2    -1800.4     18.0     21.4     21.7 2020  4 23 15 31 30.460  0.00  29
   102802  40.452474 -124.678914    22.545      370.7     -577.4    -3044.7     12.7     19.1     15.4 2020  5  9 10 28 13.200  0.00  29
   102803  40.455644 -124.684310    25.607      -87.0     -225.5       16.7     15.1     25.3     37.5 2020  6  6 15 52 41.440  0.00  29
   102805  40.454130 -124.685262    26.543     -167.7     -393.6      953.4     13.8     24.7     41.8 2020 10 21 10  6  9.780  0.00  29
   102806  40.458777 -124.682902    25.231       32.4      122.4     -358.9      9.4     18.6     28.4 2020 11 20 21 51 21.400  0.00  29
   102808  40.454899 -124.685474    26.740     -185.7     -308.2     1150.3     19.2     25.0     56.9 2021  2 26  3 52 50.720  0.00  29
   102810  40.452148 -124.684741    25.986     -123.6     -613.6      395.5     16.4     23.4     49.2 2021  3 12  1 59 52.820  0.00  29
   102814  40.455273 -124.684456    26.335      -99.4     -266.6      745.2     12.8     21.2     21.8 2021  5 14 17 55 34.080  0.00  29
   102816  40.455265 -124.684074    25.485      -67.0     -267.5     -105.4      8.6     20.5     25.3 2021  7  2  3 22  6.040  0.00  29
   102817  40.459867 -124.682674    24.881       51.8      243.5     -708.8     17.9     21.9     69.6 2021  7  6 17  3 25.080  0.00  29
   102818  40.457564 -124.682869    24.904       35.2      -12.2     -685.6      9.5     15.0     35.2 2021  7  6 17 38 37.180  0.00  29
   102819  40.457589 -124.683195    25.382        7.6       -9.5     -208.4      7.4     14.5     21.7 2021  7 12  3 22 22.520  0.00  29
   102821  40.458313 -124.682878    24.952       34.5       70.9     -638.0      9.3     17.6     33.3 2021  7 27 13 33  6.200  0.00  29
   102824  40.456014 -124.684814    25.999     -129.8     -184.3      409.2     11.7     20.7     37.7 2021  9  2  0 10 43.380  0.00  29
   102825  40.455396 -124.684399    25.527      -94.6     -253.0      -63.0     11.4     21.1     38.8 2021  9  2 12 41 16.800  0.00  29
   102826  40.457910 -124.683089    25.425       16.6       26.2     -165.4      7.0     15.2     22.8 2021 10 27 22  1 36.760  0.00  29
   102827  40.454594 -124.684367    25.644      -91.8     -342.0       53.8      9.0     21.2     22.9 2021 11 16  3 30 25.860  0.00  29
   102831  40.458895 -124.682642    24.949       54.5      135.6     -640.7     11.1     18.1     34.6 2022  2 25  5  5 50.620  0.00  29
   102832  40.459355 -124.683097    25.117       15.9      186.6     -472.9     13.9     15.8     44.0 2022  3 12  9 57  9.340  0.00  29
   102834  40.457731 -124.683293    25.397       -0.7        6.3     -193.5      7.3     11.1     26.7 2022  4 23 21 41  5.660  0.00  29
   102835  40.455558 -124.684538    25.785     -106.3     -235.0      195.0     12.7     25.0     36.4 2022  4 25 10 17 30.100  0.00  29
   102836  40.451424 -124.684912    26.095     -138.1     -694.0      504.9     18.6     26.3     55.4 2022  4 26 18 21  6.880  0.00  29
   102837  40.455632 -124.684058    25.582      -65.6     -226.8       -7.8     14.9     24.5     39.5 2022  4 29 21 52 16.440  0.00  29
   102838  40.458374 -124.682894    25.284       33.1       77.7     -305.6     10.9     13.1     38.9 2022  5  7 11 36  7.240  0.00  29
   102839  40.453939 -124.684310    25.535      -87.0     -414.8      -55.4      9.7     29.6     31.9 2022  5 26 17 57  8.800  0.00  29
   102840  40.458398 -124.682804    25.173       40.7       80.4     -417.2      9.2     17.4     25.0 2022  6 11 22 53 25.820  0.00  29
   102841  40.458594 -124.682975    25.360       26.2      102.1     -229.7     10.9     12.7     38.1 2022  6 12  8 44 32.260  0.00  29
   102842  40.457849 -124.683171    25.310        9.7       19.4     -280.1      8.2     14.4     24.4 2022  6 23 21 40 42.300  0.00  29
   102843  40.458504 -124.682935    25.417       29.7       92.2     -173.4      8.0     17.6     25.6 2022  7 28  1 50 12.780  0.00  29
   102844  40.457381 -124.683057    25.245       19.3      -32.5     -344.5      8.2     13.3     26.8 2022  7 28 20 49 41.480  0.00  29
   102847  40.456860 -124.684644    25.952     -115.3      -90.4      361.8     18.8     26.0     49.6 2022  9  3 19  0 25.420  0.00  29
   102849  40.454557 -124.684147    25.391      -73.2     -346.1     -199.2      9.0     21.2     27.1 2022  9 24 15 55 46.140  0.00  29
   102850  40.458647 -124.682886    25.244       33.8      108.0     -346.0      8.4     15.8     32.8 2022 10  9  0 29 47.680  0.00  29
   102852  40.456042 -124.684237    26.015      -80.8     -181.2      425.3     16.5     26.3     34.9 2022 11 11 22 43 19.680  0.00  29
   102853  40.459078 -124.682967    25.519       26.9      155.9      -70.6      8.8     16.8     31.8 2022 11 11 12  5 43.380  0.00  29
   102854  40.457886 -124.683130    24.954       13.1       23.5     -635.7      8.0     15.4     37.7 2022 11 19 17  1  6.200  0.00  29
   102855  40.457882 -124.683228    25.800        4.8       23.0      209.9     11.9     13.0     22.2 2022 11 29 18 59 55.780  0.00  29
   110306  40.458907 -124.682764    25.651       44.2      136.9       61.3      6.6     11.0     24.0 2023  4  5 22 10 57.780  1.92  29
