   104513  40.405945 -124.347363    28.310     -928.5     1611.7     -477.6     25.9     18.0     25.9 2020  1 21  3  0 13.680  0.00  57
   104515  40.407096 -124.351082    28.566    -1244.3     1739.6     -221.0     14.1     13.9      9.7 2020  7 27  8 38 54.500  0.00  57
   104516  40.407935 -124.350675    28.594    -1209.7     1832.6     -193.6      6.3      8.4      5.4 2021  5  6 16  3 56.100  0.00  57
   104518  40.407194 -124.351123    28.576    -1247.7     1750.4     -211.6     15.2     13.0      8.2 2021  5 21  0  9 12.220  0.00  57
   104520  40.408398 -124.350684    28.618    -1210.4     1884.1     -169.0      8.5     13.3      8.7 2021 12 20 21 40 27.420  0.00  57
   104521  40.404838 -124.352336    28.744    -1350.7     1488.8      -43.3     23.7     21.7     24.5 2022  1  6  1  8 41.420  0.00  57
   104522  40.406657 -124.351058    28.564    -1242.2     1690.8     -223.0     12.9     14.0     12.3 2022  8 10  4 54 15.660  0.00  57
   108928  40.379456 -124.325684    28.952      912.1    -1329.7      164.5     12.3     11.3     10.4 2020  8 18  7 42 21.560  0.00  57
   108931  40.378800 -124.325944    28.927      890.0    -1402.5      139.8     16.7     21.0     10.9 2021 11  3  1  3 27.500  0.00  57
   108935  40.379443 -124.325903    28.894      893.5    -1331.1      106.6     15.1     14.0     15.2 2021 12 20 23 44 13.940  0.00  57
   108936  40.379985 -124.325895    28.949      894.2    -1271.0      161.5     12.3     14.4     11.8 2021 12 20 20 20  4.260  0.00  57
   108937  40.379004 -124.325659    28.928      914.2    -1379.9      140.7     16.1     19.6     10.4 2021 12 20 20 39 20.900  0.00  57
   108940  40.379834 -124.325041    28.895      966.7    -1287.7      107.6     15.3     31.5     15.5 2021 12 20 23 54 29.040  0.00  57
   108946  40.379622 -124.325643    28.908      915.6    -1311.2      120.6     17.2     22.1     13.2 2021 12 22  6 16 37.920  0.00  57
   108949  40.379838 -124.325765    28.943      905.2    -1287.3      155.2     12.1     14.0     11.2 2021 12 23 21 58  8.480  0.00  57
   108950  40.379281 -124.325928    28.942      891.4    -1349.2      154.8     12.1     14.3     12.1 2021 12 23 10 55 57.180  0.00  57
   108955  40.380115 -124.324943    28.875      975.0    -1256.5       87.8     14.7     18.1     20.2 2022  3  8 12 56 15.060  0.00  57
   110342  40.408655 -124.351522    28.599    -1281.6     1912.6     -188.9      8.2      8.9      6.2 2023  5 15 11 35 50.560  2.49  57
   110571  40.379395 -124.324935    28.952      975.7    -1336.5      165.1     11.1      7.2     10.6 2023  5 18 17 14 50.720  1.28  57
