   100761  40.434611 -124.281201    27.327       -8.3       56.9       77.1     75.0     65.2     86.2 2020  3 19  0 21  8.520  0.00  58
   100762  40.433187 -124.279720    27.025      117.4     -101.2     -225.1     94.9     82.5     91.7 2020  5 26 11 54 20.560  0.00  58
   100770  40.435022 -124.280949    27.331       13.1      102.6       80.8     82.3     71.2     69.6 2021 12 20 20 40 27.840  0.00  58
   100771  40.432292 -124.286418    27.400     -450.9     -200.6      150.2    135.4    157.1    104.7 2021 12 20 21 13 37.940  0.00  58
   100772  40.435160 -124.287646    27.299     -555.2      117.9       48.8    165.3     82.2    111.8 2021 12 20 21 49  2.160  0.00  58
   100775  40.432747 -124.285034    27.473     -333.5     -150.0      222.8    102.5    131.2     90.1 2021 12 20 21 41 38.040  0.00  58
   100783  40.433732 -124.278263    27.236      241.0      -40.7      -13.6    107.8     79.7     84.7 2021 12 21  1 55  6.020  0.00  58
   100784  40.434782 -124.272412    27.131      737.5       75.9     -118.8    164.7    118.5     91.8 2021 12 21  9 44 18.020  0.00  58
   100786  40.434937 -124.284880    27.377     -320.4       93.1      126.6    110.1     86.3     78.5 2021 12 21 11 41 19.660  0.00  58
   100797  40.436019 -124.277563    27.209      300.4      213.3      -41.4    101.0    116.0     97.2 2021 12 21  2 14 36.240  0.00  58
   100798  40.434880 -124.270890    27.047      866.6       86.8     -202.6    159.4    153.7    128.9 2021 12 21  6 23 58.200  0.00  58
   100800  40.435697 -124.271753    26.851      793.4      177.6     -398.7    153.8    172.5    123.8 2021 12 22  8 41  9.420  0.00  58
   100805  40.433081 -124.281421    27.214      -26.9     -113.0      -36.0     70.4     83.9     74.2 2021 12 25 22 32 13.020  0.00  58
   100813  40.435372 -124.287207    27.533     -517.9      141.4      282.7    124.3    124.3    129.0 2022  1  2 19 41 12.580  0.00  58
   100814  40.434261 -124.285181    27.395     -345.9       18.1      144.5    113.5     91.5     84.6 2022  1  3 19 57 17.080  0.00  58
   100815  40.433036 -124.285311    27.398     -357.0     -117.9      147.7    122.1    114.6     93.9 2022  1  6  4  5  9.040  0.00  58
   100818  40.432707 -124.276131    27.115      421.9     -154.5     -135.4    135.7     92.6    117.0 2022  1 17 14  7  8.520  0.00  58
   100819  40.433671 -124.276929    27.226      354.2      -47.4      -23.5     95.3     70.7     78.1 2022  2 18  6 57  8.340  0.00  58
   110291  40.434062 -124.281673    27.239      -48.3       -4.1      -10.9     73.4     69.1     67.9 2023  3  8 12 49 37.420  0.96  58
