   107300  40.713098 -124.395500    24.462       -0.7        0.0        1.5     14.1     20.8     51.9 2020 10 29 13 32  8.460  0.00  59
   107302  40.713143 -124.395516    24.454       -2.1        5.0       -5.9     15.9     19.9     35.3 2021  2  5 18 58 22.480  0.00  59
   107304  40.713163 -124.395435    24.355        4.8        7.2     -105.3     21.6     23.0     90.7 2021  2 10 18 39  4.720  0.00  59
   107305  40.713175 -124.395467    24.404        2.1        8.6      -56.0     15.2     29.2     66.7 2021  3 27 19 44 22.840  0.00  59
   107309  40.713135 -124.395483    24.445        0.7        4.1      -15.2     14.2     15.0     52.3 2021  7  1  7 49  4.920  0.00  59
   107310  40.713127 -124.395459    24.398        2.8        3.2      -62.2     18.4     15.6     70.7 2021  7 28 13 54 34.920  0.00  59
   107312  40.713118 -124.395492    24.438        0.0        2.3      -22.3     11.7     16.7     49.5 2021  9  4  2 51 43.760  0.00  59
   107313  40.713127 -124.395516    24.475       -2.1        3.2       14.5     13.0     15.8     48.3 2021  9  4  3 54 10.000  0.00  59
   107314  40.713147 -124.395435    24.371        4.8        5.4      -89.4     19.6     21.1     80.1 2021  9  7  3 43 11.160  0.00  59
   107316  40.713098 -124.395467    24.418        2.1        0.0      -42.3     22.6     15.1     79.4 2021 11 11  4 40 22.120  0.00  59
   107319  40.713090 -124.395524    24.491       -2.8       -0.9       31.2     13.6     23.3     49.5 2021 11 25 19  7 42.260  0.00  59
   107321  40.713155 -124.395516    24.454       -2.1        6.3       -6.5     15.1     19.1     34.4 2022  1  7  1 27 28.780  0.00  59
   107322  40.713147 -124.395459    24.396        2.8        5.4      -63.9     22.7     19.6     84.5 2022  3 25 15 49 48.380  0.00  59
   107323  40.713086 -124.395532    24.493       -3.4       -1.4       32.8     15.2     21.6     52.2 2022  5  3  0 18 12.600  0.00  59
   107326  40.713147 -124.395524    24.479       -2.8        5.4       19.0     17.3     19.9     57.9 2022  6 28  9 36 18.380  0.00  59
   107332  40.713159 -124.395500    24.434       -0.7        6.8      -26.2     17.1     28.4     86.2 2022 11 14 17 38 58.600  0.00  59
   110430  40.713070 -124.395508    24.471       -1.4       -3.2       10.6     13.9     15.2     36.6 2023  4 18  9 17 19.780  1.42  59
