   109139  40.455180 -124.291602    27.487       -9.7       -2.3       -2.7     23.8     15.1     15.5 2021 12 20 23 49  2.700  0.00  54
   109140  40.455924 -124.290251    27.446      104.9       80.4      -43.9     57.0     33.8     39.3 2021 12 20 20 27  8.300  0.00  54
   109141  40.455107 -124.290796    27.431       58.7      -10.4      -59.0     61.1     60.6     57.0 2021 12 20 20 14 54.440  0.00  54
   109143  40.453536 -124.287907    27.286      303.7     -184.8     -204.2     63.1     54.8     52.2 2021 12 21  4 34 24.360  0.00  54
   109146  40.455103 -124.291284    27.485       17.3      -10.8       -5.5     22.0     16.6     25.2 2021 12 23  1 13 24.040  0.00  54
   109148  40.455269 -124.291333    27.469       13.1        7.7      -20.8     25.2     26.5     21.2 2021 12 26 17 36 29.900  0.00  54
   109149  40.455290 -124.291463    27.496        2.1        9.9        6.0     23.2     19.2     18.0 2021 12 27 14 12 20.840  0.00  54
   109151  40.455261 -124.291561    27.494       -6.2        6.8        4.2     19.9     18.5     18.7 2022  1  4  3 37 23.060  0.00  54
   109152  40.455278 -124.291439    27.504        4.1        8.6       14.3     29.8     21.3     21.3 2022  1  5 20 20 38.220  0.00  54
   109153  40.455184 -124.291829    27.486      -29.0       -1.8       -4.4     36.7     24.0     18.4 2022  1  5 15 37  2.560  0.00  54
   109154  40.455204 -124.291382    27.457        9.0        0.5      -32.7     21.9     25.0     18.9 2022  1  6  4 31 33.680  0.00  54
   109155  40.455794 -124.295793    27.537     -365.2       66.0       46.9    151.6     20.1     37.3 2022  1 12 15  0 18.900  0.00  54
   109158  40.455229 -124.291935    27.502      -38.0        3.2       12.4     31.0     25.8     21.1 2022  1 27 16 44 23.740  0.00  54
   109160  40.454659 -124.293449    27.478     -166.4      -60.1      -12.1     30.3     20.0     20.0 2022  2  4 23 36 57.940  0.00  54
   109163  40.455176 -124.292204    27.517      -60.7       -2.7       26.7     49.0     28.2     31.3 2022  2 28 23  1 31.800  0.00  54
   109165  40.454871 -124.291675    27.476      -15.9      -36.6      -14.1     29.5     35.3     20.3 2022  3 25  7 29 24.500  0.00  54
   109166  40.455143 -124.291781    27.485      -24.9       -6.3       -5.4     34.9     17.2     17.3 2022  4  3 17 21 51.500  0.00  54
   109168  40.455249 -124.291447    27.494        3.5        5.4        4.5     19.2     17.2     17.1 2022  4 16  9 26 42.300  0.00  54
   109169  40.455192 -124.291862    27.484      -31.8       -0.9       -6.1     43.7     16.7     19.1 2022  6 15  2 52 15.320  0.00  54
   109170  40.455326 -124.291496    27.501       -0.7       14.0       10.6     19.5     19.7     18.4 2022  8 16 10 40 30.580  0.00  54
   110610  40.455225 -124.291447    27.495        3.5        2.7        5.0     16.8     14.2     16.4 2023  3 18 18 52 34.560  2.06  54
