   106507  40.499963 -124.329036    19.847       89.0        8.6      -52.9      1.0      0.9      1.1 2020  2 19  1  2 53.940  0.00  22
   106508  40.499919 -124.330119    19.893       -2.8        3.6       -7.1      0.3      0.4      0.6 2020  9  1  2  9  2.720  0.00  22
   106517  40.500142 -124.328776    19.849      111.1       28.5      -51.0      1.0      1.0      1.2 2021  5  3 15 57 28.900  0.00  22
   106518  40.500049 -124.329118    19.924       82.1       18.1       24.0      1.0      0.6      0.8 2021  5 26  5 55 13.280  0.00  22
   106520  40.501318 -124.329663    20.175       35.9      159.0      275.1      1.0      1.3      1.7 2021 11 16  9 19 34.180  0.00  22
   106523  40.499723 -124.330062    19.896        2.1      -18.1       -3.9      0.5      0.5      0.4 2021 12 20 20 13 34.280  0.00  22
   106524  40.499915 -124.330111    19.904       -2.1        3.2        3.8      0.5      0.5      0.6 2021 12 20 23 36 10.800  0.00  22
   106527  40.499947 -124.330078    19.902        0.7        6.8        2.1      0.5      0.5      0.7 2021 12 21 16 55 43.720  0.00  22
   106529  40.499915 -124.329891    19.899       16.6        3.2       -1.2      0.6      0.3      0.3 2021 12 22 13 48 19.960  0.00  22
   106532  40.499951 -124.330013    19.902        6.2        7.2        1.7      0.4      0.3      0.5 2021 12 31 10 42 27.260  0.00  22
   106533  40.499813 -124.330282    19.897      -16.6       -8.1       -2.8      0.5      0.4      0.5 2021 12 31  3 37 56.200  0.00  22
   106534  40.499825 -124.330257    19.889      -14.5       -6.8      -10.8      0.6      0.4      0.6 2021 12 31 21 34 28.140  0.00  22
   106536  40.500000 -124.330143    19.900       -4.8       12.7        0.1      0.4      0.4      0.6 2022  1  9 11 45 39.380  0.00  22
   106539  40.499963 -124.330127    19.901       -3.4        8.6        0.6      0.3      0.3      0.5 2022  1 21 14 11  2.100  0.00  22
   106541  40.499906 -124.330168    19.903       -6.9        2.3        3.2      0.4      0.3      0.5 2022  2  4  4 18 16.160  0.00  22
   106542  40.499906 -124.330184    19.901       -8.3        2.3        0.7      0.4      0.4      0.5 2022  2 10  0 57 15.920  0.00  22
   106546  40.499858 -124.330143    19.894       -4.8       -3.2       -5.6      0.3      0.3      0.4 2022  2 18 16 18 39.800  0.00  22
   106549  40.499947 -124.330119    19.908       -2.8        6.8        8.0      0.4      0.4      0.6 2022  2 26  1 58 19.200  0.00  22
   106552  40.499959 -124.330168    19.913       -6.9        8.1       13.1      0.4      0.4      0.5 2022  3 10 21 16 10.420  0.00  22
   106557  40.499992 -124.330029    19.915        4.8       11.7       15.5      0.5      0.4      0.5 2022  4  6  3 51 39.260  0.00  22
   106560  40.499797 -124.330298    19.882      -17.9       -9.9      -18.0      0.6      0.4      0.5 2022  4 18  8  0 40.700  0.00  22
   106561  40.499801 -124.330054    19.881        2.8       -9.5      -19.2      0.5      0.3      0.5 2022  4 21  7 33 54.460  0.00  22
   106566  40.499898 -124.330037    19.897        4.1        1.4       -3.3      0.3      0.3      0.4 2022  5  5 21 18  3.760  0.00  22
   106567  40.499923 -124.330160    19.904       -6.2        4.1        4.1      0.4      0.3      0.5 2022  5  5 17 13 44.200  0.00  22
   106569  40.499972 -124.330103    19.913       -1.4        9.5       12.9      0.4      0.3      0.5 2022  5  7 12 38 39.640  0.00  22
   106570  40.499841 -124.330086    19.889        0.0       -5.0      -11.3      0.3      0.3      0.4 2022  5  8  7 49 19.740  0.00  22
   106572  40.499878 -124.330054    19.894        2.8       -0.9       -6.4      0.3      0.3      0.4 2022  5 16  5 33 29.740  0.00  22
   106573  40.499862 -124.330037    19.897        4.1       -2.7       -3.1      0.4      0.3      0.4 2022  5 20 19 54 22.980  0.00  22
   106574  40.499797 -124.330192    19.900       -9.0       -9.9        0.1      0.5      0.4      0.4 2022  5 20 15 50 39.120  0.00  22
   106575  40.499813 -124.330029    19.879        4.8       -8.1      -20.8      0.4      0.3      0.5 2022  5 20 22 17 57.460  0.00  22
   106576  40.499898 -124.330135    19.902       -4.1        1.4        1.6      0.3      0.3      0.4 2022  5 20 18 39 27.940  0.00  22
   106579  40.499752 -124.330339    19.868      -21.4      -14.9      -32.3      0.7      0.5      0.7 2022  5 23 22 22 59.620  0.00  22
   106581  40.499764 -124.330054    19.882        2.8      -13.6      -18.2      0.5      0.4      0.5 2022  5 24 11 32  4.600  0.00  22
   106584  40.499837 -124.330111    19.890       -2.1       -5.4      -10.1      0.4      0.3      0.4 2022  6  6  1 43  9.260  0.00  22
   106585  40.499870 -124.330005    19.893        6.9       -1.8       -6.8      0.4      0.3      0.5 2022  6  8 21 52 21.420  0.00  22
   106586  40.499878 -124.330029    19.896        4.8       -0.9       -4.3      0.3      0.3      0.4 2022  6  8  8 31  1.680  0.00  22
   106591  40.500179 -124.329183    19.848       76.6       32.5      -52.1      1.2      1.0      1.1 2022  7  6 22 51 29.360  0.00  22
   106593  40.499849 -124.330029    19.890        4.8       -4.1      -10.4      0.6      0.4      0.6 2022  7 27 21  8 17.640  0.00  22
   106594  40.499951 -124.330249    19.912      -13.8        7.2       11.8      0.9      0.7      1.0 2022  8 22 16 15 52.900  0.00  22
   106599  40.500041 -124.330005    19.912        6.9       17.2       12.0      0.5      0.5      0.5 2022  9  4  8 51 58.480  0.00  22
   106601  40.499996 -124.330062    19.912        2.1       12.2       12.4      0.4      0.4      0.5 2022  9  7  3 58 19.820  0.00  22
   106603  40.499760 -124.330225    19.873      -11.7      -14.0      -27.3      0.5      0.5      0.7 2022  9 16 11 23 56.920  0.00  22
   106604  40.499813 -124.330216    19.902      -11.0       -8.1        2.2      0.4      0.4      0.4 2022  9 21 12 55 45.460  0.00  22
   106606  40.499727 -124.330396    19.876      -26.2      -17.6      -24.3      0.7      0.6      0.7 2022  9 30  2 48 59.280  0.00  22
   106607  40.499740 -124.330640    19.876      -46.9      -16.3      -23.8      0.8      0.6      0.7 2022 10  2 22 20 34.200  0.00  22
   106608  40.499825 -124.330184    19.895       -8.3       -6.8       -5.0      0.4      0.3      0.4 2022 10  9  3 35 32.100  0.00  22
   110407  40.499902 -124.330135    19.903       -4.1        1.8        3.0      0.3      0.3      0.4 2023  5 30  8 32 35.380  1.14  22
