   108663  40.489225 -124.339632    19.308      -52.4      -11.7      -21.2      4.5      3.7      3.7 2022  3  5 15  4 56.760  0.00  37
   108665  40.489229 -124.339771    19.308      -64.2      -11.3      -21.9      4.2      4.6      4.1 2022  3  5 14 13 15.560  0.00  37
   108670  40.489795 -124.339388    19.330      -31.7       51.5        0.5      3.6      3.8      3.6 2022  3 18  2  2 21.140  0.00  37
   108671  40.489571 -124.339331    19.339      -26.9       26.7        9.5      2.8      3.4      3.0 2022  3 18  2 55 56.140  0.00  37
   108673  40.489530 -124.339860    19.291      -71.8       22.1      -38.2      3.5      2.7      4.3 2022  5 13 21 13  4.360  0.00  37
   108674  40.489343 -124.339852    19.262      -71.1        1.4      -67.6      4.7      3.8      4.7 2022  5 13 11  3  1.340  0.00  37
   108675  40.489364 -124.339933    19.324      -78.0        3.6       -4.9      4.7      2.8      3.9 2022  7  9 13 10 58.000  0.00  37
   108676  40.489266 -124.340007    19.311      -84.2       -7.2      -18.2      4.8      3.1      4.1 2022  7 19 14 43  3.060  0.00  37
   108678  40.489673 -124.339461    19.300      -37.9       38.0      -29.3      3.2      3.4      3.5 2022  7 24 16 37 15.260  0.00  37
   108680  40.489425 -124.339665    19.352      -55.2       10.4       23.0      2.3      2.7      3.3 2022  7 26  2 56 53.120  0.00  37
   108681  40.489567 -124.339543    19.285      -44.8       26.2      -44.5      3.0      3.7      3.9 2022  9 12  7 56 19.840  0.00  37
   108682  40.489372 -124.339714    19.296      -59.3        4.5      -33.8      2.8      2.7      4.4 2022  9 12 16 26 23.860  0.00  37
   108683  40.489709 -124.339657    19.319      -54.5       42.0      -10.6      2.6      3.2      3.0 2022  9 12  6 56 34.320  0.00  37
   108684  40.489575 -124.339657    19.281      -54.5       27.1      -48.4      3.0      3.6      3.9 2022  9 12  6 57 16.840  0.00  37
   108686  40.489494 -124.339461    19.310      -37.9       18.1      -19.4      3.5      3.5      2.8 2022  9 12  7  2 14.940  0.00  37
   108687  40.489815 -124.339689    19.316      -57.3       53.8      -13.4      3.6      3.7      4.1 2022  9 12  6 55 47.640  0.00  37
   108688  40.489132 -124.339795    19.328      -66.2      -22.1       -1.5      4.7      4.0      3.2 2022  9 12  7  0 41.780  0.00  37
   108689  40.489111 -124.339567    19.319      -46.9      -24.4      -10.8      3.6      3.7      3.7 2022  9 12  6 58 44.140  0.00  37
   108690  40.489445 -124.340039    19.264      -86.9       12.7      -65.9      4.6      3.0      4.9 2022  9 13 12  0  9.260  0.00  37
   108692  40.489494 -124.339876    19.312      -73.1       18.1      -17.6      3.5      2.6      4.4 2022  9 13 23 59 39.940  0.00  37
   108693  40.489616 -124.339421    19.278      -34.5       31.6      -50.9      3.3      3.9      3.7 2022  9 15  4 38 42.340  0.00  37
   108694  40.489677 -124.339608    19.274      -50.4       38.4      -55.3      2.9      3.8      5.1 2022  9 19 10 45 20.920  0.00  37
   108695  40.489543 -124.339640    19.304      -53.1       23.5      -25.1      2.8      2.9      3.7 2022 10 13  0  1 53.180  0.00  37
   108697  40.489644 -124.339600    19.314      -49.7       34.8      -15.4      2.7      3.3      3.3 2022 11 21 11  3 27.100  0.00  37
   108698  40.489543 -124.339412    19.299      -33.8       23.5      -30.4      3.2      3.6      3.8 2022 11 21  9 56 47.360  0.00  37
   108699  40.489730 -124.339771    19.283      -64.2       44.3      -46.4      3.1      3.8      4.6 2022 11 21 11 24 43.840  0.00  37
   108700  40.489608 -124.339608    19.319      -50.4       30.7      -10.5      3.6      3.7      3.6 2022 11 21 11  5 34.240  0.00  37
   108701  40.489746 -124.339478    19.287      -39.3       46.1      -42.1      3.7      3.9      4.2 2022 11 21 12  2 33.900  0.00  37
   108704  40.489518 -124.339836    19.279      -69.7       20.8      -50.1      4.2      3.1      4.8 2022 11 22  1 39 11.480  0.00  37
   108705  40.489478 -124.339998    19.318      -83.5       16.3      -11.2      4.2      3.4      4.4 2022 11 24  7 16 24.120  0.00  37
   108706  40.489616 -124.339510    19.339      -42.1       31.6        9.8      4.5      5.0      5.8 2022 11 27  8 29 21.460  0.00  37
   108707  40.489254 -124.339648    19.309      -53.8       -8.6      -20.4      2.8      3.2      4.3 2022 11 27  7 15  5.860  0.00  37
   110543  40.489050 -124.339339    19.379      -27.6      -31.2       49.1      2.8      2.9      3.2 2023  1 10 17 58 54.640  1.07  37
