   108362  40.491105 -124.206820    20.725     -242.9      -24.9     -342.2    292.1    250.0    287.0 2020  7 11 17 19 52.600  0.00  43
   108363  40.491528 -124.206445    20.716     -211.1       22.1     -351.6    333.1    286.4    242.3 2020  8 12 11 28 24.940  0.00  43
   108364  40.491109 -124.206820    20.725     -242.9      -24.4     -342.3    297.4    234.5    293.1 2020  8 12 11 23 32.820  0.00  43
   108365  40.491093 -124.206885    20.727     -248.4      -26.2     -340.7    325.4    149.5    292.1 2020  8 16 23 21 48.480  0.00  43
   108366  40.491081 -124.206860    20.727     -246.3      -27.6     -340.1    392.0    352.7    367.6 2020 10  4  9 37 29.720  0.00  43
   108367  40.491105 -124.206787    20.723     -240.1      -24.9     -344.7    357.4    318.3    362.8 2020 10  8  4 46 56.680  0.00  43
   108369  40.491105 -124.206901    20.746     -249.8      -24.9     -321.1    339.5    251.8    323.9 2021  2 19  9 54 21.040  0.00  43
   108370  40.491203 -124.206763    20.714     -238.0      -14.0     -353.3    341.4    271.0    163.3 2021  6  1 21 55 42.420  0.00  43
   108373  40.491207 -124.206372    20.651     -204.9      -13.6     -416.0    302.8    298.5    414.0 2022  2  7 11 46 35.280  0.00  43
   108374  40.491089 -124.206934    20.724     -252.5      -26.7     -343.6    241.2    287.2    293.2 2022  2 12 15 44 27.500  0.00  43
   108375  40.491052 -124.206665    20.709     -229.7      -30.7     -358.2    260.3    175.3    274.6 2022  4 21 17  7 41.100  0.00  43
   108376  40.491048 -124.206494    20.708     -215.3      -31.2     -359.6    306.5    271.5    295.9 2022  4 22 17 55 41.660  0.00  43
   108378  40.491016 -124.206974    20.716     -256.0      -34.8     -351.2    267.8    203.9    189.0 2022  7 27  4 35 27.980  0.00  43
   108379  40.491459 -124.205933    20.670     -167.7       14.5     -397.5    453.4    319.3    288.0 2022  8  3  6 33 48.060  0.00  43
   108380  40.491284 -124.206445    20.701     -211.1       -5.0     -366.8    290.3    226.0    189.1 2022  9  1 10 45  9.880  0.00  43
   108381  40.490918 -124.206771    20.699     -238.7      -45.6     -367.8    246.8    254.4    274.1 2022 11 26 10 34 34.000  0.00  43
   108454  40.483818 -124.238062    19.099    -2891.7     -834.1    -1968.7    416.6    393.1    473.5 2021 12 22  7 38 16.620  0.00  43
   109536  40.490129 -124.199642    22.403      365.7     -133.3     1335.6    449.4    426.5    445.5 2021  3  3 21 43  3.720  0.00  43
   109537  40.490108 -124.199430    22.409      383.6     -135.6     1342.0    560.2    410.8    463.9 2021  9 27  2 58  8.360  0.00  43
   109538  40.489758 -124.199414    22.391      385.0     -174.4     1324.1    408.8    519.6    432.7 2021 12 23 14 37 21.580  0.00  43
   109539  40.489827 -124.199219    22.397      401.5     -166.7     1330.1    297.7    380.3    364.0 2022  9 12  3 59 29.200  0.00  43
   109540  40.489823 -124.199202    22.396      402.9     -167.2     1329.2    301.7    384.2    365.0 2022 10  8  6 41 27.060  0.00  43
   109635  40.499593 -124.184326    21.596     1664.0      917.7      528.3   1108.3    625.8    850.9 2021  6  4 21 21 58.240  0.00  43
   109636  40.500134 -124.187394    21.780     1403.9      977.8      712.6    538.1    423.1    488.0 2021 12 20 21 17 32.980  0.00  43
   109637  40.499687 -124.188354    21.749     1322.5      928.1      681.3    614.3    467.2    463.7 2022  5 25  8  4 48.420  0.00  43
   110460  40.486011 -124.183667    20.404     1720.1     -590.6     -663.4    559.9    385.9    474.8 2023  3 15  6  1 38.120  0.94  43
   110498  40.491016 -124.206584    20.712     -222.8      -34.8     -355.1    268.6    192.2    273.5 2023  1 15 11 51 19.200  1.50  43
   110504  40.484200 -124.237280    19.115    -2825.4     -791.6    -1951.9    354.8    334.9    349.2 2023  2  5 13 48 53.130  1.08  43
   110642  40.489355 -124.200382    22.443      302.9     -219.1     1375.8    375.2    426.0    325.1 2023  2 27 12 40  1.270  1.39  43
   110662  40.499626 -124.187703    21.751     1377.7      921.3      683.4    568.1    281.9    496.9 2023  5  9 11 38 20.680  1.02  43
