   103313  40.387142 -124.284692    30.567       65.6       15.8      -33.2     81.4    128.8     72.3 2020  2 15 13  9 35.880  0.00  41
   103314  40.387122 -124.284709    30.565       64.3       13.6      -35.3     71.0    132.9     76.9 2020  2 15 12 12 19.360  0.00  41
   103315  40.387211 -124.284904    30.612       47.7       23.5       12.4     85.4     79.7     46.6 2020  3 18 22 35 28.520  0.00  41
   103318  40.386938 -124.285758    30.593      -24.9       -6.8       -6.5     98.3     73.4     59.7 2021  3 24  9 30 55.440  0.00  41
   103319  40.386943 -124.285311    30.588       13.1       -6.3      -11.8     63.9     52.8     49.2 2021  8 17  5 27  3.920  0.00  41
   103320  40.386625 -124.283529    30.585      164.5      -41.6      -14.5    217.1     84.5     46.0 2021  9 14  9 59 47.740  0.00  41
   103322  40.385783 -124.276514    30.564      760.1     -135.1      -35.6    341.4    167.0     94.6 2021 11  3  0 28 20.280  0.00  41
   103323  40.386869 -124.286011    30.578      -46.3      -14.5      -22.1    145.2    102.9     61.4 2021 11  3  6 31 54.860  0.00  41
   103325  40.385954 -124.280518    30.575      420.1     -116.1      -25.2    471.7     92.0     50.7 2021 11 13  5 33 46.340  0.00  41
   103327  40.387630 -124.285238    30.637       19.3       70.0       37.0     78.4    116.3     73.5 2021 12 20 21 25  6.680  0.00  41
   103328  40.387292 -124.285205    30.624       22.1       32.5       23.9     74.2     78.7     59.3 2021 12 20 20 24 46.540  0.00  41
   103329  40.387402 -124.288005    30.622     -215.6       44.7       22.3    207.8     79.4     49.7 2021 12 20 20 56 50.100  0.00  41
   103330  40.385954 -124.287931    30.563     -209.4     -116.1      -36.8     92.7     72.9     48.6 2021 12 20 22 41  8.120  0.00  41
   103331  40.386910 -124.285531    30.593       -5.5       -9.9       -7.5     78.2     72.3     50.7 2021 12 21 20 23 41.540  0.00  41
   103332  40.386983 -124.285278    30.601       15.9       -1.8        0.8     91.0     71.6     50.6 2021 12 21  0  9 50.600  0.00  41
   103333  40.386902 -124.285368    30.579        8.3      -10.8      -21.2     89.7     33.9     71.2 2021 12 21  2 46  7.160  0.00  41
   103337  40.387496 -124.286670    30.620     -102.3       55.1       20.4    153.5     93.0     54.2 2021 12 21  4 41 45.900  0.00  41
   103341  40.387878 -124.287191    30.633     -146.5       97.6       33.3    131.2    112.8     81.7 2021 12 21  1 59 38.600  0.00  41
   103345  40.386296 -124.285417    30.578        4.1      -78.2      -22.4     62.0     83.2     45.0 2021 12 22 12  3 31.780  0.00  41
   103348  40.387618 -124.286792    30.626     -112.6       68.7       26.1    127.5    122.8     75.2 2021 12 25 13  9 17.400  0.00  41
   103349  40.390141 -124.287435    30.727     -167.2      348.8      127.1   1007.7    258.9    146.1 2021 12 25  2 19 30.600  0.00  41
   103350  40.386930 -124.285409    30.607        4.8       -7.7        7.4     91.8     71.6     62.6 2021 12 26  4 29 53.280  0.00  41
   103353  40.387406 -124.286621    30.613      -98.1       45.2       13.2    157.9    119.3     69.8 2022  1  1 16 21 37.340  0.00  41
   103354  40.387419 -124.288224    30.603     -234.2       46.5        3.0    210.8     84.4     52.3 2022  1  7  0 16 26.240  0.00  41
   103356  40.387036 -124.285148    30.602       26.9        4.1        1.6     99.0     63.6     47.0 2022  1 20  8 13 37.120  0.00  41
   103361  40.387118 -124.285254    30.607       18.0       13.1        7.3     97.5     77.8     48.8 2022  4 25 14 43 53.920  0.00  41
   103363  40.387402 -124.285352    30.639        9.7       44.7       39.4     58.4    119.8     79.6 2022  5 15  0 24 23.100  0.00  41
   103366  40.386845 -124.285409    30.593        4.8      -17.2       -7.2     62.3     71.5     52.2 2022  6 29 19 18 19.300  0.00  41
   103367  40.387606 -124.280754    30.600      400.1       67.3        0.4    310.3    105.1     56.9 2022  8  2 13 46 54.320  0.00  41
   103369  40.386934 -124.285921    30.593      -38.7       -7.2       -6.6    124.8     70.6     45.7 2022  9  1 22 17 11.240  0.00  41
   103370  40.387773 -124.287793    30.580     -197.6       85.8      -19.9    494.2     92.0     50.6 2022 10 13  6  5 38.260  0.00  41
   110320  40.386894 -124.285449    30.600        1.4      -11.7       -0.4     58.8     61.8     44.4 2023  5  3 16 44 54.560  1.67  41
