   104838  40.291699 -124.389502    21.370       -2.8       -0.9       -0.0      0.2      0.1      0.2 2020  1 25 14 20 47.820  0.00  34
   104839  40.291699 -124.389502    21.370       -2.8       -0.9       -0.0      0.2      0.1      0.2 2020  1 25 14 22 23.940  0.00  34
   104842  40.291699 -124.389502    21.370       -2.8       -0.9       -0.1      0.3      0.3      0.4 2020  3 13 13 44 40.320  0.00  34
   104843  40.291699 -124.389502    21.370       -2.8       -0.9        0.0      0.1      0.2      0.1 2020  5 23 16 19  5.400  0.00  34
   104844  40.291699 -124.389502    21.370       -2.8       -0.9        0.0      0.1      0.3      0.1 2020  5 24 12  7 13.140  0.00  34
   104845  40.291699 -124.389502    21.370       -2.8       -0.9        0.0      0.1      0.2      0.0 2020  6  5 12  0 20.420  0.00  34
   104848  40.291699 -124.389502    21.370       -2.8       -0.9       -0.0      0.2      0.1      0.2 2020 12 25 11 55 38.020  0.00  34
   104849  40.291699 -124.389502    21.370       -2.8       -0.9       -0.0      0.2      0.1      0.2 2020 12 25 14 25 57.040  0.00  34
   104850  40.291699 -124.389502    21.370       -2.8       -0.9       -0.0      0.2      0.1      0.2 2021  1 13 10  0 21.440  0.00  34
   104851  40.291699 -124.389502    21.370       -2.8       -0.9        0.0      0.2      0.3      0.2 2021  2  5 11 24  9.360  0.00  34
   104854  40.291699 -124.389502    21.370       -2.8       -0.9        0.0      0.1      0.2      0.1 2021  9 17  3 49 29.860  0.00  34
   104855  40.291699 -124.389502    21.370       -2.8       -0.9        0.0      0.3      0.4      0.2 2021 10 23 10 36 54.840  0.00  34
   104857  40.291699 -124.389502    21.370       -2.8       -0.9        0.0      0.1      0.2      0.0 2021 11 10 22 12  7.100  0.00  34
   104858  40.291699 -124.389502    21.370       -2.8       -0.9        0.0      0.1      0.1      0.1 2021 11 17 11 58 34.440  0.00  34
   104859  40.291699 -124.389502    21.370       -2.8       -0.9        0.0      0.2      0.2      0.2 2021 12 20 22 16 24.420  0.00  34
   104862  40.291699 -124.389502    21.370       -2.8       -0.9        0.0      0.1      0.1      0.0 2021 12 21  0  0 44.500  0.00  34
   104863  40.291699 -124.389502    21.370       -2.8       -0.9        0.0      0.1      0.2      0.1 2021 12 21  7 32  7.940  0.00  34
   104864  40.291699 -124.389502    21.370       -2.8       -0.9        0.0      0.1      0.2      0.1 2021 12 21  7 32 38.440  0.00  34
   104866  40.291699 -124.389502    21.370       -2.8       -0.9        0.0      0.1      0.2      0.0 2021 12 21 13 12 35.900  0.00  34
   104868  40.291699 -124.389502    21.370       -2.8       -0.9        0.0      0.1      0.2      0.0 2021 12 21  7 35 40.760  0.00  34
   104869  40.291699 -124.389502    21.370       -2.8       -0.9        0.0      0.1      0.1      0.0 2021 12 21  5 59 26.840  0.00  34
   104870  40.291699 -124.389502    21.370       -2.8       -0.9        0.0      0.1      0.1      0.0 2021 12 21  2 41 56.780  0.00  34
   104872  40.291699 -124.389502    21.370       -2.8       -0.9        0.0      0.1      0.1      0.1 2021 12 21  5 35 36.300  0.00  34
   104874  40.291699 -124.389502    21.370       -2.8       -0.9        0.0      0.1      0.2      0.1 2021 12 21 13 40 27.300  0.00  34
   104875  40.291699 -124.389502    21.370       -2.8       -0.9        0.0      0.1      0.2      0.0 2021 12 22  2 25 36.120  0.00  34
   104876  40.291699 -124.389502    21.370       -2.8       -0.9        0.0      0.1      0.1      0.0 2021 12 22  4 43 41.600  0.00  34
   104878  40.291699 -124.389502    21.370       -2.8       -0.9        0.0      0.1      0.2      0.1 2021 12 23 13 23  2.200  0.00  34
   104881  40.291699 -124.389502    21.370       -2.8       -0.9        0.0      0.1      0.1      0.1 2021 12 31 17  4  4.900  0.00  34
   104884  40.291699 -124.389502    21.370       -2.8       -0.9        0.0      0.1      0.2      0.0 2022  1 28 17 21 49.780  0.00  34
   104885  40.291699 -124.389502    21.370       -2.8       -0.9        0.0      0.1      0.1      0.1 2022  1 28 15 57 19.160  0.00  34
   104886  40.291699 -124.389502    21.370       -2.8       -0.9        0.0      0.1      0.2      0.1 2022  1 28 15 48 35.980  0.00  34
   104888  40.291699 -124.389502    21.370       -2.8       -0.9        0.0      0.1      0.2      0.0 2022  2 22  1 59 45.720  0.00  34
   104889  40.291699 -124.389502    21.370       -2.8       -0.9        0.0      0.1      0.1      0.1 2022  9  2 17 28 49.180  0.00  34
   110352  40.291699 -124.389502    21.370       -2.8       -0.9        0.0      0.1      0.1      0.1 2023  3 28  2 26 28.480  2.85  34
