   102927  40.321899 -124.623877    11.323    -5713.7     3276.6    -2103.3      2.9      8.6      9.2 2020  1  9 16 12 46.120  0.00   5
   102930  40.328577 -124.623877     9.821    -5713.4     4018.1    -3604.6      3.2      3.6      4.5 2020  7 10 11 40 51.780  0.00   5
   102931  40.328516 -124.623267     9.831    -5661.5     4011.3    -3594.5      2.7      3.3      4.2 2020 10  2  5 29 51.580  0.00   5
   102932  40.328748 -124.623218     9.656    -5657.4     4037.1    -3769.5      2.5      3.3      4.3 2020 12 29 18 56 53.340  0.00   5
   102933  40.324776 -124.620174     9.103    -5398.8     3596.1    -4323.3      5.2     16.4      9.6 2021  2 19 14 49 13.520  0.00   5
   102934  40.344430 -124.623657     8.817    -5694.1     5778.4    -4609.4      6.1     13.9     11.0 2021  8 23 20 46 18.340  0.00   5
   102935  40.329447 -124.622241     9.272    -5574.3     4114.8    -4154.2      3.2      5.5      6.2 2021 10 19  7 54 31.220  0.00   5
   102936  40.328967 -124.623381     9.643    -5671.2     4061.5    -3783.0      3.0      3.5      4.5 2021 11  9 11 28 29.120  0.00   5
   102937  40.329260 -124.623641     9.914    -5693.3     4094.0    -3512.0      2.3      4.0      5.0 2021 11 28 21 38 37.840  0.00   5
   102939  40.329016 -124.623299     9.621    -5664.3     4066.9    -3804.6      3.6      3.4      4.6 2021 12 21 23 30 13.180  0.00   5
   102940  40.321761 -124.621948    10.897    -5549.7     3261.3    -2528.9      5.3     13.9     13.4 2021 12 23  8 43 26.880  0.00   5
   102944  40.328235 -124.621737     9.977    -5531.5     3980.1    -3449.0      2.2      3.6      3.8 2022  1 19  8 10 37.440  0.00   5
   102946  40.329167 -124.623047     9.357    -5642.8     4083.6    -4068.6      2.7      3.5      5.9 2022  4 11  4  4 28.440  0.00   5
   102948  40.332145 -124.622624    10.170    -5606.7     4414.3    -3255.6      8.0      9.0     16.6 2022  4 19  9 28 33.920  0.00   5
   102949  40.327059 -124.623958    10.274    -5720.4     3849.5    -3151.5      3.0      3.6      5.5 2022  5  2 22 28 32.800  0.00   5
   102950  40.330098 -124.623234     8.891    -5658.7     4187.1    -4534.9      4.3      6.8      6.2 2022  6 24  0 54  1.540  0.00   5
   102951  40.327942 -124.625960     9.917    -5890.5     3947.6    -3509.2      4.9      4.1      4.9 2022  7 14 16 54 29.000  0.00   5
   102952  40.328031 -124.624333     9.917    -5752.2     3957.5    -3509.1      3.0      3.5      4.6 2022  7 22 12 35 35.500  0.00   5
   102953  40.334208 -124.619954     8.679    -5379.8     4643.4    -4747.4      3.4     10.4      8.5 2022  9 19  8 27  9.760  0.00   5
   102955  40.334351 -124.622030     9.431    -5556.1     4659.2    -3994.5      5.7      7.1      9.4 2022 10  7  7 29 37.760  0.00   5
   102957  40.302018 -124.557048    14.849      -32.5     1069.0     1423.1      6.0      6.4     10.0 2020  1  9  0 25 18.340  0.00   5
   102958  40.296261 -124.558146    15.048     -125.9      429.7     1622.0      3.1      4.6      6.2 2020  1  9  5 40 55.020  0.00   5
   102959  40.306637 -124.555957    15.203       60.2     1581.8     1776.6      7.0     13.2      9.7 2020  1 10 16 19 54.400  0.00   5
   102961  40.297664 -124.557381    14.786      -60.9      585.6     1359.9      6.5      7.7     10.5 2020  5 11  5 18  3.180  0.00   5
   102962  40.255131 -124.559196    13.461     -215.3    -4137.4       35.0      0.7      3.2      1.8 2020  5 21 20 27  9.960  0.00   5
   102963  40.296045 -124.557170    16.819      -42.9      405.7     3393.3      5.6     11.0     16.1 2020  6 26 12 41 46.880  0.00   5
   102966  40.295862 -124.557536    14.863      -74.0      385.4     1436.9      2.8      4.7      5.5 2020  9 15 23 23  4.260  0.00   5
   102967  40.295178 -124.557617    13.840      -81.0      309.5      414.2      6.0     10.1     11.5 2020  9 26 13 45 23.380  0.00   5
   102968  40.298470 -124.558366    13.077     -144.6      675.0     -348.5      4.5     13.3     15.6 2020 10  7 23 57 11.980  0.00   5
   102969  40.299146 -124.556722    13.416       -4.8      750.0       -9.8      5.0      8.9     11.7 2021  3 21  4 39 28.380  0.00   5
   102970  40.296086 -124.557585    14.782      -78.2      410.3     1356.4      3.1      4.8      5.6 2021  5 26  0 52 22.700  0.00   5
   102971  40.289628 -124.559399    13.990     -232.5     -306.8      563.6      2.6      5.6      3.8 2021  6  7  3 30 47.660  0.00   5
   102972  40.297099 -124.558219    13.992     -132.2      522.8      566.5      3.9      4.4      7.4 2021  6 26 19 49 41.240  0.00   5
   102974  40.254997 -124.559196    13.456     -215.3    -4152.3       30.0      0.7      1.9      1.5 2021  8 18  7 53 43.320  0.00   5
   102976  40.296029 -124.557707    14.670      -88.6      403.9     1244.2      3.7      4.4      7.2 2021 10 14 12 29 46.820  0.00   5
   102977  40.254785 -124.559196    13.448     -215.3    -4175.8       21.9      0.8      3.5      2.3 2021 12  9 17 52 24.880  0.00   5
   102978  40.294067 -124.557780    15.267      -94.8      186.2     1840.9      5.7      9.7     11.4 2021 12 20 14 26 22.420  0.00   5
   102979  40.295638 -124.556323    14.863       29.1      360.6     1437.2      4.1      4.9      6.3 2022  1  5 13 58 42.900  0.00   5
   102981  40.291459 -124.557943    14.775     -108.6     -103.5     1349.5      5.1      8.7     10.6 2022  2 19 22 27 17.340  0.00   5
   102982  40.296151 -124.557202    15.040      -45.7      417.5     1614.2      4.2      6.5      9.6 2022  4 22 22 11  8.700  0.00   5
   102983  40.298751 -124.557218    15.295      -47.1      706.2     1868.7      3.2      8.1      7.2 2022  5 14  6  2 12.840  0.00   5
   102984  40.294491 -124.556356    14.849       26.3      233.1     1422.9      5.4     14.7     12.3 2022  5 27 21 21 41.400  0.00   5
   102986  40.300028 -124.558089    13.213     -121.1      848.1     -213.2      3.3      5.3      9.7 2022  6 10  0 40 50.580  0.00   5
   102987  40.296366 -124.557951    14.793     -109.3      441.4     1367.5      3.1      5.6      6.2 2022  6 11  1 51  4.680  0.00   5
   102988  40.295203 -124.557593    15.057      -78.9      312.2     1631.2      5.0      8.2     10.1 2022  7 24 10  6 19.260  0.00   5
   102989  40.296375 -124.557275    14.907      -51.9      442.3     1481.1      2.9      4.4      4.7 2022  8 12  8 51 14.040  0.00   5
   102990  40.294425 -124.558643    14.792     -168.1      225.9     1365.9      2.9      4.6      6.7 2022  8 26  5 13 30.220  0.00   5
   105011  40.293583 -124.534928    16.058     1848.2      132.4     2631.7      3.8     15.8      8.5 2021  9 14 19 33 56.900  0.00   5
   105019  40.291325 -124.534237    16.243     1907.1     -118.4     2817.3      3.7     10.7      9.6 2021 12 17 16 25 12.180  0.00   5
   105020  40.290674 -124.533488    16.046     1970.7     -190.7     2619.7      3.8      5.7     10.7 2021 12 21  3 42 22.440  0.00   5
   105021  40.292090 -124.533472    16.153     1972.1      -33.4     2727.2      2.9     16.4      7.2 2021 12 21  3 24 24.160  0.00   5
   105023  40.289803 -124.534001    15.976     1927.2     -287.4     2549.9      3.4      9.0     10.1 2021 12 21 14 59  6.880  0.00   5
   105029  40.283512 -124.534774    16.227     1861.5     -985.9     2800.8      3.0      6.3      9.2 2021 12 21 16 17 37.440  0.00   5
   105030  40.269344 -124.529167    17.122     2338.5    -2559.1     3696.4      6.3     11.1      8.5 2021 12 21  5  0 54.580  0.00   5
   105031  40.276347 -124.532454    15.095     2058.8    -1781.5     1669.0      3.0     11.4      5.1 2021 12 21 12 38 45.420  0.00   5
   105033  40.285474 -124.533708    16.481     1952.1     -768.1     3055.0      3.7      7.9      7.0 2021 12 21  9 13 54.680  0.00   5
   105038  40.285404 -124.533708    16.718     1952.1     -775.8     3291.8      4.1     11.0     11.4 2021 12 26  7 58 23.160  0.00   5
   105039  40.283744 -124.531470    16.454     2142.5     -960.1     3028.3      3.4      7.7      6.7 2021 12 27  5 43 54.680  0.00   5
   105041  40.283830 -124.534798    16.251     1859.4     -950.6     2824.8      2.8      7.5      6.8 2022  2 11 20 35 36.260  0.00   5
   105043  40.280029 -124.531331    16.593     2154.3    -1372.6     3166.7      2.7     10.5      5.9 2022  4 21  0 49 10.600  0.00   5
   105368  40.289201 -124.539893    10.836     1426.2     -354.2    -2589.5      3.4      6.5     10.4 2020  2  1  1 58 46.340  0.00   5
   105369  40.294173 -124.537785     7.811     1605.3      197.9    -5614.5      4.2      8.9      7.0 2020  4 19 18  7 57.940  0.00   5
   105370  40.273083 -124.534717    15.724     1866.5    -2143.9     2297.6      5.3      7.9     13.8 2020  8 14 11 27 29.760  0.00   5
   105371  40.281502 -124.538485    12.377     1546.0    -1209.1    -1049.0      4.3     11.3     18.8 2020  9 12 12 44  3.120  0.00   5
   105374  40.281551 -124.539567    12.313     1453.9    -1203.7    -1113.0      4.6     12.2     24.1 2021  9 13 23  5 20.040  0.00   5
   105376  40.288057 -124.538517    11.080     1543.1     -481.2    -2345.7      4.1     10.3      9.5 2021 10 28 10 57 51.840  0.00   5
   105377  40.288391 -124.539445    10.970     1464.2     -444.1    -2455.9      3.7      7.2     10.2 2021 11 15  6 11 30.560  0.00   5
   105379  40.289921 -124.539526    10.814     1457.3     -274.3    -2611.9      3.9      7.0     11.4 2022  1 31 19  7 30.320  0.00   5
   105380  40.290409 -124.537785    10.861     1605.4     -220.0    -2564.5      4.1     10.4     13.0 2022  5  7 21  0 16.060  0.00   5
   105381  40.287500 -124.538582    11.011     1537.6     -543.1    -2415.4      3.6      8.6     10.7 2022  6  7  9 50 42.720  0.00   5
   105383  40.288216 -124.538989    10.861     1503.0     -463.6    -2564.6      5.2     12.4     13.5 2022  8 18 13 36  2.300  0.00   5
   106680  40.274337 -124.556982    17.589      -27.0    -2004.7     4163.1      3.5      6.0      5.0 2020  2 22 19  6 52.320  0.00   5
   106684  40.273657 -124.557145    17.593      -40.8    -2080.2     4167.4      3.0      5.7      5.7 2020  7 11  9 46  0.560  0.00   5
   106685  40.274316 -124.557104    17.548      -37.4    -2007.0     4122.5      3.0      5.4      5.2 2020  7 24 16 55 42.900  0.00   5
   106687  40.281458 -124.557682    17.665      -86.5    -1214.1     4239.5      4.3     14.3     12.6 2020 10  2  4 24 47.100  0.00   5
   106695  40.276400 -124.557764    17.699      -93.4    -1775.7     4272.9      5.5     11.0     11.3 2021  7 16  7  9  5.340  0.00   5
   106696  40.280986 -124.557788    17.793      -95.5    -1266.5     4366.7      3.4      9.7     10.4 2021  7 18  4 33 15.200  0.00   5
   106697  40.274422 -124.557479    17.571      -69.2    -1995.3     4144.7      2.6      5.7      5.9 2021  7 27 10 19 27.640  0.00   5
   106700  40.279761 -124.558089    16.999     -121.1    -1402.5     3572.7      4.0     12.4     13.3 2021  8 24 13 36 31.660  0.00   5
   106706  40.273946 -124.556779    17.542       -9.7    -2048.1     4116.3      3.1      6.6      5.4 2021 12 21  0 21 19.000  0.00   5
   106710  40.274797 -124.557202    17.455      -45.7    -1953.7     4028.7      2.3      5.8      5.0 2022  1  6 21 12 58.500  0.00   5
   106711  40.273519 -124.557536    17.640      -74.1    -2095.6     4214.1      3.7      6.3      6.0 2022  1 23 11 45  1.040  0.00   5
   106713  40.273299 -124.558171    17.448     -128.0    -2120.0     4022.1      3.4      5.6      6.6 2022  3  7 10 52 39.260  0.00   5
   106714  40.276001 -124.557992    17.636     -112.8    -1819.9     4209.7      5.1     10.4      6.3 2022  4  6 12 30 20.240  0.00   5
   106716  40.269767 -124.555648    17.989       86.5    -2512.1     4562.6      3.0      6.5      5.6 2022  6  3  4 32 25.640  0.00   5
   106718  40.274593 -124.558073    17.245     -119.7    -1976.3     3818.7      4.0      7.8      8.8 2022  6 15 20 50 14.340  0.00   5
   106719  40.277291 -124.556185    18.935       40.8    -1676.7     5509.5      3.8     10.0     12.1 2022  8  6  0 50 42.000  0.00   5
   106720  40.280306 -124.557886    17.559     -103.8    -1341.9     4133.2      5.2     12.3     12.4 2022  8 11  6 16 43.060  0.00   5
   106721  40.279704 -124.558032    16.999     -116.3    -1408.8     3573.3      4.8      9.1      9.8 2022  8 21 10 39 36.560  0.00   5
   106722  40.274304 -124.557227    17.509      -47.8    -2008.4     4082.8      2.8      5.7      5.1 2022  9 18 22 30 39.860  0.00   5
   106724  40.276839 -124.556714    17.778       -4.2    -1726.9     4352.1      4.4      5.3      4.6 2022 11 23 23 40 19.840  0.00   5
   107850  40.303182 -124.541732    18.599     1269.7     1198.2     5173.2      8.1     26.0     11.4 2020  3 18 10 33 16.280  0.00   5
   107851  40.298596 -124.543587    19.609     1111.9      689.0     6183.4      4.8      9.2     10.2 2020  7 23  7 57 52.860  0.00   5
   107854  40.302474 -124.544417    18.614     1041.3     1119.6     5188.4      5.1      5.6      4.5 2021  2 23 21 22 50.460  0.00   5
   107855  40.306771 -124.544214    18.428     1058.6     1596.7     5002.3      5.1      9.9      8.7 2021  3  1 21 39  8.000  0.00   5
   107856  40.294189 -124.551766    18.729      416.6      199.7     5302.7      5.5     11.9     14.1 2021  5 30 21 13 23.020  0.00   5
   107857  40.303796 -124.545361    18.323      961.1     1266.5     4897.3      2.6      5.3      6.2 2021  8 10 16 52 12.400  0.00   5
   107858  40.305473 -124.545182    18.353      976.3     1452.6     4927.0      3.3      5.2      4.2 2021 10 30 23 24 21.000  0.00   5
   107859  40.304175 -124.545101    18.605      983.2     1308.5     5179.0      3.2      7.2      8.5 2021 10 31  0  6 14.000  0.00   5
   107860  40.305408 -124.545646    18.347      936.8     1445.4     4920.9      3.5      6.1      7.9 2021 11  1  0  2 32.120  0.00   5
   107863  40.303300 -124.544458    18.410     1037.9     1211.3     4983.9      2.8      5.8      5.3 2021 12 11 17 33  8.300  0.00   5
   107867  40.302885 -124.545955    18.367      910.6     1165.3     4940.6      3.3      7.7      7.9 2022  8 11  3 22 48.620  0.00   5
   107868  40.303308 -124.544979    18.625      993.6     1212.2     5199.5      4.7      5.8      4.8 2022 10  5 10 28  0.800  0.00   5
   107869  40.303418 -124.542643    18.476     1192.2     1224.4     5050.2      3.4      5.7      4.7 2022 10 29  1 50 33.240  0.00   5
   108328  40.357202 -124.569775     4.656    -1114.2     7196.7    -8769.8      5.1      8.9      9.8 2020  4  5  1 31 54.900  0.00   5
   108329  40.330212 -124.568075     3.024     -969.9     4199.7   -10401.8      2.6      2.8      3.3 2020 12 28 14 19 23.260  0.00   5
   108330  40.330717 -124.569466     4.028    -1088.2     4255.7    -9397.7      2.8     10.8      5.9 2021  2  8 21 55 39.180  0.00   5
   108331  40.327852 -124.568612     3.089    -1015.5     3937.7   -10336.8      4.3      4.7      4.1 2021  5 31 14 18  8.300  0.00   5
   108334  40.335229 -124.567692     3.101     -937.3     4756.8   -10324.8      3.1      4.8      4.2 2022  1 23  9 42 53.580  0.00   5
   108336  40.330160 -124.567928     2.985     -957.4     4193.8   -10440.8      2.7      3.1      3.2 2022  8 25  9 19 46.880  0.00   5
   108337  40.329224 -124.567977     3.056     -961.6     4089.9   -10369.7      3.4      5.9      4.3 2022  8 30 16 15 52.160  0.00   5
   108338  40.330542 -124.568913     3.727    -1041.1     4236.3    -9699.1      3.8     13.8      5.5 2022  8 31 20 32 49.120  0.00   5
   108522  40.292367 -124.519255     9.149     3181.0       -2.7    -4277.0      3.8      6.5      8.0 2020  8 27  8 48 36.060  0.00   5
   108523  40.296293 -124.518123     7.568     3277.0      433.3    -5858.3      5.1      8.8      9.2 2020 11 19  0  1 55.140  0.00   5
   108525  40.300789 -124.518449     7.219     3249.3      932.6    -6207.3      4.1     10.8      8.1 2020 12 22 13 56 55.800  0.00   5
   108526  40.294983 -124.519255     7.410     3180.9      287.8    -6016.0      4.5      7.4      8.3 2020 12 22  2 31 25.280  0.00   5
   108527  40.294401 -124.519832     7.966     3131.8      223.2    -5460.0      3.8      4.5      7.1 2021  3  6  5 49 50.980  0.00   5
   108528  40.282674 -124.519198     9.638     3186.0    -1079.0    -3787.6      3.9     14.4      8.3 2021  3  7  9 29 35.160  0.00   5
   108529  40.302299 -124.518123     7.384     3276.9     1100.2    -6041.6      7.4     23.6     16.3 2021  3 22 14 28 21.180  0.00   5
   108531  40.301367 -124.519751     7.956     3138.5      996.7    -5470.0      5.2     13.8      9.7 2021  3 22 15 19 46.300  0.00   5
   108532  40.277153 -124.520256     5.209     3096.2    -1692.1    -8216.6      4.8     18.7      9.5 2021  3 27 20 11 40.180  0.00   5
   108533  40.299740 -124.518823     7.626     3217.5      816.0    -5799.8      4.0      6.7      8.4 2021  3 28  8 38 14.200  0.00   5
   108534  40.285152 -124.519124     9.242     3192.2     -803.8    -4184.4      7.4     22.2     16.8 2021  3 28  5 19 46.660  0.00   5
   108537  40.286849 -124.518457     4.616     3248.9     -615.4    -8810.0      4.1     15.9     11.2 2021  5 23 16 14  8.300  0.00   5
   108542  40.300818 -124.518490     7.360     3245.8      935.7    -6066.2      7.2     16.9     15.5 2022  1  7 18 16 14.140  0.00   5
   108546  40.292297 -124.519360     7.916     3172.0      -10.4    -5510.4      3.5      8.9      6.5 2022  8  3 22 11 41.100  0.00   5
   108547  40.302425 -124.519661     7.986     3146.1     1114.2    -5439.6      4.6     16.2     13.1 2022  9 28  8 42 51.820  0.00   5
   108548  40.303072 -124.519971     7.971     3119.8     1186.0    -5454.6      4.7     16.1     11.5 2022  9 28  8 39 11.060  0.00   5
   108549  40.299943 -124.518465     7.508     3247.9      838.6    -5917.9      3.2     11.3     10.4 2022 10  9  8 23  0.040  0.00   5
   108551  40.305180 -124.519881     9.560     3127.4     1420.1    -3866.3      4.4     14.3     14.4 2022 10 27 19 46 36.020  0.00   5
   108552  40.293990 -124.519189     7.508     3186.5      177.6    -5918.1      4.4      7.0      6.8 2022 11 21 18 13 32.080  0.00   5
   108553  40.293884 -124.518742     7.458     3224.5      165.8    -5968.1      4.1      8.0      8.2 2022 11 22  5 12  0.300  0.00   5
   108554  40.297522 -124.519019     7.736     3200.9      569.8    -5689.8      4.2      7.2      6.0 2022 11 22  5 12 34.720  0.00   5
   108762  40.296004 -124.552604    10.970      345.3      401.2    -2455.8      3.3      4.1      5.2 2020  6 18 16  6 43.080  0.00   5
   108763  40.295060 -124.555111    10.894      132.2      296.4    -2531.7      3.6      7.1      6.8 2021 11 11 11 57 34.060  0.00   5
   108764  40.303882 -124.554264     9.921      204.1     1276.0    -3504.7      4.8      8.6      7.8 2022  1  9  2 48 12.520  0.00   5
   108765  40.302466 -124.556209    10.215       38.7     1118.7    -3211.2      4.2      5.8      6.2 2022  5 12  9 11 34.360  0.00   5
   108766  40.292977 -124.553475    10.990      271.2       65.1    -2436.4      3.1      4.8      4.9 2022  6  7  9 49  1.260  0.00   5
   109011  40.303979 -124.574064    13.917    -1479.3     1286.8      490.8      5.9     14.3     10.6 2021  7 14 15 14  4.960  0.00   5
   109012  40.318127 -124.572054    17.479    -1308.3     2857.8     4053.5      9.3     20.5     19.3 2022  5 15 19 18 57.920  0.00   5
   109014  40.306970 -124.574715    13.387    -1534.6     1618.9      -38.8      6.5     18.9     17.7 2022  7 23 23  7 35.680  0.00   5
   110256  40.322843 -124.565666    11.664     -765.1     3381.5    -1761.6      4.2      9.5      7.8 2022  8  2 21 55 39.100  0.00   5
   110258  40.335327 -124.562524    12.684     -498.1     4767.7     -742.4      5.7     13.1     16.7 2022  8  2 21 44 11.520  0.00   5
   110264  40.336499 -124.561174    13.134     -383.2     4897.8     -291.7      3.7     12.9     13.4 2022  8  7 15 10 49.300  0.00   5
   110312  40.328182 -124.624259    10.018    -5745.9     3974.2    -3407.8      2.4      3.5      6.7 2022 12 19 12 20 31.700  1.28   5
   110313  40.295980 -124.557625    14.854      -81.6      398.5     1428.4      2.7      3.1      4.5 2023  2  9  8  8 42.800  2.99   5
   110357  40.293559 -124.535343    16.761     1812.9      129.7     3335.0      1.7      4.8      4.5 2023  4 23 16  9  0.470  1.48   5
   110366  40.288159 -124.538786    10.951     1520.3     -469.9    -2475.4      3.4      6.2      9.1 2023  2 15  9 40 37.830  1.30   5
   110413  40.274410 -124.558008    17.553     -114.2    -1996.6     4126.7      2.4      4.7      3.6 2023  3 25 19 24 32.400  1.25   5
   110459  40.303849 -124.544954    18.525      995.7     1272.3     5098.7      2.0      4.1      3.7 2023  2 23  1 16  2.860  1.71   5
   110492  40.330432 -124.567562     2.951     -926.3     4224.1   -10474.6      2.7      2.7      3.0 2023  4 17  9 13 51.230  2.06   5
   110520  40.293896 -124.519718     7.497     3141.5      167.2    -5928.9      3.3      4.1      6.2 2023  1 16  3 19  0.680  1.26   5
   110550  40.295239 -124.553141    10.910      299.6      316.3    -2516.3      2.3      4.0      4.0 2023  3 30 19 31 15.280  1.92   5
   110583  40.312044 -124.572949    15.105    -1384.4     2182.3     1678.9      4.9     12.7     14.7 2023  2  7 18 35 28.040  1.14   5
   110795  40.335583 -124.560522    13.079     -327.9     4796.1     -346.5      4.1      9.6      8.6 2023  2 25 22 37 46.280  1.26   5
