   105726  40.376432 -124.250659    26.393      326.2     -517.3     -908.4     60.3     89.0     55.5 2020  4  8  8 21 58.120  0.00  14
   105730  40.376359 -124.250887    26.402      306.8     -525.5     -899.0     54.5     75.1     45.1 2020  8 18 23 54 39.920  0.00  14
   105732  40.376412 -124.250798    26.400      314.4     -519.6     -901.6     77.5    111.3     67.3 2020 12 18 23 41 26.600  0.00  14
   105733  40.376416 -124.250846    26.401      310.3     -519.2     -900.7     47.4     88.4     42.5 2021  3 13  9 16 42.120  0.00  14
   105734  40.376343 -124.250814    26.397      313.1     -527.3     -904.0     64.0     68.9     52.3 2021  3 28 18 51 39.620  0.00  14
   105739  40.376314 -124.250871    26.391      308.2     -530.5     -910.7     66.7     79.4     47.8 2021  8 26  7 46  5.300  0.00  14
   105740  40.376265 -124.250960    26.397      300.6     -535.9     -903.9     59.1     86.9     49.5 2021 11  3  0 24 55.500  0.00  14
   105742  40.376379 -124.250854    26.402      309.6     -523.2     -898.9     54.8     81.9     44.0 2021 11  3  0 56  1.640  0.00  14
   105743  40.376685 -124.250513    26.389      338.6     -489.3     -911.7     75.8     96.4     60.8 2021 11  3  7 36 58.280  0.00  14
   105744  40.376082 -124.250968    26.397      299.9     -556.2     -903.9     77.9     99.1     68.5 2021 11  3  4 55 54.820  0.00  14
   105745  40.376363 -124.250895    26.398      306.1     -525.0     -902.8     72.5     87.2     47.8 2021 11  3  3 50 44.720  0.00  14
   105747  40.376241 -124.250806    26.393      313.8     -538.6     -907.7    122.5     98.2     80.8 2021 11  3  2 39 53.560  0.00  14
   105749  40.376326 -124.250781    26.397      315.8     -529.1     -904.1     64.3     74.6     53.4 2021 11  3  2 37 16.800  0.00  14
   105750  40.376412 -124.250846    26.399      310.3     -519.6     -902.5     49.7     92.9     43.3 2021 11  3  0 41 54.400  0.00  14
   105751  40.376392 -124.250854    26.402      309.6     -521.9     -899.2     51.8     71.8     36.0 2021 11  3  0 39 12.580  0.00  14
   105752  40.376343 -124.250814    26.400      313.1     -527.3     -900.8     75.8     74.9     54.6 2021 11  3  0 34 13.400  0.00  14
   105754  40.376265 -124.250977    26.393      299.2     -535.9     -908.5     83.2     82.2     60.5 2021 11  3  0 32  6.680  0.00  14
   105757  40.376367 -124.250887    26.402      306.8     -524.6     -898.8     51.9     74.4     43.7 2021 11  4  7 12  1.600  0.00  14
   105762  40.376095 -124.250863    26.392      308.9     -554.8     -909.3     85.6     93.7     60.2 2021 11 11 13 42 18.820  0.00  14
   105763  40.376196 -124.250977    26.392      299.2     -543.6     -908.9     60.7     83.4     43.5 2021 12 20 22  5 44.360  0.00  14
   105764  40.376302 -124.250928    26.399      303.4     -531.8     -902.3     64.7     65.2     54.9 2021 12 20 21 35 24.780  0.00  14
   105765  40.376107 -124.250911    26.384      304.8     -553.5     -916.8    118.2     86.1     68.1 2021 12 20 20 32  9.520  0.00  14
   105768  40.376322 -124.250879    26.397      307.5     -529.5     -904.3     64.4     89.5     55.2 2021 12 21  6 11 58.360  0.00  14
   105769  40.376457 -124.250846    26.402      310.3     -514.6     -899.7     59.4     90.6     51.3 2021 12 21  7 56 43.800  0.00  14
   105772  40.376310 -124.250887    26.396      306.8     -530.9     -904.7     85.7     85.9     81.1 2021 12 21  0 19 42.020  0.00  14
   105774  40.376123 -124.251025    26.394      295.1     -551.7     -907.5     93.9     86.9     77.4 2021 12 21 20 50 48.500  0.00  14
   105775  40.376335 -124.250822    26.397      312.4     -528.2     -904.6     63.6     82.9     47.9 2021 12 22  3 33 33.340  0.00  14
   105777  40.376326 -124.250838    26.399      311.0     -529.1     -902.6     40.8     86.4     33.5 2021 12 22 18 39 56.880  0.00  14
   105778  40.376278 -124.250911    26.388      304.8     -534.5     -912.7     88.7     86.1     69.1 2021 12 22  3  7 48.260  0.00  14
   105780  40.376355 -124.251790    26.379      230.1     -525.9     -922.0     74.6     59.0     61.9 2021 12 24  3 24 30.240  0.00  14
   105782  40.376290 -124.250871    26.397      308.2     -533.2     -904.3     53.9     90.1     48.4 2021 12 24 10 12  5.420  0.00  14
   105784  40.376286 -124.250903    26.401      305.5     -533.6     -900.6     59.4     74.6     51.0 2021 12 25 17 31 35.020  0.00  14
   105787  40.376298 -124.250928    26.399      303.4     -532.3     -902.4     61.6     66.1     52.8 2021 12 26 19 40 33.940  0.00  14
   105789  40.376253 -124.250879    26.400      307.5     -537.2     -900.8     72.4    117.4     70.7 2021 12 29 23 58 51.860  0.00  14
   105791  40.376298 -124.250854    26.397      309.6     -532.3     -904.5     48.5     81.5     43.6 2022  1  4 13 16 11.840  0.00  14
   105793  40.376343 -124.251799    26.378      229.4     -527.3     -922.7     74.8     57.4     62.1 2022  1  9  0 23 57.200  0.00  14
   105794  40.376343 -124.250814    26.400      313.1     -527.3     -900.7     76.2     73.0     54.8 2022  1  9  0 25 32.700  0.00  14
   105796  40.376172 -124.251896    26.371      221.1     -546.3     -930.1     88.0     60.6     70.6 2022  1 26 19 43 31.500  0.00  14
   105798  40.376351 -124.250854    26.401      309.6     -526.4     -900.1     76.2    109.9     66.4 2022  2  6 19 27 40.580  0.00  14
   105802  40.376314 -124.250830    26.397      311.7     -530.5     -903.8     59.3     71.3     52.5 2022  3 23  1 53 21.540  0.00  14
   107897  40.397489 -124.261060    28.197     -556.9     1820.9      895.6    143.8    116.1    101.9 2020  6 13 20  4 41.920  0.00  14
   107899  40.396448 -124.261857    28.198     -624.6     1705.2      897.2    105.3     82.5     60.9 2021 11  3 20 34 30.060  0.00  14
   107900  40.396456 -124.261857    28.198     -624.6     1706.1      896.5    106.1     84.7     60.8 2021 11  3  5 51 50.700  0.00  14
   107907  40.396444 -124.261873    28.198     -626.0     1704.8      897.2    107.4     82.7     61.5 2021 12 21  5  6 47.280  0.00  14
   107910  40.397225 -124.261450    28.194     -590.1     1791.5      892.9    156.6    109.3     89.8 2021 12 27  0 40 32.520  0.00  14
   107911  40.399076 -124.262248    28.211     -657.8     1997.1      910.2    133.2    112.3     79.0 2021 12 29 17 56  6.640  0.00  14
   107912  40.397843 -124.261344    28.206     -581.1     1860.2      905.2    168.9    125.4    159.4 2022  1  4  6 25 11.060  0.00  14
   107914  40.395793 -124.261947    28.144     -632.3     1632.5      842.8     93.8     99.4     84.7 2022  1 18  8 29 53.180  0.00  14
   107915  40.395927 -124.263916    28.208     -799.5     1647.4      906.7    173.1    101.7     80.4 2022  1 20 19 35 45.720  0.00  14
   107916  40.398104 -124.261979    28.203     -635.0     1889.1      901.6    102.5    112.7     96.2 2022  3 10 19 43 36.080  0.00  14
   107917  40.397282 -124.259782    28.199     -448.4     1797.8      897.9    254.3    157.6    119.1 2022  3 21 15 45 36.680  0.00  14
   107919  40.396749 -124.260824    28.179     -536.9     1738.6      877.4    115.5     81.6     72.4 2022  4 28 16 18 59.900  0.00  14
   107920  40.396448 -124.261825    28.194     -621.9     1705.2      893.0    101.6     95.4     75.5 2022  4 30 20 33  4.260  0.00  14
   107922  40.397412 -124.261133    28.205     -563.1     1812.3      903.8    171.1    134.3     89.2 2022  7  3 16 44 36.540  0.00  14
   107924  40.397282 -124.259814    28.199     -451.2     1797.8      897.7    211.2    126.9     84.3 2022  7 19  9 28  3.620  0.00  14
   107925  40.396452 -124.261857    28.198     -624.6     1705.7      897.0    105.1     81.8     61.9 2022  8 20 18 57 36.780  0.00  14
   108010  40.367660 -124.255851    30.028     -114.7    -1491.5     2726.6    184.7    125.6    110.4 2020  4  7 16 19 13.760  0.00  14
   108011  40.370475 -124.254313    30.142       15.9    -1178.8     2840.7    183.8    159.3    101.9 2021  5 20  8  1 14.180  0.00  14
   108012  40.372823 -124.249935    30.221      387.7     -918.1     2920.3    166.6    177.3    103.9 2021  6  9 14 43 15.220  0.00  14
   108013  40.368262 -124.253101    30.200      118.9    -1424.6     2898.7    175.5    131.3     90.0 2021  7 19  0 53 28.240  0.00  14
   108019  40.368172 -124.251522    30.192      253.0    -1434.6     2890.4    164.0    143.3     92.1 2021 11  3  6 42 52.940  0.00  14
   108021  40.371012 -124.257397    30.070     -246.0    -1119.2     2768.9    270.2    263.0    126.5 2021 12 21  2 47 39.000  0.00  14
   108024  40.373507 -124.254028    30.072       40.1     -842.2     2771.3    271.0    186.5    137.8 2022  1  7  2 30  4.920  0.00  14
   110380  40.376176 -124.251571    26.376      248.8     -545.8     -925.6     74.3     69.2     57.5 2022 12 26  3 17 37.280  0.86  14
   110463  40.398962 -124.262899    28.206     -713.1     1984.4      905.3    116.4    106.9     75.9 2023  5 18 12 50 14.940  1.05  14
   110471  40.367529 -124.254346    30.095       13.1    -1506.0     2794.1    168.0    125.5     92.3 2023  3 30 14 41 33.470  1.24  14
