   107373  40.473222 -124.492985    16.974       -0.7        2.7        4.3      0.2      0.4      0.5 2020  4 14  6 23  7.000  0.00  45
   107379  40.473210 -124.492985    16.973       -0.7        1.4        2.8      0.3      0.3      0.4 2020  6 15  1 46 51.580  0.00  45
   107387  40.473214 -124.493001    16.975       -2.1        1.8        4.5      0.3      0.4      0.5 2020  7 27  4 46 34.380  0.00  45
   107392  40.473238 -124.493001    16.980       -2.1        4.5       10.0      0.3      0.4      0.6 2020  8 30 19  4 40.040  0.00  45
   107394  40.473218 -124.492985    16.974       -0.7        2.3        4.4      0.3      0.4      0.4 2020  9  3 10 23 36.500  0.00  45
   107395  40.473214 -124.492961    16.968        1.4        1.8       -2.4      0.4      0.6      0.9 2020  9 29 12 22 30.880  0.00  45
   107400  40.473197 -124.492977    16.966        0.0        0.0       -4.2      0.3      0.4      0.7 2020 11 24 20 36 18.500  0.00  45
   107408  40.473201 -124.492985    16.968       -0.7        0.5       -1.5      0.3      0.4      0.6 2021  2 19 15 52  7.820  0.00  45
   107410  40.473226 -124.492993    16.976       -1.4        3.2        6.1      0.2      0.4      0.5 2021  3  7 10 35 31.160  0.00  45
   107414  40.473230 -124.493009    16.979       -2.8        3.6        9.4      0.3      0.3      0.6 2021  4 25 18 54 25.160  0.00  45
   107415  40.473197 -124.492977    16.968        0.0        0.0       -2.3      0.3      0.4      0.6 2021  4 28  6 32 18.440  0.00  45
   107416  40.473218 -124.493009    16.975       -2.8        2.3        5.1      0.3      0.4      0.6 2021  5  3  2  6 28.960  0.00  45
   107417  40.473226 -124.492993    16.975       -1.4        3.2        5.2      0.3      0.3      0.6 2021  5 30 11 37 49.540  0.00  45
   107421  40.473214 -124.493001    16.974       -2.1        1.8        4.2      0.3      0.4      0.5 2021  7 18 15  2 20.760  0.00  45
   107422  40.473201 -124.492985    16.969       -0.7        0.5       -1.1      0.3      0.3      0.5 2021  7 18 15 31 52.420  0.00  45
   107423  40.473226 -124.493009    16.977       -2.8        3.2        6.7      0.3      0.3      0.6 2021  7 27 13 51 30.020  0.00  45
   107424  40.473201 -124.492985    16.969       -0.7        0.5       -1.1      0.3      0.3      0.5 2021  7 30  0 23  4.580  0.00  45
   107425  40.473210 -124.493001    16.972       -2.1        1.4        2.4      0.3      0.3      0.5 2021  7 31  8 31  9.420  0.00  45
   107427  40.473226 -124.492993    16.975       -1.4        3.2        5.3      0.3      0.3      0.6 2021  8 22  9 57 36.520  0.00  45
   107431  40.473206 -124.492993    16.971       -1.4        0.9        0.8      0.2      0.3      0.5 2021  8 28 18 49 43.480  0.00  45
   107433  40.473226 -124.492993    16.977       -1.4        3.2        6.6      0.2      0.4      0.5 2021  9 26  9 56 24.080  0.00  45
   107439  40.473214 -124.493001    16.974       -2.1        1.8        4.5      0.2      0.3      0.5 2021 12  4  2 17  7.060  0.00  45
   107440  40.473222 -124.492985    16.975       -0.7        2.7        4.5      0.3      0.4      0.5 2021 12 29 22  3  1.540  0.00  45
   107445  40.473230 -124.493009    16.979       -2.8        3.6        9.5      0.3      0.3      0.6 2022  2 13  8 35 50.880  0.00  45
   107453  40.473197 -124.492977    16.968        0.0        0.0       -2.3      0.3      0.4      0.6 2022  5  5 12 32 31.180  0.00  45
   107460  40.473210 -124.492993    16.972       -1.4        1.4        1.6      0.2      0.3      0.5 2022 10  5 16 12 57.180  0.00  45
   107461  40.473230 -124.493009    16.980       -2.8        3.6        9.8      0.3      0.4      0.7 2022 10 18  5 42 38.700  0.00  45
   110437  40.473189 -124.493001    16.967       -2.1       -0.9       -3.4      0.2      0.3      0.5 2023  2 22  3  3 18.930  1.24  45
