   107300  40.713094 -124.395500    24.464       -0.7       -0.5        4.1     12.0     17.9     43.7 2020 10 29 13 32  8.460  0.00  59
   107302  40.713171 -124.395532    24.451       -3.4        8.1       -8.8     13.5     17.0     30.3 2021  2  5 18 58 22.480  0.00  59
   107304  40.713192 -124.395402    24.292        7.6       10.4     -168.4     18.2     19.5     84.4 2021  2 10 18 39  4.720  0.00  59
   107305  40.713224 -124.395459    24.369        2.8       14.0      -90.7     13.0     24.8     59.3 2021  3 27 19 44 22.840  0.00  59
   107309  40.713143 -124.395475    24.442        1.4        5.0      -17.6     12.0     12.9     44.5 2021  7  1  7 49  4.920  0.00  59
   107310  40.713139 -124.395435    24.357        4.8        4.5     -102.9     15.9     13.3     63.8 2021  7 28 13 54 34.920  0.00  59
   107312  40.713123 -124.395483    24.431        0.7        2.7      -29.0      9.5     14.5     40.8 2021  9  4  2 51 43.760  0.00  59
   107313  40.713135 -124.395524    24.480       -2.8        4.1       19.7     10.8     13.5     40.1 2021  9  4  3 54 10.000  0.00  59
   107314  40.713167 -124.395402    24.316        7.6        7.7     -144.0     16.5     17.9     73.0 2021  9  7  3 43 11.160  0.00  59
   107316  40.713094 -124.395443    24.384        4.1       -0.5      -75.6     19.4     12.7     70.3 2021 11 11  4 40 22.120  0.00  59
   107319  40.713086 -124.395532    24.502       -3.4       -1.4       42.0     11.2     19.7     40.8 2021 11 25 19  7 42.260  0.00  59
   107321  40.713175 -124.395524    24.450       -2.8        8.6       -9.9     11.9     16.0     28.0 2022  1  7  1 27 28.780  0.00  59
   107322  40.713175 -124.395426    24.355        5.5        8.6     -104.5     19.4     16.7     76.0 2022  3 25 15 49 48.380  0.00  59
   107323  40.713082 -124.395540    24.504       -4.1       -1.8       43.8     12.7     18.3     43.3 2022  5  3  0 18 12.600  0.00  59
   107326  40.713175 -124.395532    24.489       -3.4        8.6       29.0     14.6     17.0     47.8 2022  6 28  9 36 18.380  0.00  59
   107332  40.713200 -124.395483    24.397        0.7       11.3      -62.9     14.3     24.2     76.8 2022 11 14 17 38 58.600  0.00  59
   110430  40.713057 -124.395516    24.477       -2.1       -4.5       16.9     11.8     12.9     30.7 2023  4 18  9 17 19.780  1.42  59
