   102927  40.329012 -124.625008    11.623    -5809.6     4066.4    -1803.1    484.6   1141.3    985.3 2020  1  9 16 12 46.120  0.00   5
   102930  40.328890 -124.620614    10.178    -5436.0     4052.9    -3247.9    491.1    612.8    812.5 2020  7 10 11 40 51.780  0.00   5
   102931  40.329545 -124.620329    10.162    -5411.8     4125.6    -3263.8    456.3    690.3    572.8 2020 10  2  5 29 51.580  0.00   5
   102932  40.328894 -124.620605    10.049    -5435.3     4053.3    -3377.1    453.9    610.6    606.7 2020 12 29 18 56 53.340  0.00   5
   102933  40.332878 -124.620483     9.131    -5424.8     4495.7    -4294.9    342.5    699.0    634.3 2021  2 19 14 49 13.520  0.00   5
   102934  40.339421 -124.623250     8.557    -5659.7     5222.2    -4868.8    496.0   1413.4    840.1 2021  8 23 20 46 18.340  0.00   5
   102935  40.327039 -124.619393     9.773    -5332.3     3847.3    -3653.2    521.8    790.8   1132.3 2021 10 19  7 54 31.220  0.00   5
   102936  40.329118 -124.620492    10.096    -5425.6     4078.2    -3330.4    457.5    646.4    675.5 2021 11  9 11 28 29.120  0.00   5
   102937  40.328060 -124.621061    10.304    -5474.1     3960.7    -3121.6    454.6    755.4    678.9 2021 11 28 21 38 37.840  0.00   5
   102939  40.328695 -124.620394    10.064    -5417.3     4031.2    -3362.1    461.5    662.8    713.4 2021 12 21 23 30 13.180  0.00   5
   102940  40.322420 -124.623421    11.367    -5674.9     3334.5    -2058.7    394.9   1114.5   1025.2 2021 12 23  8 43 26.880  0.00   5
   102944  40.327950 -124.620760    10.552    -5448.5     3948.5    -2874.2    427.7    938.3    810.2 2022  1 19  8 10 37.440  0.00   5
   102946  40.329561 -124.620955     9.887    -5465.0     4127.4    -3538.6    500.3    697.5    933.9 2022  4 11  4  4 28.440  0.00   5
   102948  40.323800 -124.619832     9.785    -5369.8     3487.6    -3641.3    532.6    658.2    772.5 2022  4 19  9 28 33.920  0.00   5
   102949  40.328206 -124.620719    10.651    -5445.0     3977.0    -2774.8    460.6    446.6    972.1 2022  5  2 22 28 32.800  0.00   5
   102950  40.327291 -124.621883     9.129    -5544.0     3875.3    -4297.0    471.1    651.4    797.0 2022  6 24  0 54  1.540  0.00   5
   102951  40.331083 -124.623820    10.268    -5708.5     4296.4    -3157.6    592.2    783.9    994.9 2022  7 14 16 54 29.000  0.00   5
   102952  40.330872 -124.622021    10.451    -5555.6     4272.9    -2975.5    435.3    555.6    654.3 2022  7 22 12 35 35.500  0.00   5
   102953  40.341671 -124.622314     8.008    -5580.1     5472.0    -5418.1    491.9   1440.7   1274.9 2022  9 19  8 27  9.760  0.00   5
   102955  40.322034 -124.619214     9.789    -5317.3     3291.5    -3636.5    490.4    720.5    745.3 2022 10  7  7 29 37.760  0.00   5
   102957  40.283748 -124.559139    13.869     -210.4     -959.7      442.6    407.4   1522.6   1851.5 2020  1  9  0 25 18.340  0.00   5
   102958  40.298442 -124.559757    15.347     -262.9      671.9     1920.8    535.3    960.8    780.6 2020  1  9  5 40 55.020  0.00   5
   102959  40.293465 -124.558594    15.333     -164.0      119.3     1906.7    433.0    775.4   1049.9 2020  1 10 16 19 54.400  0.00   5
   102961  40.296387 -124.558993    14.983     -197.9      443.7     1557.5    450.1    931.2   1244.2 2020  5 11  5 18  3.180  0.00   5
   102962  40.259603 -124.560604    13.494     -335.0    -3640.8       67.9    320.2   1325.7   1221.8 2020  5 21 20 27  9.960  0.00   5
   102963  40.291113 -124.559692    14.559     -257.4     -141.9     1133.4    461.8   1305.9   1277.9 2020  6 26 12 41 46.880  0.00   5
   102964  40.296924 -124.559985    12.043     -282.3      503.3    -1382.9    478.4   1199.1   1478.8 2020  8 23 16  5  6.580  0.00   5
   102966  40.293221 -124.558138    15.659     -125.2       92.2     2232.9    431.3    741.9    873.4 2020  9 15 23 23  4.260  0.00   5
   102967  40.297123 -124.559611    14.585     -250.5      525.5     1159.4    394.3   1029.5   1638.2 2020  9 26 13 45 23.380  0.00   5
   102968  40.298743 -124.560327    12.543     -311.4      705.3     -882.6    398.8    801.5   2175.3 2020 10  7 23 57 11.980  0.00   5
   102969  40.294043 -124.559408    14.677     -233.2      183.4     1250.9    388.9    867.3   1057.9 2021  3 21  4 39 28.380  0.00   5
   102970  40.294572 -124.558097    14.985     -121.8      242.2     1558.8    337.8    736.4    759.8 2021  5 26  0 52 22.700  0.00   5
   102971  40.271598 -124.558325    14.536     -141.2    -2308.8     1110.4    420.3   1246.1   1075.2 2021  6  7  3 30 47.660  0.00   5
   102972  40.293254 -124.560181    12.690     -298.9       95.8     -736.4    389.4   1252.2   1991.7 2021  6 26 19 49 41.240  0.00   5
   102974  40.259668 -124.560645    13.458     -338.5    -3633.6       32.3    318.4   1367.4   1236.6 2021  8 18  7 53 43.320  0.00   5
   102976  40.288765 -124.559326    14.085     -226.3     -402.6      659.1    382.1    998.4   1212.8 2021 10 14 12 29 46.820  0.00   5
   102977  40.258899 -124.560612    13.270     -335.7    -3719.0     -156.4    328.0   1300.9   1311.6 2021 12  9 17 52 24.880  0.00   5
   102978  40.292550 -124.558708    15.530     -173.7       17.6     2104.0    434.8    890.2    850.7 2021 12 20 14 26 22.420  0.00   5
   102979  40.303072 -124.558008    15.705     -114.2     1186.0     2279.4    477.0    815.4    973.0 2022  1  5 13 58 42.900  0.00   5
   102981  40.287183 -124.559505    14.044     -241.5     -578.3      617.9    380.6    860.2   1291.1 2022  2 19 22 27 17.340  0.00   5
   102982  40.293042 -124.559115    15.942     -208.3       72.3     2515.6    502.2    983.2   1019.1 2022  4 22 22 11  8.700  0.00   5
   102983  40.299943 -124.559619    14.960     -251.2      838.6     1534.0    418.3    911.0    960.9 2022  5 14  6  2 12.840  0.00   5
   102984  40.291085 -124.558700    15.098     -173.0     -145.0     1672.3    401.0    647.1    922.5 2022  5 27 21 21 41.400  0.00   5
   102986  40.293274 -124.560156    12.967     -296.9       98.0     -459.4    374.6   1257.6   1795.5 2022  6 10  0 40 50.580  0.00   5
   102987  40.294267 -124.558325    15.622     -141.2      208.3     2195.7    498.9    988.4    953.4 2022  6 11  1 51  4.680  0.00   5
   102988  40.298136 -124.559334    14.927     -227.0      638.0     1500.6    497.6    940.9   1270.8 2022  7 24 10  6 19.260  0.00   5
   102989  40.299101 -124.557992    15.245     -112.8      745.1     1818.7    372.1    942.8    811.7 2022  8 12  8 51 14.040  0.00   5
   102990  40.276127 -124.558537    14.700     -159.2    -1805.9     1273.8    380.2   1104.4   1077.4 2022  8 26  5 13 30.220  0.00   5
   105011  40.273612 -124.535677    15.693     1784.8    -2085.2     2266.6    600.4   1677.1   1116.8 2021  9 14 19 33 56.900  0.00   5
   105019  40.275444 -124.535197    15.603     1825.6    -1881.8     2176.7    412.7   1116.8    901.6 2021 12 17 16 25 12.180  0.00   5
   105020  40.290352 -124.532463    16.384     2057.9     -226.4     2958.4    694.9   1435.9   1105.2 2021 12 21  3 42 22.440  0.00   5
   105021  40.290222 -124.532609    16.348     2045.5     -240.8     2921.8    703.6   1439.2   1133.1 2021 12 21  3 24 24.160  0.00   5
   105023  40.279016 -124.534049    15.753     1923.2    -1485.1     2327.1    652.1   1166.9   1061.1 2021 12 21 14 59  6.880  0.00   5
   105029  40.275895 -124.535327    15.602     1814.6    -1831.7     2175.7    429.7   1118.2    895.3 2021 12 21 16 17 37.440  0.00   5
   105030  40.285079 -124.528084    18.003     2430.3     -811.9     4576.6    635.4   1196.3    993.6 2021 12 21  5  0 54.580  0.00   5
   105031  40.278923 -124.537720    15.106     1611.1    -1495.5     1679.8    498.8   1221.7    929.1 2021 12 21 12 38 45.420  0.00   5
   105033  40.298503 -124.533398    16.812     1978.2      678.6     3385.9    533.4   1269.7    820.4 2021 12 21  9 13 54.680  0.00   5
   105038  40.274247 -124.532983    16.621     2013.9    -2014.7     3195.0    629.6   1088.5   1071.5 2021 12 26  7 58 23.160  0.00   5
   105039  40.301078 -124.533114    17.423     2002.4      964.6     3996.7    732.7   1766.0   1271.8 2021 12 27  5 43 54.680  0.00   5
   105041  40.285942 -124.535311    16.327     1815.8     -716.1     2901.0    364.9   1127.0    675.6 2022  2 11 20 35 36.260  0.00   5
   105043  40.290055 -124.532609    16.344     2045.5     -259.3     2917.9    700.9   1449.0   1142.7 2022  4 21  0 49 10.600  0.00   5
   105368  40.282129 -124.538387     9.502     1554.3    -1139.5    -3923.6    349.9    935.4   1018.4 2020  2  1  1 58 46.340  0.00   5
   105369  40.285335 -124.539722    11.411     1440.7     -783.5    -2014.7    423.1    908.1   1057.0 2020  4 19 18  7 57.940  0.00   5
   105370  40.279602 -124.536947    15.593     1676.8    -1420.1     2167.1    554.0   1097.3   1495.3 2020  8 14 11 27 29.760  0.00   5
   105371  40.281323 -124.536125    13.180     1746.7    -1229.0     -246.2    383.2    862.2   1357.2 2020  9 12 12 44  3.120  0.00   5
   105374  40.281628 -124.540210    13.883     1399.3    -1195.1      457.4    490.8    723.4    951.9 2021  9 13 23  5 20.040  0.00   5
   105376  40.279610 -124.537451     9.912     1633.9    -1419.2    -3514.0    356.3    767.0   1515.1 2021 10 28 10 57 51.840  0.00   5
   105377  40.284839 -124.539217    11.479     1483.7     -838.6    -1946.8    266.9    772.6    630.7 2021 11 15  6 11 30.560  0.00   5
   105379  40.285897 -124.539909    11.414     1424.8     -721.1    -2011.6    590.6    998.1    724.3 2022  1 31 19  7 30.320  0.00   5
   105380  40.283716 -124.539014    11.616     1501.0     -963.3    -1810.4    330.7    799.8    618.5 2022  5  7 21  0 16.060  0.00   5
   105381  40.295565 -124.534538    11.086     1881.4      352.4    -2340.5    474.0   1055.2    910.9 2022  6  7  9 50 42.720  0.00   5
   105382  40.289026 -124.539754    10.689     1437.9     -373.7    -2737.1    418.0    989.2   1103.5 2022  6 16 11  6 32.160  0.00   5
   105383  40.282389 -124.537354    10.257     1642.2    -1110.6    -3168.5    360.8    817.6   1428.0 2022  8 18 13 36  2.300  0.00   5
   106680  40.270426 -124.556738    17.774       -6.2    -2438.9     4348.3    439.5   1141.8    978.5 2020  2 22 19  6 52.320  0.00   5
   106684  40.273206 -124.556445    17.642       18.7    -2130.4     4215.7    463.4    928.5    976.7 2020  7 11  9 46  0.560  0.00   5
   106685  40.273840 -124.556812    17.695      -12.5    -2059.9     4269.3    451.8   1226.7    613.6 2020  7 24 16 55 42.900  0.00   5
   106687  40.271448 -124.556396    17.593       22.8    -2325.5     4166.9    503.6    944.5   1013.0 2020 10  2  4 24 47.100  0.00   5
   106695  40.271147 -124.557267    17.602      -51.2    -2359.0     4175.9    421.0   1082.7    673.3 2021  7 16  7  9  5.340  0.00   5
   106696  40.274691 -124.557503    17.620      -71.3    -1965.4     4193.8    432.3    709.3    800.0 2021  7 18  4 33 15.200  0.00   5
   106697  40.274259 -124.557300    17.694      -54.0    -2013.3     4267.8    408.4   1008.0    653.7 2021  7 27 10 19 27.640  0.00   5
   106700  40.286007 -124.557593    17.443      -78.9     -708.9     4016.9    378.2    979.4    925.3 2021  8 24 13 36 31.660  0.00   5
   106702  40.276522 -124.557397    17.660      -62.3    -1762.1     4234.0    457.2    817.9    607.4 2021 10 21 19  2  0.520  0.00   5
   106706  40.268270 -124.556600    17.647        5.5    -2678.4     4221.5    436.6   1086.8    984.3 2021 12 21  0 21 19.000  0.00   5
   106710  40.279134 -124.557446    17.724      -66.4    -1472.0     4297.6    481.0    999.5    808.8 2022  1  6 21 12 58.500  0.00   5
   106711  40.271484 -124.556543    17.660       10.4    -2321.5     4233.7    483.8   1092.9    991.6 2022  1 23 11 45  1.040  0.00   5
   106713  40.268795 -124.557682    17.589      -86.5    -2620.1     4163.0    473.0    994.8    718.8 2022  3  7 10 52 39.260  0.00   5
   106714  40.270622 -124.556576    17.705        7.6    -2417.3     4279.3    496.7   1018.0    991.9 2022  4  6 12 30 20.240  0.00   5
   106716  40.269706 -124.555550    17.930       94.8    -2518.9     4504.2    493.0    965.0    966.2 2022  6  3  4 32 25.640  0.00   5
   106718  40.285522 -124.558545    17.469     -159.9     -762.7     4043.1    549.6   1356.1   1964.0 2022  6 15 20 50 14.340  0.00   5
   106719  40.272457 -124.556340    17.897       27.7    -2213.5     4471.2    443.9    776.3   1113.4 2022  8  6  0 50 42.000  0.00   5
   106720  40.275916 -124.556942    17.725      -23.5    -1829.4     4299.4    451.6    906.2    839.8 2022  8 11  6 16 43.060  0.00   5
   106721  40.287659 -124.558276    17.628     -137.0     -525.5     4201.6    560.9   1139.2   1113.2 2022  8 21 10 39 36.560  0.00   5
   106722  40.275749 -124.557015    17.790      -29.8    -1848.0     4363.8    416.4   1050.4    718.5 2022  9 18 22 30 39.860  0.00   5
   106724  40.280062 -124.556462    18.610       17.3    -1369.0     5184.1    393.1   1517.2   1041.5 2022 11 23 23 40 19.840  0.00   5
   107850  40.289990 -124.542318    18.850     1220.0     -266.6     5423.6    562.4   1485.9   1032.2 2020  3 18 10 33 16.280  0.00   5
   107851  40.291069 -124.542757    19.412     1182.6     -146.8     5986.3    445.5   1114.8    885.5 2020  7 23  7 57 52.860  0.00   5
   107854  40.295614 -124.545256    18.533      970.1      357.8     5107.2    449.3   1099.8   1034.7 2021  2 23 21 22 50.460  0.00   5
   107855  40.304264 -124.544019    17.997     1075.2     1318.4     4571.0    458.3   1059.9   1500.3 2021  3  1 21 39  8.000  0.00   5
   107856  40.292578 -124.547371    18.657      790.2       20.8     5230.9    471.6   1424.0    907.6 2021  5 30 21 13 23.020  0.00   5
   107857  40.283728 -124.545703    17.440      932.1     -961.9     4013.8    478.0   1266.4   1065.2 2021  8 10 16 52 12.400  0.00   5
   107858  40.294088 -124.546273    18.036      883.6      188.4     4609.9    455.4   1077.0    731.8 2021 10 30 23 24 21.000  0.00   5
   107859  40.291166 -124.543978    18.312     1078.8     -136.0     4886.3    461.5   1134.1    842.8 2021 10 31  0  6 14.000  0.00   5
   107860  40.286621 -124.545044    18.185      988.2     -640.7     4759.4    466.5   1249.8    758.8 2021 11  1  0  2 32.120  0.00   5
   107863  40.289461 -124.545728    17.828      930.0     -325.3     4401.7    406.5   1224.0    795.8 2021 12 11 17 33  8.300  0.00   5
   107867  40.280273 -124.545907    18.054      914.9    -1345.5     4628.4    439.3   1109.4    855.6 2022  8 11  3 22 48.620  0.00   5
   107868  40.282117 -124.545133    18.247      980.6    -1140.9     4821.5    444.9   1057.6    884.4 2022 10  5 10 28  0.800  0.00   5
   107869  40.296570 -124.543522    18.379     1117.5      464.0     4953.3    549.1   1406.0   1003.8 2022 10 29  1 50 33.240  0.00   5
   108328  40.359436 -124.562785    14.901     -520.1     7444.7     1474.9   1039.7   2068.0   1934.0 2020  4  5  1 31 54.900  0.00   5
   108329  40.335518 -124.567570     3.189     -926.9     4788.9   -10236.8    446.4    920.4    634.2 2020 12 28 14 19 23.260  0.00   5
   108330  40.344828 -124.567879     4.693     -953.2     5822.7    -8732.6    637.2   1289.7   1274.0 2021  2  8 21 55 39.180  0.00   5
   108331  40.334562 -124.568050     3.288     -967.8     4682.7   -10138.0    440.2    927.5    633.6 2021  5 31 14 18  8.300  0.00   5
   108334  40.338774 -124.566927     3.167     -872.3     5150.3   -10259.2    467.0   1085.9    677.5 2022  1 23  9 42 53.580  0.00   5
   108336  40.335787 -124.567407     3.140     -913.1     4818.7   -10286.0    453.0    958.4    669.7 2022  8 25  9 19 46.880  0.00   5
   108337  40.344840 -124.566349     3.339     -823.1     5824.0   -10086.8    502.4   1127.4    726.2 2022  8 30 16 15 52.160  0.00   5
   108338  40.350273 -124.566911     4.249     -870.8     6427.2    -9176.6    562.6   1290.3   1231.2 2022  8 31 20 32 49.120  0.00   5
   108522  40.287931 -124.519124     9.130     3192.1     -495.2    -4296.4    336.4    832.4    820.0 2020  8 27  8 48 36.060  0.00   5
   108523  40.292859 -124.519653     9.263     3147.0       52.0    -4162.5    283.0    896.2    693.5 2020 11 19  0  1 55.140  0.00   5
   108524  40.292834 -124.519938     8.733     3122.8       49.2    -4693.0    262.8    760.9    777.9 2020 12 19 23 43 53.180  0.00   5
   108525  40.295671 -124.519474     8.725     3162.2      364.2    -4700.9    313.4    778.5    894.4 2020 12 22 13 56 55.800  0.00   5
   108526  40.302808 -124.519466     9.059     3162.7     1156.7    -4367.4    337.6    900.2    860.1 2020 12 22  2 31 25.280  0.00   5
   108527  40.291573 -124.519670     8.824     3145.7      -90.8    -4602.2    330.8    785.3    646.9 2021  3  6  5 49 50.980  0.00   5
   108528  40.286564 -124.519572     8.777     3154.1     -647.0    -4649.3    375.6   1030.6    770.5 2021  3  7  9 29 35.160  0.00   5
   108529  40.293685 -124.519548     9.134     3156.0      143.7    -4291.5    328.4    889.9    737.4 2021  3 22 14 28 21.180  0.00   5
   108530  40.291764 -124.519539     9.125     3156.8      -69.6    -4300.5    325.5    941.7    691.5 2021  3 22 16 43  7.420  0.00   5
   108531  40.290580 -124.519808     8.849     3133.9     -201.1    -4576.7    348.6    750.6    851.9 2021  3 22 15 19 46.300  0.00   5
   108532  40.280225 -124.519515     5.720     3159.1    -1351.0    -7706.1    687.1   1955.4   1738.0 2021  3 27 20 11 40.180  0.00   5
   108533  40.296444 -124.519604     8.764     3151.1      450.0    -4661.8    306.7    757.5    773.1 2021  3 28  8 38 14.200  0.00   5
   108534  40.284648 -124.519645     8.425     3147.9     -859.8    -5000.8    288.9    744.8   1109.5 2021  3 28  5 19 46.660  0.00   5
   108537  40.288098 -124.519499     8.037     3160.3     -476.7    -5388.5    304.1    791.7   1358.3 2021  5 23 16 14  8.300  0.00   5
   108542  40.294600 -124.519377     9.102     3170.5      245.3    -4324.2    304.0    897.4    647.4 2022  1  7 18 16 14.140  0.00   5
   108546  40.290393 -124.519401     8.207     3168.6     -221.8    -5218.9    381.1    921.0   1071.3 2022  8  3 22 11 41.100  0.00   5
   108547  40.296452 -124.519206     8.907     3185.0      450.9    -4518.8    352.3    791.5    883.5 2022  9 28  8 42 51.820  0.00   5
   108548  40.295553 -124.519417     9.025     3167.0      351.1    -4401.1    354.6    818.1    848.5 2022  9 28  8 39 11.060  0.00   5
   108549  40.296785 -124.519165     9.135     3188.5      488.0    -4291.3    307.7    863.4    555.0 2022 10  9  8 23  0.040  0.00   5
   108551  40.297213 -124.519352     9.049     3172.5      535.4    -4377.2    359.1    781.4    635.7 2022 10 27 19 46 36.020  0.00   5
   108552  40.297001 -124.519377     8.585     3170.5      511.9    -4840.6    341.0    728.1    838.5 2022 11 21 18 13 32.080  0.00   5
   108553  40.297062 -124.519320     8.956     3175.3      518.7    -4470.2    284.5    777.8    620.6 2022 11 22  5 12  0.300  0.00   5
   108554  40.295467 -124.519360     8.726     3171.9      341.6    -4699.5    346.9    683.5    871.0 2022 11 22  5 12 34.720  0.00   5
   108762  40.300838 -124.552222    11.018      377.8      938.0    -2407.8    548.3    862.9   1008.9 2020  6 18 16  6 43.080  0.00   5
   108763  40.289644 -124.554810     9.384      157.8     -305.0    -4042.4    483.8   1016.5    923.3 2021 11 11 11 57 34.060  0.00   5
   108764  40.307825 -124.553418    10.302      276.1     1713.8    -3124.1    509.9    857.8    905.9 2022  1  9  2 48 12.520  0.00   5
   108765  40.311971 -124.554769    10.638      161.2     2174.2    -2787.7    497.0    785.9    742.4 2022  5 12  9 11 34.360  0.00   5
   108766  40.298979 -124.554126    11.365      215.9      731.5    -2061.2    550.3    915.4    894.1 2022  6  7  9 49  1.260  0.00   5
   109011  40.307222 -124.575488    15.165    -1600.3     1646.9     1739.0    611.2   1458.2   2216.1 2021  7 14 15 14  4.960  0.00   5
   109012  40.312297 -124.574837    19.381    -1544.9     2210.3     5955.1    684.4   1271.1   1287.3 2022  5 15 19 18 57.920  0.00   5
   109013  40.307011 -124.575960    15.841    -1640.5     1623.4     2415.4    655.4   1439.6   1175.8 2022  6  2 22  6 51.080  0.00   5
   109014  40.312695 -124.577230    16.659    -1748.3     2254.6     3233.2    593.3   1206.2   1403.7 2022  7 23 23  7 35.680  0.00   5
   110256  40.307068 -124.564787    11.797     -690.5     1629.7    -1628.7    484.8   1010.7    720.1 2022  8  2 21 55 39.100  0.00   5
   110258  40.329671 -124.561694    10.301     -427.5     4139.6    -3125.4    444.3   1167.6   1504.0 2022  8  2 21 44 11.520  0.00   5
   110264  40.326335 -124.562712    11.716     -514.0     3769.1    -1710.2    335.6   1047.7    657.6 2022  8  7 15 10 49.300  0.00   5
   110312  40.330575 -124.621663    10.441    -5525.2     4239.9    -2984.7    435.8    558.0    664.9 2022 12 19 12 20 31.700  1.28   5
   110313  40.299780 -124.558032    15.267     -116.2      820.5     1841.5    376.7    646.7    532.5 2023  2  9  8  8 42.800  2.99   5
   110357  40.271350 -124.533643    15.877     1957.9    -2336.4     2451.4    518.7    963.3    905.5 2023  4 23 16  9  0.470  1.48   5
   110366  40.287878 -124.538883    11.200     1512.0     -501.1    -2226.1    287.7    735.7    630.7 2023  2 15  9 40 37.830  1.30   5
   110413  40.269922 -124.557292    17.499      -53.3    -2495.0     4072.7    421.7    925.2    811.4 2023  3 25 19 24 32.400  1.25   5
   110459  40.292578 -124.546110    18.069      897.5       20.8     4642.8    454.0   1042.1    692.7 2023  2 23  1 16  2.860  1.71   5
   110492  40.335449 -124.567179     3.076     -893.7     4781.2   -10349.9    478.2    891.4    683.8 2023  4 17  9 13 51.230  2.06   5
   110520  40.292542 -124.519458     8.143     3163.7       16.7    -5283.3    351.4    721.5    814.3 2023  1 16  3 19  0.680  1.26   5
   110550  40.299674 -124.552336    11.269      368.1      808.8    -2156.8    533.5    841.3    808.0 2023  3 30 19 31 15.280  1.92   5
   110583  40.308305 -124.574544    14.905    -1520.1     1767.1     1479.4    582.6    936.6   1044.9 2023  2  7 18 35 28.040  1.14   5
   110795  40.337850 -124.562858    12.754     -526.4     5047.8     -672.1    483.4    934.5   1324.7 2023  2 25 22 37 46.280  1.26   5
