   104481  40.458053 -124.594067    15.425     1527.1     2151.2     -670.1     15.0     21.8     38.6 2020  3 18 23  8 26.040  0.00  33
   104487  40.457507 -124.595451    14.550     1409.7     2090.6    -1545.0      7.4     13.3     21.2 2020 10  8  1 55 57.720  0.00  33
   104490  40.457186 -124.594230    15.473     1513.3     2055.0     -621.9     17.1     19.4     17.4 2021  5  6 21 17  8.520  0.00  33
   104492  40.456840 -124.595174    14.690     1433.2     2016.5    -1404.5     10.4     20.2     48.1 2021  5 22 23 14 19.040  0.00  33
   104497  40.457410 -124.595671    14.746     1391.1     2079.8    -1349.0      5.7      9.9     17.9 2021  9 11  3  0 21.140  0.00  33
   104498  40.456527 -124.595801    14.985     1380.1     1981.8    -1109.9      7.1     11.0     18.0 2021  9 11  3  1  4.800  0.00  33
   104499  40.457316 -124.594751    15.029     1469.1     2069.4    -1065.5     12.8     11.2     31.9 2021 11 16  9  0 22.520  0.00  33
   104500  40.456669 -124.595142    15.061     1436.0     1997.6    -1033.4     11.4     17.4     30.7 2021 12 10 12 25 58.640  0.00  33
   104501  40.457222 -124.595109    14.946     1438.7     2059.0    -1148.7      9.3     11.5     28.5 2021 12 10 12 35 52.640  0.00  33
   104502  40.455644 -124.596126    14.641     1352.5     1883.7    -1453.4      9.5     19.2     38.7 2021 12 20 12 11 43.960  0.00  33
   104507  40.457133 -124.595549    15.065     1401.5     2049.1    -1030.0      8.7     11.3     48.6 2022 11 12 18 19 26.940  0.00  33
   104508  40.456112 -124.596305    14.769     1337.3     1935.7    -1326.2     13.6     20.3     45.5 2022 11 13 22 28 58.880  0.00  33
   108030  40.442464 -124.586605    19.991     2160.4      420.2     3896.1     15.5     25.1     30.4 2020  3 20  4 57 46.360  0.00  33
   108034  40.444556 -124.590601    20.430     1821.4      652.5     4335.3     28.2     43.9     84.8 2020  4 18  6  9 25.600  0.00  33
   108040  40.440934 -124.586060    20.949     2206.7      250.3     4854.3     21.8     31.2     41.4 2022  5 14  3 53 43.320  0.00  33
   108050  40.445129 -124.585848    20.572     2224.6      716.2     4477.6     18.4     26.0     35.8 2022  9 25  5 36 43.760  0.00  33
   109018  40.426815 -124.625985    15.927    -1180.8    -1317.6     -167.6     14.1     15.8     11.4 2020  9 11 21 15 56.120  0.00  33
   109019  40.426558 -124.625675    15.992    -1154.6    -1346.0     -102.7     11.9     23.0     25.9 2020  9 11 21 24 14.140  0.00  33
   109020  40.425321 -124.625798    16.159    -1164.9    -1483.4       64.5      9.4     16.9     15.7 2021  7 18  4  2  8.360  0.00  33
   109021  40.427677 -124.625610    15.822    -1149.0    -1221.8     -273.0      8.1     13.5     17.1 2022  1  6 16 11 51.780  0.00  33
   109022  40.428166 -124.625651    15.841    -1152.5    -1167.5     -254.1     12.6     12.8     14.8 2022  1  7  3 48 25.000  0.00  33
   109023  40.428731 -124.625260    16.204    -1119.3    -1104.7      109.0     11.0     20.4     31.7 2022  7 28 23 32 44.180  0.00  33
   109024  40.424894 -124.626082    15.970    -1189.1    -1530.8     -125.3      8.7     13.2     19.8 2022  9  3  4 53  8.380  0.00  33
   109025  40.424715 -124.625326    16.809    -1124.9    -1550.7      713.7     10.8     17.0     23.3 2022  9 26 20 40 26.760  0.00  33
   109026  40.428113 -124.624813    15.500    -1081.4    -1173.4     -595.1     14.8     26.6     31.8 2022 11  8 12 31 51.720  0.00  33
   109720  40.415922 -124.649137    13.068    -3145.6    -2527.1    -3027.3     37.6     57.7     90.8 2021  7 23  3 43  1.120  0.00  33
   109722  40.412801 -124.650513    15.494    -3262.4    -2873.7     -601.2     15.7     34.8     40.6 2022  5 16 16 24 49.400  0.00  33
   109723  40.410254 -124.651009    15.514    -3304.6    -3156.5     -580.8     19.0     29.5     41.4 2022  5 16 16 26 37.480  0.00  33
   110340  40.456824 -124.595532    14.767     1402.8     2014.7    -1327.9      6.6      9.2     13.6 2023  5 28 21 51 34.820  1.43  33
   110473  40.442232 -124.586198    21.156     2194.9      394.5     5061.3     16.8     25.3     26.7 2022 12 29 18 28  9.820  1.32  33
   110585  40.427384 -124.625627    15.902    -1150.4    -1254.3     -193.2      8.7      9.3     10.7 2023  1 23  1 44 26.910  2.18  33
   110680  40.412667 -124.649951    15.748    -3214.8    -2888.6     -347.2     15.0     28.5     39.7 2022 12 20 19 17  5.280  2.32  33
   110800  40.453959 -124.584139    19.068     2369.4     1696.6     2973.0     20.7     30.3     38.2 2023  4  2 19 37 29.680  0.86  33
