   107694  40.533280 -123.982170    20.907       29.0       19.9       47.4   1536.3    841.4   1374.0 2021  6 15 12 30 58.240  0.00  62
   107705  40.533337 -123.982007    20.914       42.7       26.2       53.8   1549.8    897.2   1323.1 2021  6 15 14 32 56.860  0.00  62
   107712  40.533280 -123.982153    20.904       30.3       19.9       43.9   1497.6    832.9   1267.6 2021  6 15  8  3 51.620  0.00  62
   107714  40.533289 -123.982161    20.905       29.6       20.8       45.3   1533.3    834.6   1302.7 2021  6 15 10 52 14.820  0.00  62
   107717  40.533333 -123.982072    20.912       37.2       25.8       52.5   1676.5    908.2   1353.0 2021  6 16 15 46 43.780  0.00  62
   107720  40.533382 -123.981429    20.883       91.7       31.2       22.9   1549.3    863.1   1120.4 2021 10  6 17 29 42.880  0.00  62
   107721  40.533398 -123.981380    20.885       95.8       33.0       24.6   1547.2    866.4   1084.6 2021 10  6 20 25 50.100  0.00  62
   107722  40.533415 -123.981348    20.886       98.6       34.8       26.5   1538.0    868.1   1063.8 2021 10  6 18 11 58.240  0.00  62
   107723  40.533171 -123.982088    20.860       35.9        7.7        0.5   1568.8    899.6   1004.4 2021 10  9 15  7 49.740  0.00  62
   107724  40.533455 -123.981331    20.897      100.0       39.3       36.7   1209.0    795.0    919.5 2021 10  9  7 48 42.600  0.00  62
   107725  40.533411 -123.980900    20.861      136.5       34.3        0.9   2678.4    809.3   1435.0 2021 10 10 14 38 48.420  0.00  62
   107727  40.534033 -123.980843    20.950      141.3      103.5       89.7   1871.5   1453.0   1375.6 2022  8 10 10 48 36.500  0.00  62
   107728  40.533976 -123.980924    20.946      134.5       97.1       86.3   1732.7   1381.8   1301.3 2022  8 10 10 31 24.380  0.00  62
   107729  40.533028 -123.982601    20.852       -7.6       -8.1       -8.3   1329.8   1199.4   1142.3 2022  9 22  4 56  7.220  0.00  62
   107730  40.533024 -123.982617    20.850       -9.0       -8.6      -10.1   1395.6   1208.0   1263.1 2022  9 22  7  9 54.480  0.00  62
   110449  40.532849 -123.983252    20.833      -62.7      -28.0      -26.8    996.5    790.3    790.6 2023  2 25  4  7 30.630  0.97  62
