   108265  40.290837 -124.501872     7.484     -489.9    -1524.0      560.6   2218.8   6626.4   3796.3 2020  7 19 14 14  0.040  0.00  61
   108266  40.292208 -124.501839     7.526     -487.1    -1371.7      602.1   2203.2   5818.8   3814.4 2020  7 19  7 16  2.840  0.00  61
   108267  40.292147 -124.501831     7.522     -486.4    -1378.5      598.6   2181.8   5821.7   3750.5 2020  7 19 13 47  8.720  0.00  61
   108274  40.298222 -124.502124     7.701     -511.3     -703.9      777.8   2253.1   7166.4   4410.7 2022  4 19 17 20 28.740  0.00  61
   108275  40.288098 -124.501953     7.262     -496.8    -1828.1      338.5   2244.9   5673.1   4195.6 2022  7 20  7 49  1.020  0.00  61
   108276  40.292757 -124.501945     7.265     -496.1    -1310.7      341.0   2005.7   6356.5   3750.1 2022  8 28 20 28 45.740  0.00  61
   109172  40.311226 -124.492407     6.193      314.8      740.1     -730.6   1825.1   3198.5   3138.9 2020 11  8  0 15 47.520  0.00  61
   109173  40.313399 -124.492497     6.225      307.2      981.4     -699.0   1638.5   2854.6   3865.6 2020 11  8  4 20 27.200  0.00  61
   109175  40.313159 -124.493319     5.778      237.3      954.7    -1145.8   4187.7   9177.8  23951.4 2021  2 24  7 25 37.980  0.00  61
   109176  40.312630 -124.492497     6.148      307.2      896.0     -775.7   1476.1   3495.1   4367.5 2021  7 12 22  0 22.220  0.00  61
   109178  40.310657 -124.492668     5.893      292.6      676.8    -1030.2   2051.5   5166.1   7608.7 2022  2 22  0 13  4.580  0.00  61
   109179  40.313281 -124.492342     6.264      320.3      968.3     -659.8   1487.3   2517.5   3299.1 2022  3 25 20 18 45.560  0.00  61
   109180  40.313672 -124.492480     6.277      308.5     1011.6     -646.4   1599.4   2630.0   3669.8 2022  3 26 15 11 17.340  0.00  61
   109181  40.313277 -124.492342     6.264      320.3      967.8     -660.0   1514.7   2521.8   3187.8 2022  3 26  5 22 28.200  0.00  61
   109185  40.313346 -124.493319     5.985      237.3      975.5     -938.4   3368.0   5361.1  14686.9 2022  7 19 10 59 54.100  0.00  61
   110490  40.289331 -124.502035     7.550     -503.7    -1691.2      626.7   2630.0   5479.5   5182.2 2023  5  7  7 21 24.340  0.91  61
   110612  40.313326 -124.492407     6.255      314.8      973.2     -668.7   1669.1   2643.5   3936.2 2023  3 17 11 55 14.190  1.91  61
