   108265  40.292122 -124.507072     7.311     -932.0    -1381.2      387.3     23.3     43.9     43.3 2020  7 19 14 14  0.040  0.00  61
   108266  40.295207 -124.506999     7.264     -925.7    -1038.7      340.6     23.4     69.2     62.3 2020  7 19  7 16  2.840  0.00  61
   108267  40.295036 -124.506982     7.274     -924.4    -1057.7      350.7     23.1     67.9     60.7 2020  7 19 13 47  8.720  0.00  61
   108274  40.315808 -124.507259     7.481     -947.7     1248.8      557.4     56.0    145.5    111.3 2022  4 19 17 20 28.740  0.00  61
   108275  40.279569 -124.507300     7.915     -951.5    -2775.1      991.7     28.4    110.6     52.8 2022  7 20  7 49  1.020  0.00  61
   108276  40.298527 -124.507487     7.881     -967.2     -670.1      957.4     25.7    118.8     48.2 2022  8 28 20 28 45.740  0.00  61
   109172  40.307699 -124.490096     6.424      511.3      348.4     -499.5     25.8     61.0     75.1 2020 11  8  0 15 47.520  0.00  61
   109173  40.312284 -124.489917     6.142      526.5      857.6     -781.5     15.7     29.7     42.7 2020 11  8  4 20 27.200  0.00  61
   109175  40.307084 -124.490812     5.229      450.4      280.1    -1694.1     42.0     94.4    111.2 2021  2 24  7 25 37.980  0.00  61
   109176  40.310726 -124.490047     6.248      515.4      684.5     -675.6     14.7     37.7     56.1 2021  7 12 22  0 22.220  0.00  61
   109178  40.305420 -124.490837     6.173      448.3       95.3     -750.3     22.8     79.8     55.9 2022  2 22  0 13  4.580  0.00  61
   109179  40.311776 -124.489673     6.246      547.2      801.1     -678.0     17.3     22.7     30.8 2022  3 25 20 18 45.560  0.00  61
   109180  40.312667 -124.489884     6.199      529.2      900.0     -724.2     17.8     25.8     38.1 2022  3 26 15 11 17.340  0.00  61
   109181  40.311735 -124.489697     6.247      545.1      796.6     -676.2     17.1     20.5     28.3 2022  3 26  5 22 28.200  0.00  61
   109185  40.310132 -124.490918     5.891      441.4      618.5    -1032.1     35.1     84.7     86.9 2022  7 19 10 59 54.100  0.00  61
   110490  40.288322 -124.507406     7.425     -960.4    -1803.2      501.6     19.6     73.6     51.6 2023  5  7  7 21 24.340  0.91  61
   110612  40.311975 -124.489754     6.231      540.3      823.2     -692.4     13.3     21.6     30.7 2023  3 17 11 55 14.190  1.91  61
