   102900  40.393998 -124.512345    21.038     1049.5     -270.6     1284.7    152.3    261.1    178.4 2020  1  7 21 14 24.860  0.00  68
   102901  40.397030 -124.513078    21.182      987.3       66.0     1429.3    233.5    295.1    221.9 2020  2  9 15 30  9.720  0.00  68
   102903  40.394604 -124.512744    21.136     1015.6     -203.3     1382.7    141.9    321.8    178.2 2020  4 20 21 58  8.780  0.00  68
   102904  40.394694 -124.512028    20.970     1076.4     -193.4     1216.8    163.2    217.0    246.2 2021 11 29 10 14 46.380  0.00  68
   104441  40.399556 -124.523674    18.268       87.7      346.6    -1484.4    295.9    400.3    695.0 2020  5 12 17 39 10.980  0.00  68
   104442  40.402861 -124.525716    18.477      -85.7      713.4    -1275.7    226.9    325.0    351.8 2020  5 17 18 32 25.060  0.00  68
   104451  40.402026 -124.525146    18.303      -37.3      620.8    -1450.2    194.8    267.5    356.3 2021  8  3  7  2 26.040  0.00  68
   104471  40.402299 -124.525968    19.059     -107.1      651.1     -694.2    234.6    446.1    475.9 2022  7  3 15 13  0.180  0.00  68
   109737  40.396977 -124.538135    18.323    -1140.0       60.1    -1430.4    105.1    170.6    177.0 2021 11 29 18 57 25.040  0.00  68
   109738  40.397160 -124.538338    18.309    -1157.3       80.4    -1444.0    114.3    180.6    174.6 2022  9 22  8 38  4.380  0.00  68
   110310  40.393933 -124.511873    20.984     1089.6     -277.9     1231.4    113.8    196.4    129.5 2022 12 24  5 13  7.020  2.60  68
   110339  40.401575 -124.524455    18.179       21.4      570.7    -1573.7    177.9    282.9    333.4 2023  1 30 19 45 47.760  1.21  68
   110684  40.397917 -124.538721    18.302    -1189.7      164.5    -1451.2    102.9    167.2    165.1 2023  3 16 11 19 56.420  1.21  68
