   100761  40.434542 -124.281250    27.314      -12.4       49.3       64.4     85.1     73.6     96.6 2020  3 19  0 21  8.520  0.00  58
   100762  40.433195 -124.279753    27.046      114.6     -100.3     -203.8    106.8     93.0    105.5 2020  5 26 11 54 20.560  0.00  58
   100770  40.434875 -124.281055    27.319        4.1       86.3       69.0     94.5     80.9     78.6 2021 12 20 20 40 27.840  0.00  58
   100771  40.432886 -124.285417    27.385     -366.0     -134.6      135.3    155.9    173.5    117.3 2021 12 20 21 13 37.940  0.00  58
   100772  40.435132 -124.286776    27.313     -481.3      114.8       62.9    200.6     94.1    118.2 2021 12 20 21 49  2.160  0.00  58
   100775  40.433252 -124.284359    27.448     -276.2      -94.0      198.5    118.6    147.5    104.2 2021 12 20 21 41 38.040  0.00  58
   100783  40.433720 -124.278621    27.229      210.6      -42.0      -21.3    122.6     87.6     92.9 2021 12 21  1 55  6.020  0.00  58
   100784  40.434383 -124.273958    27.131      606.3       31.6     -119.4    184.7    133.3    103.6 2021 12 21  9 44 18.020  0.00  58
   100786  40.434896 -124.284245    27.365     -266.5       88.6      115.5    126.1     96.6     90.4 2021 12 21 11 41 19.660  0.00  58
   100797  40.435588 -124.278223    27.214      244.4      165.4      -35.9    116.0    132.4    108.2 2021 12 21  2 14 36.240  0.00  58
   100798  40.434395 -124.272713    27.056      711.9       33.0     -193.7    182.1    166.1    143.6 2021 12 21  6 23 58.200  0.00  58
   100800  40.434965 -124.273299    26.888      662.2       96.2     -362.0    176.0    189.2    138.0 2021 12 22  8 41  9.420  0.00  58
   100805  40.433285 -124.281291    27.217      -15.9      -90.4      -33.2     79.4     94.6     83.1 2021 12 25 22 32 13.020  0.00  58
   100813  40.435429 -124.286304    27.513     -441.2      147.8      263.3    140.0    138.2    143.7 2022  1  2 19 41 12.580  0.00  58
   100814  40.434391 -124.284513    27.384     -289.3       32.5      133.8    130.7    103.9     98.2 2022  1  3 19 57 17.080  0.00  58
   100815  40.433435 -124.284570    27.380     -294.2      -73.6      130.0    140.0    128.9    101.2 2022  1  6  4  5  9.040  0.00  58
   100818  40.432768 -124.276668    27.109      376.3     -147.8     -141.0    164.8    107.4    128.0 2022  1 17 14  7  8.520  0.00  58
   100819  40.433643 -124.277425    27.214      312.1      -50.6      -35.5    110.3     79.2     88.3 2022  2 18  6 57  8.340  0.00  58
   110291  40.434074 -124.281600    27.243      -42.1       -2.7       -6.6     84.4     77.6     76.5 2023  3  8 12 49 37.420  0.96  58
