   109669  40.399959 -124.279093    26.864      -91.9      -82.2        3.8    122.8     82.2     57.6 2021  6 30  4  7 16.980  0.00  49
   109670  40.400688 -124.278190    26.868      -15.2       -1.4        7.9     51.8     27.5     50.7 2021 12 20 21 33 53.800  0.00  49
   109671  40.400680 -124.277832    26.844       15.2       -2.3      -15.7     45.1     58.7     46.9 2021 12 20 20 16  2.340  0.00  49
   109672  40.400936 -124.277808    26.865       17.3       26.2        5.3     60.9     67.0     45.3 2021 12 20 21  4  2.560  0.00  49
   109674  40.400867 -124.277743    26.865       22.8       18.5        4.8     66.7     58.5     44.1 2021 12 20 22  5 33.080  0.00  49
   109675  40.400932 -124.277783    26.872       19.3       25.8       12.0     69.1     61.3     47.3 2021 12 20 20 38 16.520  0.00  49
   109676  40.399430 -124.277425    26.800       49.7     -141.0      -59.7     83.3    118.6     91.4 2021 12 20 23 18 45.760  0.00  49
   109678  40.400928 -124.278255    26.867      -20.7       25.3        6.7     65.2     63.3     73.8 2021 12 20 20 28  8.320  0.00  49
   109680  40.401717 -124.277555    26.801       38.7      113.0      -58.8    100.5     77.0     51.4 2021 12 20 22 40  4.140  0.00  49
   109681  40.400138 -124.278434    26.838      -35.9      -62.4      -21.9     79.9     79.3     50.2 2021 12 20 21 16 57.840  0.00  49
   109682  40.400814 -124.277751    26.877       22.1       12.7       16.8     64.2     40.2     50.7 2021 12 21  0 35 38.260  0.00  49
   109683  40.400655 -124.278035    26.864       -2.1       -5.0        4.1     49.2     60.3     46.4 2021 12 21  1 29  1.520  0.00  49
   109684  40.399976 -124.278337    26.861      -27.6      -80.4        0.6    160.9     68.5     47.8 2021 12 21 10 32 44.960  0.00  49
   109686  40.400854 -124.277799    26.852       18.0       17.2       -7.9     53.5     79.2     46.2 2021 12 21  9 35 39.700  0.00  49
   109688  40.400651 -124.277905    26.861        9.0       -5.4        1.2     48.3     37.6     51.3 2021 12 22 16 42 51.760  0.00  49
   109689  40.399642 -124.277775    26.810       20.0     -117.5      -49.5     79.0    105.9     63.5 2021 12 22 21 49  0.120  0.00  49
   109690  40.400667 -124.277954    26.865        4.8       -3.6        5.1     57.1     51.9     49.6 2021 12 23 19 18 59.440  0.00  49
   109691  40.400907 -124.280469    27.077     -208.6       23.0      216.8    136.3     71.7    147.8 2021 12 24 18 30 16.400  0.00  49
   109692  40.400667 -124.277987    26.856        2.1       -3.6       -4.1     47.3     46.3     39.7 2021 12 28 12 16  7.460  0.00  49
   109693  40.400631 -124.278231    26.863      -18.7       -7.7        2.8     56.3     47.1     44.8 2022  1  2  4  3 22.780  0.00  49
   109697  40.400358 -124.278621    26.892      -51.8      -38.0       31.7     64.3     84.5     51.1 2022  4  7 18 43 56.160  0.00  49
   110670  40.400777 -124.277954    26.862        4.8        8.6        2.4     44.7     33.4     41.1 2022 12 14  8 39 12.430  2.11  49
