   107464  40.381034 -124.528434    27.641        4.1       23.5      -99.5      9.6     16.5     19.6 2020  3 18 22 14 12.440  0.00  25
   107467  40.382023 -124.528117    27.642       31.1      133.3      -97.9     13.0     22.0     17.0 2020  3 18 22 40  6.880  0.00  25
   107472  40.381299 -124.528158    27.422       27.6       52.9     -318.2     21.0     33.3     34.4 2020  5 10 13 14  2.440  0.00  25
   107473  40.376286 -124.530241    27.516     -149.3     -503.8     -224.0     16.1     29.8     22.7 2020  5 16 23  7 35.120  0.00  25
   107476  40.381787 -124.528394    27.699        7.6      107.1      -41.5      7.7     26.3     14.0 2020  7  2  4  6 42.660  0.00  25
   107481  40.380876 -124.529224    27.850      -62.9        5.9      109.6     13.7     23.5     14.8 2020  7 20 23 54 26.140  0.00  25
   107482  40.380599 -124.528345    27.790       11.7      -24.9       50.1      9.1     11.6     20.7 2020  8  4  9 35 27.100  0.00  25
   107484  40.378345 -124.529451    27.798      -82.2     -275.2       57.7     14.0     39.0     14.8 2020  8 22  1  0 17.680  0.00  25
   107487  40.380741 -124.528198    27.707       24.2       -9.0      -32.6      7.7     17.3     14.3 2020 10 27 18 56  9.260  0.00  25
   107488  40.380554 -124.528304    27.711       15.2      -29.8      -29.2      7.8     14.0     11.8 2020 10 29 16 48 21.620  0.00  25
   107491  40.380819 -124.528353    27.707       11.1       -0.5      -32.7      6.6      9.8     10.5 2020 11 15  6 10 39.440  0.00  25
   107492  40.381055 -124.528556    27.742       -6.2       25.8        2.4      6.3     11.1     10.8 2020 11 15  4 31  1.960  0.00  25
   107494  40.380339 -124.528434    27.736        4.1      -53.8       -3.8      7.5     15.1     10.7 2020 12 21  0 56 26.380  0.00  25
   107496  40.379659 -124.529159    27.731      -57.4     -129.2       -9.4     13.0     29.4     16.6 2020 12 26 18 49 37.200  0.00  25
   107497  40.380522 -124.528833    27.766      -29.7      -33.4       25.9      7.9     18.2     13.5 2021  3 13 10 10  5.340  0.00  25
   107498  40.382886 -124.528027    27.657       38.7      229.1      -82.6     11.1     34.9     12.7 2021  4  8 21 40 58.200  0.00  25
   107506  40.383378 -124.527197    27.733      109.2      283.8       -7.5     11.2     18.7     18.5 2021  6  2  5  7 25.060  0.00  25
   107507  40.380888 -124.528532    27.720       -4.1        7.2      -20.1      7.9     12.6     12.1 2021  6  8 16 30  4.700  0.00  25
   107514  40.379944 -124.528768    27.756      -24.2      -97.6       15.8      9.7     24.7     13.3 2021 10 23  4 40  5.460  0.00  25
   107515  40.378389 -124.529224    27.762      -62.9     -270.2       21.6     13.7     26.1     21.6 2021 10 29 15 30 15.320  0.00  25
   107516  40.378866 -124.528955    27.743      -40.1     -217.3        2.7     16.2     25.3     24.5 2021 10 29 14 41 45.020  0.00  25
   107518  40.380558 -124.528271    27.670       18.0      -29.4      -69.9      7.6     13.2     13.9 2021 10 31 14 53 45.320  0.00  25
   107519  40.379915 -124.528304    27.649       15.2     -100.8      -90.6      7.6     13.1     14.1 2021 10 31 14 28 41.000  0.00  25
   107524  40.380579 -124.528320    27.721       13.8      -27.1      -18.8      6.8     12.1     11.3 2021 11 22  7 24 49.740  0.00  25
   107525  40.380945 -124.528426    27.749        4.8       13.6        9.2      7.5     14.8     13.0 2021 11 22  4  0 43.140  0.00  25
   107526  40.380713 -124.528312    27.759       14.5      -12.2       18.6      8.4     13.2     17.1 2021 11 29 14  6 53.300  0.00  25
   107527  40.379179 -124.529321    27.775      -71.2     -182.5       35.4     15.1     26.1     20.0 2021 12  3  5 48 40.960  0.00  25
   107528  40.379590 -124.529069    27.778      -49.8     -136.9       37.6     10.9     21.5     17.5 2021 12 13 23 35 57.160  0.00  25
   107533  40.381319 -124.528475    27.739        0.7       55.1       -1.3      6.7     17.6      8.7 2022  2  8 12 54 35.300  0.00  25
   107538  40.380750 -124.528459    27.726        2.1       -8.1      -14.5      7.8     11.7     10.8 2022  3 19 23 26 39.880  0.00  25
   107539  40.380835 -124.528353    27.745       11.1        1.4        5.0      8.4     14.3     12.8 2022  3 20 13 12 27.460  0.00  25
   107541  40.378727 -124.529159    27.761      -57.4     -232.7       21.3      9.1     20.0     10.3 2022  4  5  0 55 37.240  0.00  25
   107544  40.381942 -124.527930    27.736       47.0      124.3       -4.4     11.1     18.2     12.4 2022  5 10 16 59 43.560  0.00  25
   107545  40.382088 -124.527865    27.731       52.5      140.5       -8.5     10.8     22.7     12.1 2022  5 10 16 14 58.500  0.00  25
   107546  40.379631 -124.528866    27.753      -32.5     -132.4       13.3      9.5     19.9     14.4 2022  5 13 23 15  7.460  0.00  25
   107547  40.380514 -124.528288    27.685       16.6      -34.3      -54.7     11.9     18.4     16.0 2022  5 22 20 33 55.540  0.00  25
   107548  40.378394 -124.529045    27.692      -47.7     -269.7      -47.5      8.1     12.9     13.0 2022  5 30  1 43 50.600  0.00  25
   107556  40.379830 -124.529199    27.762      -60.8     -110.2       21.6     10.0     26.9     14.9 2022  8 11 16 19 20.340  0.00  25
   107557  40.379915 -124.528849    27.749      -31.1     -100.8        8.8      8.5     21.8     15.3 2022  8 12 23 24 23.280  0.00  25
   107558  40.381112 -124.528597    27.710       -9.7       32.1      -30.1      7.3     12.9     14.2 2022  8 14 12 51 42.480  0.00  25
   107559  40.381576 -124.528353    27.688       11.1       83.6      -52.0     10.7     20.1     12.2 2022  9 21 13 36 27.500  0.00  25
   107560  40.380790 -124.528418    27.748        5.5       -3.6        7.6      8.3     12.3     11.9 2022  9 26 23 50 11.680  0.00  25
   107567  40.379004 -124.529297    27.772      -69.1     -202.0       31.5     15.9     25.2     21.3 2022  9 26 23  9 34.060  0.00  25
   107571  40.379517 -124.529395    27.795      -77.4     -145.0       54.5     15.2     24.5     20.4 2022 11 14 17  2 42.680  0.00  25
   110438  40.381116 -124.528369    27.755        9.7       32.5       15.3      6.4      9.2      9.2 2023  3  4 21 15 32.500  1.55  25
