   106728  40.457495 -124.270345    25.319       81.5       72.3      359.3     20.4     15.4     19.8 2020  3 18 22 39 56.960  0.00  17
   106731  40.458455 -124.271615    25.140      -26.2      178.9      180.0     34.9     27.0     27.6 2020  4 28 22 46 41.280  0.00  17
   106736  40.454720 -124.278092    25.255     -575.7     -235.9      294.9     48.1     39.2     35.1 2020  9 13 12 45 25.840  0.00  17
   106739  40.461027 -124.270386    25.610       78.0      464.5      650.5     37.1     37.2     37.2 2021  3 17  1 49 22.520  0.00  17
   106742  40.456966 -124.269067    25.390      189.8       13.6      430.5     22.2     22.9     34.8 2021  6  9 13 49 49.100  0.00  17
   106743  40.456681 -124.261222    25.301      855.3      -18.1      341.2     46.7     22.1     26.3 2021  6 10 16 57 49.660  0.00  17
   106745  40.456335 -124.238908    25.923     2748.0      -56.5      963.4    236.0     66.0     70.0 2021  7 18 16 42 41.440  0.00  17
   106753  40.459009 -124.270955    25.452       29.7      240.4      492.6     23.5     23.9     18.8 2021 12 20 20 16 29.340  0.00  17
   106754  40.456474 -124.274487    25.434     -269.9      -41.1      474.2     24.7     26.2     19.4 2021 12 21  2 26  2.820  0.00  17
   106755  40.456909 -124.272542    25.269     -104.9        7.2      309.1     42.4     23.8     29.6 2021 12 21  3 30 46.600  0.00  17
   106756  40.461214 -124.262109    25.962      780.0      485.3     1002.4     57.0     36.9     36.8 2021 12 21 19  5 18.040  0.00  17
   106757  40.457788 -124.258773    25.449     1063.0      104.8      489.9     43.8     40.4     37.1 2021 12 21  1 43 20.320  0.00  17
   106758  40.454744 -124.271403    25.000       -8.3     -233.1       40.4     76.5     50.0     56.5 2021 12 21 21 41 57.480  0.00  17
   106760  40.457878 -124.268644    25.424      225.7      114.8      464.4     25.4     17.5     26.1 2021 12 21 23 39 48.460  0.00  17
   106761  40.457141 -124.276717    25.032     -459.0       33.0       72.0     46.1     17.3     33.5 2021 12 21  6 12 22.560  0.00  17
   106762  40.457190 -124.276025    25.058     -400.4       38.4       98.4     56.1     22.2     35.8 2021 12 21 13 12 47.980  0.00  17
   106765  40.460417 -124.272249    25.816      -80.1      396.7      856.7     27.8     47.0     34.2 2021 12 21  4 45 19.380  0.00  17
   106768  40.457963 -124.267480    25.547      324.4      124.3      586.9     25.6     16.7     35.4 2021 12 21  1 42  0.360  0.00  17
   106770  40.455977 -124.273234    25.307     -163.6      -96.2      347.5     23.4     22.5     22.6 2021 12 21 20  6 12.260  0.00  17
   106771  40.456380 -124.279427    25.437     -688.9      -51.5      477.4     39.4     30.3     22.4 2021 12 21  9 13 30.740  0.00  17
   106772  40.457617 -124.286727    25.035    -1308.1       85.8       75.8     58.3     35.7     51.2 2021 12 21  7  6 27.260  0.00  17
   106774  40.460596 -124.262655    25.782      733.8      416.6      822.3     43.8     44.4     26.5 2021 12 21  8  1 41.180  0.00  17
   106775  40.459310 -124.270353    25.334       80.8      273.8      374.8     24.3     26.3     19.5 2021 12 22 11 57 26.320  0.00  17
   106776  40.456095 -124.274390    25.419     -261.6      -83.1      459.4     26.0     29.6     21.3 2021 12 22 20 17 58.960  0.00  17
   106778  40.457699 -124.264787    25.769      552.9       94.9      809.5     33.4     34.3     44.4 2021 12 23  3 20 39.960  0.00  17
   106780  40.457918 -124.270223    25.285       91.8      119.3      325.0     22.2     19.6     21.5 2021 12 26 10  1 21.900  0.00  17
   106781  40.458118 -124.269515    25.275      151.9      141.4      314.9     21.7     23.6     19.8 2021 12 26 23 20 59.320  0.00  17
   106783  40.458317 -124.269938    25.352      116.0      163.6      392.2     24.5     23.7     20.7 2021 12 27  1  9 16.580  0.00  17
   106787  40.454024 -124.278019    25.687     -569.5     -313.1      727.3     41.1     45.8     23.6 2022  1  2 22  0  9.380  0.00  17
   106789  40.457528 -124.272412    25.265      -93.9       75.9      305.1     22.7     21.2     17.8 2022  1  2  4 53 31.180  0.00  17
   106790  40.461035 -124.264046    25.888      615.7      465.4      928.4     41.9     38.8     28.9 2022  1  2  8 17  5.880  0.00  17
   106793  40.455859 -124.274569    26.045     -276.8     -109.3     1085.8     41.9     47.7     45.7 2022  1 13 13 37 23.880  0.00  17
   106795  40.456441 -124.272648    25.019     -113.9      -44.7       59.7     54.4     24.9     23.9 2022  1 15 16 20  8.480  0.00  17
   106796  40.458154 -124.263940    25.271      624.7      145.5      311.3     36.9     23.6     19.1 2022  1 18  1  5 22.860  0.00  17
   106798  40.457666 -124.270760    25.247       46.2       91.3      287.7     23.5     23.1     18.4 2022  1 29 10 59 48.560  0.00  17
   106799  40.453483 -124.271769    24.893      -39.3     -373.2      -67.1     33.7     45.8     31.7 2022  1 30 22 25  8.500  0.00  17
   106801  40.454252 -124.273543    25.092     -189.8     -287.8      132.1     39.3     31.0     24.1 2022  2 25  4  3 34.000  0.00  17
   106803  40.457279 -124.271729    25.240      -35.9       48.3      280.3     22.2     22.6     19.0 2022  4 12  0 54 20.500  0.00  17
   106804  40.457434 -124.271574    25.285      -22.8       65.5      325.8     22.3     21.2     17.7 2022  4 15  9 43 42.080  0.00  17
   106807  40.462024 -124.270939    25.990       31.1      575.2     1030.7     47.9     26.3     25.9 2022  8 27  0 17 55.680  0.00  17
   106808  40.457353 -124.274186    25.299     -244.4       56.5      339.0     32.9     17.1     18.4 2022  9 12 11 16 51.400  0.00  17
   106809  40.451713 -124.276579    24.758     -447.3     -569.8     -201.8     44.9     40.9     24.4 2022 11  3 19 20 57.480  0.00  17
   106810  40.458110 -124.272355    25.340      -89.0      140.5      380.5     30.6     18.6     18.8 2022 11 17 18 30  3.780  0.00  17
   110130  40.457955 -124.272152    25.365      -71.8      123.4      405.5     22.6     21.2     22.8 2021 12 20 21 19 35.360  0.00  17
   110131  40.451648 -124.271053    24.552       21.4     -577.0     -407.8     52.6     28.9     39.4 2021 12 20 23 14 29.400  0.00  17
   110133  40.458158 -124.273356    25.429     -173.9      145.9      469.8     18.0     17.7     23.1 2021 12 23 18 20 46.720  0.00  17
   110134  40.457882 -124.276058    25.522     -403.1      115.2      561.9     21.3     19.2     20.4 2022  3  4 15 40 56.400  0.00  17
   110169  40.450338 -124.287777    21.966    -1397.2     -722.5    -2993.6     45.7     27.6     32.3 2021 12 21 17 40 43.880  0.00  17
   110170  40.449996 -124.281812    21.913     -891.2     -760.4    -3046.4     46.9     19.3     28.8 2021 12 21 17 46 54.000  0.00  17
   110171  40.448645 -124.276335    21.898     -426.6     -910.5    -3061.4    152.4     47.7     53.4 2021 12 21  0 56 54.660  0.00  17
   110172  40.447310 -124.291300    22.019    -1696.1    -1058.7    -2940.3     85.9     29.8     36.6 2021 12 21  9 29 42.380  0.00  17
   110173  40.450838 -124.290535    21.890    -1631.2     -666.9    -3069.3     43.9     33.1     32.0 2021 12 31  7 54 22.740  0.00  17
   110414  40.457731 -124.270280    25.283       87.0       98.5      323.6     16.6     15.5     19.8 2023  4 18  6 30 20.240  1.21  17
   110732  40.458459 -124.270866    25.471       37.3      179.4      510.9     14.2     14.2     19.1 2023  4 20  6 34 58.960  0.73  17
   110744  40.451904 -124.287492    21.868    -1373.0     -548.5    -3092.1     44.6     24.4     29.8 2022 12  6 14 13  7.240  1.22  17
