   100000  40.758972 -124.246289    17.019       -8.9       19.9       -1.2    143.9    185.1    187.7 2020  1  1  4 18 17.380  0.00  52
   100001  40.758773 -124.246208    17.019       -2.1       -2.3       -1.1    140.7     87.8    148.3 2020  1  3 12  6 10.660  0.00  52
   100002  40.758911 -124.246257    17.015       -6.2       13.1       -4.9    139.3    136.7    161.4 2020  1 10  5 38 39.760  0.00  52
   100003  40.758875 -124.245947    16.984       19.9        9.0      -36.0    185.3    113.0    236.6 2020  7  2 10 37 18.320  0.00  52
   100006  40.758834 -124.245955    16.992       19.2        4.5      -28.5    173.2     74.4    210.0 2020  8 26 17  5  7.560  0.00  52
   100008  40.758968 -124.246240    17.016       -4.8       19.4       -3.9    139.2    173.6    188.5 2021  2 26 17 10 55.880  0.00  52
   100009  40.758895 -124.246273    17.016       -7.6       11.3       -3.6    137.8    127.1    148.3 2021  8  4 13  4 50.340  0.00  52
   100010  40.757812 -124.245874    16.956       26.1     -108.9      -63.9    330.8    376.5    232.5 2021  8 31  4 21  7.080  0.00  52
   100012  40.757682 -124.245874    16.951       26.1     -123.4      -69.4    329.5    423.2    283.8 2021 10 14  9 39 56.740  0.00  52
   100017  40.758805 -124.246191    17.015       -0.7        1.4       -4.8    139.0     86.0    147.6 2022  7 21  0 22 10.260  0.00  52
   100018  40.758813 -124.246224    17.021       -3.4        2.3        1.4    147.1     67.3    155.7 2022  8  5 18 16 27.220  0.00  52
   100021  40.758818 -124.246232    17.021       -4.1        2.7        1.1    152.5     88.3    145.2 2022  8 21  7 16 43.100  0.00  52
   100022  40.758801 -124.246191    17.020       -0.7        0.9       -0.0    135.4     64.8    136.8 2022  8 24  0 39 13.140  0.00  52
   100023  40.758826 -124.246216    17.020       -2.7        3.6       -0.0    150.8    100.5    152.2 2022  8 26 13 46 28.200  0.00  52
   100028  40.758801 -124.246183    17.017        0.0        0.9       -2.8    142.1     61.1    153.5 2022  9 18  2 25 38.720  0.00  52
   100029  40.758818 -124.246216    17.020       -2.7        2.7        0.0    144.2     84.2    132.2 2022  9 24  0 15 43.900  0.00  52
   100030  40.758809 -124.246191    17.018       -0.7        1.8       -1.8    143.7     67.9    189.3 2022 10  1  3  9  7.860  0.00  52
   100031  40.758797 -124.246208    17.019       -2.1        0.5       -1.3    142.9     86.0    151.1 2022 10 16 12  4 20.320  0.00  52
   100032  40.758809 -124.246191    17.018       -0.7        1.8       -1.9    143.7     68.5    189.5 2022 10 18  3 13  8.320  0.00  52
   100034  40.758826 -124.246232    17.021       -4.1        3.6        1.2    157.3     95.6    175.0 2022 10 25 11 16 30.760  0.00  52
   100036  40.758818 -124.246289    17.021       -8.9        2.7        1.1    175.5    119.2    108.2 2022 11 30 15  7  3.540  0.00  52
   110286  40.758805 -124.246224    17.030       -3.4        1.4        9.7    139.7     71.5    153.3 2023  5 27 14 43 32.110  1.31  52
