   108581  40.630546 -124.460067     6.781       95.0      -38.9      170.7     42.4     33.0     52.8 2020  5 13 20  3  4.300  0.00  69
   108582  40.630558 -124.460588     6.774       50.9      -37.5      164.5     30.1     39.5     54.6 2020  5 13 18 31 14.120  0.00  69
   108583  40.630607 -124.460490     6.797       59.2      -32.1      187.0     31.4     35.9     57.3 2020  5 14 18 38 58.560  0.00  69
   108584  40.630518 -124.459505     6.840      142.5      -42.0      230.4     58.3     79.4     93.3 2020  5 20 16 51 14.680  0.00  69
   108589  40.630929 -124.461255     6.598       -5.5        3.6      -11.9     18.7     21.0     28.9 2021  3 31 17 40 58.500  0.00  69
   108590  40.630920 -124.461100     6.575        7.6        2.7      -35.4     28.2     24.4     67.8 2021  4  1  6 16 55.760  0.00  69
   108592  40.630835 -124.461149     6.628        3.4       -6.8       18.0     26.7     18.3     28.7 2021  4  7  4 37 52.260  0.00  69
   108593  40.630998 -124.461434     6.580      -20.7       11.3      -30.3     35.7     26.0     44.2 2021  9 26 20 33 15.780  0.00  69
   108594  40.630929 -124.461263     6.600       -6.2        3.6      -10.3     22.0     17.3     29.7 2021 12 17 19 37 36.640  0.00  69
   108595  40.630924 -124.461287     6.599       -8.3        3.2      -11.2     21.5     17.3     32.0 2022  8 28 14 42 15.860  0.00  69
   108596  40.630823 -124.461068     6.635       10.3       -8.1       25.1     28.5     17.0     30.9 2022 10 24 21 45 36.600  0.00  69
   108598  40.630904 -124.461296     6.590       -9.0        0.9      -19.6     25.5     22.5     32.7 2022 11 11 16 42 55.460  0.00  69
   110528  40.630981 -124.461434     6.565      -20.7        9.5      -44.6     20.5     17.2     27.6 2023  4 29  9 23  2.130  0.95  69
