   102991  40.493506 -124.499943    29.705    -1012.9     1704.8       41.8    153.4    171.1    203.8 2020  1  9 13 40 58.740  0.00  27
   102998  40.492843 -124.500016    29.724    -1019.1     1631.1       61.6    122.1    179.8    161.5 2020 10  4  6 55  1.040  0.00  27
   103000  40.492485 -124.500146    29.734    -1030.2     1591.4       71.7    176.4    197.5    229.3 2020 10  8 16 45 53.320  0.00  27
   103003  40.492965 -124.499813    29.718    -1001.9     1644.7       55.6    121.8    144.4    184.8 2020 12  7  8 22 35.820  0.00  27
   103004  40.492196 -124.499919    29.768    -1010.8     1559.3      105.7    150.7    168.2    216.0 2020 12 17 16 52 32.620  0.00  27
   103005  40.492395 -124.500187    29.813    -1033.6     1581.4      150.3    208.7    192.7    303.5 2020 12 23 12 56 52.620  0.00  27
   103006  40.493123 -124.499886    29.768    -1008.1     1662.3      104.9    108.2    167.8    155.5 2021  1 17 10 19 59.280  0.00  27
   103012  40.493486 -124.500146    29.859    -1030.2     1702.5      196.2    180.2    168.4    221.3 2021  7 21 12  6 54.160  0.00  27
   103015  40.492611 -124.500163    29.809    -1031.5     1605.4      146.2    141.4    173.9    162.5 2021  8  4 20 21 42.980  0.00  27
   103016  40.492655 -124.500260    29.782    -1039.8     1610.4      119.4    189.6    216.9    264.3 2021  8  5 18 12 32.940  0.00  27
   103017  40.492655 -124.500260    29.782    -1039.8     1610.4      119.3    190.2    217.7    265.1 2021  8  5 16 53 27.500  0.00  27
   103022  40.493099 -124.500505    29.863    -1060.5     1659.6      200.5    199.1    182.8    202.8 2021 11 14 22 32 35.820  0.00  27
   103023  40.492192 -124.499797    29.758    -1000.5     1558.8       95.1    171.2    180.0    246.1 2021 11 27  7 32 25.300  0.00  27
   103026  40.492407 -124.500049    29.764    -1021.9     1582.8      101.2    164.8    189.8    211.2 2021 12 21 17 14  4.720  0.00  27
   103028  40.492928 -124.500651    29.877    -1072.9     1640.6      213.9    197.6    212.0    260.9 2021 12 29 22 51 33.620  0.00  27
   103029  40.492232 -124.500073    29.755    -1024.0     1563.4       92.1    168.7    158.7    209.8 2022  1 23 14 14  2.380  0.00  27
   103031  40.493127 -124.500081    29.857    -1024.6     1662.8      194.4    192.2    153.7    186.0 2022  6 14 14 54 54.680  0.00  27
   103033  40.493193 -124.500008    29.842    -1018.4     1670.0      178.8    163.6    142.8    159.1 2022  9 26  8  0 17.200  0.00  27
   103034  40.493461 -124.500594    29.840    -1068.1     1699.8      177.7    151.4    199.5    232.4 2022  9 26  1 25  9.900  0.00  27
   103035  40.492826 -124.500488    29.818    -1059.1     1629.3      155.3    166.9    210.1    195.0 2022  9 26  3 48 41.620  0.00  27
   104657  40.464242 -124.476823    29.642      947.6    -1544.8      -21.3    160.4    237.6    203.4 2020  3  9 10 51 18.620  0.00  27
   104658  40.463892 -124.476685    29.604      959.3    -1583.7      -58.3    152.6    195.4    172.4 2020  3 18 23 16  2.080  0.00  27
   104659  40.462866 -124.476335    29.506      989.0    -1697.6     -157.2    179.7    163.9    159.1 2020  3 20 11  9 12.380  0.00  27
   104660  40.463082 -124.476847    29.626      945.5    -1673.6      -36.6    124.2    220.0    149.3 2020  5 10 15 44 38.280  0.00  27
   104662  40.464421 -124.476904    29.651      940.7    -1525.0      -11.3    173.1    256.2    233.6 2020 12 30 23  3 58.660  0.00  27
   104663  40.463904 -124.476782    29.623      951.0    -1582.3      -39.7    138.3    205.3    189.1 2020 12 31 13 12 57.180  0.00  27
   104665  40.462651 -124.476888    29.468      942.0    -1721.5     -194.9    198.4    268.6    248.5 2021  6 24 14 45  8.020  0.00  27
   104667  40.463737 -124.476489    29.574      975.9    -1600.9      -89.2    130.0    160.1    155.4 2021  6 30 18 57 19.900  0.00  27
   104668  40.464380 -124.476701    29.652      957.9    -1529.5      -11.0    151.8    199.2    176.6 2021  7  6 10 17  1.880  0.00  27
   104670  40.462980 -124.477222    29.533      913.7    -1684.9     -129.9    237.7    241.2    220.1 2021  7 21 11 24 19.480  0.00  27
   104672  40.462927 -124.475586    29.501     1052.5    -1690.8     -161.9    210.0    195.8    187.6 2021  8 17  0  6 25.200  0.00  27
   104676  40.463037 -124.477002    29.658      932.4    -1678.6       -4.7    111.4    258.1    156.8 2021 10 23  3  0  5.120  0.00  27
   104677  40.463631 -124.476424    29.530      981.4    -1612.6     -132.8    171.5    147.1    151.5 2021 11  3 10 40 27.040  0.00  27
   104678  40.461747 -124.477051    29.523      928.3    -1821.8     -140.0    196.5    310.8    205.5 2021 11 18  6 17 11.960  0.00  27
   104679  40.464323 -124.476571    29.641      969.0    -1535.8      -21.7    156.6    206.1    185.9 2021 11 23  3 25  3.320  0.00  27
   104681  40.463456 -124.476701    29.624      957.9    -1632.0      -39.0    138.3    201.3    156.4 2021 12 22  1 49  7.300  0.00  27
   104682  40.464299 -124.476668    29.630      960.7    -1538.5      -33.1    148.1    187.7    165.9 2021 12 22  2  6  5.140  0.00  27
   104684  40.464233 -124.476562    29.640      969.6    -1545.7      -23.0    225.2    287.3    264.2 2022  4 16  8 34 43.700  0.00  27
   104685  40.462948 -124.476782    29.633      951.0    -1688.5      -29.8    133.3    266.1    183.3 2022  4 21  0 59 15.880  0.00  27
   104686  40.463293 -124.476237    29.527      997.3    -1650.1     -136.3    200.8    177.2    175.4 2022  6 27 17 46 59.340  0.00  27
   104692  40.464429 -124.476611    29.650      965.5    -1524.1      -12.7    151.9    194.0    171.1 2022  9 24 22 42 50.600  0.00  27
   110314  40.493359 -124.499943    29.895    -1012.9     1688.5      232.2    178.8    142.7    173.8 2023  4 23 20 44 41.260  1.76  27
   110348  40.462712 -124.476603    29.625      966.2    -1714.7      -38.0    141.2    215.4    160.9 2022 12 15  2 16  4.110  2.47  27
