   106632  40.271729 -124.547396     3.783      -18.0     -285.1      -66.8      1.3      5.8      2.7 2020  2 22  5 52 18.180  0.00  38
   106633  40.274048 -124.547184     3.824        0.0      -27.6      -26.3      1.2      1.7      1.8 2020  3  1 20 25 24.240  0.00  38
   106634  40.273853 -124.546004     4.105      100.4      -49.2      255.0      3.3     11.9      5.7 2020  5  3 13 38 18.400  0.00  38
   106635  40.274536 -124.547046     3.830       11.8       26.7      -20.1      1.3      5.6      1.6 2020  5  4 19  6 10.540  0.00  38
   106636  40.274495 -124.547201     3.797       -1.4       22.1      -53.0      1.2      1.9      2.7 2020  5  4  9 42 44.380  0.00  38
   106637  40.274622 -124.547257     3.795       -6.2       36.1      -54.6      1.9      1.7      2.0 2020  5  4  8 13 22.220  0.00  38
   106638  40.273926 -124.547030     3.779       13.2      -41.1      -71.2      1.0      1.8      1.6 2020  5  4 15 33  2.520  0.00  38
   106640  40.274512 -124.547274     3.787       -7.6       23.9      -63.5      1.3      3.9      2.5 2020  5  4  8 38 58.940  0.00  38
   106642  40.274797 -124.547257     3.798       -6.2       55.6      -52.5      2.0      1.8      2.2 2020  5  4  8 24 12.120  0.00  38
   106643  40.274813 -124.547249     3.773       -5.5       57.4      -77.4      1.4      3.1      2.4 2020  5  4  8 47  1.720  0.00  38
   106644  40.274512 -124.547144     3.798        3.5       23.9      -52.1      1.2      4.6      1.9 2020  5  5  2 52 18.880  0.00  38
   106647  40.280241 -124.546997     3.800       15.9      660.1      -50.5      2.4     14.9      3.4 2020  5  5  1 48 19.700  0.00  38
   106648  40.274349 -124.547168     3.777        1.4        5.9      -73.3      1.3      4.4      2.1 2020  5  5  9 53 47.400  0.00  38
   106651  40.273653 -124.547282     3.820       -8.3      -71.4      -30.4      1.2      2.0      2.0 2021  1  5 21 56  2.340  0.00  38
   106653  40.273832 -124.547192     3.852       -0.7      -51.5        2.0      1.1      1.7      1.9 2021  7 10  7 24 38.580  0.00  38
   106654  40.274170 -124.547274     3.832       -7.6      -14.0      -18.4      1.1      1.8      1.7 2021  7 10 11 51 45.900  0.00  38
   106655  40.273661 -124.547249     3.835       -5.5      -70.5      -15.2      1.0      2.1      1.8 2021  7 10 19  3 50.340  0.00  38
   106656  40.274691 -124.547314     3.838      -11.1       43.8      -12.4      1.5      6.5      2.6 2021  7 11 22 33 51.940  0.00  38
   106657  40.273946 -124.548551     3.651     -116.3      -38.9     -198.8      3.0      5.7      4.8 2021  7 15 19  8 47.300  0.00  38
   106658  40.273490 -124.547038     3.833       12.5      -89.5      -17.0      1.2      2.4      2.0 2021  7 15 13  0 48.340  0.00  38
   106659  40.279749 -124.547900     3.633      -60.9      605.4     -217.0      2.5      6.8      3.8 2021  8 25 19 10 39.080  0.00  38
   106660  40.274190 -124.547266     3.864       -6.9      -11.7       14.3      1.7      1.8      2.5 2021 11  5  3 58 28.600  0.00  38
   106661  40.273446 -124.547306     3.851      -10.4      -94.4        0.7      1.6      2.3      2.3 2021 11  5  3 59 39.640  0.00  38
   106662  40.273910 -124.547241     3.856       -4.8      -42.9        6.4      1.3      1.9      2.2 2021 11  5  5 28  9.100  0.00  38
   106663  40.274443 -124.547347     3.827      -13.8       16.3      -22.8      1.1      2.8      2.5 2021 11  7  2 53 22.060  0.00  38
   106664  40.276241 -124.547371     3.806      -15.9      216.0      -43.6      2.3      5.1      2.0 2022  1 13  2 40 39.500  0.00  38
   106665  40.273865 -124.547152     3.844        2.8      -47.9       -6.1      1.4      2.9      2.3 2022  1 15 23 23  0.380  0.00  38
   106666  40.273962 -124.547257     3.838       -6.2      -37.0      -12.2      1.1      2.4      1.9 2022  5  3  9 12 19.780  0.00  38
   106669  40.274133 -124.547290     3.842       -9.0      -18.1       -8.2      1.3      2.3      2.1 2022  5  4 12 40 45.580  0.00  38
   106672  40.273539 -124.547266     3.826       -6.9      -84.0      -24.1      1.2      2.5      2.1 2022  5  5 14 31 49.800  0.00  38
   106673  40.274247 -124.547282     3.841       -8.3       -5.4       -8.7      1.3      2.4      2.0 2022  5 10 12  8 48.400  0.00  38
   106674  40.272359 -124.546794     3.793       33.2     -215.1      -56.6      2.2      4.4      3.9 2022  7 11  7 17 29.200  0.00  38
   106675  40.270719 -124.546012     3.643       99.7     -397.2     -207.1      2.2      6.0      4.1 2022  8 17  6 48 39.560  0.00  38
   110411  40.273836 -124.547380     3.860      -16.6      -51.1       10.3      1.0      1.6      1.6 2022 12 21 19 45 27.080  1.81  38
