   107300  40.713098 -124.395500    24.463       -0.7        0.0        2.9     12.8     19.0     46.6 2020 10 29 13 32  8.460  0.00  59
   107302  40.713159 -124.395524    24.452       -2.8        6.8       -7.6     14.4     18.1     32.2 2021  2  5 18 58 22.480  0.00  59
   107304  40.713180 -124.395410    24.319        6.9        9.0     -141.4     19.5     20.8     86.3 2021  2 10 18 39  4.720  0.00  59
   107305  40.713204 -124.395459    24.384        2.8       11.7      -76.1     13.8     26.4     62.0 2021  3 27 19 44 22.840  0.00  59
   107309  40.713139 -124.395475    24.443        1.4        4.5      -16.9     12.9     13.7     47.4 2021  7  1  7 49  4.920  0.00  59
   107310  40.713135 -124.395443    24.374        4.1        4.1      -85.9     16.8     14.1     66.1 2021  7 28 13 54 34.920  0.00  59
   107312  40.713118 -124.395483    24.434        0.7        2.3      -26.3     10.1     15.3     43.7 2021  9  4  2 51 43.760  0.00  59
   107313  40.713131 -124.395516    24.477       -2.1        3.6       17.5     11.6     14.3     42.9 2021  9  4  3 54 10.000  0.00  59
   107314  40.713159 -124.395410    24.339        6.9        6.8     -120.7     17.5     19.0     75.1 2021  9  7  3 43 11.160  0.00  59
   107316  40.713094 -124.395459    24.398        2.8       -0.5      -61.9     20.5     13.5     73.3 2021 11 11  4 40 22.120  0.00  59
   107319  40.713090 -124.395532    24.497       -3.4       -0.9       37.5     11.9     21.0     43.5 2021 11 25 19  7 42.260  0.00  59
   107321  40.713167 -124.395516    24.452       -2.1        7.7       -8.5     12.9     17.1     30.1 2022  1  7  1 27 28.780  0.00  59
   107322  40.713163 -124.395443    24.372        4.1        7.2      -87.7     20.7     17.8     79.2 2022  3 25 15 49 48.380  0.00  59
   107323  40.713082 -124.395540    24.499       -4.1       -1.8       39.3     13.6     19.5     46.3 2022  5  3  0 18 12.600  0.00  59
   107326  40.713163 -124.395524    24.485       -2.8        7.2       24.9     15.5     18.1     51.2 2022  6 28  9 36 18.380  0.00  59
   107332  40.713184 -124.395492    24.413        0.0        9.5      -47.2     15.3     25.7     80.0 2022 11 14 17 38 58.600  0.00  59
   110430  40.713062 -124.395516    24.474       -2.1       -4.1       14.3     12.5     13.7     32.7 2023  4 18  9 17 19.780  1.42  59
