   107373  40.473242 -124.492969    16.977        0.7        5.0        6.8     14.1     21.1     32.0 2020  4 14  6 23  7.000  0.00  45
   107379  40.473222 -124.492969    16.976        0.7        2.7        6.1     15.1     14.9     25.3 2020  6 15  1 46 51.580  0.00  45
   107387  40.473226 -124.493009    16.979       -2.8        3.2        8.8     11.3     17.6     28.7 2020  7 27  4 46 34.380  0.00  45
   107392  40.473275 -124.492993    16.989       -1.4        8.6       19.4     16.6     21.7     32.8 2020  8 30 19  4 40.040  0.00  45
   107394  40.473230 -124.492969    16.977        0.7        3.6        7.2     14.3     16.1     27.3 2020  9  3 10 23 36.500  0.00  45
   107395  40.473218 -124.492904    16.959        6.2        2.3      -10.9     21.8     34.6     57.0 2020  9 29 12 22 30.880  0.00  45
   107400  40.473185 -124.492944    16.958        2.8       -1.4      -12.5     17.4     25.3     44.8 2020 11 24 20 36 18.500  0.00  45
   107408  40.473193 -124.492961    16.963        1.4       -0.5       -6.6     15.4     21.9     38.7 2021  2 19 15 52  7.820  0.00  45
   107410  40.473254 -124.492985    16.981       -0.7        6.3       10.7     12.4     22.0     30.7 2021  3  7 10 35 31.160  0.00  45
   107414  40.473254 -124.493018    16.988       -3.5        6.3       18.2     13.4     19.6     35.3 2021  4 25 18 54 25.160  0.00  45
   107415  40.473189 -124.492952    16.964        2.1       -0.9       -6.5     15.9     20.7     33.3 2021  4 28  6 32 18.440  0.00  45
   107416  40.473238 -124.493018    16.981       -3.5        4.5       11.3     14.5     20.9     35.4 2021  5  3  2  6 28.960  0.00  45
   107417  40.473254 -124.492969    16.980        0.7        6.3       10.2     15.0     21.7     28.6 2021  5 30 11 37 49.540  0.00  45
   107421  40.473222 -124.493009    16.978       -2.8        2.7        8.1     10.9     17.2     28.2 2021  7 18 15  2 20.760  0.00  45
   107422  40.473197 -124.492969    16.968        0.7        0.0       -2.4     11.5     13.6     22.1 2021  7 18 15 31 52.420  0.00  45
   107423  40.473246 -124.493026    16.983       -4.1        5.4       12.8     13.7     18.2     30.8 2021  7 27 13 51 30.020  0.00  45
   107424  40.473193 -124.492961    16.966        1.4       -0.5       -3.9     14.5     18.4     29.4 2021  7 30  0 23  4.580  0.00  45
   107425  40.473214 -124.493001    16.973       -2.1        1.8        3.4      9.8     16.1     27.4 2021  7 31  8 31  9.420  0.00  45
   107427  40.473250 -124.492977    16.981        0.0        5.9       10.6     14.1     19.9     28.2 2021  8 22  9 57 36.520  0.00  45
   107431  40.473214 -124.492993    16.972       -1.4        1.8        1.5     11.0     15.2     27.6 2021  8 28 18 49 43.480  0.00  45
   107433  40.473254 -124.492985    16.982       -0.7        6.3       11.6     12.3     21.9     30.6 2021  9 26  9 56 24.080  0.00  45
   107439  40.473230 -124.493009    16.981       -2.8        3.6       10.7     14.5     20.7     37.9 2021 12  4  2 17  7.060  0.00  45
   107440  40.473242 -124.492952    16.977        2.1        5.0        7.3     17.4     24.9     35.1 2021 12 29 22  3  1.540  0.00  45
   107445  40.473254 -124.493018    16.988       -3.5        6.3       18.4     13.7     19.5     35.4 2022  2 13  8 35 50.880  0.00  45
   107453  40.473189 -124.492952    16.963        2.1       -0.9       -6.5     15.7     20.5     33.1 2022  5  5 12 32 31.180  0.00  45
   107460  40.473214 -124.492993    16.973       -1.4        1.8        3.0     11.2     15.5     28.2 2022 10  5 16 12 57.180  0.00  45
   107461  40.473254 -124.493026    16.989       -4.1        6.3       18.9     13.7     19.4     35.1 2022 10 18  5 42 38.700  0.00  45
   110437  40.473177 -124.493009    16.964       -2.8       -2.3       -5.9     11.6     16.4     26.0 2023  2 22  3  3 18.930  1.24  45
