   106108  40.495789 -123.975488    20.740       34.5     -752.8     -151.4     42.5     36.3     33.9 2020  8  9  5 42 39.180  0.00  60
   106111  40.496037 -123.975309    20.762       49.7     -725.2     -129.7     47.7     41.1     35.1 2020 11 30  1 29 11.000  0.00  60
   106114  40.495553 -123.975846    20.732        4.1     -779.0     -158.8     47.9     35.2     57.5 2021  7 10  6 45  4.760  0.00  60
   106118  40.496293 -123.975537    20.773       30.4     -696.7     -118.6     57.2     53.1     54.5 2022  4 18 15 56 36.880  0.00  60
   106120  40.495719 -123.976131    20.725      -20.0     -760.4     -165.7     43.6     53.5     31.1 2022  9  7 20 48 18.260  0.00  60
   106122  40.494275 -123.978166    20.654     -192.5     -920.9     -236.9     76.3     70.2     70.7 2022 11 18  1 46 11.180  0.00  60
   108843  40.507210 -123.976213    20.973      -26.9      515.6       81.8     52.4     45.3     49.3 2020  6 30 18 24 45.540  0.00  60
   108845  40.507890 -123.975155    21.075       62.8      591.0      183.4     48.7     46.1     48.8 2021  6 25 11 47  3.720  0.00  60
   108846  40.507666 -123.975480    21.044       35.2      566.2      153.1     43.5     49.4     47.8 2021  6 29 14 49 28.900  0.00  60
   108847  40.507756 -123.975358    21.044       45.5      576.1      152.9     41.6     45.1     53.0 2021  7 12  8  6 52.460  0.00  60
   108848  40.507788 -123.975350    21.051       46.2      579.7      160.1     44.0     43.6     51.8 2021  7 31 15 40 27.060  0.00  60
   108850  40.508374 -123.974552    21.167      113.8      644.8      275.3     77.8     58.6     69.3 2022  1  7 22 34 42.920  0.00  60
   108851  40.507442 -123.976302    21.080      -34.5      541.3      188.5     70.8     38.6     91.3 2022  1 21 15 52 59.180  0.00  60
   108854  40.505945 -123.979264    20.926     -285.6      375.0       35.2    128.6     78.3     86.7 2022  7 26  5 20 28.200  0.00  60
   108855  40.507109 -123.976440    20.982      -46.2      504.3       90.7     53.3     48.5     51.8 2022 11 19 11 57  9.280  0.00  60
   110393  40.495903 -123.975228    20.749       56.6     -740.1     -142.4     43.8     30.0     33.9 2023  1  5 23 38  8.240  1.45  60
   110557  40.507109 -123.976335    20.965      -37.2      504.3       73.6     44.4     38.7     46.3 2023  1  2 17 21 40.040  1.10  60
