   104481  40.456807 -124.594784    14.570     1466.4     2012.9    -1525.1     52.7     64.0     98.3 2020  3 18 23  8 26.040  0.00  33
   104487  40.457149 -124.595597    14.650     1397.3     2050.9    -1444.9     41.3     61.5    113.6 2020 10  8  1 55 57.720  0.00  33
   104490  40.457487 -124.594401    15.356     1498.8     2088.4     -738.7     58.4     72.1    166.4 2021  5  6 21 17  8.520  0.00  33
   104492  40.456051 -124.595557    14.911     1400.8     1928.9    -1184.1     25.4     36.9     83.0 2021  5 22 23 14 19.040  0.00  33
   104497  40.456860 -124.595459    14.666     1409.1     2018.8    -1429.2     38.4     53.9    108.9 2021  9 11  3  0 21.140  0.00  33
   104498  40.455827 -124.595125    15.139     1437.4     1904.0     -955.8     43.0     55.2    101.1 2021  9 11  3  1  4.800  0.00  33
   104499  40.457023 -124.594873    14.761     1458.8     2036.9    -1333.7     40.8     50.0    108.9 2021 11 16  9  0 22.520  0.00  33
   104500  40.456628 -124.595760    15.143     1383.5     1993.0     -951.8     37.1     50.0     81.3 2021 12 10 12 25 58.640  0.00  33
   104501  40.456938 -124.595386    14.689     1415.3     2027.4    -1406.3     38.3     56.7    115.6 2021 12 10 12 35 52.640  0.00  33
   104502  40.456136 -124.595264    15.114     1425.6     1938.4     -980.5     25.0     40.0     70.8 2021 12 20 12 11 43.960  0.00  33
   104507  40.455876 -124.595052    15.175     1443.6     1909.5     -920.3     44.7     56.6    118.0 2022 11 12 18 19 26.940  0.00  33
   104508  40.456612 -124.595679    15.256     1390.4     1991.2     -838.5     44.5     60.7     93.6 2022 11 13 22 28 58.880  0.00  33
   108030  40.443180 -124.586816    20.257     2142.5      499.7     4162.3     73.8    122.2    177.0 2020  3 20  4 57 46.360  0.00  33
   108034  40.443140 -124.587036    21.038     2123.8      495.2     4942.9     82.5    194.0    221.7 2020  4 18  6  9 25.600  0.00  33
   108040  40.441976 -124.586214    20.951     2193.6      366.0     4856.4    110.8    155.8    214.0 2022  5 14  3 53 43.320  0.00  33
   108050  40.443363 -124.586938    20.027     2132.1      520.1     3931.8     47.0     87.9    125.9 2022  9 25  5 36 43.760  0.00  33
   109018  40.424320 -124.625057    15.967    -1102.1    -1594.5     -127.5     56.0     96.8     97.2 2020  9 11 21 15 56.120  0.00  33
   109019  40.424455 -124.625024    15.924    -1099.3    -1579.6     -171.2     61.8    120.7     81.9 2020  9 11 21 24 14.140  0.00  33
   109020  40.424011 -124.625342    16.140    -1126.3    -1628.9       45.2     60.4    103.1     94.3 2021  7 18  4  2  8.360  0.00  33
   109021  40.429207 -124.625846    15.870    -1169.0    -1051.9     -224.7     34.0     89.4     79.0 2022  1  6 16 11 51.780  0.00  33
   109022  40.428227 -124.625562    15.858    -1144.9    -1160.8     -237.1     33.2     69.1     63.0 2022  1  7  3 48 25.000  0.00  33
   109023  40.426705 -124.626025    15.757    -1184.3    -1329.8     -337.8     55.2     66.3     89.7 2022  7 28 23 32 44.180  0.00  33
   109024  40.425098 -124.625358    16.248    -1127.7    -1508.2      153.2     46.1     60.1     81.3 2022  9  3  4 53  8.380  0.00  33
   109025  40.424601 -124.625244    16.818    -1118.0    -1563.4      723.2     85.2    126.2    181.8 2022  9 26 20 40 26.760  0.00  33
   109026  40.429773 -124.624064    15.658    -1017.8     -989.1     -437.1     60.8     74.9     80.1 2022 11  8 12 31 51.720  0.00  33
   109720  40.414478 -124.651156    11.980    -3316.9    -2687.5    -4115.3    113.4    160.1    711.4 2021  7 23  3 43  1.120  0.00  33
   109721  40.396244 -124.646623     6.212    -2932.7    -4712.2    -9883.1    199.0    307.8    466.0 2021  8 25 13 34 37.400  0.00  33
   109722  40.412789 -124.650651    14.377    -3274.1    -2875.0    -1718.3    106.2    158.8    214.5 2022  5 16 16 24 49.400  0.00  33
   109723  40.410693 -124.651652    14.528    -3359.1    -3107.7    -1566.7     99.8    150.3    219.4 2022  5 16 16 26 37.480  0.00  33
   109724  40.414872 -124.649373     9.728    -3165.7    -2643.7    -6367.1     90.7     81.1   1489.9 2022  8  4 14 31 46.620  0.00  33
   110340  40.457471 -124.595947    14.665     1367.6     2086.6    -1429.4     48.4     62.1    119.3 2023  5 28 21 51 34.820  1.43  33
   110473  40.442485 -124.586564    21.305     2163.9      422.5     5210.6     83.4    135.5    144.4 2022 12 29 18 28  9.820  1.32  33
   110585  40.427539 -124.625928    15.857    -1176.0    -1237.1     -237.9     37.4     51.7     46.6 2023  1 23  1 44 26.910  2.18  33
   110680  40.412427 -124.648853    16.681    -3121.5    -2915.2      586.3     65.2     85.7    230.2 2022 12 20 19 17  5.280  2.32  33
   110800  40.453532 -124.584448    19.013     2343.2     1649.2     2917.8    112.2    212.3    262.2 2023  4  2 19 37 29.680  0.86  33
