   106452  40.707300 -124.368221    23.852     -226.3      487.1    -1115.6    104.8     74.6    107.2 2021  2 24  1 13  1.120  0.00  71
   106453  40.707007 -124.369076    23.812     -298.5      454.6    -1155.7    134.7     92.0    123.2 2021  6  9  4 11 41.800  0.00  71
   106454  40.707031 -124.368595    23.811     -257.9      457.3    -1155.8     81.9    105.8    816.9 2021  6 15  1 44 36.180  0.00  71
   106455  40.707650 -124.369230    25.861     -311.5      526.0      893.6     84.3     91.1    173.8 2021  9 20  7 30 52.220  0.00  71
   106456  40.706795 -124.369491    24.993     -333.6      431.1       26.2    127.2    104.2    331.6 2021  9 22  9 23  9.220  0.00  71
   106457  40.706681 -124.369206    24.589     -309.5      418.4     -378.5    160.3     59.8    373.1 2021  9 26 15 38 26.700  0.00  71
   106458  40.706429 -124.368245    23.938     -228.3      390.4    -1029.7    136.3    105.2    130.1 2021 12 28  4 59 52.400  0.00  71
   106459  40.707308 -124.369409    25.321     -326.7      488.0      353.6    105.0     99.0    256.0 2022  8  5  4  2 33.760  0.00  71
   106470  40.684294 -124.350138    28.839     1302.1    -2067.7     3871.7    122.8    115.4    160.6 2021  6 27 14 23 24.780  0.00  71
   110401  40.707296 -124.368856    23.936     -279.9      486.6    -1031.6     68.9     56.7     71.4 2023  1 19  3  6 27.480  1.40  71
   110402  40.684281 -124.351912    29.150     1152.2    -2069.1     4182.5    122.8    115.6    157.3 2023  2 17  9 24 34.670  1.19  71
