   105847  40.391488 -124.287646    27.827       -4.1       20.8        7.2   1519.6   2308.9   1577.0 2021 12 20 20 46 28.200  0.00  65
   105849  40.391309 -124.287671    27.821       -6.2        0.9        0.7   2712.1   2220.6   1692.5 2021 12 21  9 55 15.700  0.00  65
   105851  40.391264 -124.287834    27.821      -20.0       -4.1        1.2   2763.7   2138.2   1537.8 2021 12 21 19 32 35.980  0.00  65
   105864  40.391740 -124.286410    27.815      100.9       48.8       -5.0   4961.1   3526.9   1873.4 2021 12 21 18 52 36.660  0.00  65
   105872  40.391475 -124.287752    27.833      -13.1       19.4       13.2   5146.0   3240.4   2252.7 2021 12 21  8 10  1.860  0.00  65
   105888  40.391414 -124.287703    27.830       -9.0       12.7       10.0   4495.9   2801.6   1997.6 2021 12 22  5 26  9.740  0.00  65
   105898  40.391313 -124.287785    27.825      -15.9        1.4        4.9   2286.0   1983.2   1444.0 2021 12 23  1  5 17.280  0.00  65
   105899  40.391463 -124.286784    27.806       69.1       18.1      -13.6   3780.5   2976.7   2006.3 2021 12 23  1 47 11.060  0.00  65
   105919  40.391239 -124.287630    27.818       -2.8       -6.8       -1.8   1839.6   1793.7   1593.5 2021 12 30 12 28  4.260  0.00  65
   105923  40.391109 -124.286320    27.821      108.5      -21.2        0.6   6559.1   2711.6   2041.4 2022  1  5 23  1 28.700  0.00  65
   105928  40.391317 -124.287638    27.821       -3.5        1.8        1.1   3434.6   2390.0   1756.9 2022  1 16  4 44 46.820  0.00  65
   105933  40.390686 -124.287524    27.788        6.2      -68.2      -32.1   3603.6   4189.4   2972.3 2022  2 10  9 46 48.960  0.00  65
   105946  40.391386 -124.288127    27.818      -44.9        9.5       -2.4   3545.6   2469.1   2318.8 2022  6  9  2 40 47.580  0.00  65
   105948  40.391439 -124.287655    27.831       -4.8       15.4       11.3   5046.5   3119.4   2172.7 2022  7  1 20 19 34.200  0.00  65
   110381  40.391272 -124.287720    27.820      -10.4       -3.2        0.1   2177.9   2063.5   1504.9 2023  2  9  3 13  2.870  0.89  65
