   108265  40.291943 -124.507137     7.301     -937.5    -1401.1      377.3     39.0     75.9     67.0 2020  7 19 14 14  0.040  0.00  61
   108266  40.294775 -124.507007     7.248     -926.4    -1086.6      324.2     30.9     79.6     57.6 2020  7 19  7 16  2.840  0.00  61
   108267  40.294645 -124.506991     7.259     -925.1    -1101.1      335.8     32.0     81.9     63.6 2020  7 19 13 47  8.720  0.00  61
   108274  40.313765 -124.506828     7.443     -911.1     1022.0      519.4     66.1    154.6    143.3 2022  4 19 17 20 28.740  0.00  61
   108275  40.279232 -124.507552     7.842     -972.9    -2812.6      918.6     50.8    150.6     94.7 2022  7 20  7 49  1.020  0.00  61
   108276  40.297660 -124.507552     7.863     -972.8     -766.3      939.2     41.3    126.3     77.1 2022  8 28 20 28 45.740  0.00  61
   109172  40.308134 -124.490137     6.458      507.8      396.7     -465.9     20.0     55.0     67.8 2020 11  8  0 15 47.520  0.00  61
   109173  40.312333 -124.489901     6.158      527.8      863.0     -765.3     26.2     38.8     56.7 2020 11  8  4 20 27.200  0.00  61
   109175  40.307137 -124.490739     5.273      456.6      286.0    -1650.5     34.4     89.1     91.6 2021  2 24  7 25 37.980  0.00  61
   109176  40.310860 -124.490055     6.273      514.7      699.4     -650.9     16.2     39.0     62.7 2021  7 12 22  0 22.220  0.00  61
   109178  40.305945 -124.490853     6.186      446.9      153.6     -737.5     29.0     93.8     75.7 2022  2 22  0 13  4.580  0.00  61
   109179  40.311755 -124.489714     6.241      543.8      798.8     -682.2     23.0     32.5     45.3 2022  3 25 20 18 45.560  0.00  61
   109180  40.312602 -124.489868     6.190      530.6      892.8     -733.5     15.8     29.1     39.6 2022  3 26 15 11 17.340  0.00  61
   109181  40.311731 -124.489738     6.247      541.7      796.1     -676.7     19.6     26.9     35.5 2022  3 26  5 22 28.200  0.00  61
   109185  40.310225 -124.490780     5.877      453.1      628.9    -1046.2     34.6     88.0     91.6 2022  7 19 10 59 54.100  0.00  61
   110490  40.288961 -124.507373     7.432     -957.6    -1732.3      508.4     34.6     79.2     71.9 2023  5  7  7 21 24.340  0.91  61
   110612  40.311955 -124.489746     6.230      541.0      821.0     -693.1     10.8     22.2     28.6 2023  3 17 11 55 14.190  1.91  61
