   104399  40.352783 -124.280306    23.918     1061.2     -888.7    -3070.7     52.6     99.6     40.7 2021  6 15  4 44 44.800  0.00  26
   104401  40.354390 -124.279395    23.872     1138.6     -710.3    -3116.9     48.9     80.6     38.2 2021  8 29  1 56 52.440  0.00  26
   104403  40.355957 -124.278304    23.854     1231.2     -536.3    -3134.0     67.0     58.9     41.8 2021 12 20 21  4 59.220  0.00  26
   104405  40.352881 -124.279614    23.852     1119.9     -877.9    -3136.3     46.3     59.8     47.8 2021 12 20 20 53 33.680  0.00  26
   104406  40.354041 -124.276685    23.976     1368.8     -749.1    -3012.3    164.0    108.7     87.6 2021 12 20 20 26 28.100  0.00  26
   104407  40.353634 -124.278288    23.855     1232.6     -794.3    -3133.3     75.6     73.0     43.7 2021 12 20 21 31 11.760  0.00  26
   104410  40.354594 -124.279069    23.888     1166.2     -687.7    -3100.1     53.1     83.8     41.9 2021 12 21  0  8 11.860  0.00  26
   104411  40.356047 -124.278190    23.854     1240.9     -526.4    -3134.3     67.1     58.4     44.0 2021 12 21 19 31 39.840  0.00  26
   104412  40.356364 -124.276538    23.894     1381.2     -491.1    -3094.5     84.5     63.3     38.5 2021 12 21 11 59  9.720  0.00  26
   104413  40.353308 -124.279224    23.833     1153.1     -830.5    -3155.9     54.7     55.6     39.4 2021 12 22  8  8 37.840  0.00  26
   104420  40.355017 -124.279175    23.900     1157.2     -640.7    -3088.8     50.8     73.0     40.7 2022  1 14  0 17 25.780  0.00  26
   104421  40.354521 -124.277824    23.795     1272.0     -695.8    -3193.5     87.4     59.2     64.6 2022  1 14  4 26 58.700  0.00  26
   104423  40.356274 -124.282072    23.930      911.1     -501.1    -3058.9     69.0     60.1     53.3 2022  1 26 22 58 55.500  0.00  26
   104426  40.355286 -124.279175    23.849     1157.2     -610.9    -3139.4     53.2     58.5     39.2 2022 11 19 20 44  5.320  0.00  26
   107213  40.340031 -124.296354    27.659     -302.1    -2304.8      670.7     98.8    122.2     92.5 2020  3 23  6 34  8.940  0.00  26
   107215  40.342741 -124.293636    27.599      -71.2    -2003.9      610.4    131.1    127.2     77.6 2021 12  1  3 23 46.460  0.00  26
   107219  40.337256 -124.299967    27.692     -609.1    -2612.9      703.7     91.6    159.0     98.5 2021 12 24 22 23 25.560  0.00  26
   107222  40.336536 -124.299520    27.814     -571.1    -2692.9      825.5    105.2    162.8    103.7 2022  1  1 10 24 30.560  0.00  26
   107224  40.349715 -124.297412    27.752     -392.0    -1229.4      763.7     85.9    166.4     60.2 2022  1 17  7 33 11.240  0.00  26
   107232  40.372209 -124.307983    29.437    -1289.8     1268.3     2448.4     37.8     41.5     30.1 2021  3 11 20  6  4.280  0.00  26
   107235  40.372249 -124.308553    29.426    -1338.2     1272.8     2437.6     42.6     38.5     25.7 2021 11  3  5 58  4.920  0.00  26
   107243  40.371924 -124.308162    29.433    -1305.0     1236.7     2444.8     48.7     53.9     26.2 2021 12 20 23 27 36.080  0.00  26
   107244  40.372005 -124.308195    29.431    -1307.8     1245.7     2442.6     44.2     45.4     23.9 2021 12 20 20 50 16.880  0.00  26
   107245  40.372375 -124.307568    29.434    -1254.5     1286.8     2446.0     44.2     54.3     26.9 2021 12 20 23 41 45.320  0.00  26
   107246  40.372620 -124.308350    29.440    -1320.9     1313.9     2451.6     43.7     40.8     31.4 2021 12 20 20 17 10.900  0.00  26
   107247  40.372416 -124.308553    29.443    -1338.2     1291.3     2454.7     54.6     50.2     28.1 2021 12 20 21 11 30.880  0.00  26
   107254  40.371993 -124.308496    29.430    -1333.3     1244.3     2441.3     53.8     46.6     32.8 2021 12 21 18  1 23.800  0.00  26
   107256  40.372823 -124.307218    29.411    -1224.8     1336.5     2422.9     59.0     71.1     50.6 2021 12 21  7 25 52.440  0.00  26
   107257  40.371859 -124.310539    29.634    -1506.8     1229.4     2645.8     87.9     85.5     91.2 2021 12 21  2 34 43.280  0.00  26
   107258  40.373319 -124.306681    29.404    -1179.2     1391.6     2415.6     97.2     99.5     32.5 2021 12 21 13  6 14.120  0.00  26
   107260  40.372257 -124.308366    29.441    -1322.3     1273.7     2452.4     45.6     38.0     21.6 2021 12 23 19 15  5.580  0.00  26
   107262  40.371867 -124.308602    29.438    -1342.3     1230.3     2449.2     46.8     54.6     23.2 2021 12 24 12 38 47.180  0.00  26
   107267  40.373279 -124.308374    29.479    -1323.0     1387.1     2490.6     55.2     64.6     53.3 2021 12 26  2 14 54.480  0.00  26
   107272  40.372526 -124.307104    29.410    -1215.1     1303.5     2421.8     56.5     74.0     45.6 2022  1  2 13 57 49.500  0.00  26
   107274  40.372306 -124.309318    29.504    -1403.2     1279.1     2515.9     62.7     76.3     58.9 2022  1 15 12 26  6.380  0.00  26
   107277  40.372034 -124.308455    29.436    -1329.9     1248.9     2447.8     43.6     36.7     24.3 2022  7  1  1 40 55.500  0.00  26
   107280  40.371928 -124.308285    29.429    -1315.4     1237.1     2441.1     53.4     45.5     30.7 2022  7 16 23 34 14.380  0.00  26
   109841  40.363753 -124.271061    25.880     1846.3      329.4    -1108.9    299.1    104.9    120.8 2021 12 21  1 16 23.360  0.00  26
   109842  40.361117 -124.267782    25.784     2124.9       36.6    -1204.8     99.5     69.5    125.3 2021 12 23  3 36 15.740  0.00  26
   109843  40.358988 -124.263460    25.745     2492.0     -199.7    -1243.0     60.7    121.1     70.9 2021 12 31 10  3  5.180  0.00  26
   110338  40.353349 -124.279395    23.835     1138.6     -825.9    -3153.2     49.7     57.8     37.0 2022 12 19 23 29  6.160  1.05  26
   110427  40.340564 -124.293392    27.650      -50.5    -2245.6      661.4     80.2     93.6     68.3 2022 12 25  7 31 55.070  0.83  26
   110428  40.371631 -124.308350    29.433    -1320.9     1204.1     2445.0     33.5     37.1     24.9 2023  4 29  3  1 22.660  0.62  26
   110713  40.359599 -124.265666    25.772     2304.7     -131.9    -1216.7     71.8     75.1     78.1 2022 12 12  1  4 54.750  2.37  26
