   103673  40.379842 -124.632446    25.952      -11.1      428.3     -568.5      6.0     16.9     22.3 2020  1 14 15 15 17.280  0.00  15
   103674  40.375907 -124.631689    26.730       53.2       -8.6      210.5      5.4      9.0     12.7 2020  1 16 22 39 17.780  0.00  15
   103675  40.374984 -124.631999    26.731       27.0     -111.2      210.8      5.9      6.7     11.2 2020  1 16 23 52  2.380  0.00  15
   103680  40.364681 -124.634904    26.425     -219.8    -1255.2      -95.2      7.3     22.2     16.6 2020  3 15  8 13 26.920  0.00  15
   103681  40.376135 -124.632406    25.728       -7.6       16.7     -792.2      6.1      8.2     18.8 2020  3 19  1 14 44.660  0.00  15
   103683  40.387089 -124.633195    26.212      -74.6     1233.0     -308.4      7.1     16.5     21.5 2020  4  6  8 32 34.940  0.00  15
   103684  40.381352 -124.633016    26.140      -59.4      596.0     -379.7     10.1     24.4     27.7 2020  4  6  8 26 12.640  0.00  15
   103685  40.375972 -124.632764    24.924      -38.0       -1.4    -1595.6      8.7     15.6     32.9 2020  4 11  0 30 15.880  0.00  15
   103686  40.389364 -124.630086    25.770      189.3     1485.6     -750.4     14.6     22.8     37.3 2020  4 18  1 52 31.020  0.00  15
   103688  40.379928 -124.632064    25.693       21.4      437.8     -827.0      4.7      7.0     15.3 2020  4 30 20 36 37.720  0.00  15
   103697  40.376473 -124.631982    26.475       28.3       54.2      -45.0      3.8      8.4      8.9 2020  6  4 14 54 40.800  0.00  15
   103705  40.376571 -124.632170    26.415       12.4       65.1     -104.6      3.4      8.4      8.0 2020  8  7 15  6  9.460  0.00  15
   103712  40.377844 -124.632056    26.444       22.1      206.5      -75.7      3.7      9.4     11.9 2020  9 20  6  7  5.560  0.00  15
   103713  40.373832 -124.631820    26.137       42.2     -239.0     -383.3      6.1     17.0     17.1 2020  9 29 16 41  7.480  0.00  15
   103717  40.374906 -124.632170    26.443       12.4     -119.7      -76.7      4.1      8.0     11.3 2020 11  9  3 26 14.900  0.00  15
   103721  40.377466 -124.634465    27.487     -182.5      164.5      966.6      5.4     10.2     15.3 2021  1 21 20 44 37.900  0.00  15
   103724  40.377649 -124.631974    26.481       29.0      184.8      -39.1      3.7     10.1      9.4 2021  1 28  8  1 18.460  0.00  15
   103725  40.368152 -124.633553    26.785     -105.1     -869.8      264.7      6.5     18.9     12.4 2021  2 12  4 13 46.120  0.00  15
   103726  40.378943 -124.633944    26.886     -138.2      328.5      366.0      5.5     15.9     14.2 2021  2 12  4  5 42.100  0.00  15
   103727  40.377299 -124.632536    26.098      -18.7      145.9     -422.1      3.9      9.2     24.0 2021  2 28 17 42  1.520  0.00  15
   103733  40.373743 -124.632609    26.708      -24.9     -249.0      188.4      6.9     10.2      7.4 2021  3 16 22 26 59.680  0.00  15
   103736  40.373551 -124.632251    26.445        5.5     -270.2      -75.3      5.7     12.2     16.2 2021  4 24 19 55 12.980  0.00  15
   103737  40.373035 -124.632576    26.318      -22.1     -327.6     -201.6      4.9     13.3     18.8 2021  4 24 21 25 22.420  0.00  15
   103738  40.378939 -124.632056    26.642       22.1      328.0      122.4      5.6     10.9     16.5 2021  5  2 10 15 15.360  0.00  15
   103739  40.375468 -124.632104    26.304       18.0      -57.4     -216.1      3.8      8.7      9.9 2021  5 17  1 51 15.000  0.00  15
   103743  40.372506 -124.632731    26.555      -35.2     -386.3       34.9      6.6     13.2      7.5 2021  6  3  9 11 16.620  0.00  15
   103746  40.369246 -124.633065    26.321      -63.6     -748.2     -199.0      9.4     18.4     19.0 2021  6 21 18 25 58.900  0.00  15
   103747  40.369055 -124.633276    26.412      -81.6     -769.5     -108.4      8.2     18.6     17.5 2021  6 21 18 56 10.100  0.00  15
   103748  40.370512 -124.632983    26.370      -56.7     -607.7     -149.5      6.0     16.7     10.2 2021  6 26 21 34 53.920  0.00  15
   103749  40.368901 -124.633927    26.431     -136.8     -786.6      -89.4      7.6     20.0     15.7 2021  6 26 21 52 52.480  0.00  15
   103752  40.376904 -124.631942    26.505       31.8      102.1      -14.7      4.0      8.7      9.3 2021  7 16  4 38  9.540  0.00  15
   103753  40.378878 -124.631380    26.720       79.5      321.3      199.6      6.3     14.6     17.4 2021  7 23 17 27  4.080  0.00  15
   103765  40.375326 -124.635042    27.067     -231.5      -73.2      546.9      5.8     14.3     13.9 2021  9 14 11  7 22.460  0.00  15
   103766  40.374052 -124.632170    26.633       12.4     -214.6      113.1      6.1      9.6      7.6 2021  9 15 10 50 21.940  0.00  15
   103770  40.374788 -124.632210    26.476        9.0     -132.8      -44.5      5.6      7.2      8.1 2021  9 22 19 29 33.580  0.00  15
   103780  40.372978 -124.632251    26.512        5.5     -333.9       -7.8      5.5     13.2      8.1 2021 11 29  2 31 57.980  0.00  15
   103781  40.376261 -124.631950    26.604       31.1       30.7       83.9      3.8      9.6      9.9 2021 12  5 11 19 17.180  0.00  15
   103782  40.375623 -124.632357    26.568       -3.5      -40.2       47.9      3.9      6.7      7.6 2021 12  5 11 20 39.060  0.00  15
   103787  40.373210 -124.632699    26.635      -32.5     -308.1      115.4      7.0     12.8      7.0 2021 12 19  2 14 40.560  0.00  15
   103793  40.374638 -124.632202    26.543        9.7     -149.6       22.9      4.9      7.1      7.2 2022  1 14  5 18 12.200  0.00  15
   103796  40.383854 -124.634798    26.690     -210.8      873.8      170.4      8.9     18.3     19.6 2022  2 18 12 44 56.020  0.00  15
   103797  40.371497 -124.632251    26.154        5.5     -498.4     -365.6      5.4     14.1     11.1 2022  2 19 12 21  1.500  0.00  15
   103802  40.382007 -124.631144    26.654       99.5      668.7      134.1      7.5     20.4     15.5 2022  3 12  4 33 48.940  0.00  15
   103804  40.382426 -124.630452    26.825      158.3      715.2      304.5      9.1     33.4     21.4 2022  3 15 10 40 38.520  0.00  15
   103811  40.376046 -124.632113    26.400       17.3        6.8     -119.8      3.9      8.6      6.9 2022  5 14  0 44  9.960  0.00  15
   103814  40.387288 -124.630387    25.858      163.8     1255.2     -661.7     11.8     28.7     30.1 2022  5 31 12 38 59.980  0.00  15
   103815  40.376737 -124.632023    26.386       24.9       83.6     -134.1      6.1      9.5     11.0 2022  5 31 16 45 19.300  0.00  15
   103820  40.375708 -124.632129    26.397       15.9      -30.7     -122.8      3.5      7.6      7.3 2022  6 16 23 23 11.160  0.00  15
   103822  40.373210 -124.632715    26.474      -33.9     -308.1      -46.0      8.1     16.3     11.7 2022  7  2  3 27 26.160  0.00  15
   103828  40.376034 -124.632121    26.373       16.6        5.4     -147.1      4.1     10.8      9.0 2022  7 30 10  3 37.460  0.00  15
   103829  40.374113 -124.632373    26.499       -4.8     -207.8      -21.1      4.1     10.5      7.7 2022  8  8 16 29 41.540  0.00  15
   103831  40.374182 -124.632536    26.487      -18.7     -200.2      -32.8      5.8     10.3      8.5 2022  8 21  3 43 30.740  0.00  15
   103834  40.371366 -124.632878    26.669      -47.7     -512.8      148.9      6.0     15.8      9.6 2022  9  5 17 44 25.060  0.00  15
   103835  40.367558 -124.634025    27.206     -145.1     -935.7      686.3     12.6     28.1     24.0 2022  9 22 18 37 12.600  0.00  15
   103836  40.364612 -124.631136    26.703      100.2    -1262.9      183.3      7.3     15.1     11.5 2022  9 23 19 40  3.100  0.00  15
   103837  40.376331 -124.632332    26.405       -1.4       38.4     -114.6      4.1      8.9      7.5 2022  9 25  0 13 36.240  0.00  15
   103842  40.375838 -124.632202    26.426        9.7      -16.3      -94.2      4.0      7.8      7.5 2022 10 27 16  1  8.480  0.00  15
   103843  40.376392 -124.631982    26.394       28.3       45.2     -126.0      4.0      8.3      8.6 2022 10 27 19 13 41.200  0.00  15
   103844  40.374312 -124.632397    26.428       -6.9     -185.7      -92.4      4.9     10.7      8.6 2022 10 27 19 10 46.000  0.00  15
   103850  40.375309 -124.632088    26.647       19.4      -75.0      126.8      3.8      6.5     10.2 2022 11 22 17 13 20.760  0.00  15
   110325  40.376355 -124.632186    26.600       11.1       41.1       80.4      3.7      6.6      7.0 2023  1  6  2 11 23.440  2.07  15
