   102177  40.297030 -124.478678    26.855     1291.2     1097.5     5736.2      3.5     11.7      2.7 2020  4  1 11 46 58.040  0.00   2
   102179  40.285221 -124.491927    25.446      164.7     -213.7     4327.3      2.5      5.6      3.6 2022  4 28 10 58 15.600  0.00   2
   102611  40.294108 -124.551847    23.201    -4930.4      773.1     2082.3      0.7      1.2      1.1 2020  1 28  5 11 32.240  0.00   2
   102614  40.294067 -124.551921    23.213    -4936.6      768.6     2093.8      0.8      1.3      1.4 2020  2 19  4 37 44.400  0.00   2
   102615  40.294181 -124.552051    23.135    -4947.7      781.2     2015.7      0.6      1.4      1.0 2020  3  2 21 56 10.200  0.00   2
   102616  40.294031 -124.551815    23.146    -4927.6      764.5     2027.0      0.7      1.4      1.1 2020  3 12 13 19 53.560  0.00   2
   102617  40.284420 -124.553548    23.086    -5075.4     -302.7     1967.6      0.8      2.1      2.2 2020  3 19  2  9 47.580  0.00   2
   102618  40.294043 -124.551880    23.143    -4933.1      765.8     2023.9      0.6      1.4      1.0 2020  3 24  8  3 36.860  0.00   2
   102619  40.295463 -124.551563    23.144    -4906.1      923.5     2024.8      1.1      1.6      1.2 2020  5  3 14  1 39.440  0.00   2
   102620  40.294047 -124.552116    23.143    -4953.2      766.3     2023.8      0.6      1.3      0.6 2020  5  8  2 59 28.200  0.00   2
   102621  40.293921 -124.551872    23.148    -4932.5      752.3     2029.0      0.6      1.3      0.9 2020  5 20  5 59 56.040  0.00   2
   102622  40.293994 -124.551953    23.141    -4939.4      760.4     2022.1      0.8      1.6      1.1 2020  5 25 11 34 11.100  0.00   2
   102623  40.293852 -124.551807    23.153    -4926.9      744.6     2033.8      0.6      1.6      1.1 2020  6 17  9 38  2.760  0.00   2
   102626  40.293884 -124.551921    23.145    -4936.6      748.2     2026.2      0.9      1.9      1.6 2020  7 30 14 15 55.420  0.00   2
   102627  40.294226 -124.551326    23.139    -4886.1      786.2     2020.2      0.9      1.5      1.0 2020  8  6  9 43  0.900  0.00   2
   102628  40.293868 -124.551847    23.148    -4930.4      746.4     2029.5      0.5      1.5      1.1 2020  8 12  9 16 12.860  0.00   2
   102629  40.293799 -124.551782    23.170    -4924.9      738.7     2050.9      1.1      2.2      1.7 2020  8 30 19 11 39.340  0.00   2
   102630  40.294088 -124.551424    23.143    -4894.4      770.8     2023.7      0.8      1.3      0.7 2020  9  4 12  2 45.620  0.00   2
   102631  40.294250 -124.551994    23.131    -4942.8      788.9     2011.6      0.7      1.6      0.9 2020  9 14  2 37 30.160  0.00   2
   102632  40.294316 -124.552083    23.128    -4950.4      796.1     2008.9      0.6      1.6      0.9 2020 10 22  1 28 26.760  0.00   2
   102633  40.293945 -124.551888    23.146    -4933.8      755.0     2027.5      0.7      1.5      1.0 2020 10 29  4 23 31.560  0.00   2
   102636  40.293905 -124.552010    23.143    -4944.2      750.5     2023.6      0.6      1.3      0.9 2020 11 12  0 59 20.320  0.00   2
   102637  40.294120 -124.551709    23.140    -4918.6      774.4     2021.4      0.5      1.2      0.9 2020 11 22  4 28 11.800  0.00   2
   102638  40.293953 -124.551750    23.173    -4922.1      755.9     2054.6      0.9      1.2      1.5 2020 11 24  4 43  2.220  0.00   2
   102640  40.290263 -124.552026    23.367    -4945.7      346.1     2248.1      0.9      1.8      1.4 2020 12 20 20 43  7.720  0.00   2
   102643  40.293787 -124.552026    23.155    -4945.6      737.4     2036.1      0.6      1.1      0.8 2021  4  2  8 21 40.740  0.00   2
   102644  40.293888 -124.551864    23.149    -4931.8      748.7     2030.4      0.6      1.4      0.9 2021  4  2 10  4 11.960  0.00   2
   102645  40.293172 -124.552799    23.159    -5011.4      669.2     2040.3      1.2      1.8      1.2 2021  4  2  8 33 31.360  0.00   2
   102646  40.293848 -124.552059    23.142    -4948.4      744.2     2023.3      0.7      1.4      1.0 2021  4  3  8 46 31.580  0.00   2
   102648  40.294377 -124.551847    23.128    -4930.4      802.9     2008.8      0.6      1.6      1.0 2021  4  4 22 47 31.720  0.00   2
   102649  40.293970 -124.551855    23.144    -4931.1      757.7     2025.0      0.5      1.2      0.8 2021  4  6 18 44  3.960  0.00   2
   102650  40.293937 -124.551880    23.145    -4933.1      754.1     2025.9      0.5      1.4      1.0 2021  4 16  7 34 37.420  0.00   2
   102652  40.293970 -124.551660    23.161    -4914.5      757.7     2041.7      1.0      2.3      1.5 2021  4 24 10 54 59.700  0.00   2
   102653  40.293437 -124.552767    23.144    -5008.6      698.5     2024.8      1.2      2.0      1.2 2021  5 11 10 53 45.640  0.00   2
   102654  40.293998 -124.551750    23.146    -4922.1      760.9     2027.4      0.5      1.1      0.9 2021  5 18  7  9  4.920  0.00   2
   102655  40.293941 -124.552515    23.132    -4987.1      754.5     2012.9      1.0      1.1      0.9 2021  6  5 23 47 43.440  0.00   2
   102656  40.293913 -124.552230    23.138    -4962.9      751.4     2019.3      0.8      1.2      1.1 2021  7 10 10 32  6.000  0.00   2
   102657  40.294055 -124.551668    23.140    -4915.2      767.2     2021.3      0.6      1.0      0.8 2021  7 10 10 35 55.320  0.00   2
   102658  40.294006 -124.551815    23.144    -4927.6      761.8     2025.0      0.5      1.0      0.7 2021  7 10 10 44 51.580  0.00   2
   102659  40.294438 -124.551994    23.118    -4942.8      809.7     1999.5      0.7      1.6      1.0 2021  7 10 11 32 17.980  0.00   2
   102660  40.294625 -124.552010    23.111    -4944.2      830.5     1992.6      0.8      2.1      1.4 2021  7 10 12 22  8.220  0.00   2
   102661  40.293994 -124.551904    23.142    -4935.2      760.4     2023.5      0.6      1.0      0.7 2021  7 11  0 11 56.640  0.00   2
   102662  40.293766 -124.551864    23.152    -4931.8      735.1     2033.2      0.7      1.9      1.2 2021  8 14  7 32 23.840  0.00   2
   102663  40.293925 -124.552189    23.141    -4959.4      752.7     2021.7      0.7      1.2      0.8 2021  8 17  5  4 32.220  0.00   2
   102664  40.293835 -124.552604    23.140    -4994.7      742.8     2021.1      0.7      1.6      1.1 2021 10 17 20 33  5.600  0.00   2
   102665  40.294076 -124.551514    23.141    -4902.0      769.5     2022.6      0.7      1.1      0.8 2021 11  4  7 34 53.420  0.00   2
   102666  40.294124 -124.551302    23.142    -4884.0      774.9     2023.4      0.9      1.2      0.9 2021 11 17  7 26 36.100  0.00   2
   102667  40.294027 -124.551611    23.143    -4910.3      764.0     2024.4      0.6      1.1      0.8 2021 12  3 14  3  8.220  0.00   2
   102669  40.294039 -124.551530    23.145    -4903.4      765.4     2026.3      0.7      1.0      0.7 2021 12 20 23 12 47.680  0.00   2
   102670  40.293921 -124.552010    23.146    -4944.2      752.3     2026.9      0.6      1.4      0.9 2021 12 21 19 14 52.560  0.00   2
   102671  40.293868 -124.551961    23.143    -4940.1      746.4     2024.5      0.7      1.0      0.6 2021 12 21  0  6 44.760  0.00   2
   102673  40.293990 -124.551758    23.147    -4922.8      760.0     2027.9      0.5      1.5      1.0 2021 12 26  0 58 31.020  0.00   2
   102674  40.294287 -124.552531    23.128    -4988.5      793.0     2008.9      0.7      2.0      1.3 2021 12 27 21 23 56.940  0.00   2
   102675  40.293929 -124.552035    23.142    -4946.3      753.2     2023.2      0.7      1.3      0.8 2021 12 28 23 42 32.980  0.00   2
   102677  40.294027 -124.552157    23.137    -4956.7      764.0     2018.0      0.8      1.6      1.1 2021 12 30 21 50 15.320  0.00   2
   102678  40.294006 -124.551766    23.146    -4923.5      761.8     2027.1      0.6      1.4      0.8 2021 12 31 23 44 46.660  0.00   2
   102679  40.293994 -124.551855    23.146    -4931.1      760.4     2026.6      0.7      1.3      0.9 2022  1  6 21 51 26.240  0.00   2
   102684  40.293571 -124.552507    23.134    -4986.4      713.4     2015.2      1.1      1.9      1.4 2022  2 12 18 43 42.940  0.00   2
   102685  40.293937 -124.551864    23.148    -4931.8      754.1     2028.9      0.4      1.5      1.1 2022  3  2 23 19 59.800  0.00   2
   102686  40.293827 -124.551847    23.155    -4930.4      741.9     2035.7      0.8      2.5      1.7 2022  3  2 16  8  3.180  0.00   2
   102687  40.294084 -124.551758    23.143    -4922.8      770.4     2024.4      0.7      1.3      0.9 2022  3  9 13 42 16.640  0.00   2
   102691  40.294027 -124.551953    23.138    -4939.4      764.0     2019.6      0.7      1.4      0.9 2022  5 18 18  7 36.080  0.00   2
   102692  40.294002 -124.552067    23.134    -4949.1      761.3     2015.1      0.8      1.7      1.2 2022  5 21 20  6 56.040  0.00   2
   102693  40.293962 -124.551872    23.145    -4932.5      756.8     2026.5      0.8      1.7      1.2 2022  6 20  7 39 31.020  0.00   2
   102694  40.294092 -124.551782    23.140    -4924.8      771.3     2021.4      0.7      1.6      1.0 2022  6 27  7 43 34.160  0.00   2
   102695  40.292993 -124.552043    23.124    -4947.0      649.3     2005.1      0.7      2.6      1.1 2022  7 18  1 42 42.840  0.00   2
   102696  40.294120 -124.551668    23.143    -4915.2      774.4     2024.2      0.6      1.2      1.2 2022  7 28  7 20 33.000  0.00   2
   102697  40.294039 -124.551733    23.141    -4920.7      765.4     2021.9      0.5      1.3      0.9 2022  8  2  3 23 52.420  0.00   2
   102698  40.294006 -124.551799    23.144    -4926.2      761.8     2024.9      0.8      1.4      1.0 2022  8 16 18 15 25.220  0.00   2
   102699  40.293974 -124.551839    23.144    -4929.7      758.2     2025.5      0.7      1.6      1.0 2022  9 16  6  1  5.000  0.00   2
   102700  40.293998 -124.551701    23.146    -4917.9      760.9     2027.2      0.7      1.2      0.9 2022  9 19  4 54 39.760  0.00   2
   102702  40.294006 -124.551929    23.142    -4937.3      761.8     2023.5      0.8      1.7      1.4 2022 10  5  5 11 18.160  0.00   2
   102705  40.294084 -124.552083    23.138    -4950.4      770.4     2019.1      0.8      1.5      0.9 2022 11  1  9 40 50.800  0.00   2
   102706  40.294035 -124.551717    23.144    -4919.3      764.9     2025.5      0.6      1.2      1.0 2022 11 27 18  0 57.680  0.00   2
   103181  40.284615 -124.469417    20.557     2078.9     -281.0     -561.7      0.9      2.0      1.2 2020  1 11  1 31 54.420  0.00   2
   103185  40.282715 -124.469914    20.426     2036.7     -492.0     -692.8      0.5      0.8      0.9 2020  3 20  0 26 38.040  0.00   2
   103189  40.289986 -124.468376    20.637     2167.4      315.4     -482.3      0.9      2.5      1.6 2020  5 27  2 48 16.160  0.00   2
   103193  40.282727 -124.469849    20.484     2042.2     -490.7     -635.1      0.7      1.5      1.7 2020  7 17 21 44  7.800  0.00   2
   103194  40.282597 -124.469808    20.466     2045.7     -505.1     -653.1      0.6      0.9      1.3 2020  8 11  2 18 34.020  0.00   2
   103195  40.282613 -124.470036    20.438     2026.3     -503.3     -681.0      0.4      0.8      1.0 2020  9  3 21 10 12.920  0.00   2
   103196  40.282589 -124.469946    20.466     2033.9     -506.0     -653.1      0.6      1.0      1.7 2020  9 30 18 18  5.760  0.00   2
   103197  40.282646 -124.470060    20.431     2024.2     -499.7     -687.5      0.5      0.8      1.2 2020 10 13 14 33 43.200  0.00   2
   103199  40.282833 -124.470044    20.426     2025.6     -478.9     -692.9      0.6      1.6      1.5 2020 11 26  8 19 30.520  0.00   2
   103201  40.282943 -124.469604    20.737     2063.0     -466.7     -381.8      0.9      1.9      1.9 2020 12 24  9 22 40.660  0.00   2
   103203  40.290690 -124.468343    20.632     2170.1      393.5     -486.5      1.2      2.6      1.7 2021  2 24 19 37  0.500  0.00   2
   103204  40.282613 -124.469922    20.456     2036.0     -503.3     -662.4      0.5      1.0      1.3 2021  3 22 10 31  8.140  0.00   2
   103206  40.282772 -124.470158    20.382     2015.9     -485.7     -736.9      0.6      0.8      1.4 2021  4 24  6 17 31.180  0.00   2
   103207  40.282271 -124.470337    20.541     2000.7     -541.3     -577.7      1.0      1.5      1.7 2021  5  2  8  9 31.120  0.00   2
   103210  40.282686 -124.470451    20.361     1991.0     -495.2     -758.3      0.8      1.0      1.6 2021  8  5 10 16 23.100  0.00   2
   103211  40.282699 -124.470101    20.407     2020.8     -493.8     -712.2      0.4      0.8      0.7 2021  9  5 23  3 58.160  0.00   2
   103213  40.284721 -124.469368    20.546     2083.0     -269.3     -573.3      0.8      2.5      1.3 2021 10  6  9  9 39.160  0.00   2
   103214  40.273702 -124.467391    20.475     2251.4    -1492.8     -643.9      3.7      9.8      6.2 2021 10 12 11 29  9.760  0.00   2
   103216  40.282776 -124.470052    20.435     2024.9     -485.3     -683.4      0.7      0.9      1.2 2021 11  1 12 14 16.760  0.00   2
   103218  40.282784 -124.470068    20.451     2023.5     -484.4     -667.7      0.9      1.7      1.6 2021 12 20 23 42 18.160  0.00   2
   103219  40.284977 -124.469067    20.586     2108.6     -240.8     -533.3      1.1      2.3      1.3 2021 12 21 19 53 20.860  0.00   2
   103220  40.285364 -124.469238    20.611     2094.1     -197.9     -507.8      0.9      1.8      1.4 2021 12 21  3 25  2.140  0.00   2
   103221  40.282825 -124.470353    20.417     1999.3     -479.8     -702.3      0.7      1.0      0.9 2021 12 22 23 56  7.680  0.00   2
   103222  40.282735 -124.469922    20.427     2036.0     -489.8     -692.2      0.5      1.1      1.0 2021 12 22 22 10  3.600  0.00   2
   103225  40.284713 -124.469450    20.537     2076.1     -270.2     -581.6      0.8      1.4      1.0 2021 12 22 13 50  2.900  0.00   2
   103227  40.283626 -124.469881    20.513     2039.4     -390.8     -606.0      0.7      1.3      0.8 2021 12 22  6 22 18.920  0.00   2
   103229  40.282808 -124.469800    20.407     2046.4     -481.6     -711.6      0.7      1.7      1.0 2021 12 23 10 36 56.360  0.00   2
   103232  40.282703 -124.470060    20.406     2024.2     -493.4     -713.1      0.4      0.8      0.7 2021 12 25  4 27 30.000  0.00   2
   103233  40.282723 -124.470028    20.411     2027.0     -491.1     -708.2      0.6      0.8      1.3 2021 12 25 13  7 17.660  0.00   2
   103235  40.282751 -124.469873    20.408     2040.1     -488.0     -710.5      0.5      0.7      0.7 2021 12 26 18 24 14.980  0.00   2
   103237  40.282471 -124.470532    20.392     1984.1     -519.1     -726.5      0.8      1.3      1.0 2021 12 27  3 19 14.140  0.00   2
   103238  40.282690 -124.470093    20.397     2021.5     -494.7     -722.2      0.4      0.9      0.8 2021 12 28 10 25 14.240  0.00   2
   103239  40.282711 -124.470361    20.351     1998.6     -492.5     -767.4      0.9      1.4      2.1 2021 12 29  5 39  1.000  0.00   2
   103241  40.282845 -124.469930    20.396     2035.3     -477.6     -723.1      0.6      1.0      1.1 2021 12 31 10 16 23.220  0.00   2
   103242  40.282703 -124.469979    20.429     2031.1     -493.4     -690.1      0.5      0.8      1.1 2022  1  6 15  3 53.600  0.00   2
   103246  40.282650 -124.469279    20.486     2090.7     -499.3     -632.7      1.0      1.5      1.8 2022  1  9 14 28 34.400  0.00   2
   103250  40.282715 -124.470264    20.400     2006.9     -492.0     -718.6      0.6      0.7      0.9 2022  1 12  6 38 12.400  0.00   2
   103252  40.282715 -124.470369    20.379     1997.9     -492.0     -740.3      0.7      1.1      1.3 2022  1 15 11  2 22.680  0.00   2
   103253  40.282670 -124.469979    20.395     2031.1     -497.0     -724.3      0.6      0.7      1.0 2022  1 15 11  7 24.280  0.00   2
   103254  40.282947 -124.470011    20.450     2028.4     -466.3     -668.8      0.8      1.2      1.5 2022  1 15 23 42 27.860  0.00   2
   103255  40.282707 -124.470190    20.419     2013.1     -492.9     -699.6      0.5      0.7      0.7 2022  1 20 23 35 26.640  0.00   2
   103256  40.283586 -124.469718    20.479     2053.3     -395.3     -639.9      0.6      1.4      0.8 2022  1 20  3 44 25.400  0.00   2
   103257  40.282670 -124.470280    20.433     2005.5     -497.0     -686.3      0.7      0.8      1.3 2022  1 21  4 17 37.100  0.00   2
   103258  40.284041 -124.469303    20.517     2088.6     -344.7     -601.9      0.6      2.1      0.8 2022  1 21  4 17  1.760  0.00   2
   103261  40.282715 -124.469897    20.421     2038.1     -492.0     -697.9      0.6      0.5      0.7 2022  1 30  5 20 41.160  0.00   2
   103262  40.282727 -124.469718    20.427     2053.3     -490.7     -692.1      0.7      0.7      1.2 2022  1 30 18 14 11.380  0.00   2
   103263  40.282711 -124.469954    20.412     2033.2     -492.5     -706.7      0.4      0.7      0.8 2022  2  6 18 14 29.480  0.00   2
   103264  40.284192 -124.469491    20.531     2072.6     -328.0     -588.3      0.5      2.0      0.8 2022  2 15  3  8 21.340  0.00   2
   103265  40.282694 -124.470247    20.411     2008.3     -494.3     -708.1      0.5      0.5      0.7 2022  2 24 22 57  5.460  0.00   2
   103266  40.282690 -124.470280    20.405     2005.5     -494.7     -713.8      0.6      0.7      0.9 2022  2 24  2  6 53.360  0.00   2
   103267  40.282804 -124.470304    20.364     2003.5     -482.1     -755.0      0.6      1.2      1.6 2022  2 24 18  1 21.640  0.00   2
   103269  40.282711 -124.469979    20.418     2031.1     -492.5     -700.5      0.5      0.9      0.8 2022  3 29 10 35 52.340  0.00   2
   103270  40.282878 -124.470093    20.416     2021.4     -474.0     -702.9      0.4      1.6      0.5 2022  3 29 19 58  7.480  0.00   2
   103271  40.282690 -124.470394    20.374     1995.8     -494.7     -744.4      0.8      1.5      1.6 2022  3 31 14 40 40.040  0.00   2
   103272  40.282756 -124.469881    20.425     2039.4     -487.5     -693.8      0.5      0.9      0.8 2022  4  3 21  3 27.520  0.00   2
   103273  40.282646 -124.470231    20.400     2009.7     -499.7     -718.7      0.6      1.2      0.9 2022  4 10 13  3 18.560  0.00   2
   103274  40.284900 -124.469775    20.580     2048.4     -249.4     -539.0      0.8      1.9      1.1 2022  4 10 20 53 45.920  0.00   2
   103277  40.282739 -124.469849    20.429     2042.2     -489.3     -689.8      0.6      1.2      1.1 2022  4 19 18 43 36.400  0.00   2
   103279  40.282646 -124.470068    20.388     2023.5     -499.7     -731.1      0.5      1.3      1.1 2022  5 12 18 20 44.500  0.00   2
   103281  40.282751 -124.470549    20.416     1982.7     -488.0     -702.5      0.8      1.2      1.1 2022  6  9 20  8 46.080  0.00   2
   103283  40.282739 -124.469759    20.412     2049.8     -489.3     -707.0      0.4      0.7      0.7 2022  6 12  6 17 47.260  0.00   2
   103284  40.282723 -124.469840    20.432     2042.9     -491.1     -686.7      0.6      0.8      1.1 2022  6 20  3  5 25.720  0.00   2
   103285  40.282678 -124.470321    20.431     2002.1     -496.1     -688.0      0.7      0.8      1.4 2022  7  4  4 24 56.900  0.00   2
   103286  40.282686 -124.470028    20.415     2027.0     -495.2     -704.2      0.6      1.0      0.9 2022  8 12  8 24  9.100  0.00   2
   103288  40.282674 -124.470215    20.411     2011.1     -496.6     -707.6      0.5      0.8      0.8 2022  8 16  4  0 36.260  0.00   2
   103291  40.282845 -124.469914    20.432     2036.7     -477.6     -687.3      0.5      0.9      1.1 2022  9  6 14 16 14.840  0.00   2
   103292  40.282686 -124.470093    20.423     2021.5     -495.2     -696.1      0.6      0.9      1.2 2022  9  8 13 25 43.220  0.00   2
   103293  40.282666 -124.470190    20.405     2013.1     -497.5     -714.3      0.5      0.9      0.8 2022  9 12  9 10 21.960  0.00   2
   103294  40.283276 -124.470060    20.443     2024.2     -429.7     -675.7      0.4      1.6      1.1 2022  9 13 19 13 50.120  0.00   2
   103295  40.282723 -124.469995    20.414     2029.8     -491.1     -704.6      0.5      0.9      1.1 2022 10  9 14 38 43.840  0.00   2
   103297  40.282760 -124.470076    20.387     2022.8     -487.1     -731.5      0.7      1.1      1.6 2022 11 10  3 49 21.340  0.00   2
   104536  40.274548 -124.515527    21.459    -1842.3    -1398.8      339.7      0.7      1.0      0.7 2020  1 23  2 46 22.320  0.00   2
   104538  40.274410 -124.516243    21.451    -1903.2    -1414.2      332.0      0.8      0.6      0.7 2020  1 24 12 58 18.420  0.00   2
   104539  40.274573 -124.516016    21.448    -1883.8    -1396.1      329.6      0.7      1.6      1.2 2020  3 15  0 55 54.180  0.00   2
   104540  40.275073 -124.515218    21.366    -1816.0    -1340.6      246.7      1.4      4.3      1.6 2020  3 19 13  2 23.120  0.00   2
   104541  40.274418 -124.516317    21.450    -1909.5    -1413.3      331.5      0.8      0.6      0.7 2020  4  4 12 55 14.960  0.00   2
   104542  40.284973 -124.519450    22.376    -2175.7     -241.3     1257.2      2.8      4.2      3.6 2020  8  9  3 24  1.340  0.00   2
   104543  40.274284 -124.513289    21.439    -1652.0    -1428.2      320.0      1.6      2.7      2.2 2020  8  9  0  0 42.000  0.00   2
   104544  40.280216 -124.514176    22.011    -1727.4     -769.5      892.1      3.0      4.0      5.1 2020  9  6 19 15 19.420  0.00   2
   104545  40.278955 -124.513281    21.890    -1651.3     -909.5      770.6      1.2      2.3      1.7 2020 11 20 23  5 37.000  0.00   2
   104546  40.274630 -124.515348    21.460    -1827.1    -1389.8      341.6      0.8      1.1      1.0 2020 12  8 19 50 59.440  0.00   2
   104547  40.274402 -124.515649    21.462    -1852.7    -1415.1      343.0      0.7      1.4      0.9 2021  1 13 20 27 55.860  0.00   2
   104548  40.274516 -124.515470    21.459    -1837.5    -1402.5      340.5      0.6      1.1      1.0 2021  1 23 18  7 58.980  0.00   2
   104549  40.274345 -124.516219    21.440    -1901.2    -1421.4      321.2      1.0      1.8      1.9 2021  2  4  8  4  6.380  0.00   2
   104550  40.274422 -124.516243    21.446    -1903.2    -1412.9      327.2      0.8      1.3      1.2 2021  2  8 10 42 43.860  0.00   2
   104552  40.281677 -124.516593    21.247    -1932.9     -607.3      128.6      1.2      3.2      2.5 2021  4 28  9 56 53.160  0.00   2
   104555  40.274699 -124.515902    21.460    -1874.2    -1382.1      341.1      0.8      2.5      1.0 2021  8 13  3  3 14.280  0.00   2
   104557  40.274475 -124.515926    21.455    -1876.2    -1407.0      336.3      0.5      0.9      0.8 2021 10 13  0 11 57.860  0.00   2
   104558  40.275061 -124.514168    21.375    -1726.7    -1341.9      256.4      1.0      3.5      1.7 2021 10 15 23 36  0.100  0.00   2
   104561  40.274048 -124.515088    21.432    -1805.0    -1454.4      313.2      1.1      2.0      1.3 2021 12 21  4 11 42.460  0.00   2
   104562  40.280896 -124.514388    21.322    -1745.3     -694.0      203.6      0.8      2.4      1.3 2021 12 21  5 27 13.340  0.00   2
   104563  40.274581 -124.515161    21.452    -1811.2    -1395.2      333.5      0.9      0.8      0.8 2021 12 21  9 54 44.140  0.00   2
   104565  40.274890 -124.515202    21.486    -1814.6    -1360.9      367.5      0.8      1.8      1.0 2021 12 21 14 32 11.280  0.00   2
   104566  40.274801 -124.515275    21.453    -1820.9    -1370.8      334.3      0.8      1.8      1.1 2021 12 21  7 49 38.600  0.00   2
   104567  40.282540 -124.515690    21.613    -1856.1     -511.5      494.2      2.3      6.6      3.7 2021 12 21  0 33 29.320  0.00   2
   104568  40.274125 -124.516724    21.457    -1944.1    -1445.8      337.7      0.9      2.9      1.9 2021 12 21  1 47 47.320  0.00   2
   104570  40.284619 -124.514437    21.268    -1749.5     -280.6      149.4      0.9      2.4      1.4 2021 12 30 17  2 59.560  0.00   2
   104571  40.274202 -124.514697    21.490    -1771.7    -1437.3      371.2      1.2      3.7      1.5 2022  5  5 19 58 40.140  0.00   2
   104572  40.274943 -124.515959    21.439    -1879.0    -1355.0      320.0      0.7      1.8      1.1 2022  8  5 21  2 56.680  0.00   2
   104573  40.274390 -124.516081    21.455    -1889.4    -1416.5      336.1      0.8      1.3      1.1 2022  8 29  3 47 27.200  0.00   2
   105449  40.292814 -124.436971    21.149     4837.7      629.4       29.8      0.9      2.7      1.9 2021  3 17 15 57 54.480  0.00   2
   105451  40.303280 -124.436255    21.396     4898.2     1791.5      276.7      1.6      3.3      1.8 2021  5 17  6 50 19.300  0.00   2
   105452  40.293677 -124.437183    21.304     4819.7      725.2      184.7      0.9      1.3      0.8 2021  7  2 13 42 25.360  0.00   2
   105453  40.296602 -124.435783    21.522     4938.6     1050.0      403.2      1.3      2.1      1.4 2021 12  8  7 47 53.400  0.00   2
   105454  40.295308 -124.435197    21.422     4988.5      906.4      303.0      1.3      2.2      1.4 2021 12 29  6  3 35.020  0.00   2
   105457  40.293689 -124.435824    21.226     4935.2      726.5      107.4      0.8      1.4      0.8 2022  1 23 11 56  1.960  0.00   2
   105458  40.292346 -124.437508    21.188     4792.0      577.4       69.3      0.8      1.9      0.9 2022  3  9  3 33  6.440  0.00   2
   106476  40.288062 -124.407690    19.084     7327.7      101.7    -2035.4      1.6      3.8      2.1 2020  7 19 19 36 15.700  0.00   2
   106480  40.286121 -124.407170    19.246     7372.1     -113.9    -1873.1      1.6      2.5      1.9 2021 12 23 18  0 27.860  0.00   2
   106481  40.285050 -124.407861    19.030     7313.4     -232.7    -2088.5      1.4      2.8      1.3 2021 12 25 23 44  7.480  0.00   2
   106485  40.286393 -124.407202    19.227     7369.3      -83.6    -1891.6      1.4      2.9      1.7 2022  9 22 22 11 56.160  0.00   2
   106486  40.287427 -124.406413    19.190     7436.4       31.2    -1928.9      1.8      3.4      1.5 2022 10 11  2 56 24.700  0.00   2
   106878  40.282463 -124.506942    19.837    -1112.1     -520.0    -1282.0      1.5      1.2      2.4 2020  2 26 13  0  8.000  0.00   2
   106879  40.302153 -124.504785    20.732     -928.6     1666.3     -387.2      2.1      4.6      2.6 2020  4 14 23 52 17.340  0.00   2
   106880  40.280538 -124.507422    19.631    -1153.0     -733.8    -1487.6      1.1      1.2      1.3 2020  4 17 10 28 54.000  0.00   2
   106881  40.300545 -124.499626    20.363     -489.9     1487.9     -756.0      2.1      4.7      2.7 2020  4 18 16 38 46.580  0.00   2
   106883  40.273873 -124.507007    20.409    -1117.7    -1473.9     -710.0      1.1      1.7      2.1 2021 10 23  3 13 39.120  0.00   2
   106884  40.282963 -124.509790    19.568    -1354.3     -464.5    -1550.7      1.4      2.0      1.8 2021 11 22 21 22  8.420  0.00   2
   106885  40.281482 -124.502368    20.007     -723.2     -628.9    -1112.1      2.8      7.6      3.7 2021 11 23  2  3 16.160  0.00   2
   106886  40.277209 -124.506510    19.644    -1075.5    -1103.4    -1474.6      1.3      2.4      1.9 2021 12 21  9  4 49.080  0.00   2
   106889  40.282292 -124.504386    19.747     -894.8     -539.0    -1371.6      2.4      1.9      4.1 2022  2  8 11  1 45.260  0.00   2
   106892  40.287154 -124.503149    19.505     -789.6        0.9    -1613.7      3.9     10.2      6.7 2022  8  6 16 32 20.620  0.00   2
   107666  40.302938 -124.440373    19.270     4548.1     1753.5    -1848.7      2.0      4.9      2.4 2021  5 17  9 39 49.060  0.00   2
   107667  40.306673 -124.440015    19.222     4578.4     2168.3    -1897.2      2.0      4.6      2.4 2021  5 19 23 39 44.980  0.00   2
   107671  40.321098 -124.432536    19.682     5213.7     3770.0    -1436.5      4.5      8.7      4.1 2021 11 28 16 37 45.460  0.00   2
   107935  40.294832 -124.376660    20.067     9965.9      853.5    -1051.5      1.6      3.3      1.7 2021  3 29  4  0 27.680  0.00   2
   107939  40.295610 -124.375993    20.170    10022.6      939.8     -949.0      1.3      2.3      1.0 2021  9 18  8 35 54.260  0.00   2
   107941  40.290637 -124.376237    20.002    10002.2      387.7    -1116.9      1.1      1.6      1.1 2021 12 20 21 56 11.700  0.00   2
   107943  40.291064 -124.375936    20.025    10027.7      435.1    -1093.5      1.1      2.1      1.1 2021 12 21  0 26 54.420  0.00   2
   107951  40.291671 -124.375155    20.082    10094.1      502.4    -1037.0      1.4      2.5      1.3 2022  1  3 23 35 36.380  0.00   2
   107952  40.291309 -124.375684    20.070    10049.2      462.2    -1049.1      0.9      1.6      0.8 2022  1 25  7 55 31.740  0.00   2
   107954  40.292253 -124.374967    20.149    10110.0      567.0     -969.5      1.4      2.6      1.2 2022  2  4 17 40 38.160  0.00   2
   107961  40.286064 -124.374349    20.133    10163.1     -120.2     -986.2      1.5      2.4      1.4 2022 10 29  4 15 37.520  0.00   2
   108411  40.322587 -124.468359    20.585     2168.2     3935.4     -533.4      3.7     24.6      3.8 2021  9  6  2 58 10.280  0.00   2
   108899  40.301925 -124.437305    18.580     4809.0     1641.0    -2539.0      4.0      7.2      5.3 2021 10 16 11  8 25.980  0.00   2
   109574  40.284477 -124.380290    19.077     9658.0     -296.4    -2042.0      1.1      1.9      1.2 2021 12 21 22  0 51.880  0.00   2
   109576  40.284562 -124.380404    19.034     9648.3     -286.9    -2084.7      1.3      2.1      1.1 2021 12 26 21 14 32.380  0.00   2
   109582  40.276839 -124.378402    18.981     9819.1    -1144.5    -2137.6      1.6      2.5      1.6 2022 11 22 14 25 33.480  0.00   2
   110137  40.248535 -124.452913    19.653     3483.2    -4287.4    -1466.2      3.2      8.4      6.0 2021 12 20 23 20 49.260  0.00   2
   110139  40.246338 -124.454574    18.204     3342.1    -4531.3    -2914.5      5.3      9.7      4.5 2021 12 21 15  1  2.380  0.00   2
   110141  40.255668 -124.458651    18.687     2995.1    -3495.3    -2432.0      4.8      6.0      4.5 2021 12 21  4 59 28.660  0.00   2
   110142  40.275281 -124.441064    21.820     4490.2    -1317.5      701.1      2.2      3.0      2.9 2021 12 22 19 22  7.720  0.00   2
   110143  40.275692 -124.441349    21.709     4466.0    -1271.9      589.9      2.2      2.9      2.9 2021 12 23 20 38  9.420  0.00   2
   110147  40.286646 -124.445264    21.981     4132.7      -55.6      862.6      3.8      4.2      4.0 2022  1  5 17 45 31.500  0.00   2
   110148  40.307422 -124.431624    22.582     5291.8     2251.4     1463.4      2.8      7.5      2.4 2022  5  3  8 37 19.960  0.00   2
   110300  40.296472 -124.480843    25.895     1107.2     1035.6     4775.7      2.4      6.2      2.7 2023  3  9 12 50 51.480  1.40   2
   110304  40.294071 -124.551497    23.143    -4900.6      769.0     2023.9      0.7      1.4      0.9 2022 12 25 19 40 29.680  3.05   2
   110318  40.282768 -124.469759    20.402     2049.8     -486.2     -717.3      0.9      0.9      1.1 2023  2 20 13 18  3.960  1.48   2
   110345  40.274504 -124.515959    21.452    -1879.0    -1403.8      333.6      0.5      0.7      0.5 2023  5 22  8 39 15.920  1.61   2
   110372  40.294137 -124.434993    21.258     5005.8      776.2      138.6      1.1      1.7      1.2 2023  4  3 12 14 40.520  1.28   2
   110403  40.286572 -124.407161    19.175     7372.8      -63.7    -1943.6      1.4      2.5      1.5 2023  4  4 17 32 14.460  1.08   2
   110420  40.279647 -124.507243    19.825    -1137.7     -832.7    -1294.2      1.3      1.6      1.9 2023  2 17 14 36 10.720  2.81   2
   110446  40.312097 -124.432381    19.074     5227.2     2770.6    -2044.9      1.9      3.2      2.4 2023  5 13  1 27 17.920  1.13   2
   110461  40.294051 -124.471362    21.096     1913.3      766.7      -23.1      0.9      3.4      1.3 2023  4  9 11 53 23.790  0.91   2
   110465  40.291345 -124.375692    20.080    10048.5      466.3    -1038.5      0.8      1.6      0.7 2022 12 20  3  6 59.620  0.86   2
   110500  40.307161 -124.479126    19.841     1253.1     2222.5    -1277.7      2.9      9.3      3.1 2023  4  9 13 30 46.380  0.65   2
   110565  40.304907 -124.444344    19.574     4210.4     1972.2    -1544.8      2.8      6.0      2.0 2023  4  9 10 26 54.540  2.63   2
   110648  40.283618 -124.379533    19.093     9722.4     -391.7    -2026.0      1.2      1.7      1.0 2023  3 14 15 58 42.040  1.17   2
   110734  40.294674 -124.435897    23.242     4929.0      835.9     2123.4      2.8      5.6      2.4 2023  3 12 13 22 24.330  1.69   2
   110741  40.302991 -124.448861    19.777     3826.4     1759.4    -1341.5      1.8      2.9      1.9 2023  3 13 12 14 24.190  0.90   2
   110742  40.306319 -124.527563    25.238    -2865.2     2129.0     4119.6      2.2      5.8      5.6 2023  3 22 16  0 16.820  1.31   2
