   103964  40.355998 -124.452710    27.965        6.2      -43.8        5.0    158.0    384.5    198.9 2020  1 17 21 16  0.740  0.00  63
   103965  40.357532 -124.452450    27.934       28.3      126.5      -25.6    165.0    365.1    222.1 2020  2  4  9 57 27.160  0.00  63
   103967  40.356991 -124.452515    27.939       22.8       66.4      -20.7    142.8    329.3    175.0 2020  2 29 12 17 59.180  0.00  63
   103968  40.356376 -124.452767    27.956        1.4       -1.8       -4.0    109.0    163.4    117.9 2020  3 10 15 52 55.420  0.00  63
   103969  40.357357 -124.452490    27.943       24.9      107.1      -17.2    153.4    422.9    178.8 2020  3 18 23  4 33.160  0.00  63
   103972  40.356437 -124.452791    27.960       -0.7        5.0        0.3    118.4    167.8    120.9 2020  3 18 22 23 27.000  0.00  63
   103973  40.356352 -124.452759    27.951        2.1       -4.5       -8.8     93.9    118.2    126.0 2020  3 19  2 51 21.320  0.00  63
   103974  40.356384 -124.452767    27.952        1.4       -0.9       -7.9     96.8    108.9    143.8 2020  3 19  1  6 52.920  0.00  63
   103975  40.356299 -124.452791    27.955       -0.7      -10.4       -4.8    119.6    214.2    138.0 2020  3 19 10  3  1.860  0.00  63
   103977  40.355969 -124.452531    27.936       21.4      -47.0      -24.1    141.6    218.2    147.9 2020  3 19  1 20 46.660  0.00  63
   103978  40.356409 -124.452775    27.956        0.7        1.8       -3.7    119.5    175.4    127.9 2020  3 19  0  7 36.380  0.00  63
   103979  40.356242 -124.452783    27.951        0.0      -16.7       -8.6    115.4    260.0    135.7 2020  3 20  6 22  4.300  0.00  63
   103980  40.356348 -124.452759    27.951        2.1       -5.0       -8.7     98.2    129.1    133.3 2020  3 22 20 48 12.080  0.00  63
   103988  40.356270 -124.452620    27.943       13.8      -13.6      -17.3    106.0    207.3    115.2 2022  3 28 20 25 16.460  0.00  63
   103989  40.356392 -124.452783    27.958        0.0        0.0       -1.7    155.7    237.0    154.7 2022  5 29 17 14 40.200  0.00  63
   110331  40.356405 -124.452905    27.969      -10.4        1.4        9.1     87.1    137.8    100.1 2023  2 13 12  0 43.360  1.05  63
