   104602  40.401542 -124.568571    27.521       45.6      -40.7     -108.8    332.7    649.2    575.7 2021  4  9  2 44 10.240  0.00  56
   104608  40.401941 -124.569124    27.635       -1.4        3.6        4.6    129.4    206.7    203.6 2021  6 16 21 28 14.920  0.00  56
   104609  40.401941 -124.569116    27.634       -0.7        3.6        4.2    115.9    162.6    218.1 2021  7 17 13 58 12.280  0.00  56
   104610  40.401961 -124.569084    27.628        2.1        5.9       -2.0     87.5    205.8    179.8 2021  7 17 16 51 33.280  0.00  56
   104611  40.401847 -124.569076    27.624        2.8       -6.8       -6.0    140.1    217.2    215.9 2021  7 18 17 30 30.400  0.00  56
   104614  40.401815 -124.569124    27.623       -1.4      -10.4       -7.3    147.6    278.9    252.7 2021  7 21  6 38  0.500  0.00  56
   104616  40.402181 -124.569230    27.655      -10.4       30.3       25.2    225.8    318.8    375.2 2021  7 26 15  6 34.040  0.00  56
   104617  40.401892 -124.569100    27.628        0.7       -1.8       -2.2    131.4    214.3    213.7 2021  7 27 18 17 36.420  0.00  56
   104624  40.401998 -124.569076    27.628        2.8        9.9       -2.0     83.0    252.4    184.3 2021 10 15  0 32 56.840  0.00  56
   104626  40.401782 -124.569124    27.635       -1.4      -14.0        4.8    165.4    298.2    250.6 2021 11 22  6 32 57.800  0.00  56
   104627  40.401868 -124.569092    27.623        1.4       -4.5       -6.9    135.5    215.9    225.0 2021 12  4  6 54 31.440  0.00  56
   104629  40.401864 -124.569084    27.628        2.1       -5.0       -2.2    135.2    217.2    210.7 2021 12  7  1 37 44.380  0.00  56
   104631  40.401892 -124.569100    27.628        0.7       -1.8       -2.3    132.6    212.0    213.4 2022  1 16  7 10  3.240  0.00  56
   104633  40.401921 -124.569116    27.630       -0.7        1.4       -0.0    131.1    207.8    210.6 2022  2 15 16  0  9.380  0.00  56
   104641  40.401917 -124.569108    27.629        0.0        0.9       -0.7    132.9    206.7    209.5 2022  6 14 18 33 26.960  0.00  56
   104647  40.401945 -124.569124    27.635       -1.4        4.1        4.5    129.6    208.4    202.2 2022  9 14 19 39 58.380  0.00  56
   104651  40.401819 -124.569092    27.622        1.4       -9.9       -7.7    135.4    229.4    222.1 2022 10 25  1  1  6.660  0.00  56
   104652  40.401831 -124.569076    27.621        2.8       -8.6       -8.5    145.2    237.4    227.3 2022 10 25  1 46 12.000  0.00  56
   110347  40.401892 -124.569108    27.633        0.0       -1.8        2.5    121.5    185.8    207.7 2023  5  9 16 44 27.070  1.07  56
