   108581  40.630546 -124.459839     6.806      114.3      -38.9      195.7     47.0     48.4     57.8 2020  5 13 20  3  4.300  0.00  69
   108582  40.630538 -124.460490     6.815       59.2      -39.8      204.9     32.1     43.0     58.0 2020  5 13 18 31 14.120  0.00  69
   108583  40.630632 -124.460474     6.834       60.6      -29.4      224.1     33.7     44.0     60.9 2020  5 14 18 38 58.560  0.00  69
   108584  40.631063 -124.459098     6.913      176.9       18.5      303.5     52.1     86.2     80.8 2020  5 20 16 51 14.680  0.00  69
   108589  40.630953 -124.461296     6.589       -9.0        6.3      -21.2     23.0     25.3     36.2 2021  3 31 17 40 58.500  0.00  69
   108590  40.630953 -124.461060     6.547       11.0        6.3      -63.2     28.6     26.5     68.1 2021  4  1  6 16 55.760  0.00  69
   108592  40.630823 -124.461174     6.632        1.4       -8.1       21.6     30.5     22.2     35.0 2021  4  7  4 37 52.260  0.00  69
   108593  40.631051 -124.461564     6.564      -31.7       17.2      -46.4     40.5     29.2     49.8 2021  9 26 20 33 15.780  0.00  69
   108594  40.630953 -124.461328     6.591      -11.7        6.3      -19.0     27.8     21.8     37.2 2021 12 17 19 37 36.640  0.00  69
   108595  40.630941 -124.461353     6.591      -13.8        5.0      -19.2     26.5     23.0     38.7 2022  8 28 14 42 15.860  0.00  69
   108596  40.630815 -124.461100     6.636        7.6       -9.0       26.0     35.6     22.6     40.4 2022 10 24 21 45 36.600  0.00  69
   108598  40.630900 -124.461369     6.577      -15.1        0.5      -33.5     27.2     26.9     39.8 2022 11 11 16 42 55.460  0.00  69
   110528  40.630961 -124.461426     6.565      -20.0        7.2      -44.5     24.8     21.3     32.2 2023  4 29  9 23  2.130  0.95  69
