   105298  40.407780 -124.559823    29.008       83.6       53.8     -162.4      4.9      6.4      6.3 2020  2 11 15 19 28.020  0.00  55
   105301  40.407296 -124.560807    29.173        0.0        0.0        2.7      1.8      2.0      2.4 2020  2 25  5 13 53.560  0.00  55
   105305  40.407003 -124.560555    29.099       21.4      -32.5      -70.6      3.2      3.7      6.5 2020  4 29 23  1 49.900  0.00  55
   105309  40.407267 -124.560775    29.166        2.8       -3.2       -4.1      1.7      1.8      2.4 2020  7 31 12 47 13.580  0.00  55
   105313  40.407385 -124.560807    29.168        0.0        9.9       -2.0      1.7      2.1      3.4 2021  1  5  0 23  5.820  0.00  55
   105319  40.407023 -124.560864    29.170       -4.8      -30.3       -0.2      2.1      4.3      2.4 2021  7 21 11 28 57.520  0.00  55
   105321  40.407475 -124.560750    29.171        4.8       19.9        1.3      2.0      3.4      2.4 2021  8 18  8 21 26.720  0.00  55
   105322  40.407463 -124.560889    29.184       -6.9       18.5       14.4      2.7      4.1      3.7 2021  8 19  7 18 10.260  0.00  55
   105325  40.407259 -124.560775    29.170        2.8       -4.1        0.2      1.9      2.9      2.7 2021  9  3 21 30 53.400  0.00  55
   105331  40.407263 -124.560775    29.167        2.8       -3.6       -3.1      1.9      2.9      2.6 2021 12 25 10 34 41.640  0.00  55
   105333  40.407520 -124.560685    29.161       10.4       24.9       -9.2      2.0      4.3      2.5 2022  1 25 11 52 13.660  0.00  55
   105336  40.407271 -124.560775    29.168        2.8       -2.7       -2.2      1.9      2.8      2.5 2022  2  4 20 41 36.720  0.00  55
   105337  40.407129 -124.560905    29.180       -8.3      -18.5        9.8      2.0      3.9      2.4 2022  2 26  7 23 30.220  0.00  55
   105340  40.406868 -124.560978    29.175      -14.5      -47.4        4.8      2.8      5.7      2.3 2022  3 12 15 17  2.720  0.00  55
   105351  40.407214 -124.560897    29.175       -7.6       -9.0        5.3      2.2      3.6      2.7 2022  7 31 17 59 40.980  0.00  55
   105356  40.407361 -124.560832    29.177       -2.1        7.2        6.9      2.2      3.3      3.1 2022  9  6  2 12 31.600  0.00  55
   105357  40.407259 -124.560929    29.183      -10.4       -4.1       13.0      2.5      3.9      2.8 2022  9  9 11 44 44.400  0.00  55
   105359  40.407271 -124.560832    29.168       -2.1       -2.7       -1.8      1.8      2.2      2.7 2022 11  7 15 50 24.900  0.00  55
   105360  40.407393 -124.560840    29.178       -2.8       10.8        7.6      2.1      3.6      3.1 2022 11 21  5 14 55.680  0.00  55
   110364  40.407312 -124.560824    29.177       -1.4        1.8        6.9      1.7      2.0      2.4 2023  4 18 11 40  6.890  2.03  55
