   103149  40.403715 -124.387272    27.622      353.0     1187.9    -1263.1      9.0     14.1      9.4 2020  1 20  7 59 56.880  0.00  50
   103155  40.404020 -124.387256    27.632      354.4     1221.8    -1252.7     13.4     21.4     12.7 2020  5  8 15 27 24.500  0.00  50
   103157  40.401921 -124.386491    27.507      419.4      988.6    -1378.2     31.8     43.1     41.9 2020 10 12 20 48 16.180  0.00  50
   103162  40.402922 -124.387280    27.633      352.4     1099.8    -1252.3     14.0     22.4     13.7 2021  8  3  3 28  0.360  0.00  50
   103163  40.403414 -124.387590    27.625      326.1     1154.4    -1259.7     13.5     22.3     13.8 2021 10  2  9 49 41.900  0.00  50
   103164  40.403503 -124.387573    27.622      327.5     1164.4    -1263.4     12.8     21.3     13.7 2021 10  2  8 27 36.460  0.00  50
   103166  40.403748 -124.387101    27.606      367.5     1191.5    -1279.1     13.0     20.5     13.3 2021 10 25  1 19 40.240  0.00  50
   103167  40.404069 -124.387248    27.533      355.1     1227.2    -1352.1     11.2     19.8     14.1 2021 12 20 22  9 19.760  0.00  50
   103176  40.403768 -124.387134    27.610      364.8     1193.7    -1274.8     12.6     20.4     12.5 2022  8 19 12 11 19.800  0.00  50
   103178  40.402991 -124.387166    27.599      362.0     1107.4    -1285.8     12.9     17.5     15.1 2022 10 17  8 21 57.480  0.00  50
   103179  40.403349 -124.387598    27.626      325.4     1147.2    -1258.6     14.1     23.4     14.1 2022 10 17  8 33 17.800  0.00  50
   103180  40.403544 -124.387557    27.621      328.9     1168.9    -1264.3     12.4     20.5     13.5 2022 11 15  2 32 57.340  0.00  50
   103660  40.363997 -124.402547    31.275     -944.0    -3222.5     2390.5     35.7     72.9     40.7 2020  3 19  2 25 29.840  0.00  50
   103662  40.379346 -124.407438    31.208    -1359.2    -1518.2     2322.7     28.0     58.4     27.9 2021  8  1  9 57 47.140  0.00  50
   103663  40.373002 -124.397941    30.851     -552.8    -2222.6     1966.1     40.5     33.4     47.3 2021  9  4 15 10 50.460  0.00  50
   103664  40.379867 -124.398682    30.713     -615.7    -1460.3     1828.2     13.0     24.1      8.9 2021  9 24 22 55 12.600  0.00  50
   103665  40.380017 -124.398690    30.710     -616.4    -1443.6     1825.3     13.1     26.4      7.8 2021  9 25  0 45 28.340  0.00  50
   103666  40.372888 -124.398071    30.870     -563.9    -2235.2     1984.8     33.0     25.2     42.6 2021 10  2  8 10 25.060  0.00  50
   103670  40.386719 -124.403337    31.243    -1010.9     -699.4     2358.4     35.7     48.0     34.8 2021 12 21 20 41 34.660  0.00  50
   103671  40.377820 -124.399056    30.754     -647.5    -1687.6     1868.5     18.3     39.2     11.8 2022  2 12  1 43 15.200  0.00  50
   110317  40.404130 -124.386930    27.576      382.1     1234.0    -1309.0     13.9     25.4     12.1 2023  3 22 15 19 23.600  1.19  50
   110324  40.380261 -124.406413    31.314    -1272.1    -1416.5     2429.2     27.5     27.0     28.4 2022 12 22 11 49 54.180  3.63  50
