   106142  40.497351 -124.327686    17.850      250.4       70.5       -0.2     10.1      9.4      9.7 2020  2 16  9 47  5.060  0.00   4
   106144  40.496590 -124.331934    17.716     -109.7      -14.0     -133.9     14.4     17.7     30.5 2020  4 12  4 35  0.980  0.00   4
   106147  40.496741 -124.330754    17.823       -9.7        2.7      -27.1      4.6      4.2      4.3 2020  9 14 10 23  2.500  0.00   4
   106154  40.497583 -124.330566    17.785        6.2       96.2      -65.3      4.5      5.4      7.7 2021  1 30 22 57 38.840  0.00   4
   106155  40.496863 -124.329964    17.793       57.3       16.3      -57.2      8.7      9.6      9.9 2021  2  2 17 23 41.100  0.00   4
   106164  40.496765 -124.330062    17.867       49.0        5.4       17.0     16.3     10.2     14.5 2021  7 22 15 35 57.140  0.00   4
   106167  40.496993 -124.330534    17.827        9.0       30.7      -22.5      4.0      4.1      6.4 2021 10  2  5 23 38.340  0.00   4
   106168  40.497103 -124.330355    17.845       24.1       42.9       -5.3      5.9      4.7      7.2 2021 10  3 11 37  2.540  0.00   4
   106170  40.497278 -124.330591    17.783        4.1       62.4      -67.1      3.8      3.9      5.6 2021 10  8  7 30 49.160  0.00   4
   106171  40.497131 -124.330591    17.814        4.1       46.1      -35.6      5.4      4.1      8.1 2021 10 12 12 22 10.580  0.00   4
   106173  40.497156 -124.330737    17.826       -8.3       48.8      -24.0      4.3      3.6      6.6 2021 11 18  7  5 20.520  0.00   4
   106176  40.497119 -124.330680    17.826       -3.4       44.7      -24.3      5.6      5.3      7.2 2021 12 11  7 52 35.460  0.00   4
   106178  40.497306 -124.330615    17.811        2.1       65.5      -39.5      6.0      5.7      9.2 2021 12 15  7 38 28.900  0.00   4
   106186  40.496830 -124.330876    17.877      -20.0       12.7       26.6      3.2      3.2      3.7 2021 12 23 19 12 18.300  0.00   4
   106187  40.496179 -124.330843    17.891      -17.2      -59.6       40.6      6.3      5.8      7.8 2021 12 23  7  0 19.640  0.00   4
   106191  40.501860 -124.325024    17.530      476.0      571.1     -319.5     15.1     11.4     17.4 2021 12 23  4 46 17.660  0.00   4
   106193  40.496582 -124.331120    17.828      -40.7      -14.9      -22.1      5.4      5.0      4.0 2021 12 25  3 17 58.440  0.00   4
   106194  40.496692 -124.330680    17.834       -3.4       -2.7      -15.6      3.4      2.5      3.9 2021 12 30  5 48 27.460  0.00   4
   106196  40.496692 -124.330680    17.841       -3.4       -2.7       -8.6      4.1      3.1      4.1 2021 12 31 13 20 26.880  0.00   4
   106197  40.496724 -124.330851    17.886      -17.9        0.9       36.4      3.4      3.9      5.8 2021 12 31 10 15 16.680  0.00   4
   106200  40.496501 -124.330737    17.866       -8.3      -23.9       15.9      4.8      3.6      4.2 2022  1  2 14 54 27.660  0.00   4
   106201  40.496549 -124.330811    17.864      -14.5      -18.5       13.6      4.8      4.3      5.1 2022  1  2  0 12 25.180  0.00   4
   106202  40.496521 -124.331226    17.817      -49.7      -21.7      -32.7      7.9      5.2      7.1 2022  1  2 23 12 20.980  0.00   4
   106204  40.496639 -124.330941    17.851      -25.5       -8.6        1.2      3.2      3.4      3.9 2022  1  7  3  3 58.940  0.00   4
   106208  40.496940 -124.330615    17.862        2.1       24.9       11.5      4.9      2.8      4.9 2022  1 16  3  3 43.240  0.00   4
   106209  40.496749 -124.330583    17.859        4.8        3.6        9.0      5.4      3.5      5.1 2022  1 16 22 15  6.960  0.00   4
   106210  40.496761 -124.330973    17.832      -28.3        5.0      -18.4      5.1      4.0      4.4 2022  1 16  4  9 53.760  0.00   4
   106211  40.496399 -124.330949    17.860      -26.2      -35.2        9.9      4.8      4.2      4.9 2022  1 16  9 17 39.940  0.00   4
   106216  40.496615 -124.330607    17.879        2.8      -11.3       28.6      5.3      3.9      7.0 2022  1 18 12  7 24.920  0.00   4
   106217  40.496639 -124.330745    17.830       -9.0       -8.6      -20.5      3.4      2.5      3.5 2022  1 18  3 25 18.740  0.00   4
   106218  40.496554 -124.330729    17.904       -7.6      -18.1       54.2      3.5      3.9      7.0 2022  1 19  6 54 58.540  0.00   4
   106220  40.496383 -124.330811    17.882      -14.5      -37.1       32.3      5.1      4.4      5.8 2022  1 21  8 26 27.620  0.00   4
   106221  40.496737 -124.330599    17.823        3.4        2.3      -27.4      3.0      2.8      3.9 2022  1 22 13 18 17.780  0.00   4
   106223  40.496692 -124.330745    17.848       -9.0       -2.7       -2.0      2.5      2.7      3.5 2022  1 23 14 11 22.260  0.00   4
   106225  40.496977 -124.330656    17.857       -1.4       28.9        7.3      5.0      3.7      4.8 2022  1 28 18 30 21.440  0.00   4
   106226  40.496578 -124.330916    17.831      -23.5      -15.4      -19.4      4.8      3.1      3.9 2022  1 29 17 47 53.300  0.00   4
   106227  40.497026 -124.330884    17.850      -20.7       34.3        0.1      3.7      3.2      4.7 2022  1 31  9 38 58.340  0.00   4
   106229  40.497001 -124.330884    17.842      -20.7       31.6       -8.5      3.9      4.1      5.9 2022  2  2 22 24 23.440  0.00   4
   106230  40.496647 -124.330827    17.845      -15.9       -7.7       -4.8      3.9      3.0      3.2 2022  2  3  2  3 31.060  0.00   4
   106231  40.496212 -124.330892    17.887      -21.4      -56.0       37.2      5.4      5.3      7.1 2022  2  3  8 40 22.780  0.00   4
   106232  40.496545 -124.330876    17.843      -20.0      -19.0       -6.7      3.9      3.8      4.3 2022  2  3  8 37  7.500  0.00   4
   106234  40.496647 -124.330859    17.849      -18.6       -7.7       -1.3      2.9      2.4      2.9 2022  2  6 11 55 37.920  0.00   4
   106235  40.496781 -124.331006    17.878      -31.0        7.2       28.1      4.0      2.9      4.3 2022  2 12  0 51 57.080  0.00   4
   106239  40.496708 -124.330819    17.856      -15.2       -0.9        6.4      3.1      2.8      3.4 2022  2 14 16 43 46.920  0.00   4
   106240  40.496667 -124.330851    17.851      -17.9       -5.4        0.9      3.8      3.0      3.8 2022  2 14 22 32 21.620  0.00   4
   106241  40.496688 -124.330900    17.844      -22.1       -3.2       -5.9      4.2      2.9      3.2 2022  2 14 21 24 22.540  0.00   4
   106242  40.496647 -124.330933    17.840      -24.8       -7.7      -10.2      3.8      2.6      3.2 2022  2 14 15 35 37.440  0.00   4
   106243  40.496395 -124.330827    17.898      -15.9      -35.7       48.0      4.7      4.9      7.1 2022  2 15  3 24 39.820  0.00   4
   106244  40.496244 -124.330737    17.867       -8.3      -52.4       17.2      5.9      5.9      6.5 2022  2 20  9 12 22.280  0.00   4
   106247  40.496619 -124.330786    17.818      -12.4      -10.8      -32.2      3.6      3.8      4.2 2022  2 21 15 40 58.540  0.00   4
   106248  40.496700 -124.330583    17.851        4.8       -1.8        1.1      4.0      3.9      5.4 2022  2 21 12 54 43.620  0.00   4
   106251  40.496505 -124.330827    17.893      -15.9      -23.5       43.2      3.1      4.2      6.8 2022  2 26  5  4 41.160  0.00   4
   106252  40.496643 -124.330876    17.858      -20.0       -8.1        7.6      3.3      2.5      3.4 2022  2 26 12 40 18.540  0.00   4
   106254  40.496476 -124.330827    17.881      -15.9      -26.7       30.5      4.5      4.1      6.4 2022  2 27 19 37 49.380  0.00   4
   106255  40.496891 -124.330819    17.809      -15.2       19.4      -41.1      3.9      4.5      6.9 2022  2 28  3 42 20.260  0.00   4
   106257  40.496891 -124.330819    17.861      -15.2       19.4       11.1      5.6      4.6      6.0 2022  3  1  1  4 35.500  0.00   4
   106258  40.496631 -124.330737    17.859       -8.3       -9.5        8.8      3.8      3.5      4.5 2022  3  1  4 33 33.320  0.00   4
   106259  40.497123 -124.330591    17.835        4.1       45.2      -14.5      5.2      5.6      4.8 2022  3  2  2 19 41.560  0.00   4
   106264  40.496838 -124.330786    17.871      -12.4       13.6       20.6      3.7      3.5      3.6 2022  3  4 23 16  6.440  0.00   4
   106265  40.496574 -124.330876    17.893      -20.0      -15.8       43.2      5.5      5.0      5.2 2022  3  8 17 12 20.840  0.00   4
   106270  40.496570 -124.330688    17.840       -4.1      -16.3       -9.8      3.2      3.3      4.6 2022  3 27  7 11  2.900  0.00   4
   106271  40.496643 -124.330851    17.854      -17.9       -8.1        4.3      4.6      4.4      4.9 2022  4  1  6 31 38.080  0.00   4
   106272  40.496647 -124.330599    17.838        3.4       -7.7      -12.1      4.1      4.1      3.9 2022  4  1  7 37 43.900  0.00   4
   106273  40.496672 -124.330664    17.853       -2.1       -5.0        2.5      3.9      4.0      4.6 2022  4  1  7  8 51.380  0.00   4
   106275  40.496688 -124.330884    17.854      -20.7       -3.2        3.5      4.2      3.7      4.8 2022  4  2  2 16 50.200  0.00   4
   106276  40.496924 -124.330843    17.827      -17.2       23.0      -22.7      4.5      4.2      6.4 2022  4  7 12 46 34.800  0.00   4
   106278  40.496810 -124.330851    17.847      -17.9       10.4       -2.6      2.7      2.4      4.3 2022  4 15 23 52 12.400  0.00   4
   106280  40.496484 -124.330851    17.874      -17.9      -25.8       24.2      4.1      3.6      5.1 2022  4 25 11 18  9.700  0.00   4
   106281  40.496842 -124.330794    17.844      -13.1       14.0       -6.1      4.3      3.2      5.1 2022  4 28 17 35 58.900  0.00   4
   106282  40.496855 -124.330713    17.859       -6.2       15.4        9.0      5.2      3.3      5.2 2022  4 29  8 13 25.740  0.00   4
   106283  40.496908 -124.330705    17.866       -5.5       21.2       16.1      4.8      4.2      4.9 2022  5  2  6 55  3.460  0.00   4
   106284  40.496773 -124.330924    17.836      -24.1        6.3      -13.7      2.9      2.5      4.3 2022  5  7 22 39  3.000  0.00   4
   106286  40.496810 -124.330851    17.869      -17.9       10.4       18.9      2.9      2.9      3.3 2022  5 10  8 50 16.200  0.00   4
   106287  40.496704 -124.330566    17.860        6.2       -1.4        9.5      4.0      4.5      4.7 2022  5 10  0 41 41.360  0.00   4
   106288  40.496733 -124.330632    17.867        0.7        1.8       17.1      3.4      4.1      5.5 2022  5 10 14 44 45.480  0.00   4
   106290  40.496619 -124.330688    17.839       -4.1      -10.8      -11.2      3.2      3.1      3.7 2022  5 12  1 30 43.080  0.00   4
   106291  40.496269 -124.330827    17.870      -15.9      -49.7       20.1      6.2      5.7      5.5 2022  5 12  8  6 13.200  0.00   4
   106293  40.496663 -124.330990    17.836      -29.7       -5.9      -14.1      5.1      3.3      4.3 2022  5 14 19  3 30.080  0.00   4
   106294  40.496680 -124.330843    17.860      -17.2       -4.1       10.1      3.6      3.1      3.8 2022  5 15  1 12 12.600  0.00   4
   106295  40.496545 -124.330981    17.850      -29.0      -19.0       -0.1      3.2      3.5      4.4 2022  5 15 12 38 43.240  0.00   4
   106296  40.496700 -124.330941    17.834      -25.5       -1.8      -16.4      2.8      2.7      4.6 2022  5 15  3  8 52.300  0.00   4
   106297  40.496895 -124.330859    17.820      -18.6       19.9      -30.3      3.8      3.2      4.5 2022  5 16 17 15 16.940  0.00   4
   106298  40.496790 -124.330908    17.873      -22.8        8.1       23.4      3.3      2.6      3.6 2022  5 20 21  8 41.220  0.00   4
   106299  40.496769 -124.330558    17.889        6.9        5.9       39.2      6.6      4.9      6.9 2022  5 21  1 24 36.560  0.00   4
   106300  40.496501 -124.331128    17.833      -41.4      -23.9      -16.9      5.6      4.4      4.3 2022  5 21 19 48 49.180  0.00   4
   106302  40.496554 -124.330713    17.847       -6.2      -18.1       -3.3      3.0      3.1      4.0 2022  5 27 12 32 31.140  0.00   4
   106304  40.496847 -124.330859    17.880      -18.6       14.5       29.9      2.8      3.2      5.0 2022  5 28  5 20  2.780  0.00   4
   106305  40.497017 -124.330981    17.840      -29.0       33.4      -10.0      3.8      2.7      4.2 2022  5 30 13 20 12.260  0.00   4
   106306  40.496867 -124.330729    17.878       -7.6       16.7       28.2      4.6      2.9      4.4 2022  6  1  2 39 26.760  0.00   4
   106307  40.496590 -124.330721    17.868       -6.9      -14.0       18.1      3.0      3.1      5.1 2022  6  6  9 29 14.760  0.00   4
   106308  40.496822 -124.330868    17.871      -19.3       11.7       21.0      3.0      3.1      3.6 2022  6  6  5 14 25.900  0.00   4
   106310  40.496672 -124.331030    17.852      -33.1       -5.0        2.0      6.5      4.2      5.1 2022  6  8 12 59  0.080  0.00   4
   106311  40.496643 -124.331177    17.861      -45.5       -8.1       11.4      5.5      2.6      5.3 2022  6  9  8 48 36.880  0.00   4
   106312  40.496570 -124.330908    17.833      -22.8      -16.3      -16.9      3.8      3.1      3.1 2022  6 12 14 27 16.560  0.00   4
   106313  40.496537 -124.330835    17.898      -16.6      -19.9       48.4      3.4      4.2      6.7 2022  6 13  3  6 20.360  0.00   4
   106314  40.496602 -124.330851    17.896      -17.9      -12.7       45.6      3.7      4.4      6.6 2022  6 13 23 25 35.040  0.00   4
   106315  40.496716 -124.330819    17.911      -15.2        0.0       61.4      5.1      3.9      7.1 2022  6 15  9 41 17.600  0.00   4
   106316  40.496566 -124.330721    17.865       -6.9      -16.7       14.7      3.8      4.7      5.4 2022  6 15 15 45 11.840  0.00   4
   106317  40.496659 -124.330794    17.881      -13.1       -6.3       30.8      4.4      4.2      5.6 2022  6 15  4 34 41.940  0.00   4
   106320  40.496403 -124.331380    17.870      -62.8      -34.8       20.2      5.9      6.5      4.5 2022  6 16 12 41 44.740  0.00   4
   106321  40.496761 -124.330859    17.887      -18.6        5.0       36.6      3.4      2.7      6.3 2022  6 16 17 47 27.640  0.00   4
   106322  40.496541 -124.330876    17.907      -20.0      -19.4       56.9      5.1      3.9      6.8 2022  6 17  1 34 31.520  0.00   4
   106323  40.496452 -124.330933    17.856      -24.8      -29.4        5.7      4.7      3.9      4.6 2022  6 17  9 39 54.280  0.00   4
   106326  40.496684 -124.330973    17.876      -28.3       -3.6       26.0      3.7      3.2      5.0 2022  6 17 14 49 41.980  0.00   4
   106327  40.496855 -124.330835    17.876      -16.6       15.4       26.1      4.0      2.1      4.4 2022  6 17  8 11  3.840  0.00   4
   106328  40.496830 -124.330851    17.895      -17.9       12.7       44.7      5.6      3.4      6.1 2022  6 18  5  8  8.580  0.00   4
   106329  40.496574 -124.330868    17.914      -19.3      -15.8       64.2      4.6      3.7      7.0 2022  6 18  8 25 36.840  0.00   4
   106330  40.496655 -124.330965    17.853      -27.6       -6.8        3.0      4.3      4.2      5.1 2022  6 18 16 36  4.940  0.00   4
   106331  40.496647 -124.331030    17.853      -33.1       -7.7        2.7      6.4      4.0      4.8 2022  6 18 15 41  8.700  0.00   4
   106332  40.496838 -124.330843    17.892      -17.2       13.6       41.7      4.6      4.4      6.4 2022  6 18 14 30 21.240  0.00   4
   106333  40.496488 -124.330868    17.892      -19.3      -25.3       41.9      5.0      4.0      6.2 2022  6 20  8 44 39.060  0.00   4
   106334  40.496537 -124.331022    17.838      -32.4      -19.9      -12.0      3.9      3.9      5.3 2022  6 20  4 11 59.280  0.00   4
   106335  40.496749 -124.330461    17.849       15.2        3.6       -1.5      4.9      3.1      4.8 2022  6 20  3 26  5.120  0.00   4
   106336  40.496635 -124.330802    17.908      -13.8       -9.0       57.7      4.4      3.7      6.7 2022  6 21  7 46 44.740  0.00   4
   106337  40.496598 -124.330615    17.847        2.1      -13.1       -3.3      3.1      2.6      3.7 2022  6 21  4 31 16.520  0.00   4
   106338  40.496663 -124.330990    17.856      -29.7       -5.9        6.1      3.9      2.9      3.4 2022  6 23 14 31 49.880  0.00   4
   106339  40.496696 -124.330542    17.871        8.3       -2.3       20.7      4.9      4.0      5.0 2022  6 24  2  4  9.040  0.00   4
   106340  40.496488 -124.331047    17.845      -34.5      -25.3       -5.4      4.8      4.5      4.0 2022  6 24 22 56 45.960  0.00   4
   106341  40.496570 -124.330884    17.852      -20.7      -16.3        1.7      4.6      3.6      4.6 2022  6 25 18 56 46.680  0.00   4
   106342  40.496688 -124.330648    17.872       -0.7       -3.2       22.0      3.6      3.7      6.0 2022  6 27 12 33 49.880  0.00   4
   106343  40.496704 -124.330908    17.894      -22.8       -1.4       44.0      3.8      3.2      5.4 2022  7  2 22 22  4.260  0.00   4
   106344  40.496806 -124.330778    17.875      -11.7        9.9       24.8      6.5      4.8      4.9 2022  7  3 13 10  0.780  0.00   4
   106345  40.496757 -124.330990    17.838      -29.7        4.5      -11.6      3.8      3.4      4.5 2022  7  5 14 55 20.380  0.00   4
   106347  40.496838 -124.330819    17.875      -15.2       13.6       24.6      3.3      2.2      4.2 2022  7  5 16  5  1.480  0.00   4
   106350  40.496484 -124.330745    17.857       -9.0      -25.8        6.9      5.4      4.2      5.6 2022  7  7  6 54 26.120  0.00   4
   106351  40.496704 -124.331128    17.847      -41.4       -1.4       -2.6      3.2      2.9      3.7 2022  7  7  2 44 46.460  0.00   4
   106352  40.496769 -124.330656    17.858       -1.4        5.9        8.1      5.3      4.0      4.3 2022  7  7  5 56 40.020  0.00   4
   106353  40.496688 -124.330729    17.845       -7.6       -3.2       -5.3      3.6      2.5      3.6 2022  7  7  8  7  0.840  0.00   4
   106354  40.496659 -124.331030    17.853      -33.1       -6.3        3.1      3.7      2.9      3.4 2022  7  8  4 45 11.940  0.00   4
   106355  40.496806 -124.331022    17.872      -32.4        9.9       21.8      3.9      3.0      3.9 2022  7  8 12  5 48.040  0.00   4
   106357  40.496684 -124.331193    17.839      -46.9       -3.6      -10.5      3.9      2.8      3.8 2022  7 13 21 34 45.100  0.00   4
   106359  40.496220 -124.330876    17.911      -20.0      -55.1       61.4      5.0      6.1      8.9 2022  7 15  9 31 39.120  0.00   4
   106360  40.496602 -124.330729    17.886       -7.6      -12.7       36.4      4.5      4.6      6.1 2022  7 16  4 55 30.700  0.00   4
   106361  40.496777 -124.331999    17.844     -115.2        6.8       -6.0     11.2      9.7     12.6 2022  7 19 17  8 48.180  0.00   4
   106362  40.496704 -124.330623    17.851        1.4       -1.4        1.1      2.6      2.8      3.7 2022  7 26  0 28 21.180  0.00   4
   106363  40.496688 -124.330990    17.846      -29.7       -3.2       -3.8      3.0      3.2      3.8 2022  7 26 11 23 40.860  0.00   4
   106364  40.496757 -124.331071    17.866      -36.6        4.5       16.2      4.1      3.0      3.6 2022  7 26 22 15 23.800  0.00   4
   106365  40.496684 -124.330583    17.874        4.8       -3.6       24.0      3.8      4.0      6.4 2022  7 27 23 25  2.520  0.00   4
   106367  40.496790 -124.330843    17.865      -17.2        8.1       15.4      2.9      2.5      4.1 2022  7 28  2  5 12.120  0.00   4
   106368  40.496834 -124.330859    17.867      -18.6       13.1       16.7      3.0      2.7      3.1 2022  7 28  3  6 30.900  0.00   4
   106369  40.496399 -124.330664    17.877       -2.1      -35.2       26.8      5.3      4.8      6.1 2022  7 28 15 13 21.480  0.00   4
   106370  40.496509 -124.330876    17.817      -20.0      -23.0      -33.0      3.5      3.4      3.6 2022  7 28  5 32 16.180  0.00   4
   106371  40.496716 -124.330575    17.870        5.5        0.0       20.4      3.4      3.8      5.9 2022  7 28  3 11 44.020  0.00   4
   106372  40.496663 -124.330754    17.866       -9.7       -5.9       15.9      4.3      3.5      4.8 2022  7 28 20 57 33.500  0.00   4
   106374  40.496733 -124.330819    17.865      -15.2        1.8       15.2      4.1      3.5      3.6 2022  8  1 18  7 54.160  0.00   4
   106376  40.496505 -124.330851    17.841      -17.9      -23.5       -8.6      5.6      4.0      5.3 2022  8  2  1 26 23.900  0.00   4
   106379  40.496529 -124.330900    17.827      -22.1      -20.8      -23.1      5.7      4.0      4.6 2022  8  5 17  2 40.980  0.00   4
   106380  40.496814 -124.330526    17.851        9.7       10.8        0.7      5.3      4.0      4.7 2022  8  5 10 39 30.180  0.00   4
   106381  40.497046 -124.330583    17.863        4.8       36.6       12.8      5.1      5.2      5.1 2022  8 10  5 55 42.060  0.00   4
   106383  40.496818 -124.330770    17.878      -11.0       11.3       27.8      3.6      2.9      4.6 2022  8 12 15 56 26.800  0.00   4
   106384  40.496855 -124.330493    17.867       12.4       15.4       16.7      4.9      4.2      4.5 2022  8 14  9 10  2.820  0.00   4
   106385  40.496830 -124.330876    17.870      -20.0       12.7       20.0      2.9      2.7      3.3 2022  8 14 22 16 32.640  0.00   4
   106386  40.496293 -124.330835    17.842      -16.6      -47.0       -8.4      4.1      3.8      5.3 2022  8 14  9 32 44.820  0.00   4
   106388  40.496940 -124.330754    17.854       -9.7       24.9        3.8      4.7      4.1      5.0 2022  8 16  9 34  2.840  0.00   4
   106390  40.496525 -124.330599    17.882        3.4      -21.2       32.3      4.8      4.2      5.5 2022  8 18  5 34 57.140  0.00   4
   106391  40.496712 -124.330868    17.859      -19.3       -0.5        9.4      3.7      3.2      4.2 2022  8 18  8 52 50.760  0.00   4
   106393  40.496798 -124.330949    17.865      -26.2        9.0       15.1      2.9      2.6      3.5 2022  8 23 13 22  4.400  0.00   4
   106394  40.496680 -124.330802    17.847      -13.8       -4.1       -3.1      4.9      3.1      4.6 2022  8 23 13  8 26.400  0.00   4
   106397  40.496411 -124.330884    17.850      -20.7      -33.9        0.4      4.9      3.4      3.9 2022  8 25  0 29 52.800  0.00   4
   106398  40.496639 -124.330745    17.904       -9.0       -8.6       54.1      5.1      4.5      6.9 2022  8 26 23 43 16.640  0.00   4
   106399  40.496716 -124.330534    17.837        9.0        0.0      -13.4      2.2      2.0      3.0 2022  8 27  5 35 23.340  0.00   4
   106400  40.496887 -124.330827    17.828      -15.9       19.0      -21.8      4.0      3.4      5.5 2022  8 28 16  4 59.980  0.00   4
   106401  40.496948 -124.330786    17.859      -12.4       25.8        9.1      5.7      4.5      4.7 2022  8 31 11 20 31.620  0.00   4
   106403  40.492554 -124.329150    17.405      126.3     -462.2     -445.5     13.0      8.1     11.5 2022  9  2 16 31  6.800  0.00   4
   106404  40.496757 -124.330444    17.862       16.6        4.5       11.6      4.1      3.9      5.0 2022  9  4  1 44  0.500  0.00   4
   106407  40.496541 -124.330623    17.843        1.4      -19.4       -6.9      3.6      3.4      4.2 2022  9 17 10 45 18.920  0.00   4
   106409  40.496549 -124.330721    17.846       -6.9      -18.5       -4.1      4.4      3.3      3.4 2022  9 24  9 49 45.580  0.00   4
   106410  40.496403 -124.330859    17.875      -18.6      -34.8       24.8      3.9      3.8      4.8 2022 10  1 14 55  0.020  0.00   4
   106411  40.496647 -124.330762    17.822      -10.3       -7.7      -27.6      3.5      3.9      4.5 2022 10  9  8 36 16.240  0.00   4
   106412  40.497123 -124.330615    17.849        2.1       45.2       -1.3      5.3      5.4      5.3 2022 10  9  6 22 55.800  0.00   4
   106415  40.497237 -124.330396    17.808       20.7       57.8      -42.1      6.2      6.5      8.4 2022 10 18 18 18 12.480  0.00   4
   106416  40.496293 -124.330811    17.896      -14.5      -47.0       46.0      4.9      4.4      6.3 2022 10 19 13 22  2.300  0.00   4
   106417  40.497013 -124.330729    17.849       -7.6       33.0       -1.4      5.8      5.9      5.7 2022 10 26  9 12 38.720  0.00   4
   106419  40.496667 -124.330811    17.865      -14.5       -5.4       15.4      2.8      3.5      5.0 2022 11  4 19 32 57.460  0.00   4
   106420  40.496684 -124.330705    17.871       -5.5       -3.6       21.4      2.6      3.3      5.4 2022 11  5  0  2  7.900  0.00   4
   106421  40.496700 -124.330811    17.861      -14.5       -1.8       10.6      3.3      3.3      3.9 2022 11  5  0 40 53.500  0.00   4
   106422  40.496545 -124.330640    17.859        0.0      -19.0        9.1      2.8      3.3      4.5 2022 11  6  8 11 30.960  0.00   4
   106423  40.496847 -124.330859    17.877      -18.6       14.5       26.7      2.9      2.5      3.7 2022 11  7 16 28  2.740  0.00   4
   106429  40.496940 -124.330835    17.825      -16.6       24.9      -24.7      4.3      4.3      6.6 2022 11 19 21 55 30.320  0.00   4
   106431  40.496440 -124.330452    17.895       15.9      -30.7       44.8      5.0      4.1      7.7 2022 11 21 11 18 28.660  0.00   4
   106432  40.496777 -124.330745    17.866       -9.0        6.8       15.5      2.8      2.9      3.5 2022 11 27  5 38 46.220  0.00   4
   106433  40.496969 -124.330680    17.848       -3.4       28.0       -1.6      5.7      4.6      3.6 2022 11 29 21 55 22.940  0.00   4
   110398  40.496912 -124.330851    17.845      -17.9       21.7       -5.4      2.6      2.3      3.4 2023  2 11  3 18 22.440  1.85   4
