   101025  40.472111 -124.704736    26.121      -53.8     -166.7      401.5     25.5     43.9     75.9 2020  1  9  2 10 32.160  0.00  16
   101029  40.472852 -124.704736    26.167      -53.8      -84.5      446.7     27.9     33.2     88.2 2020  1 30 12  6 18.720  0.00  16
   101032  40.472026 -124.704785    26.026      -58.0     -176.2      306.3     24.0     48.8     88.0 2020  2 19  1  9 23.420  0.00  16
   101040  40.470605 -124.704500    25.392      -33.8     -333.9     -328.5     28.9     52.4    119.8 2020  3 19 10 33 49.980  0.00  16
   101042  40.470219 -124.704525    25.337      -35.9     -376.8     -382.9     29.2     57.4    116.6 2020  4  2  6 24  8.960  0.00  16
   101043  40.471427 -124.704541    25.926      -37.3     -242.6      205.7     26.7     59.3     88.3 2020  4  2 10  0 17.140  0.00  16
   101047  40.470414 -124.703971    23.939       11.0     -355.1    -1781.0     25.5     56.2     29.6 2020  4 13  9 56 35.420  0.00  16
   101054  40.471696 -124.704989    26.321      -75.2     -212.8      600.8     29.4     42.3    105.7 2020  6 21 11 58 10.560  0.00  16
   101061  40.480432 -124.702718    25.369      117.3      757.3     -351.4     41.9     72.5    167.1 2020  8 16  0 16 42.400  0.00  16
   101065  40.478796 -124.702539    24.941      132.5      575.6     -779.1     40.1     59.6    224.8 2020  9  7 15 31 22.240  0.00  16
   101072  40.472656 -124.704761    26.283      -55.9     -106.2      562.7     27.9     34.5     98.9 2020 10  6  9 36 10.120  0.00  16
   101073  40.476200 -124.699251    23.183      411.3      287.4    -2536.9     64.8     46.9     80.5 2020 10  8 18 44  2.720  0.00  16
   101079  40.473621 -124.704191    25.464       -7.6        0.9     -255.7     47.8     69.7    159.1 2020 10 29  3 49 47.440  0.00  16
   101083  40.478585 -124.701652    23.759      207.7      552.1    -1961.4     55.8     67.0     72.1 2020 11 30  8  6 26.060  0.00  16
   101089  40.477189 -124.703206    25.345       75.9      397.2     -375.4     32.2     50.9    128.5 2021  1 16 10  6 18.420  0.00  16
   101107  40.473173 -124.704460    25.999      -30.4      -48.8      279.1     33.4     61.6    106.7 2021  4 17 21 25 11.280  0.00  16
   101111  40.472139 -124.704663    26.293      -47.6     -163.6      572.9     29.0     51.9     85.7 2021  4 28  8  7  0.040  0.00  16
   101135  40.474947 -124.703752    25.760       29.7      148.2       39.7     22.8     36.5     70.1 2021  6 30  8 56 58.780  0.00  16
   101136  40.480286 -124.701717    25.381      202.2      741.0     -338.8     45.4     83.1    167.1 2021  6 30  8 56 43.620  0.00  16
   101140  40.472514 -124.704688    26.034      -49.7     -122.0      314.2     24.4     47.7     68.3 2021  7  4 12 13 12.060  0.00  16
   101144  40.478560 -124.702287    24.508      153.9      549.4    -1211.9     38.3     64.9    232.8 2021  7 13 21 30  4.080  0.00  16
   101147  40.475952 -124.703304    25.667       67.6      259.8      -52.8     26.4     46.5     89.2 2021  7 17  8 12 38.380  0.00  16
   101150  40.471440 -124.705103    26.471      -84.9     -241.3      751.1     32.3     55.6    115.8 2021  7 29  9  7  0.860  0.00  16
   101152  40.471838 -124.704810    26.085      -60.0     -197.0      365.0     32.3     41.1    107.5 2021  7 30 15 20 25.540  0.00  16
   101160  40.475541 -124.703548    25.701       46.9      214.2      -19.2     24.6     40.3     76.3 2021  8 22 12 36 17.700  0.00  16
   101166  40.474259 -124.704028    25.774        6.2       71.8       54.2     27.7     36.2     82.3 2021  8 29 11 49 24.320  0.00  16
   101170  40.471948 -124.704614    26.067      -43.5     -184.8      347.0     22.7     46.6     73.9 2021  9  7 12  8 27.780  0.00  16
   101171  40.472266 -124.704614    25.927      -43.5     -149.6      207.2     21.9     45.9     76.8 2021  9  7 12  6 36.340  0.00  16
   101173  40.479838 -124.700570    23.758      299.5      691.3    -1961.8     48.4     61.6     63.2 2021  9 12  8 46  7.140  0.00  16
   101179  40.472640 -124.704468    26.097      -31.1     -108.0      376.9     21.2     40.1    100.6 2021  9 19  4 12 22.100  0.00  16
   101181  40.473254 -124.704639    26.056      -45.5      -39.8      336.1     25.0     37.2     67.3 2021  9 21 10 15 40.980  0.00  16
   101183  40.476522 -124.703027    25.430       91.1      323.1     -289.8     40.8     54.5    145.5 2021  9 25 21 15 37.720  0.00  16
   101190  40.472021 -124.704688    26.027      -49.7     -176.7      306.9     23.7     51.8     68.5 2021 10  4  3 56 50.020  0.00  16
   101191  40.472070 -124.704720    25.994      -52.4     -171.2      273.7     24.3     48.5     66.3 2021 10  4  4 17 38.960  0.00  16
   101196  40.471318 -124.704883    26.092      -66.3     -254.8      371.6     25.9     53.7     81.2 2021 10 17 20 21 35.000  0.00  16
   101210  40.472253 -124.704614    25.910      -43.5     -150.9      189.6     31.6     68.9     81.0 2021 11  9 16 33 24.060  0.00  16
   101217  40.478792 -124.702677    25.506      120.8      575.2     -213.6     39.5     71.9    116.1 2021 11 22  2 33 37.140  0.00  16
   101218  40.474919 -124.703743    25.619       30.4      145.0     -101.0     25.4     42.0     75.0 2021 11 27 16 59  2.420  0.00  16
   101224  40.478617 -124.702230    24.529      158.7      555.8    -1190.9     37.9     65.7    235.0 2022  1  6 20 34 23.120  0.00  16
   101225  40.478589 -124.702783    25.481      111.8      552.6     -238.6     34.3     84.0     88.5 2022  1  6 13  0 38.860  0.00  16
   101229  40.477181 -124.703076    25.511       87.0      396.3     -209.4     35.4     86.9     76.6 2022  1 18  9 17 28.400  0.00  16
   101230  40.477527 -124.703101    25.553       84.9      434.7     -166.8     35.5     62.9     92.0 2022  1 19  9 33 28.680  0.00  16
   101234  40.477755 -124.702913    25.366      100.8      460.0     -354.3     40.1    100.1     81.6 2022  1 23  8 46  6.580  0.00  16
   101238  40.471948 -124.704712    25.973      -51.8     -184.8      252.8     24.8     52.8     67.3 2022  2  7 21 40 32.580  0.00  16
   101243  40.473576 -124.704167    25.725       -5.5       -4.1        5.3     53.8     78.8    164.9 2022  2 12 23 29 19.340  0.00  16
   101256  40.474178 -124.703695    25.529       34.5       62.8     -191.0     30.6     33.1     99.1 2022  3  3  4 20 48.040  0.00  16
   101257  40.479924 -124.702059    25.465      173.2      700.8     -255.1     39.4     77.2    128.3 2022  3  4  5 28 44.660  0.00  16
   101282  40.479781 -124.702287    25.359      153.9      685.0     -361.4     38.7     76.8    128.5 2022  5 15 23 29  2.560  0.00  16
   101302  40.474231 -124.703800    25.470       25.5       68.7     -250.4     31.0     30.7     71.6 2022  7  4 22 56 22.600  0.00  16
   101304  40.471012 -124.705216    26.130      -94.5     -288.7      409.8     30.9     58.0     68.8 2022  7  8 17  2 27.980  0.00  16
   101314  40.471802 -124.704801    26.028      -59.4     -201.1      307.8     22.7     48.4     71.0 2022  8  1  0 11 32.320  0.00  16
   101320  40.472054 -124.704826    26.355      -61.4     -173.1      635.3     28.0     46.9     83.2 2022  8 11  5 13 26.080  0.00  16
   101323  40.468119 -124.706982    26.745     -244.3     -610.0     1025.2     53.0     57.0     83.8 2022  8 17  5 39  0.840  0.00  16
   101326  40.473104 -124.704631    25.978      -44.9      -56.5      257.6     28.7     44.1     74.3 2022  8 26 22 29 24.400  0.00  16
   101327  40.473454 -124.704378    25.932      -23.5      -17.6      211.6     37.3     56.9    108.5 2022  8 26 17 35 25.260  0.00  16
   101335  40.478935 -124.702865    25.632      104.9      591.0      -88.2     26.8     65.3     81.0 2022  9 23 13  1 57.720  0.00  16
   101336  40.473417 -124.704460    25.987      -30.4      -21.7      266.7     21.8     32.7     64.8 2022  9 23 16 53 35.540  0.00  16
   101346  40.472668 -124.704777    26.121      -57.3     -104.8      401.2     24.5     45.2     68.4 2022 10  9 21 44 27.480  0.00  16
   101361  40.473124 -124.705143    26.427      -88.3      -54.2      707.5     30.9     33.9     89.1 2022 11 16  7 56 54.320  0.00  16
   101366  40.473608 -124.704362    25.819      -22.1       -0.5       98.5     49.8     76.1    150.2 2022 11 30 11 22 20.400  0.00  16
   110293  40.471358 -124.704671    25.883      -48.3     -250.3      163.1     21.3     32.5     62.2 2023  3 19 12 29 14.650  1.61  16
