   102182  40.446261 -124.654338    25.078       -5.5      -51.5     -141.6      2.9      4.8     11.1 2020  1 15 17 42 30.720  0.00  10
   102184  40.448958 -124.652816    25.367      123.6      248.1      147.4      8.0     13.1     28.8 2020  1 17  0 45  9.680  0.00  10
   102188  40.446118 -124.654134    25.452       11.7      -67.3      232.0      3.6      5.6     12.2 2020  1 21  4 20 43.480  0.00  10
   102200  40.449752 -124.651310    22.483      251.3      336.2    -2737.4     12.3     16.1     15.3 2020  3 19  5 35 45.780  0.00  10
   102205  40.446562 -124.654264    25.477        0.7      -18.1      257.0      2.4      3.8     14.2 2020  3 30 12 52 56.680  0.00  10
   102210  40.448238 -124.653402    25.359       73.9      168.1      139.3      7.2      9.9     26.2 2020  4 19 20 24 43.340  0.00  10
   102212  40.454435 -124.650911    23.791      285.1      856.2    -1428.5      5.4     16.6      6.8 2020  4 23 16 58 36.620  0.00  10
   102228  40.447026 -124.654183    25.546        7.6       33.4      326.3      4.1      4.6     15.2 2020  6  6 17 33 56.240  0.00  10
   102230  40.444478 -124.654850    25.350      -49.0     -249.4      130.1      6.0      9.9     16.5 2020  6  8  6 32 15.660  0.00  10
   102234  40.456523 -124.649691    20.481      388.7     1088.0    -4738.7     27.9     33.9     70.9 2020  6 17 14 55 44.060  0.00  10
   102238  40.445243 -124.654647    25.331      -31.8     -164.5      111.3      5.5      8.6     18.5 2020  6 26 15 28 13.260  0.00  10
   102242  40.433997 -124.657699    26.111     -290.7    -1413.3      891.0      6.9     10.0     19.9 2020  7  2  9 45 28.780  0.00  10
   102243  40.451217 -124.652938    25.704      113.2      498.8      484.2      9.7     15.1     26.0 2020  7  4 10 27 11.180  0.00  10
   102245  40.446700 -124.654167    25.452        9.0       -2.7      231.8      3.0      3.5     12.0 2020  7 15 14 48 38.640  0.00  10
   102246  40.444116 -124.654696    25.405      -35.9     -289.6      185.2      5.2     13.7     14.3 2020  7 15  6 44  5.980  0.00  10
   102248  40.448319 -124.653906    25.004       31.1      177.1     -216.4      3.7      7.2     14.2 2020  7 19 18 15 35.580  0.00  10
   102251  40.448132 -124.654077    25.201       16.6      156.3      -18.6      6.3      8.2     13.3 2020  7 24 17 25 56.900  0.00  10
   102255  40.444381 -124.655062    25.216      -67.0     -260.3       -3.6      7.4     11.1     23.8 2020  8  9  8 20 35.060  0.00  10
   102264  40.449748 -124.653215    25.209       89.7      335.7      -11.2      5.4     13.0     11.9 2020  8 30  7 38 46.020  0.00  10
   102266  40.446533 -124.654045    25.444       19.3      -21.2      223.6      3.5      3.8     12.7 2020  9  9 23 36 32.240  0.00  10
   102267  40.446891 -124.654110    25.428       13.8       18.5      208.3      2.9      3.5     12.1 2020  9 10  0 16 17.420  0.00  10
   102268  40.444124 -124.654769    25.224      -42.1     -288.7        3.8      4.6     13.6     11.7 2020  9 10  3 19 24.240  0.00  10
   102270  40.446497 -124.654199    24.965        6.2      -25.3     -255.4      4.0      6.0     19.9 2020  9 18  0 58 33.740  0.00  10
   102277  40.443722 -124.655135    25.194      -73.2     -333.5      -26.2      9.9     15.0     22.8 2020 10 12 19 25 13.660  0.00  10
   102279  40.453097 -124.652222    25.158      174.0      707.6      -62.3      5.9     12.8     18.7 2020 10 14  1 51 41.000  0.00  10
   102282  40.448120 -124.653540    25.400       62.1      155.0      179.9      6.3      9.0     22.1 2020 10 21  8 40 43.180  0.00  10
   102283  40.445256 -124.655485    25.355     -102.9     -163.1      134.8      8.7     11.8     25.7 2020 10 24 23  4 54.880  0.00  10
   102285  40.446305 -124.654159    25.338        9.7      -46.5      118.3      3.2      6.9     12.8 2020 11  1 13 18 54.340  0.00  10
   102294  40.444368 -124.654867    25.767      -50.4     -261.6      547.2      4.8     12.9     11.4 2020 11 14  6 37 54.500  0.00  10
   102301  40.449316 -124.653255    25.326       86.3      287.8      105.7      7.8     12.7     25.7 2020 12  1 22 12 47.360  0.00  10
   102303  40.446033 -124.654126    24.795       12.4      -76.8     -424.7      4.3      7.4     20.3 2020 12  5 11 45  1.180  0.00  10
   102322  40.444413 -124.656942    26.910     -226.5     -256.6     1689.8     11.6     17.3     26.9 2021  3 12  0 34 57.040  0.00  10
   102324  40.443685 -124.654281    24.662       -0.7     -337.5     -558.3      9.5     14.0     42.6 2021  3 12  1 21 53.360  0.00  10
   102333  40.447164 -124.654329    25.078       -4.8       48.8     -142.3      3.1      4.3     15.5 2021  4  2 13 31 56.200  0.00  10
   102336  40.445239 -124.654948    25.128      -57.3     -164.9      -92.0      6.0      9.6     23.0 2021  4 10 16 40 38.080  0.00  10
   102338  40.446208 -124.654362    25.089       -7.6      -57.4     -130.7      3.0      5.3     16.0 2021  4 16  5 33 23.300  0.00  10
   102340  40.445748 -124.654403    25.169      -11.0     -108.4      -51.4      3.3      6.3     12.9 2021  4 16  5 35 19.500  0.00  10
   102344  40.444893 -124.655225    25.435      -80.8     -203.3      215.0      8.1     12.8     23.3 2021  5  4 21 50 51.440  0.00  10
   102345  40.443595 -124.656356    26.572     -176.7     -347.5     1351.9     15.2     18.3     46.7 2021  5  4 21 38 56.240  0.00  10
   102355  40.446244 -124.654045    25.488       19.3      -53.3      267.6      5.3      5.2     11.8 2021  5 30  0 32 40.240  0.00  10
   102360  40.448950 -124.650513    23.356      319.0      247.2    -1863.9      7.9     13.1      9.6 2021  6 12 12 22 59.900  0.00  10
   102362  40.450175 -124.653361    25.092       77.3      383.2     -127.8      5.8     12.1     19.2 2021  6 24 19 30 18.060  0.00  10
   102371  40.447253 -124.654215    25.433        4.8       58.7      213.4      4.4      4.3     15.1 2021  7 21 12 26  5.200  0.00  10
   102372  40.447176 -124.654264    25.439        0.7       50.2      219.4      2.9      3.6     10.6 2021  7 21 11 22 14.200  0.00  10
   102373  40.445076 -124.653849    25.183       35.9     -183.0      -37.4      3.6      7.0     21.7 2021  7 21 11 54 55.820  0.00  10
   102384  40.447974 -124.654305    25.550       -2.8      138.7      329.7      3.3      7.6      8.8 2021  9  8  2 16  1.420  0.00  10
   102385  40.445597 -124.654443    25.056      -14.5     -125.2     -163.7      4.3      7.0     17.0 2021  9  9 12 37 57.360  0.00  10
   102387  40.446395 -124.654313    25.073       -3.5      -36.6     -146.6      3.5      4.7     15.9 2021  9 10  1  1 31.200  0.00  10
   102388  40.447270 -124.654281    25.358       -0.7       60.5      138.3      3.4      4.0      9.7 2021  9 15  6 30 53.620  0.00  10
   102390  40.445321 -124.654647    25.188      -31.8     -155.9      -32.0      6.3      8.9     21.2 2021 10  4  4 32 17.280  0.00  10
   102392  40.446790 -124.654321    25.566       -4.1        7.2      346.0      3.4      3.6     12.4 2021 10 18  2 39 39.300  0.00  10
   102393  40.446008 -124.654338    25.021       -5.5      -79.5     -198.8      4.5      6.0     18.1 2021 10 23 14 44 14.460  0.00  10
   102399  40.448433 -124.653760    25.427       43.5      189.8      206.6      5.3      8.6     17.9 2021 11 10  9 26 40.460  0.00  10
   102404  40.449243 -124.649731    23.250      385.2      279.7    -1969.6     10.6     23.7     13.6 2021 11 13  7 46 30.500  0.00  10
   102408  40.446342 -124.654159    25.058        9.7      -42.5     -161.5      4.2      4.7     14.8 2021 11 30  5 12 25.660  0.00  10
   102410  40.447221 -124.654061    25.123       18.0       55.1      -96.5      3.6      5.3     10.6 2021 12  1 15  9 27.140  0.00  10
   102414  40.446488 -124.654362    24.940       -7.6      -26.2     -279.5      4.4      5.6     22.8 2021 12 11 10  9 36.640  0.00  10
   102418  40.446273 -124.654232    25.205        3.5      -50.2      -14.9      3.2      7.2      9.6 2022  1  6 20 31  6.480  0.00  10
   102422  40.446236 -124.654159    25.070        9.7      -54.2     -149.8      4.2      4.7     15.7 2022  1 16 20  3 25.640  0.00  10
   102423  40.446773 -124.654183    24.778        7.6        5.4     -441.8      3.7      3.8     18.6 2022  1 16 23 26 59.440  0.00  10
   102424  40.446244 -124.654272    24.874        0.0      -53.3     -346.0      4.3      5.7     19.4 2022  1 16 23 21 31.880  0.00  10
   102425  40.446208 -124.654313    25.090       -3.5      -57.4     -129.5      5.4      6.1     17.9 2022  1 16 23 34 44.500  0.00  10
   102429  40.448206 -124.653874    25.433       33.8      164.5      212.8      4.2      7.4     13.4 2022  2 11  7 42  4.820  0.00  10
   102437  40.446554 -124.654248    25.343        2.1      -19.0      123.5      4.3      4.5     12.3 2022  3 26  2  8 37.740  0.00  10
   102439  40.447664 -124.654126    25.509       12.4      104.4      288.7      4.8      6.4     15.7 2022  3 26  3 20 55.020  0.00  10
   102441  40.448901 -124.651904    24.709      200.9      241.7     -511.3      9.2     11.1     36.9 2022  3 27  9  2  0.020  0.00  10
   102452  40.439412 -124.656063    25.106     -151.9     -812.0     -114.1      6.8     13.1     20.9 2022  5 19  4 59 54.560  0.00  10
   102456  40.445805 -124.654362    25.455       -7.6     -102.1      234.7      3.4      5.8     12.1 2022  5 26 14 46 51.040  0.00  10
   102460  40.447343 -124.654077    25.223       16.6       68.7        2.7      5.6      6.1     16.9 2022  6  4 18 39 40.820  0.00  10
   102461  40.447441 -124.654126    25.543       12.4       79.5      323.2      5.8      6.5     18.9 2022  6  4 18 37 39.740  0.00  10
   102462  40.446570 -124.654150    24.636       10.4      -17.2     -583.7      3.8      5.3     26.4 2022  6  7  7 42  2.260  0.00  10
   102467  40.447087 -124.654183    24.982        7.6       40.2     -238.1      4.2      6.3     14.1 2022  6 29 15 43 49.420  0.00  10
   102478  40.453345 -124.652808    25.371      124.3      735.1      151.5      7.5     10.5     22.6 2022  7 28  0 49 37.560  0.00  10
   102479  40.444946 -124.655037    24.707      -64.9     -197.5     -512.5      7.0     12.0     31.2 2022  8  1 11 26 14.540  0.00  10
   102480  40.445125 -124.654883    24.444      -51.8     -177.6     -776.1      7.1     11.3     40.3 2022  8  1 11 14 15.880  0.00  10
   102484  40.447542 -124.654020    25.212       21.4       90.8       -7.5      4.3      6.7     11.6 2022  9  2 22 28 11.020  0.00  10
   102487  40.446269 -124.654264    24.820        0.7      -50.6     -399.7      3.6      5.6     20.9 2022  9 13 10 25 13.400  0.00  10
   102488  40.446838 -124.654167    25.358        9.0       12.7      137.7      3.0      3.6     10.8 2022  9 15 10 27 10.840  0.00  10
   102495  40.447616 -124.654126    25.484       12.4       99.0      264.1      5.2      6.9     16.1 2022 10  2 19 19 28.360  0.00  10
   102497  40.445748 -124.654655    25.346      -32.4     -108.4      125.6      6.3      9.7     18.8 2022 10  7 21 58 55.180  0.00  10
   102498  40.448136 -124.653402    25.205       73.9      156.8      -14.9      8.1     10.7     25.2 2022 10  8 23 33 52.300  0.00  10
   102502  40.445789 -124.654134    25.190       11.7     -103.9      -29.6      3.2      8.9     14.0 2022 10 22  7  6 12.100  0.00  10
   102504  40.446484 -124.654142    25.426       11.0      -26.7      205.9      5.3      5.3     11.0 2022 11  8  8 25 11.960  0.00  10
   102510  40.449259 -124.652588    23.908      142.9      281.5    -1311.7      6.7     13.7      8.9 2022 11 22 13 37 11.000  0.00  10
   110301  40.446590 -124.654289    25.279       -1.4      -14.9       59.1      2.7      3.2      9.1 2023  5 20  8 26 59.420  1.66  10
