   105485  40.699308 -124.199349    17.334      122.4       27.6     -148.6    415.1    210.3    406.1 2020  2  5  5 58 25.560  0.00  53
   105486  40.699341 -124.199292    17.394      127.2       31.2      -88.6    426.9    274.9    317.9 2020  3 17 12 51 45.720  0.00  53
   105487  40.699390 -124.200301    17.406       42.0       36.6      -76.3    453.9    311.9    403.5 2020  4 15  7 17 47.580  0.00  53
   105489  40.699516 -124.199292    17.380      127.2       50.6     -102.8    513.7    242.4    392.9 2020  9  1  3 23  1.060  0.00  53
   105491  40.699158 -124.199129    17.309      141.0       10.8     -173.3    455.5    282.1    388.1 2022  6 26  6 12 19.280  0.00  53
   105492  40.699170 -124.199495    17.414      110.0       12.2      -68.6    431.4    220.5    274.4 2022  9 22  6  0 32.400  0.00  53
   105493  40.699402 -124.199438    17.372      114.9       38.0     -110.7    317.9    195.7    233.0 2022  9 22  6  2 18.960  0.00  53
   105494  40.699593 -124.199333    17.355      123.8       59.2     -127.3    355.2    235.0    286.5 2022  9 22  7 21 46.180  0.00  53
   105495  40.699784 -124.198747    17.351      173.3       80.4     -132.1    681.5    351.2    556.1 2022  9 22 15 52 11.740  0.00  53
   105496  40.699361 -124.199967    17.395       70.2       33.4      -87.9    328.1    214.9    275.8 2022  9 23  7 36 42.680  0.00  53
   105498  40.699353 -124.200098    17.393       59.2       32.5      -89.6    333.4    217.9    264.1 2022  9 25 11 10 14.460  0.00  53
   105501  40.699349 -124.199699    17.335       92.9       32.1     -147.4    337.1    204.0    297.7 2022 10 26 12 52 38.720  0.00  53
   105502  40.699455 -124.199829    17.377       81.8       43.8     -105.9    308.1    223.7    285.7 2022 10 28 19 52 59.400  0.00  53
   105503  40.699447 -124.199561    17.335      104.5       42.9     -147.5    286.2    194.5    264.8 2022 10 28 19 54 10.800  0.00  53
   108832  40.721973 -124.234261    17.093    -2827.7     2544.4     -389.3    808.9    513.1    732.2 2020  6 27  1 38 36.220  0.00  53
   108833  40.722811 -124.233854    17.018    -2793.3     2637.5     -465.2    927.6    538.4    764.9 2020  7  7 22 53  4.560  0.00  53
   108870  40.673726 -124.185482    18.352     1294.7    -2813.3      869.2    807.0    426.3    913.4 2021  3 19  7  6 30.900  0.00  53
   108873  40.674146 -124.169857    18.098     2615.5    -2766.7      615.3   1029.1    440.1   1593.8 2022  9 22 18 46  5.320  0.00  53
   110375  40.699264 -124.199674    17.433       94.9       22.6      -49.5    452.9    270.5    410.4 2023  4 18 21 27 56.500  2.49  53
   110555  40.722754 -124.234749    17.575    -2869.0     2631.2       92.3    749.8    540.7    651.5 2023  5  5 10 40  9.930  1.00  53
   110562  40.672644 -124.172103    18.581     2425.7    -2933.5     1098.2    940.3    406.4    942.3 2023  2  1  1 28 26.490  1.31  53
   110714  40.704126 -124.194507    17.999      531.6      562.6      516.0    816.6    406.1    695.0 2023  1  6 12 27 19.440  3.44  53
