   105847  40.391329 -124.287606    27.821       -0.7        3.2        1.0     20.3     35.9     27.6 2021 12 20 20 46 28.200  0.00  65
   105849  40.391300 -124.287614    27.820       -1.4        0.0        0.2     28.1     29.6     23.2 2021 12 21  9 55 15.700  0.00  65
   105851  40.391296 -124.287638    27.820       -3.5       -0.5        0.2     36.7     33.9     24.1 2021 12 21 19 32 35.980  0.00  65
   105864  40.391357 -124.287402    27.818       16.6        6.3       -1.9     71.7     60.4     27.3 2021 12 21 18 52 36.660  0.00  65
   105872  40.391321 -124.287622    27.821       -2.1        2.3        1.4     53.5     38.1     27.6 2021 12 21  8 10  1.860  0.00  65
   105888  40.391313 -124.287614    27.821       -1.4        1.4        1.0     47.2     34.1     25.4 2021 12 22  5 26  9.740  0.00  65
   105898  40.391305 -124.287630    27.821       -2.8        0.5        0.8     30.9     34.0     25.6 2021 12 23  1  5 17.280  0.00  65
   105899  40.391325 -124.287467    27.818       11.1        2.7       -2.5     54.7     51.6     30.8 2021 12 23  1 47 11.060  0.00  65
   105919  40.391292 -124.287606    27.820       -0.7       -0.9       -0.3     24.7     25.6     21.6 2021 12 30 12 28  4.260  0.00  65
   105923  40.391252 -124.287394    27.819       17.3       -5.4       -1.3     74.6     43.9     35.0 2022  1  5 23  1 28.700  0.00  65
   105928  40.391305 -124.287606    27.820       -0.7        0.5        0.2     39.1     29.6     24.3 2022  1 16  4 44 46.820  0.00  65
   105933  40.391203 -124.287581    27.815        1.4      -10.8       -5.1     49.6     54.2     39.8 2022  2 10  9 46 48.960  0.00  65
   105946  40.391309 -124.287671    27.819       -6.2        0.9       -0.9     49.7     29.4     34.2 2022  6  9  2 40 47.580  0.00  65
   105948  40.391313 -124.287606    27.821       -0.7        1.4        1.1     50.8     35.8     26.0 2022  7  1 20 19 34.200  0.00  65
   110381  40.391300 -124.287622    27.820       -2.1        0.0        0.4     25.6     28.3     22.0 2023  2  9  3 13  2.870  0.89  65
