   106507  40.500061 -124.328760    19.854      112.4       19.4      -45.7     57.0     48.7     59.8 2020  2 19  1  2 53.940  0.00  22
   106508  40.499939 -124.330143    19.891       -4.8        5.9       -8.6     21.7     20.8     47.3 2020  9  1  2  9  2.720  0.00  22
   106517  40.500244 -124.328442    19.838      139.3       39.8      -62.1     59.2     54.8     63.3 2021  5  3 15 57 28.900  0.00  22
   106518  40.500138 -124.328800    19.943      109.0       28.0       42.9     66.5     46.0     66.6 2021  5 26  5 55 13.280  0.00  22
   106520  40.501668 -124.329582    20.244       42.8      197.9      344.4     77.0     70.4    102.8 2021 11 16  9 19 34.180  0.00  22
   106523  40.499670 -124.330070    19.898        1.4      -23.9       -2.3     35.3     30.8     22.8 2021 12 20 20 13 34.280  0.00  22
   106524  40.499931 -124.330143    19.907       -4.8        5.0        7.5     36.3     32.0     46.1 2021 12 20 23 36 10.800  0.00  22
   106527  40.499959 -124.330070    19.902        1.4        8.1        2.4     25.4     24.8     36.6 2021 12 21 16 55 43.720  0.00  22
   106529  40.499927 -124.329850    19.901       20.0        4.5        1.1     28.1     16.9     24.7 2021 12 22 13 48 19.960  0.00  22
   106532  40.499963 -124.329989    19.902        8.3        8.6        2.0     23.9     22.4     32.8 2021 12 31 10 42 27.260  0.00  22
   106533  40.499784 -124.330322    19.896      -20.0      -11.3       -4.1     32.8     29.3     30.9 2021 12 31  3 37 56.200  0.00  22
   106534  40.499821 -124.330314    19.889      -19.3       -7.2      -10.7     32.9     29.7     45.9 2021 12 31 21 34 28.140  0.00  22
   106536  40.500033 -124.330160    19.900       -6.2       16.3       -0.2     20.9     21.0     38.8 2022  1  9 11 45 39.380  0.00  22
   106539  40.499984 -124.330135    19.901       -4.1       10.8        1.3     19.0     15.7     32.9 2022  1 21 14 11  2.100  0.00  22
   106541  40.499902 -124.330200    19.903       -9.7        1.8        2.8     30.1     18.5     32.2 2022  2  4  4 18 16.160  0.00  22
   106542  40.499910 -124.330208    19.901      -10.3        2.7        1.0     26.9     20.6     34.5 2022  2 10  0 57 15.920  0.00  22
   106546  40.499849 -124.330151    19.893       -5.5       -4.1       -6.6     23.2     18.1     27.7 2022  2 18 16 18 39.800  0.00  22
   106549  40.499967 -124.330127    19.911       -3.4        9.0       10.8     29.7     26.8     38.1 2022  2 26  1 58 19.200  0.00  22
   106552  40.499976 -124.330184    19.916       -8.3        9.9       16.2     25.2     20.8     32.6 2022  3 10 21 16 10.420  0.00  22
   106557  40.500024 -124.330005    19.921        6.9       15.4       20.6     31.1     23.5     32.7 2022  4  6  3 51 39.260  0.00  22
   106560  40.499764 -124.330371    19.877      -24.1      -13.6      -23.4     44.1     28.3     38.3 2022  4 18  8  0 40.700  0.00  22
   106561  40.499788 -124.330046    19.879        3.4      -10.8      -21.0     24.5     17.6     26.4 2022  4 21  7 33 54.460  0.00  22
   106566  40.499902 -124.330029    19.898        4.8        1.8       -2.4     23.7     18.8     28.5 2022  5  5 21 18  3.760  0.00  22
   106567  40.499931 -124.330176    19.906       -7.6        5.0        5.5     22.9     19.1     32.7 2022  5  5 17 13 44.200  0.00  22
   106569  40.499996 -124.330094    19.917       -0.7       12.2       16.6     23.0     23.7     28.8 2022  5  7 12 38 39.640  0.00  22
   106570  40.499837 -124.330094    19.888       -0.7       -5.4      -11.9     21.4     17.5     27.8 2022  5  8  7 49 19.740  0.00  22
   106572  40.499874 -124.330046    19.893        3.4       -1.4       -6.6     20.5     16.1     25.8 2022  5 16  5 33 29.740  0.00  22
   106573  40.499854 -124.330021    19.897        5.5       -3.6       -3.3     24.2     19.7     27.7 2022  5 20 19 54 22.980  0.00  22
   106574  40.499772 -124.330233    19.903      -12.4      -12.7        2.5     35.8     25.7     31.6 2022  5 20 15 50 39.120  0.00  22
   106575  40.499792 -124.330013    19.875        6.2      -10.4      -25.5     26.6     20.6     33.2 2022  5 20 22 17 57.460  0.00  22
   106576  40.499894 -124.330143    19.902       -4.8        0.9        1.7     20.6     16.3     24.9 2022  5 20 18 39 27.940  0.00  22
   106579  40.499756 -124.330428    19.868      -29.0      -14.5      -31.6     37.8     32.9     55.4 2022  5 23 22 22 59.620  0.00  22
   106581  40.499719 -124.330054    19.879        2.8      -18.5      -20.9     28.1     28.7     31.2 2022  5 24 11 32  4.600  0.00  22
   106584  40.499821 -124.330135    19.890       -4.1       -7.2      -10.1     27.4     20.4     28.0 2022  6  6  1 43  9.260  0.00  22
   106585  40.499866 -124.329972    19.892        9.7       -2.3       -7.9     26.1     22.3     32.4 2022  6  8 21 52 21.420  0.00  22
   106586  40.499866 -124.330013    19.895        6.2       -2.3       -5.4     23.9     17.8     27.2 2022  6  8  8 31  1.680  0.00  22
   106591  40.500277 -124.328646    19.843      122.1       43.4      -57.1     78.9     65.8     80.2 2022  7  6 22 51 29.360  0.00  22
   106593  40.499845 -124.330029    19.889        4.8       -4.5      -10.6     34.3     25.8     36.9 2022  7 27 21  8 17.640  0.00  22
   106594  40.499959 -124.330282    19.914      -16.6        8.1       14.5     44.9     34.5     49.3 2022  8 22 16 15 52.900  0.00  22
   106599  40.500085 -124.329972    19.913        9.7       22.1       12.6     40.1     29.0     36.1 2022  9  4  8 51 58.480  0.00  22
   106601  40.500020 -124.330046    19.914        3.4       14.9       14.2     26.1     22.7     29.3 2022  9  7  3 58 19.820  0.00  22
   106603  40.499727 -124.330257    19.866      -14.5      -17.6      -33.9     22.7     28.4     41.1 2022  9 16 11 23 56.920  0.00  22
   106604  40.499784 -124.330257    19.904      -14.5      -11.3        4.4     34.2     24.7     30.9 2022  9 21 12 55 45.460  0.00  22
   106606  40.499723 -124.330485    19.877      -33.8      -18.1      -23.4     39.7     31.9     50.4 2022  9 30  2 48 59.280  0.00  22
   106607  40.499740 -124.330794    19.879      -60.0      -16.3      -21.4     48.4     36.4     53.1 2022 10  2 22 20 34.200  0.00  22
   106608  40.499809 -124.330216    19.896      -11.0       -8.6       -4.0     28.8     21.5     24.9 2022 10  9  3 35 32.100  0.00  22
   110407  40.499898 -124.330143    19.902       -4.8        1.4        2.4     22.6     17.1     27.6 2023  5 30  8 32 35.380  1.14  22
