   102927  40.321826 -124.624048    11.547    -5728.2     3268.5    -1879.5     20.9     44.8     43.7 2020  1  9 16 12 46.120  0.00   5
   102930  40.328654 -124.623771     9.841    -5704.4     4026.7    -3585.0     14.3     20.7     23.4 2020  7 10 11 40 51.780  0.00   5
   102931  40.328687 -124.623234     9.847    -5658.8     4030.3    -3578.5     12.5     18.1     21.2 2020 10  2  5 29 51.580  0.00   5
   102932  40.328821 -124.623218     9.669    -5657.4     4045.2    -3757.1     13.4     18.9     22.8 2020 12 29 18 56 53.340  0.00   5
   102933  40.326668 -124.619979     9.261    -5382.1     3806.2    -4165.0     18.8     57.7     37.0 2021  2 19 14 49 13.520  0.00   5
   102934  40.348747 -124.623804     8.753    -5706.3     6257.8    -4673.1     23.1     89.5     33.6 2021  8 23 20 46 18.340  0.00   5
   102935  40.329118 -124.622160     9.257    -5567.4     4078.2    -4169.0     15.3     28.5     25.9 2021 10 19  7 54 31.220  0.00   5
   102936  40.328943 -124.623283     9.665    -5662.9     4058.7    -3760.9     14.0     21.1     23.4 2021 11  9 11 28 29.120  0.00   5
   102937  40.329313 -124.623665     9.944    -5695.4     4099.9    -3482.0     12.3     20.2     22.1 2021 11 28 21 38 37.840  0.00   5
   102939  40.329000 -124.623161     9.646    -5652.5     4065.1    -3780.4     13.9     21.5     23.5 2021 12 21 23 30 13.180  0.00   5
   102940  40.320650 -124.621899    11.185    -5545.6     3137.9    -2241.0     12.7     41.1     35.0 2021 12 23  8 43 26.880  0.00   5
   102944  40.328446 -124.621802    10.001    -5537.0     4003.6    -3425.2     11.5     15.3     30.5 2022  1 19  8 10 37.440  0.00   5
   102946  40.329081 -124.623096     9.409    -5647.0     4074.1    -4016.7     13.7     21.4     25.1 2022  4 11  4  4 28.440  0.00   5
   102948  40.330094 -124.621908     9.914    -5545.9     4186.6    -3512.0     36.8     40.8     47.3 2022  4 19  9 28 33.920  0.00   5
   102949  40.327128 -124.623853    10.300    -5711.4     3857.2    -3126.0     12.9     17.3     27.8 2022  5  2 22 28 32.800  0.00   5
   102950  40.329529 -124.622827     8.955    -5624.1     4123.8    -4471.1     17.4     26.3     28.0 2022  6 24  0 54  1.540  0.00   5
   102951  40.327881 -124.626286     9.944    -5918.2     3940.8    -3481.5     16.9     17.0     20.9 2022  7 14 16 54 29.000  0.00   5
   102952  40.328235 -124.624447     9.940    -5761.9     3980.1    -3486.1     13.9     19.0     22.5 2022  7 22 12 35 35.500  0.00   5
   102953  40.337325 -124.620239     8.638    -5403.8     4989.5    -4787.6     20.7     66.4     31.8 2022  9 19  8 27  9.760  0.00   5
   102955  40.331486 -124.621834     9.445    -5539.7     4341.1    -3981.0     34.4     62.4     56.2 2022 10  7  7 29 37.760  0.00   5
   102957  40.300411 -124.556942    14.637      -23.5      890.5     1210.7     19.0     63.3     73.6 2020  1  9  0 25 18.340  0.00   5
   102958  40.296688 -124.558122    15.037     -123.9      477.1     1611.1     15.6     22.7     30.7 2020  1  9  5 40 55.020  0.00   5
   102959  40.304325 -124.555233    15.219      121.8     1325.2     1793.2     31.1     60.4     51.9 2020  1 10 16 19 54.400  0.00   5
   102961  40.297107 -124.556868    14.769      -17.3      523.7     1342.7     20.6     22.9     23.2 2020  5 11  5 18  3.180  0.00   5
   102962  40.255253 -124.559196    13.468     -215.3    -4123.8       41.6      2.1     13.3      6.6 2020  5 21 20 27  9.960  0.00   5
   102963  40.295162 -124.556803    16.963      -11.8      307.7     3537.4     17.9     32.0     66.8 2020  6 26 12 41 46.880  0.00   5
   102966  40.295447 -124.557389    14.918      -61.6      339.3     1492.0     15.1     22.4     28.2 2020  9 15 23 23  4.260  0.00   5
   102967  40.295715 -124.557406    14.244      -63.0      369.1      818.5     19.2     26.2     64.1 2020  9 26 13 45 23.380  0.00   5
   102968  40.299377 -124.558781    13.171     -179.9      775.8     -254.7     19.7     25.4     55.0 2020 10  7 23 57 11.980  0.00   5
   102969  40.296973 -124.557007    13.605      -29.1      508.8      179.0     31.6     42.3     47.0 2021  3 21  4 39 28.380  0.00   5
   102970  40.295699 -124.557511    14.845      -72.0      367.3     1419.0     15.9     21.2     28.1 2021  5 26  0 52 22.700  0.00   5
   102971  40.289526 -124.559367    13.986     -229.7     -318.1      560.3     14.1     25.2     12.1 2021  6  7  3 30 47.660  0.00   5
   102972  40.297392 -124.558171    13.865     -128.0      555.3      439.5     17.9     24.5     36.1 2021  6 26 19 49 41.240  0.00   5
   102974  40.254964 -124.559196    13.458     -215.3    -4155.9       31.9      1.7      9.5      4.9 2021  8 18  7 53 43.320  0.00   5
   102976  40.295703 -124.557788    14.636      -95.5      367.8     1209.8     16.6     26.2     38.5 2021 10 14 12 29 46.820  0.00   5
   102977  40.254574 -124.559196    13.443     -215.3    -4199.3       17.2      2.5     12.5      7.8 2021 12  9 17 52 24.880  0.00   5
   102978  40.294784 -124.557520    15.110      -72.7      265.7     1684.5     18.2     34.4     40.9 2021 12 20 14 26 22.420  0.00   5
   102979  40.296106 -124.556616    14.835        4.2      412.5     1409.5     17.0     22.7     25.8 2022  1  5 13 58 42.900  0.00   5
   102981  40.291235 -124.557747    14.594      -92.0     -128.3     1167.9     16.8     40.4     41.8 2022  2 19 22 27 17.340  0.00   5
   102982  40.295544 -124.557243    15.224      -49.1      350.2     1798.5     16.0     27.9     42.7 2022  4 22 22 11  8.700  0.00   5
   102983  40.299076 -124.556991    15.199      -27.7      742.3     1772.6     22.0     36.0     45.0 2022  5 14  6  2 12.840  0.00   5
   102984  40.294881 -124.556860    14.832      -16.6      276.5     1406.1     26.1     35.3     39.4 2022  5 27 21 21 41.400  0.00   5
   102986  40.300151 -124.558325    13.161     -141.2      861.6     -265.2     17.1     24.7     55.8 2022  6 10  0 40 50.580  0.00   5
   102987  40.295793 -124.557861    14.886     -101.7      377.7     1459.6     16.8     27.2     32.2 2022  6 11  1 51  4.680  0.00   5
   102988  40.295687 -124.557284    14.964      -52.6      366.0     1538.2     15.7     28.5     33.3 2022  7 24 10  6 19.260  0.00   5
   102989  40.296163 -124.557145    14.913      -40.8      418.8     1486.6     15.5     23.3     24.1 2022  8 12  8 51 14.040  0.00   5
   102990  40.294161 -124.558577    14.806     -162.6      196.5     1379.8     15.7     32.1     35.0 2022  8 26  5 13 30.220  0.00   5
   105011  40.291105 -124.534937    16.086     1847.6     -142.8     2659.5     20.5     90.9     47.6 2021  9 14 19 33 56.900  0.00   5
   105019  40.289360 -124.534359    16.071     1896.7     -336.6     2645.2     20.9     70.7     42.4 2021 12 17 16 25 12.180  0.00   5
   105020  40.290214 -124.532935    16.359     2017.8     -241.7     2933.4     20.8     61.3     53.0 2021 12 21  3 42 22.440  0.00   5
   105021  40.290784 -124.533040    16.412     2008.8     -178.5     2985.8     20.4     65.3     49.4 2021 12 21  3 24 24.160  0.00   5
   105023  40.288932 -124.533757    16.145     1947.9     -384.1     2718.9     17.7     70.7     41.2 2021 12 21 14 59  6.880  0.00   5
   105029  40.283439 -124.534896    16.110     1851.1     -994.0     2684.1     17.8     54.4     40.5 2021 12 21 16 17 37.440  0.00   5
   105030  40.269430 -124.529061    17.187     2347.5    -2549.6     3761.4     23.8     46.6     57.4 2021 12 21  5  0 54.580  0.00   5
   105031  40.278630 -124.533464    15.074     1973.0    -1528.1     1647.9     29.1     83.7     54.6 2021 12 21 12 38 45.420  0.00   5
   105033  40.286707 -124.533423    16.619     1976.3     -631.2     3193.4     16.2     52.3     31.8 2021 12 21  9 13 54.680  0.00   5
   105038  40.283683 -124.533504    16.919     1969.5     -966.9     3493.2     18.9     41.3     41.0 2021 12 26  7 58 23.160  0.00   5
   105039  40.286263 -124.531803    16.627     2114.0     -680.4     3200.9     19.8     66.7     48.1 2021 12 27  5 43 54.680  0.00   5
   105041  40.285417 -124.534798    16.205     1859.4     -774.4     2778.8     20.3     56.6     40.3 2022  2 11 20 35 36.260  0.00   5
   105043  40.282650 -124.531486    16.577     2141.1    -1081.7     3151.2     13.4     56.3     34.0 2022  4 21  0 49 10.600  0.00   5
   105368  40.289185 -124.539844    10.944     1430.3     -356.0    -2481.6     19.0     31.9     42.6 2020  2  1  1 58 46.340  0.00   5
   105369  40.292452 -124.537988     7.893     1588.1        6.8    -5532.5     31.6     64.5     65.0 2020  4 19 18  7 57.940  0.00   5
   105370  40.273067 -124.534725    15.729     1865.8    -2145.7     2303.1     24.5     36.3     63.5 2020  8 14 11 27 29.760  0.00   5
   105371  40.279346 -124.538102    12.366     1578.5    -1448.5    -1060.1     20.2     48.4     56.8 2020  9 12 12 44  3.120  0.00   5
   105374  40.282426 -124.539307    13.027     1476.1    -1106.5     -399.4     22.0     32.9     55.9 2021  9 13 23  5 20.040  0.00   5
   105376  40.286853 -124.538314    11.183     1560.4     -614.9    -2242.7     18.9     31.8     40.9 2021 10 28 10 57 51.840  0.00   5
   105377  40.288749 -124.539331    10.949     1473.9     -404.4    -2476.7     17.5     32.2     45.3 2021 11 15  6 11 30.560  0.00   5
   105379  40.289876 -124.539299    10.853     1476.7     -279.2    -2572.9     17.7     30.5     45.0 2022  1 31 19  7 30.320  0.00   5
   105380  40.290995 -124.538029    10.925     1584.6     -155.0    -2500.9     23.4     40.7     46.0 2022  5  7 21  0 16.060  0.00   5
   105381  40.287288 -124.538346    11.169     1557.7     -566.6    -2257.2     22.2     40.0     52.4 2022  6  7  9 50 42.720  0.00   5
   105383  40.287256 -124.538802    11.129     1518.9     -570.2    -2297.4     26.5     36.3     39.7 2022  8 18 13 36  2.300  0.00   5
   106680  40.274434 -124.556820    17.622      -13.1    -1993.9     4195.6     10.4     23.3     13.6 2020  2 22 19  6 52.320  0.00   5
   106684  40.274121 -124.557121    17.604      -38.8    -2028.7     4178.2     11.7     26.5     26.9 2020  7 11  9 46  0.560  0.00   5
   106685  40.274520 -124.557129    17.587      -39.4    -1984.4     4161.4      9.6     26.1     25.0 2020  7 24 16 55 42.900  0.00   5
   106687  40.277393 -124.557324    17.675      -56.1    -1665.4     4248.9     23.4     38.4     30.9 2020 10  2  4 24 47.100  0.00   5
   106695  40.275354 -124.557389    17.663      -61.6    -1891.8     4237.4     18.4     18.2     19.4 2021  7 16  7  9  5.340  0.00   5
   106696  40.277926 -124.557511    17.800      -72.0    -1606.2     4374.5     22.2     34.0     35.1 2021  7 18  4 33 15.200  0.00   5
   106697  40.274939 -124.557463    17.581      -67.8    -1937.9     4155.4      8.0     25.6     21.1 2021  7 27 10 19 27.640  0.00   5
   106700  40.281755 -124.558146    16.729     -125.9    -1181.1     3302.8      9.9     30.6     62.5 2021  8 24 13 36 31.660  0.00   5
   106702  40.268372 -124.557821    16.019      -98.3    -2667.1     2592.8     13.9     66.6     93.2 2021 10 21 19  2  0.520  0.00   5
   106706  40.274093 -124.556649    17.589        1.4    -2031.9     4163.3      9.9     22.1     16.1 2021 12 21  0 21 19.000  0.00   5
   106710  40.275037 -124.557194    17.489      -45.0    -1927.0     4062.8     11.0     20.1     18.0 2022  1  6 21 12 58.500  0.00   5
   106711  40.273751 -124.557650    17.657      -83.7    -2069.8     4231.0     13.1     24.0     21.4 2022  1 23 11 45  1.040  0.00   5
   106713  40.273275 -124.558187    17.515     -129.4    -2122.7     4088.6     12.9     21.5     19.3 2022  3  7 10 52 39.260  0.00   5
   106714  40.275142 -124.557536    17.617      -74.0    -1915.3     4191.2     15.7     25.5     17.8 2022  4  6 12 30 20.240  0.00   5
   106716  40.270280 -124.555664    17.999       85.1    -2455.2     4573.3      8.1     23.5     22.2 2022  6  3  4 32 25.640  0.00   5
   106718  40.275130 -124.558211    17.184     -131.5    -1916.6     3758.2     12.0     30.9     26.9 2022  6 15 20 50 14.340  0.00   5
   106719  40.274666 -124.556307    18.644       30.5    -1968.1     5217.6     20.0     44.4     73.7 2022  8  6  0 50 42.000  0.00   5
   106720  40.277681 -124.557699    17.530      -87.9    -1633.3     4104.4     22.0     28.3     26.3 2022  8 11  6 16 43.060  0.00   5
   106721  40.281445 -124.558244    16.917     -134.3    -1215.4     3491.3     17.1     36.6     38.9 2022  8 21 10 39 36.560  0.00   5
   106722  40.274744 -124.557218    17.534      -47.1    -1959.6     4107.7      8.6     26.1     26.2 2022  9 18 22 30 39.860  0.00   5
   106724  40.276668 -124.556966    17.760      -25.6    -1745.9     4333.7     14.0     16.6     21.0 2022 11 23 23 40 19.840  0.00   5
   107850  40.303231 -124.541504    18.859     1289.0     1203.7     5433.0     25.4     66.5     38.8 2020  3 18 10 33 16.280  0.00   5
   107851  40.297380 -124.543400    19.659     1127.9      553.9     6233.0     12.4     33.4     27.0 2020  7 23  7 57 52.860  0.00   5
   107854  40.302832 -124.544759    18.602     1012.3     1159.4     5176.1     15.1     24.4     25.8 2021  2 23 21 22 50.460  0.00   5
   107855  40.306596 -124.544141    18.302     1064.8     1577.3     4876.4     16.4     32.1     41.4 2021  3  1 21 39  8.000  0.00   5
   107856  40.294824 -124.550944    18.594      486.4      270.2     5168.1     47.1     72.7     80.8 2021  5 30 21 13 23.020  0.00   5
   107857  40.303723 -124.545451    18.246      953.4     1258.3     4819.5     12.2     32.4     32.7 2021  8 10 16 52 12.400  0.00   5
   107858  40.305245 -124.545109    18.331      982.5     1427.3     4904.9     14.1     30.7     32.2 2021 10 30 23 24 21.000  0.00   5
   107859  40.303540 -124.544930    18.692      997.7     1238.0     5266.5     12.1     25.0     25.4 2021 10 31  0  6 14.000  0.00   5
   107860  40.304720 -124.545369    18.435      960.4     1369.0     5009.5     16.2     33.2     32.7 2021 11  1  0  2 32.120  0.00   5
   107863  40.303532 -124.544588    18.356     1026.8     1237.1     4930.1     15.0     26.4     29.6 2021 12 11 17 33  8.300  0.00   5
   107867  40.301754 -124.546338    18.389      878.0     1039.6     4963.1     16.7     29.2     33.1 2022  8 11  3 22 48.620  0.00   5
   107868  40.303133 -124.545223    18.641      972.8     1192.8     5214.7     15.1     24.4     20.1 2022 10  5 10 28  0.800  0.00   5
   107869  40.303727 -124.542773    18.473     1181.1     1258.8     5046.6     14.5     21.1     38.8 2022 10 29  1 50 33.240  0.00   5
   108328  40.358451 -124.569491     5.096    -1090.0     7335.4    -8330.2     30.9     59.2     71.6 2020  4  5  1 31 54.900  0.00   5
   108329  40.330037 -124.568140     3.018     -975.4     4180.3   -10407.6      6.7     19.2      9.3 2020 12 28 14 19 23.260  0.00   5
   108330  40.333183 -124.569377     4.089    -1080.5     4529.5    -9337.4      9.6     48.8     19.6 2021  2  8 21 55 39.180  0.00   5
   108331  40.328113 -124.568848     3.078    -1035.6     3966.6   -10348.5     14.5     31.1     15.1 2021  5 31 14 18  8.300  0.00   5
   108334  40.334001 -124.567521     3.104     -922.8     4620.4   -10321.6     17.1     41.9     22.0 2022  1 23  9 42 53.580  0.00   5
   108336  40.330021 -124.568009     2.983     -964.3     4178.5   -10443.3      7.1     20.5      8.7 2022  8 25  9 19 46.880  0.00   5
   108337  40.330168 -124.568099     3.043     -971.9     4194.7   -10382.8     11.1     48.8     16.6 2022  8 30 16 15 52.160  0.00   5
   108338  40.334062 -124.568815     3.791    -1032.8     4627.1    -9634.7     12.7     56.5     20.9 2022  8 31 20 32 49.120  0.00   5
   108522  40.292049 -124.519482     9.241     3161.6      -38.0    -4184.6     16.2     26.7     27.9 2020  8 27  8 48 36.060  0.00   5
   108523  40.296863 -124.519214     7.407     3184.3      496.6    -6019.1     17.6     39.4    164.9 2020 11 19  0  1 55.140  0.00   5
   108525  40.300610 -124.518538     7.458     3241.7      912.7    -5967.9     23.4     58.4     59.1 2020 12 22 13 56 55.800  0.00   5
   108526  40.294914 -124.519645     7.346     3147.7      280.1    -6079.9     20.7     37.3     39.8 2020 12 22  2 31 25.280  0.00   5
   108527  40.294617 -124.519824     7.969     3132.5      247.1    -5456.8     14.5     32.0     26.8 2021  3  6  5 49 50.980  0.00   5
   108528  40.288159 -124.519124     9.386     3192.1     -469.9    -4040.2     25.2     90.7    112.8 2021  3  7  9 29 35.160  0.00   5
   108529  40.297473 -124.519043     7.481     3198.8      564.3    -5944.9     31.5     67.6     56.3 2021  3 22 14 28 21.180  0.00   5
   108530  40.298446 -124.519702     8.110     3142.8      672.3    -5315.8     21.5     53.4    123.5 2021  3 22 16 43  7.420  0.00   5
   108531  40.298145 -124.519832     7.936     3131.7      638.9    -5490.2     25.5     56.9     47.3 2021  3 22 15 19 46.300  0.00   5
   108532  40.278202 -124.520215     5.243     3099.6    -1575.5    -8182.8     17.9     65.2     39.4 2021  3 27 20 11 40.180  0.00   5
   108533  40.298641 -124.518701     7.487     3227.9      694.0    -5938.8     17.7     33.9     30.1 2021  3 28  8 38 14.200  0.00   5
   108534  40.288806 -124.519181     8.757     3187.3     -398.1    -4669.4     18.4     42.7     90.4 2021  3 28  5 19 46.660  0.00   5
   108537  40.290181 -124.517830     4.549     3302.1     -245.3    -8876.5     20.5     38.8     60.3 2021  5 23 16 14  8.300  0.00   5
   108542  40.298686 -124.518774     7.441     3221.6      699.0    -5984.7     20.4     34.5     31.0 2022  1  7 18 16 14.140  0.00   5
   108546  40.292045 -124.519613     7.793     3150.5      -38.4    -5632.8     23.7     40.4     33.4 2022  8  3 22 11 41.100  0.00   5
   108547  40.300297 -124.519409     7.821     3167.6      877.9    -5605.3     22.4     45.2     36.6 2022  9 28  8 42 51.820  0.00   5
   108548  40.301135 -124.519645     8.175     3147.5      971.0    -5250.6     21.1     56.5     75.6 2022  9 28  8 39 11.060  0.00   5
   108549  40.300594 -124.518750     7.708     3223.7      910.9    -5718.4     16.7     51.3     29.9 2022 10  9  8 23  0.040  0.00   5
   108551  40.303011 -124.519906     8.372     3125.4     1179.3    -5053.6     26.1     64.7     63.7 2022 10 27 19 46 36.020  0.00   5
   108552  40.294377 -124.519409     7.439     3167.8      220.5    -5987.0     17.4     42.9     33.1 2022 11 21 18 13 32.080  0.00   5
   108553  40.294828 -124.519141     7.579     3190.6      270.6    -5846.7     18.7     55.1     47.1 2022 11 22  5 12  0.300  0.00   5
   108554  40.297990 -124.519222     7.769     3183.6      621.7    -5656.6     15.9     50.7     35.1 2022 11 22  5 12 34.720  0.00   5
   108762  40.295829 -124.552523    11.000      352.2      381.8    -2425.7      9.8     11.6     15.3 2020  6 18 16  6 43.080  0.00   5
   108763  40.293872 -124.555135    10.813      130.1      164.5    -2612.6     17.4     44.8     59.8 2021 11 11 11 57 34.060  0.00   5
   108764  40.303280 -124.554256     9.928      204.8     1209.1    -3497.5     22.3     25.1     22.2 2022  1  9  2 48 12.520  0.00   5
   108765  40.303092 -124.555990    10.100       57.4     1188.3    -3325.7     11.9     34.0     30.5 2022  5 12  9 11 34.360  0.00   5
   108766  40.292822 -124.553630    11.051      258.1       47.9    -2374.5     15.3     16.8     23.0 2022  6  7  9 49  1.260  0.00   5
   109011  40.303646 -124.574023    13.870    -1475.8     1249.7      444.0     25.0     60.8     39.0 2021  7 14 15 14  4.960  0.00   5
   109012  40.320443 -124.570850    17.979    -1205.8     3114.9     4552.9     27.4     72.7     53.0 2022  5 15 19 18 57.920  0.00   5
   109014  40.307243 -124.574878    14.423    -1548.4     1649.2      997.3     25.3     57.3    104.1 2022  7 23 23  7 35.680  0.00   5
   110256  40.320988 -124.565975    11.638     -791.4     3175.4    -1788.3     27.9     72.4     59.8 2022  8  2 21 55 39.100  0.00   5
   110258  40.334977 -124.562459    11.847     -492.5     4728.8    -1579.3     37.7     78.1    186.4 2022  8  2 21 44 11.520  0.00   5
   110264  40.336943 -124.561735    13.782     -431.0     4947.0      355.6     28.0     85.6    109.6 2022  8  7 15 10 49.300  0.00   5
   110312  40.328284 -124.624292     9.991    -5748.7     3985.5    -3435.0     12.8     17.4     21.8 2022 12 19 12 20 31.700  1.28   5
   110313  40.296049 -124.557690    14.844      -87.2      406.2     1417.9     14.3     14.4     20.9 2023  2  9  8  8 42.800  2.99   5
   110357  40.293331 -124.535376    16.680     1810.2      104.4     3254.0     13.3     44.9     28.5 2023  4 23 16  9  0.470  1.48   5
   110366  40.288586 -124.538892    10.763     1511.3     -422.5    -2663.0     17.6     28.4     36.7 2023  2 15  9 40 37.830  1.30   5
   110413  40.274597 -124.558081    17.591     -120.4    -1975.8     4165.1      9.7     16.7     14.3 2023  3 25 19 24 32.400  1.25   5
   110459  40.304085 -124.544922    18.486      998.4     1298.5     5059.8     11.3     17.6     27.0 2023  2 23  1 16  2.860  1.71   5
   110492  40.330306 -124.567529     2.951     -923.5     4210.1   -10474.8      5.1     13.0      5.6 2023  4 17  9 13 51.230  2.06   5
   110520  40.294092 -124.519523     7.435     3158.1      188.9    -5990.8     14.8     25.6     27.1 2023  1 16  3 19  0.680  1.26   5
   110550  40.295341 -124.553174    10.913      296.8      327.6    -2512.8      7.6      9.0     12.6 2023  3 30 19 31 15.280  1.92   5
   110583  40.311568 -124.573088    14.930    -1396.2     2129.4     1504.5     25.2     56.4     78.7 2023  2  7 18 35 28.040  1.14   5
   110795  40.336023 -124.560213    12.840     -301.6     4844.9     -585.9     23.7     47.4     60.0 2023  2 25 22 37 46.280  1.26   5
