   102177  40.305176 -124.483659    26.369      867.7     2002.0     5250.2      4.8     14.9      4.8 2020  4  1 11 46 58.040  0.00   2
   102179  40.291044 -124.490251    25.813      307.2      432.8     4693.9      5.0     11.4      6.3 2022  4 28 10 58 15.600  0.00   2
   102611  40.294002 -124.551457    23.145    -4897.2      761.3     2026.2      1.9      3.4      2.5 2020  1 28  5 11 32.240  0.00   2
   102614  40.302039 -124.553491    23.178    -5069.9     1653.7     2058.8      1.6      3.1      2.5 2020  2 19  4 37 44.400  0.00   2
   102615  40.296130 -124.550944    23.039    -4853.5      997.6     1920.0      2.8      6.3      4.5 2020  3  2 21 56 10.200  0.00   2
   102616  40.291418 -124.549447    23.200    -4726.3      474.4     2080.9      6.5     12.8      8.0 2020  3 12 13 19 53.560  0.00   2
   102617  40.289351 -124.553304    23.081    -5054.4      244.9     1961.7      1.8      5.9      2.1 2020  3 19  2  9 47.580  0.00   2
   102618  40.294019 -124.551302    23.180    -4884.0      763.1     2061.0      1.5      3.4      2.0 2020  3 24  8  3 36.860  0.00   2
   102619  40.292725 -124.550488    22.982    -4814.9      619.5     1863.3      1.7      3.5      2.1 2020  5  3 14  1 39.440  0.00   2
   102620  40.303805 -124.551807    22.908    -4926.6     1849.8     1789.5      3.1      8.3      5.9 2020  5  8  2 59 28.200  0.00   2
   102621  40.294303 -124.550887    23.134    -4848.7      794.8     2015.4      3.1      9.8      6.9 2020  5 20  5 59 56.040  0.00   2
   102622  40.294014 -124.551766    23.156    -4923.5      762.7     2037.0      1.6      2.8      2.0 2020  5 25 11 34 11.100  0.00   2
   102623  40.293502 -124.552091    23.195    -4951.2      705.7     2075.8      1.9      2.3      1.6 2020  6 17  9 38  2.760  0.00   2
   102626  40.292497 -124.551408    23.229    -4893.1      594.1     2109.9      1.6      3.6      2.6 2020  7 30 14 15 55.420  0.00   2
   102627  40.293026 -124.551628    23.218    -4911.7      652.9     2099.1      1.8      2.2      1.4 2020  8  6  9 43  0.900  0.00   2
   102628  40.294816 -124.553646    23.141    -5083.3      851.7     2021.9      4.1      7.4      5.5 2020  8 12  9 16 12.860  0.00   2
   102629  40.297192 -124.553320    23.213    -5055.5     1115.6     2093.8      1.9      6.5      4.6 2020  8 30 19 11 39.340  0.00   2
   102630  40.297074 -124.551123    23.046    -4868.7     1102.5     1927.3      1.7      7.4      4.9 2020  9  4 12  2 45.620  0.00   2
   102631  40.303731 -124.552970    23.135    -5025.5     1841.6     2016.0      1.5      6.8      3.0 2020  9 14  2 37 30.160  0.00   2
   102632  40.292920 -124.551571    23.226    -4906.9      641.1     2107.4      1.5      3.1      2.0 2020 10 22  1 28 26.760  0.00   2
   102633  40.294808 -124.551538    23.147    -4904.1      850.8     2027.7      2.1      2.8      1.7 2020 10 29  4 23 31.560  0.00   2
   102636  40.292810 -124.551888    23.200    -4933.9      628.9     2081.5      1.3      2.4      1.6 2020 11 12  0 59 20.320  0.00   2
   102637  40.294523 -124.553792    23.160    -5095.7      819.2     2040.8      3.3      3.0      1.7 2020 11 22  4 28 11.800  0.00   2
   102638  40.294014 -124.551506    23.146    -4901.3      762.7     2027.6      1.5      2.6      2.0 2020 11 24  4 43  2.220  0.00   2
   102640  40.290072 -124.552010    23.345    -4944.4      324.9     2226.2      2.0      2.8      1.8 2020 12 20 20 43  7.720  0.00   2
   102643  40.304028 -124.555062    23.279    -5203.3     1874.6     2160.1      5.3     12.2      8.6 2021  4  2  8 21 40.740  0.00   2
   102644  40.294071 -124.552889    23.036    -5019.0      769.0     1916.9      2.4      4.5      2.1 2021  4  2 10  4 11.960  0.00   2
   102645  40.295532 -124.554126    23.117    -5124.1      931.2     1998.5      3.6      3.0      1.7 2021  4  2  8 33 31.360  0.00   2
   102646  40.294263 -124.552726    23.114    -5005.1      790.2     1995.0      2.1      2.9      1.9 2021  4  3  8 46 31.580  0.00   2
   102648  40.291821 -124.551506    23.259    -4901.4      519.1     2140.5      1.7      4.6      2.9 2021  4  4 22 47 31.720  0.00   2
   102649  40.293880 -124.551554    23.138    -4905.5      747.8     2019.1      3.1      7.5      5.6 2021  4  6 18 44  3.960  0.00   2
   102650  40.294185 -124.551554    23.169    -4905.5      781.7     2049.9      1.9      2.2      1.5 2021  4 16  7 34 37.420  0.00   2
   102652  40.305119 -124.553206    23.197    -5045.5     1995.7     2077.9      1.5      6.1      4.7 2021  4 24 10 54 59.700  0.00   2
   102653  40.294291 -124.553540    23.107    -5074.3      793.4     1988.4      2.8      6.3      5.4 2021  5 11 10 53 45.640  0.00   2
   102654  40.294531 -124.553288    23.136    -5052.8      820.1     2017.0      2.8      2.3      1.7 2021  5 18  7  9  4.920  0.00   2
   102655  40.294686 -124.551383    23.121    -4890.9      837.2     2002.4      2.8      2.2      1.7 2021  6  5 23 47 43.440  0.00   2
   102656  40.293660 -124.551880    23.155    -4933.2      723.4     2035.7      1.7      2.3      2.0 2021  7 10 10 32  6.000  0.00   2
   102657  40.294019 -124.552010    23.142    -4944.2      763.1     2022.8      1.9      2.1      1.8 2021  7 10 10 35 55.320  0.00   2
   102658  40.294397 -124.551701    23.134    -4917.9      805.2     2014.9      1.6      2.4      1.7 2021  7 10 10 44 51.580  0.00   2
   102659  40.293823 -124.551766    23.169    -4923.5      741.4     2050.4      1.5      2.4      1.8 2021  7 10 11 32 17.980  0.00   2
   102660  40.294922 -124.551847    23.161    -4930.3      863.4     2042.3      1.7      3.3      2.2 2021  7 10 12 22  8.220  0.00   2
   102661  40.294442 -124.551693    23.168    -4917.2      810.1     2049.6      1.6      3.2      2.1 2021  7 11  0 11 56.640  0.00   2
   102662  40.293774 -124.552010    23.196    -4944.2      736.0     2076.9      3.7      6.8      6.1 2021  8 14  7 32 23.840  0.00   2
   102663  40.294543 -124.550968    23.129    -4855.6      821.4     2010.0      3.4      2.7      1.8 2021  8 17  5  4 32.220  0.00   2
   102664  40.293799 -124.552751    23.140    -5007.2      738.7     2021.4      1.2      2.6      1.9 2021 10 17 20 33  5.600  0.00   2
   102665  40.294206 -124.551375    23.167    -4890.2      783.9     2047.8      1.7      3.0      1.5 2021 11  4  7 34 53.420  0.00   2
   102666  40.293701 -124.550553    23.148    -4820.4      727.9     2029.1      2.7      3.5      2.4 2021 11 17  7 26 36.100  0.00   2
   102667  40.293852 -124.551506    23.163    -4901.3      744.6     2044.4      1.4      2.6      1.7 2021 12  3 14  3  8.220  0.00   2
   102669  40.293099 -124.550602    23.232    -4824.5      661.0     2113.5      2.3      3.4      2.6 2021 12 20 23 12 47.680  0.00   2
   102670  40.294788 -124.552547    23.095    -4989.9      848.5     1976.4      2.2      2.9      1.8 2021 12 21 19 14 52.560  0.00   2
   102671  40.289071 -124.552043    23.184    -4947.2      213.7     2065.2      2.2      3.4      1.8 2021 12 21  0  6 44.760  0.00   2
   102673  40.293351 -124.552425    23.333    -4979.5      689.0     2214.1      4.1      6.7      4.4 2021 12 26  0 58 31.020  0.00   2
   102674  40.293449 -124.552327    23.190    -4971.2      699.9     2071.3      1.4      2.9      1.7 2021 12 27 21 23 56.940  0.00   2
   102675  40.296602 -124.552938    23.294    -5023.0     1050.0     2174.7      3.0      5.4      2.6 2021 12 28 23 42 32.980  0.00   2
   102677  40.294092 -124.552295    23.164    -4968.4      771.3     2045.0      1.4      2.3      1.7 2021 12 30 21 50 15.320  0.00   2
   102678  40.291394 -124.552970    23.125    -5026.0      471.7     2006.0      4.2     16.5      6.9 2021 12 31 23 44 46.660  0.00   2
   102679  40.293864 -124.551693    23.170    -4917.2      746.0     2051.1      1.2      2.9      2.3 2022  1  6 21 51 26.240  0.00   2
   102684  40.294539 -124.551147    23.093    -4870.8      821.0     1974.3      3.1      2.5      1.8 2022  2 12 18 43 42.940  0.00   2
   102685  40.293632 -124.551660    23.156    -4914.5      720.2     2037.3      1.4      2.7      1.9 2022  3  2 23 19 59.800  0.00   2
   102686  40.294238 -124.551473    23.139    -4898.5      787.5     2019.7      2.1      3.9      2.4 2022  3  2 16  8  3.180  0.00   2
   102687  40.307227 -124.554004    23.356    -5113.3     2229.8     2237.1      7.1     11.9     13.3 2022  3  9 13 42 16.640  0.00   2
   102691  40.293709 -124.551603    23.177    -4909.6      728.8     2058.3      1.5      2.6      1.8 2022  5 18 18  7 36.080  0.00   2
   102692  40.294328 -124.552922    23.109    -5021.7      797.5     1990.1      2.4      2.7      1.4 2022  5 21 20  6 56.040  0.00   2
   102693  40.295540 -124.553060    23.073    -5033.4      932.1     1953.9      3.4      3.5      2.8 2022  6 20  7 39 31.020  0.00   2
   102694  40.295162 -124.551652    23.115    -4913.7      890.1     1996.3      1.9      2.3      1.9 2022  6 27  7 43 34.160  0.00   2
   102695  40.299011 -124.550236    23.098    -4793.2     1317.5     1979.4      4.0      6.4      3.1 2022  7 18  1 42 42.840  0.00   2
   102696  40.295711 -124.553092    23.081    -5036.2      951.1     1961.7      2.4      3.1      2.1 2022  7 28  7 20 33.000  0.00   2
   102697  40.294320 -124.551790    23.167    -4925.5      796.6     2048.3      1.4      2.5      1.7 2022  8  2  3 23 52.420  0.00   2
   102698  40.294120 -124.552897    23.051    -5019.6      774.4     1932.6      2.7      2.7      2.0 2022  8 16 18 15 25.220  0.00   2
   102699  40.295203 -124.551489    23.134    -4899.9      894.6     2014.9      2.6      3.6      2.3 2022  9 16  6  1  5.000  0.00   2
   102700  40.294840 -124.553296    23.097    -5053.5      854.4     1978.0      3.0      2.7      1.7 2022  9 19  4 54 39.760  0.00   2
   102702  40.293217 -124.551245    23.111    -4879.2      674.1     1992.1      3.6      5.9      2.9 2022 10  5  5 11 18.160  0.00   2
   102705  40.294389 -124.552002    23.156    -4943.5      804.2     2036.7      1.5      2.5      1.6 2022 11  1  9 40 50.800  0.00   2
   102706  40.295589 -124.551392    23.178    -4891.6      937.5     2058.9      3.2      6.8      5.5 2022 11 27 18  0 57.680  0.00   2
   103181  40.277836 -124.470532    20.634     1984.2    -1033.8     -485.1      3.6     12.9      4.5 2020  1 11  1 31 54.420  0.00   2
   103185  40.280509 -124.468237    20.738     2179.3     -736.9     -380.8      4.1      6.4      8.6 2020  3 20  0 26 38.040  0.00   2
   103189  40.284725 -124.466919    20.485     2291.3     -268.8     -634.1      3.8      6.8      4.7 2020  5 27  2 48 16.160  0.00   2
   103193  40.283720 -124.469043    20.358     2110.7     -380.4     -760.8      2.4      2.3      3.1 2020  7 17 21 44  7.800  0.00   2
   103194  40.282475 -124.468335    20.245     2170.9     -518.7     -874.0      3.6      4.0      5.0 2020  8 11  2 18 34.020  0.00   2
   103195  40.282845 -124.469255    20.356     2092.7     -477.6     -762.6      2.2      2.3      2.2 2020  9  3 21 10 12.920  0.00   2
   103196  40.283651 -124.470549    20.298     1982.7     -388.1     -820.7      2.0      2.4      2.5 2020  9 30 18 18  5.760  0.00   2
   103197  40.283260 -124.470256    20.323     2007.6     -431.5     -795.5      1.8      1.8      2.3 2020 10 13 14 33 43.200  0.00   2
   103199  40.272095 -124.469637    21.177     2060.4    -1671.3       58.6      2.7      4.1      6.4 2020 11 26  8 19 30.520  0.00   2
   103201  40.286593 -124.469482    20.386     2073.3      -61.4     -732.4      1.6      2.5      4.4 2020 12 24  9 22 40.660  0.00   2
   103203  40.288957 -124.468302    20.495     2173.6      201.1     -624.1      3.1      5.2      3.3 2021  2 24 19 37  0.500  0.00   2
   103204  40.283797 -124.470337    20.055     2000.7     -371.9    -1064.1      3.6      7.3      8.5 2021  3 22 10 31  8.140  0.00   2
   103206  40.282874 -124.470109    20.123     2020.1     -474.4     -995.9      3.5      8.1      7.3 2021  4 24  6 17 31.180  0.00   2
   103207  40.282048 -124.470190    20.467     2013.2     -566.1     -651.6      1.8      2.5      2.4 2021  5  2  8  9 31.120  0.00   2
   103210  40.283459 -124.469393    20.306     2081.0     -409.4     -812.5      2.5      2.5      2.2 2021  8  5 10 16 23.100  0.00   2
   103211  40.284249 -124.470199    20.189     2012.4     -321.7     -930.1      1.8      5.5      3.1 2021  9  5 23  3 58.160  0.00   2
   103213  40.280351 -124.468180    20.385     2184.1     -754.5     -734.0      1.9      4.4      3.4 2021 10  6  9  9 39.160  0.00   2
   103214  40.270048 -124.466203    20.735     2352.5    -1898.6     -384.1      4.2      4.8      2.8 2021 10 12 11 29  9.760  0.00   2
   103216  40.282170 -124.468774    20.292     2133.6     -552.6     -827.3      3.2      2.7      2.7 2021 11  1 12 14 16.760  0.00   2
   103218  40.281327 -124.463306    21.314     2598.6     -646.1      194.9      4.2      4.5      6.6 2021 12 20 23 42 18.160  0.00   2
   103219  40.285555 -124.468481    20.436     2158.4     -176.7     -683.3      1.8      2.9      3.0 2021 12 21 19 53 20.860  0.00   2
   103220  40.276640 -124.470695    20.557     1970.3    -1166.6     -561.7      1.4      5.4      2.0 2021 12 21  3 25  2.140  0.00   2
   103221  40.283175 -124.470361    20.392     1998.6     -441.0     -726.6      1.8      2.6      1.8 2021 12 22 23 56  7.680  0.00   2
   103222  40.283602 -124.471037    20.456     1941.2     -393.5     -662.5      3.4      2.8      2.5 2021 12 22 22 10  3.600  0.00   2
   103225  40.285710 -124.469450    20.209     2076.1     -159.5     -909.9      1.1      3.0      1.7 2021 12 22 13 50  2.900  0.00   2
   103227  40.281958 -124.469629    20.502     2060.9     -576.1     -617.1      1.5      2.8      1.9 2021 12 22  6 22 18.920  0.00   2
   103229  40.283008 -124.469360    20.481     2083.7     -459.5     -637.9      1.6      2.7      1.9 2021 12 23 10 36 56.360  0.00   2
   103232  40.283289 -124.470231    20.358     2009.7     -428.3     -760.5      2.0      2.3      2.0 2021 12 25  4 27 30.000  0.00   2
   103233  40.282617 -124.468774    20.231     2133.6     -502.9     -888.3      4.3     10.4      7.7 2021 12 25 13  7 17.660  0.00   2
   103235  40.282438 -124.468498    20.351     2157.1     -522.8     -768.1      3.4      3.1      3.0 2021 12 26 18 24 14.980  0.00   2
   103237  40.283081 -124.469832    20.281     2043.6     -451.4     -837.9      2.2      2.7      1.9 2021 12 27  3 19 14.140  0.00   2
   103238  40.273641 -124.471110    20.247     1935.1    -1499.6     -872.2      3.2      5.2      5.3 2021 12 28 10 25 14.240  0.00   2
   103239  40.283317 -124.470304    20.359     2003.4     -425.2     -760.2      1.9      2.2      2.1 2021 12 29  5 39  1.000  0.00   2
   103241  40.282235 -124.469312    20.362     2087.9     -545.4     -756.7      2.2      2.7      1.7 2021 12 31 10 16 23.220  0.00   2
   103242  40.284448 -124.469385    20.154     2081.6     -299.6     -965.1      3.4      5.5      5.6 2022  1  6 15  3 53.600  0.00   2
   103246  40.283850 -124.468262    20.669     2177.1     -366.0     -450.3      2.7     10.0      4.5 2022  1  9 14 28 34.400  0.00   2
   103250  40.282979 -124.469767    20.351     2049.1     -462.7     -767.4      1.9      2.4      2.2 2022  1 12  6 38 12.400  0.00   2
   103252  40.283541 -124.470817    20.410     1959.8     -400.3     -708.5      2.9      2.3      2.3 2022  1 15 11  2 22.680  0.00   2
   103253  40.284131 -124.468384    20.373     2166.8     -334.8     -746.1      3.9      6.9      3.8 2022  1 15 11  7 24.280  0.00   2
   103254  40.273161 -124.471053    20.120     1939.9    -1552.9     -999.1      3.1      4.8      5.5 2022  1 15 23 42 27.860  0.00   2
   103255  40.283362 -124.469539    20.185     2068.5     -420.2     -933.4      2.9      2.9      3.2 2022  1 20 23 35 26.640  0.00   2
   103256  40.281689 -124.470011    20.469     2028.4     -605.9     -650.2      3.0      4.2      2.9 2022  1 20  3 44 25.400  0.00   2
   103257  40.282951 -124.469596    20.089     2063.7     -465.8    -1030.3      4.0      4.5      6.8 2022  1 21  4 17 37.100  0.00   2
   103258  40.283228 -124.469360    20.533     2083.7     -435.1     -585.8      1.7      2.9      2.1 2022  1 21  4 17  1.760  0.00   2
   103261  40.282723 -124.468530    20.361     2154.3     -491.1     -758.0      3.1      2.5      2.2 2022  1 30  5 20 41.160  0.00   2
   103262  40.282845 -124.468815    20.371     2130.1     -477.6     -748.0      2.4      2.6      2.8 2022  1 30 18 14 11.380  0.00   2
   103263  40.282479 -124.472111    20.550     1849.8     -518.2     -569.3      6.1      7.3      6.8 2022  2  6 18 14 29.480  0.00   2
   103264  40.283187 -124.469084    20.473     2107.3     -439.6     -646.3      1.6      3.0      2.1 2022  2 15  3  8 21.340  0.00   2
   103265  40.283346 -124.470532    20.267     1984.1     -422.0     -852.3      1.8      2.1      2.1 2022  2 24 22 57  5.460  0.00   2
   103266  40.283468 -124.471281    20.338     1920.4     -408.4     -781.0      2.7      2.2      2.1 2022  2 24  2  6 53.360  0.00   2
   103267  40.278935 -124.469279    20.208     2090.7     -911.8     -910.7      1.5      3.6      2.6 2022  2 24 18  1 21.640  0.00   2
   103269  40.283879 -124.471094    20.413     1936.3     -362.8     -706.1      2.8      2.1      2.4 2022  3 29 10 35 52.340  0.00   2
   103270  40.281816 -124.470247    20.409     2008.3     -591.9     -710.3      2.2      2.7      1.9 2022  3 29 19 58  7.480  0.00   2
   103271  40.282080 -124.469263    20.321     2092.0     -562.5     -797.8      3.3      4.9      5.4 2022  3 31 14 40 40.040  0.00   2
   103272  40.282768 -124.469653    20.383     2058.8     -486.2     -735.9      1.3      2.7      1.7 2022  4  3 21  3 27.520  0.00   2
   103273  40.282178 -124.468481    20.233     2158.5     -551.7     -886.1      3.4      3.1      2.9 2022  4 10 13  3 18.560  0.00   2
   103274  40.284578 -124.468498    20.342     2157.1     -285.1     -777.1      5.4     16.2      6.9 2022  4 10 20 53 45.920  0.00   2
   103277  40.283179 -124.469531    20.251     2069.2     -440.5     -867.7      2.3      2.4      2.5 2022  4 19 18 43 36.400  0.00   2
   103279  40.281364 -124.470817    20.325     1959.9     -642.0     -794.3      2.5      3.1      2.5 2022  5 12 18 20 44.500  0.00   2
   103281  40.282552 -124.469702    20.422     2054.7     -510.1     -696.8      2.0      2.7      2.1 2022  6  9 20  8 46.080  0.00   2
   103283  40.282735 -124.469523    20.457     2069.9     -489.8     -661.7      1.4      2.5      2.2 2022  6 12  6 17 47.260  0.00   2
   103284  40.282804 -124.468563    20.331     2151.6     -482.1     -787.9      3.3      2.5      2.0 2022  6 20  3  5 25.720  0.00   2
   103285  40.283679 -124.470101    20.044     2020.7     -385.0    -1075.2      3.3      3.3      5.7 2022  7  4  4 24 56.900  0.00   2
   103286  40.282841 -124.470133    20.580     2018.0     -478.0     -539.1      2.7      3.4      4.4 2022  8 12  8 24  9.100  0.00   2
   103288  40.283341 -124.470174    20.323     2014.5     -422.5     -795.6      1.8      2.4      1.9 2022  8 16  4  0 36.260  0.00   2
   103291  40.283309 -124.470036    20.387     2026.3     -426.1     -732.2      1.9      2.6      1.9 2022  9  6 14 16 14.840  0.00   2
   103292  40.282731 -124.469531    20.233     2069.2     -490.2     -885.5      3.0      6.8      5.0 2022  9  8 13 25 43.220  0.00   2
   103293  40.282031 -124.469548    20.329     2067.8     -567.9     -789.7      2.7      3.4      4.5 2022  9 12  9 10 21.960  0.00   2
   103294  40.279313 -124.469222    20.340     2095.6     -869.8     -778.8      2.7      5.0      4.0 2022  9 13 19 13 50.120  0.00   2
   103295  40.284904 -124.469401    20.106     2080.2     -249.0    -1012.7      3.6      6.1      5.3 2022 10  9 14 38 43.840  0.00   2
   103297  40.282251 -124.469442    20.298     2076.8     -543.5     -821.3      3.3      4.5      4.8 2022 11 10  3 49 21.340  0.00   2
   104536  40.274137 -124.515299    21.490    -1822.9    -1444.5      370.9      1.8      2.3      2.1 2020  1 23  2 46 22.320  0.00   2
   104538  40.274243 -124.515145    21.495    -1809.8    -1432.7      375.7      2.4      2.4      1.9 2020  1 24 12 58 18.420  0.00   2
   104539  40.274589 -124.515902    21.464    -1874.2    -1394.3      345.6      1.8      2.3      2.0 2020  3 15  0 55 54.180  0.00   2
   104540  40.275269 -124.515129    21.360    -1808.4    -1318.9      241.3      2.6      5.0      3.2 2020  3 19 13  2 23.120  0.00   2
   104541  40.274984 -124.516512    21.447    -1926.1    -1350.5      328.5      2.2      2.7      1.9 2020  4  4 12 55 14.960  0.00   2
   104542  40.268164 -124.514217    21.809    -1731.0    -2107.8      690.5      2.5      6.5      4.1 2020  8  9  3 24  1.340  0.00   2
   104543  40.276534 -124.515682    20.749    -1855.4    -1178.4     -369.8      4.3      7.2     10.7 2020  8  9  0  0 42.000  0.00   2
   104544  40.280241 -124.514624    22.038    -1765.4     -766.7      919.1      3.3      2.9      3.3 2020  9  6 19 15 19.420  0.00   2
   104545  40.259648 -124.513900    21.646    -1704.1    -3053.4      527.5      2.2      3.4      3.1 2020 11 20 23  5 37.000  0.00   2
   104546  40.274447 -124.514689    21.465    -1771.0    -1410.1      345.8      2.2      2.4      2.3 2020 12  8 19 50 59.440  0.00   2
   104547  40.276074 -124.515983    21.412    -1881.1    -1229.4      293.0      1.8      3.2      2.7 2021  1 13 20 27 55.860  0.00   2
   104548  40.275183 -124.515942    21.431    -1877.6    -1328.4      312.6      2.2      2.2      2.3 2021  1 23 18  7 58.980  0.00   2
   104549  40.268107 -124.518254    20.618    -2074.3    -2114.1     -500.9      6.8     10.6     18.7 2021  2  4  8  4  6.380  0.00   2
   104550  40.273002 -124.516170    21.531    -1897.0    -1570.5      411.9      2.0      3.3      2.3 2021  2  8 10 42 43.860  0.00   2
   104552  40.266711 -124.516130    22.226    -1893.6    -2269.1     1106.8      3.6      6.7      6.9 2021  4 28  9 56 53.160  0.00   2
   104555  40.271204 -124.515413    21.839    -1832.7    -1770.2      719.7      2.7      6.1      5.0 2021  8 13  3  3 14.280  0.00   2
   104557  40.275415 -124.516431    21.360    -1919.1    -1302.6      240.8      2.4      3.2      3.2 2021 10 13  0 11 57.860  0.00   2
   104558  40.270614 -124.514290    21.373    -1737.2    -1835.8      254.2      2.6      4.3      4.4 2021 10 15 23 36  0.100  0.00   2
   104561  40.273185 -124.514640    21.562    -1766.9    -1550.2      443.1      2.2      3.0      3.5 2021 12 21  4 11 42.460  0.00   2
   104562  40.272750 -124.515226    21.510    -1816.7    -1598.6      390.9      2.0      7.5      5.1 2021 12 21  5 27 13.340  0.00   2
   104563  40.273706 -124.514160    21.517    -1726.1    -1492.4      397.9      2.9      2.6      2.5 2021 12 21  9 54 44.140  0.00   2
   104565  40.273389 -124.516512    21.040    -1926.1    -1527.6      -79.2      3.5      3.5      8.9 2021 12 21 14 32 11.280  0.00   2
   104566  40.262118 -124.513940    21.958    -1707.5    -2779.2      839.3      3.0      9.5      5.0 2021 12 21  7 49 38.600  0.00   2
   104567  40.266252 -124.511466    21.301    -1497.1    -2320.1      182.2      2.3      3.7      2.9 2021 12 21  0 33 29.320  0.00   2
   104568  40.280705 -124.519499    21.503    -2180.0     -715.2      383.7      4.5     11.8      8.9 2021 12 21  1 47 47.320  0.00   2
   104570  40.274361 -124.514827    21.378    -1782.8    -1419.6      259.0      2.7      3.0      4.0 2021 12 30 17  2 59.560  0.00   2
   104571  40.269698 -124.516252    21.496    -1904.0    -1937.4      376.7      2.5      3.8      4.7 2022  5  5 19 58 40.140  0.00   2
   104572  40.273201 -124.515723    21.494    -1859.0    -1548.4      375.3      1.9      3.0      1.9 2022  8  5 21  2 56.680  0.00   2
   104573  40.275134 -124.516268    21.427    -1905.3    -1333.8      308.1      1.8      2.4      1.9 2022  8 29  3 47 27.200  0.00   2
   105449  40.295117 -124.436312    21.670     4893.7      885.1      550.9      2.4      5.2      5.6 2021  3 17 15 57 54.480  0.00   2
   105451  40.297152 -124.437020    21.137     4833.4     1111.0       17.7      2.8      4.2      5.8 2021  5 17  6 50 19.300  0.00   2
   105452  40.293844 -124.436247    21.281     4899.2      743.7      162.1      2.9      2.3      2.9 2021  7  2 13 42 25.360  0.00   2
   105453  40.295642 -124.436108    21.244     4910.9      943.4      125.4      4.0      3.2      4.1 2021 12  8  7 47 53.400  0.00   2
   105454  40.294438 -124.436182    21.302     4904.8      809.7      183.5      2.6      2.4      3.4 2021 12 29  6  3 35.020  0.00   2
   105457  40.292607 -124.434554    21.351     5043.2      606.3      232.6      3.3      3.8      3.9 2022  1 23 11 56  1.960  0.00   2
   105458  40.294661 -124.437378    21.400     4803.0      834.5      281.4      3.2      3.0      4.0 2022  3  9  3 33  6.440  0.00   2
   106476  40.283618 -124.406917    18.987     7393.7     -391.7    -2131.7      3.5      5.9      4.2 2020  7 19 19 36 15.700  0.00   2
   106480  40.298258 -124.400570    20.114     7932.6     1233.9    -1004.3      6.0      6.9      6.6 2021 12 23 18  0 27.860  0.00   2
   106481  40.281197 -124.407422    19.088     7350.9     -660.6    -2030.5      4.0     10.0      3.1 2021 12 25 23 44  7.480  0.00   2
   106485  40.284623 -124.407804    19.086     7318.2     -280.1    -2032.8      2.7      5.8      3.8 2022  9 22 22 11 56.160  0.00   2
   106486  40.284835 -124.406958    19.113     7390.2     -256.6    -2006.0      3.1      6.5      3.7 2022 10 11  2 56 24.700  0.00   2
   106878  40.281893 -124.505672    19.941    -1004.2     -583.3    -1178.3      3.5      3.5      2.7 2020  2 26 13  0  8.000  0.00   2
   106879  40.305367 -124.503711    20.367     -837.2     2023.3     -751.7      6.6     14.8      9.6 2020  4 14 23 52 17.340  0.00   2
   106880  40.280261 -124.507780    19.738    -1183.4     -764.5    -1381.2      3.0      2.9      2.5 2020  4 17 10 28 54.000  0.00   2
   106881  40.281026 -124.502954    19.628     -773.0     -679.5    -1490.8      2.4      3.6      3.1 2020  4 18 16 38 46.580  0.00   2
   106883  40.280290 -124.508813    19.957    -1271.3     -761.3    -1161.5      4.9      5.2      4.0 2021 10 23  3 13 39.120  0.00   2
   106884  40.280676 -124.505648    19.876    -1002.1     -718.4    -1243.0      3.6      3.9      3.7 2021 11 22 21 22  8.420  0.00   2
   106885  40.280693 -124.503337    19.881     -805.5     -716.6    -1237.9      2.8      4.4      3.5 2021 11 23  2  3 16.160  0.00   2
   106886  40.281856 -124.507788    19.834    -1184.1     -587.4    -1284.7      3.3      3.0      3.1 2021 12 21  9  4 49.080  0.00   2
   106889  40.280648 -124.503361    19.638     -807.6     -721.6    -1480.5      3.9      5.4      5.1 2022  2  8 11  1 45.260  0.00   2
   106892  40.282454 -124.502140    19.789     -703.8     -521.0    -1329.8      2.1      3.7      2.6 2022  8  6 16 32 20.620  0.00   2
   107666  40.313924 -124.440169    19.169     4565.0     2973.5    -1949.6      3.6      6.2      4.7 2021  5 17  9 39 49.060  0.00   2
   107667  40.306051 -124.438688    19.353     4691.2     2099.2    -1766.3      3.2      7.2      3.6 2021  5 19 23 39 44.980  0.00   2
   107671  40.322823 -124.429102    19.888     5505.6     3961.6    -1231.3      3.9      7.2      3.3 2021 11 28 16 37 45.460  0.00   2
   107935  40.292037 -124.377913    19.997     9859.5      543.1    -1121.9      3.2      4.2      3.8 2021  3 29  4  0 27.680  0.00   2
   107939  40.280160 -124.356266    20.331    11701.2     -775.8     -787.6      4.8      6.4      2.8 2021  9 18  8 35 54.260  0.00   2
   107941  40.290202 -124.371313    20.105    10420.9      339.3    -1014.0      5.1      5.2      3.9 2021 12 20 21 56 11.700  0.00   2
   107943  40.292578 -124.377840    20.048     9865.7      603.2    -1071.1      3.0      3.7      3.2 2021 12 21  0 26 54.420  0.00   2
   107951  40.291850 -124.376546    19.989     9975.8      522.3    -1129.4      3.3      4.1      3.0 2022  1  3 23 35 36.380  0.00   2
   107952  40.292204 -124.375618    20.068    10054.6      561.6    -1050.6      2.7      4.8      2.8 2022  1 25  7 55 31.740  0.00   2
   107954  40.291439 -124.375439    20.250    10069.9      476.7     -868.9      3.2      4.2      2.9 2022  2  4 17 40 38.160  0.00   2
   107961  40.278666 -124.380485    20.224     9641.8     -941.6     -894.7      5.4      7.0      3.9 2022 10 29  4 15 37.520  0.00   2
   108411  40.317249 -124.469474    20.738     2073.5     3342.6     -381.0      2.3      4.2      2.8 2021  9  6  2 58 10.280  0.00   2
   108899  40.303227 -124.435156    18.883     4991.6     1785.6    -2235.7      4.2      6.4      4.8 2021 10 16 11  8 25.980  0.00   2
   109574  40.296334 -124.382202    19.183     9494.5     1020.2    -1936.2      3.9      5.3      4.3 2021 12 21 22  0 51.880  0.00   2
   109576  40.283793 -124.384766    18.906     9277.4     -372.3    -2212.5      5.5      7.0      5.0 2021 12 26 21 14 32.380  0.00   2
   109582  40.273625 -124.375024    19.338    10106.5    -1501.4    -1780.7      5.8      7.7      5.2 2022 11 22 14 25 33.480  0.00   2
   110142  40.294263 -124.437142    22.428     4823.1      790.2     1309.6      2.6      5.9      3.7 2021 12 22 19 22  7.720  0.00   2
   110143  40.291992 -124.439250    22.207     4644.0      538.1     1088.0      3.6      6.3      5.7 2021 12 23 20 38  9.420  0.00   2
   110147  40.283354 -124.446541    21.979     4024.2     -421.1      860.6      3.4      4.4      6.4 2022  1  5 17 45 31.500  0.00   2
   110148  40.297038 -124.428206    22.588     5582.8     1098.4     1469.6      3.5      6.1      3.1 2022  5  3  8 37 19.960  0.00   2
   110300  40.290833 -124.480404    25.915     1144.6      409.4     4796.1      4.8     10.7      5.5 2023  3  9 12 50 51.480  1.40   2
   110304  40.293722 -124.551506    23.179    -4901.3      730.1     2059.8      1.2      2.0      1.3 2022 12 25 19 40 29.680  3.05   2
   110318  40.282690 -124.470150    20.480     2016.6     -494.7     -638.4      1.6      1.8      1.8 2023  2 20 13 18  3.960  1.48   2
   110345  40.274915 -124.515959    21.447    -1879.0    -1358.2      327.8      1.8      2.3      2.0 2023  5 22  8 39 15.920  1.61   2
   110372  40.294556 -124.434985    21.257     5006.5      822.8      138.6      2.5      2.0      2.9 2023  4  3 12 14 40.520  1.28   2
   110403  40.284538 -124.408097    19.064     7293.3     -289.6    -2055.0      2.9      5.1      3.3 2023  4  4 17 32 14.460  1.08   2
   110420  40.280408 -124.507495    19.759    -1159.2     -748.2    -1359.8      2.3      2.6      2.1 2023  2 17 14 36 10.720  2.81   2
   110446  40.307438 -124.433447    18.984     5136.8     2253.2    -2134.4      3.1      4.0      3.1 2023  5 13  1 27 17.920  1.13   2
   110461  40.291699 -124.471663    21.083     1887.8      505.6      -36.2      2.6      5.7      2.8 2023  4  9 11 53 23.790  0.91   2
   110465  40.292619 -124.376318    20.038     9995.1      607.7    -1081.1      2.5      3.3      2.6 2022 12 20  3  6 59.620  0.86   2
   110500  40.306258 -124.478255    19.708     1327.1     2122.2    -1410.6      2.3      4.0      2.8 2023  4  9 13 30 46.380  0.65   2
   110565  40.303381 -124.445337    19.427     4126.0     1802.8    -1692.2      4.2      6.5      4.8 2023  4  9 10 26 54.540  2.63   2
   110648  40.282109 -124.378581    18.962     9803.5     -559.4    -2156.8      4.3      7.2      4.4 2023  3 14 15 58 42.040  1.17   2
   110734  40.293245 -124.439380    22.983     4632.9      677.3     1864.0      2.5      4.1      2.9 2023  3 12 13 22 24.330  1.69   2
   110741  40.298478 -124.450586    19.711     3679.8     1258.3    -1408.2      3.4      4.3      2.5 2023  3 13 12 14 24.190  0.90   2
   110742  40.308313 -124.527783    25.367    -2883.9     2350.4     4248.0      3.2      6.4      7.5 2023  3 22 16  0 16.820  1.31   2
