   103673  40.379167 -124.632324    26.023       -0.7      353.3     -496.9      7.8     21.3     26.0 2020  1 14 15 15 17.280  0.00  15
   103674  40.375916 -124.631779    26.697       45.6       -7.7      177.5      6.9     12.8     15.8 2020  1 16 22 39 17.780  0.00  15
   103675  40.375081 -124.632064    26.704       21.4     -100.3      183.6      7.4      8.9     14.1 2020  1 16 23 52  2.380  0.00  15
   103680  40.365035 -124.634871    26.374     -217.0    -1215.9     -146.5     15.0     36.4     33.9 2020  3 15  8 13 26.920  0.00  15
   103681  40.376029 -124.632300    25.815        1.4        5.0     -705.2      8.1     12.8     22.3 2020  3 19  1 14 44.660  0.00  15
   103683  40.386186 -124.633146    26.269      -70.5     1132.7     -250.9      7.4     21.9     26.6 2020  4  6  8 32 34.940  0.00  15
   103684  40.381498 -124.633089    26.188      -65.7      612.2     -332.4      8.4     12.5     19.2 2020  4  6  8 26 12.640  0.00  15
   103685  40.375484 -124.632544    25.082      -19.4      -55.6    -1437.7     11.6     22.1     38.8 2020  4 11  0 30 15.880  0.00  15
   103686  40.389063 -124.629932    25.675      202.5     1452.2     -844.9     17.6     28.3     46.0 2020  4 18  1 52 31.020  0.00  15
   103688  40.379915 -124.632088    25.632       19.4      436.5     -887.8      6.9     10.7     20.5 2020  4 30 20 36 37.720  0.00  15
   103690  40.375378 -124.629574    22.951      232.9      -67.3    -3568.6      9.8     21.3     17.3 2020  5  9  0 55 49.540  0.00  15
   103693  40.366618 -124.630868    22.917      123.0    -1040.1    -3603.1     13.0     58.7     17.2 2020  5 19  5  8 33.060  0.00  15
   103694  40.368909 -124.630705    22.525      136.8     -785.7    -3994.7     11.0     20.4     13.5 2020  5 19  5 15 33.100  0.00  15
   103697  40.376375 -124.632007    26.471       26.3       43.4      -49.2      5.1     11.2     11.9 2020  6  4 14 54 40.800  0.00  15
   103705  40.376477 -124.632178    26.424       11.7       54.7      -96.0      4.6     12.3     10.7 2020  8  7 15  6  9.460  0.00  15
   103712  40.377738 -124.632048    26.429       22.8      194.7      -91.0      5.2     14.6     16.0 2020  9 20  6  7  5.560  0.00  15
   103713  40.373397 -124.631925    26.216       33.2     -287.4     -303.8     10.9     24.2     29.6 2020  9 29 16 41  7.480  0.00  15
   103717  40.374943 -124.632202    26.463        9.7     -115.7      -57.2      5.4     13.3     14.5 2020 11  9  3 26 14.900  0.00  15
   103721  40.377568 -124.634383    27.485     -175.5      175.8      965.0      9.4     17.2     22.5 2021  1 21 20 44 37.900  0.00  15
   103724  40.377527 -124.631982    26.470       28.3      171.2      -49.9      5.0     14.7     12.4 2021  1 28  8  1 18.460  0.00  15
   103725  40.368803 -124.633472    26.780      -98.1     -797.5      259.7      8.5     24.6     12.7 2021  2 12  4 13 46.120  0.00  15
   103726  40.378267 -124.633927    26.913     -136.8      253.5      393.1      8.9     23.1     21.9 2021  2 12  4  5 42.100  0.00  15
   103727  40.377177 -124.632544    26.200      -19.4      132.4     -319.5      5.8     12.1     29.5 2021  2 28 17 42  1.520  0.00  15
   103733  40.373942 -124.632666    26.708      -29.7     -226.8      188.4      8.6     14.1      9.8 2021  3 16 22 26 59.680  0.00  15
   103736  40.373775 -124.632284    26.473        2.8     -245.3      -47.0      7.1     15.0     19.9 2021  4 24 19 55 12.980  0.00  15
   103737  40.373263 -124.632585    26.379      -22.8     -302.3     -140.8      6.2     16.9     23.4 2021  4 24 21 25 22.420  0.00  15
   103738  40.378829 -124.632031    26.595       24.2      315.8       74.8      6.9     15.7     20.7 2021  5  2 10 15 15.360  0.00  15
   103739  40.375435 -124.632104    26.318       18.0      -61.0     -202.0      5.0     13.7     13.2 2021  5 17  1 51 15.000  0.00  15
   103743  40.372852 -124.632739    26.562      -35.9     -347.9       42.5      8.3     16.9      9.8 2021  6  3  9 11 16.620  0.00  15
   103746  40.369946 -124.633130    26.371      -69.1     -670.5     -149.1      8.1     22.5     19.0 2021  6 21 18 25 58.900  0.00  15
   103747  40.369922 -124.633309    26.461      -84.3     -673.2      -58.7      7.3     24.4     18.3 2021  6 21 18 56 10.100  0.00  15
   103748  40.371021 -124.632951    26.396      -53.9     -551.2     -123.8      8.2     22.8     13.7 2021  6 26 21 34 53.920  0.00  15
   103749  40.369539 -124.633862    26.483     -131.3     -715.7      -36.9     10.0     26.0     19.9 2021  6 26 21 52 52.480  0.00  15
   103752  40.376762 -124.631982    26.498       28.3       86.3      -22.3      5.2     11.6     12.2 2021  7 16  4 38  9.540  0.00  15
   103753  40.378597 -124.631413    26.661       76.7      290.1      140.7      7.9     19.0     21.5 2021  7 23 17 27  4.080  0.00  15
   103765  40.375553 -124.634896    27.083     -219.1      -47.9      562.9     10.3     22.2     21.6 2021  9 14 11  7 22.460  0.00  15
   103766  40.374247 -124.632227    26.622        7.6     -192.9      101.7      7.7     11.3      9.9 2021  9 15 10 50 21.940  0.00  15
   103770  40.374878 -124.632251    26.485        5.5     -122.9      -34.7      7.0     10.1     10.6 2021  9 22 19 29 33.580  0.00  15
   103780  40.373315 -124.632267    26.508        4.1     -296.4      -12.5      6.9     16.6     10.8 2021 11 29  2 31 57.980  0.00  15
   103781  40.376225 -124.631966    26.583       29.7       26.7       62.6      5.1     13.6     12.4 2021 12  5 11 19 17.180  0.00  15
   103782  40.375639 -124.632349    26.560       -2.8      -38.4       40.2      5.1      9.6      9.9 2021 12  5 11 20 39.060  0.00  15
   103787  40.373527 -124.632731    26.639      -35.2     -272.9      119.2      9.0     15.3      9.2 2021 12 19  2 14 40.560  0.00  15
   103793  40.374707 -124.632243    26.539        6.2     -141.9       19.3      6.3     11.2      9.7 2022  1 14  5 18 12.200  0.00  15
   103796  40.383634 -124.634562    26.740     -190.7      849.4      219.8     14.8     30.5     29.7 2022  2 18 12 44 56.020  0.00  15
   103797  40.371265 -124.632251    26.134        5.5     -524.1     -386.2      7.0     19.7     15.4 2022  2 19 12 21  1.500  0.00  15
   103802  40.381405 -124.631258    26.626       89.8      601.8      105.7      9.4     24.1     18.6 2022  3 12  4 33 48.940  0.00  15
   103804  40.381230 -124.630632    26.765      143.1      582.4      245.2     13.0     34.8     28.8 2022  3 15 10 40 38.520  0.00  15
   103811  40.375972 -124.632113    26.404       17.3       -1.4     -115.9      5.2     13.0      9.6 2022  5 14  0 44  9.960  0.00  15
   103814  40.386088 -124.630518    26.041      152.7     1121.9     -479.2     11.6     32.5     30.2 2022  5 31 12 38 59.980  0.00  15
   103815  40.376685 -124.632088    26.405       19.4       77.7     -115.3      7.4     12.5     14.3 2022  5 31 16 45 19.300  0.00  15
   103820  40.375659 -124.632129    26.404       15.9      -36.1     -116.4      4.7     11.0      9.8 2022  6 16 23 23 11.160  0.00  15
   103822  40.373641 -124.632731    26.500      -35.2     -260.3      -19.6     10.1     18.3     14.6 2022  7  2  3 27 26.160  0.00  15
   103828  40.375944 -124.632145    26.386       14.5       -4.5     -133.6      5.5     18.1     13.8 2022  7 30 10  3 37.460  0.00  15
   103829  40.374365 -124.632373    26.499       -4.8     -179.8      -20.6      5.2     13.2     10.3 2022  8  8 16 29 41.540  0.00  15
   103831  40.374386 -124.632552    26.499      -20.0     -177.6      -21.0      7.3     13.2     11.1 2022  8 21  3 43 30.740  0.00  15
   103834  40.371887 -124.632869    26.676      -47.0     -455.0      156.1      7.6     20.4     11.9 2022  9  5 17 44 25.060  0.00  15
   103835  40.368209 -124.633724    27.079     -119.6     -863.4      559.1     14.8     40.1     28.4 2022  9 22 18 37 12.600  0.00  15
   103836  40.365149 -124.631242    26.667       91.2    -1203.2      146.6      9.1     21.0     14.4 2022  9 23 19 40  3.100  0.00  15
   103837  40.376229 -124.632316    26.418        0.0       27.1     -102.3      5.3     13.1      9.6 2022  9 25  0 13 36.240  0.00  15
   103842  40.375789 -124.632235    26.439        6.9      -21.7      -81.5      5.3     12.2      9.8 2022 10 27 16  1  8.480  0.00  15
   103843  40.376314 -124.632015    26.402       25.6       36.6     -118.0      5.1     11.4     11.8 2022 10 27 19 13 41.200  0.00  15
   103844  40.374540 -124.632406    26.442       -7.6     -160.4      -77.6      6.1     13.6     11.3 2022 10 27 19 10 46.000  0.00  15
   103850  40.375346 -124.632113    26.625       17.3      -70.9      104.8      5.0      9.4     12.7 2022 11 22 17 13 20.760  0.00  15
   110325  40.376331 -124.632178    26.597       11.7       38.4       77.2      4.6      9.5      9.3 2023  1  6  2 11 23.440  2.07  15
