   104399  40.353394 -124.279663    23.882     1115.8     -821.0    -3106.8      2.2      2.5      1.7 2021  6 15  4 44 44.800  0.00  26
   104401  40.354744 -124.279183    23.858     1156.5     -671.0    -3130.2      2.6      2.3      1.7 2021  8 29  1 56 52.440  0.00  26
   104403  40.355945 -124.277881    23.855     1267.1     -537.7    -3133.6      2.5      2.9      1.6 2021 12 20 21  4 59.220  0.00  26
   104405  40.352393 -124.279411    23.809     1137.2     -932.1    -3179.8      2.8      4.0      2.4 2021 12 20 20 53 33.680  0.00  26
   104406  40.351778 -124.280037    23.790     1084.0    -1000.4    -3198.6      3.3      4.4      2.1 2021 12 20 20 26 28.100  0.00  26
   104407  40.352279 -124.280013    23.853     1086.0     -944.8    -3135.4      5.0      3.7      2.1 2021 12 20 21 31 11.760  0.00  26
   104410  40.355098 -124.278687    23.863     1198.7     -631.7    -3125.7      1.8      2.6      1.5 2021 12 21  0  8 11.860  0.00  26
   104411  40.356051 -124.278499    23.833     1214.6     -525.9    -3155.6      3.1      2.3      2.2 2021 12 21 19 31 39.840  0.00  26
   104412  40.356519 -124.277238    23.890     1321.7     -474.0    -3098.7      6.2      4.6      3.1 2021 12 21 11 59  9.720  0.00  26
   104413  40.352535 -124.279386    23.812     1139.3     -916.3    -3176.3      2.9      3.8      2.3 2021 12 22  8  8 37.840  0.00  26
   104420  40.355001 -124.278857    23.863     1184.2     -642.5    -3125.1      1.9      2.2      1.5 2022  1 14  0 17 25.780  0.00  26
   104421  40.355021 -124.277710    23.904     1281.7     -640.2    -3084.9      6.3      4.4      4.9 2022  1 14  4 26 58.700  0.00  26
   104423  40.355241 -124.281445    23.892      964.4     -615.8    -3096.8      5.8      5.7      3.6 2022  1 26 22 58 55.500  0.00  26
   104426  40.355302 -124.278931    23.850     1178.0     -609.1    -3138.7      3.1      3.5      2.5 2022 11 19 20 44  5.320  0.00  26
   107213  40.340051 -124.296582    27.653     -321.5    -2302.5      664.8      4.2      5.9      4.2 2020  3 23  6 34  8.940  0.00  26
   107215  40.343286 -124.294344    27.625     -131.4    -1943.3      636.1      7.2      6.8      4.4 2021 12  1  3 23 46.460  0.00  26
   107219  40.341532 -124.296419    27.678     -307.7    -2138.1      689.4      4.2      4.7      3.1 2021 12 24 22 23 25.560  0.00  26
   107222  40.340918 -124.296167    27.727     -286.2    -2206.3      738.9      4.0      5.6      3.6 2022  1  1 10 24 30.560  0.00  26
   107224  40.343628 -124.296305    27.646     -298.0    -1905.4      657.2      5.7      5.8      4.4 2022  1 17  7 33 11.240  0.00  26
   107232  40.372107 -124.308382    29.446    -1323.7     1257.0     2457.3      2.5      2.6      1.8 2021  3 11 20  6  4.280  0.00  26
   107235  40.372017 -124.308659    29.431    -1347.2     1247.1     2442.9      2.2      2.8      1.2 2021 11  3  5 58  4.920  0.00  26
   107243  40.372172 -124.308244    29.438    -1311.9     1264.2     2449.1      2.3      3.1      1.5 2021 12 20 23 27 36.080  0.00  26
   107244  40.372180 -124.308276    29.436    -1314.7     1265.1     2448.0      2.3      2.8      1.5 2021 12 20 20 50 16.880  0.00  26
   107245  40.371969 -124.308138    29.441    -1302.9     1241.6     2452.9      2.5      2.2      1.9 2021 12 20 23 41 45.320  0.00  26
   107246  40.372176 -124.308260    29.437    -1313.3     1264.7     2448.4      2.3      2.9      1.5 2021 12 20 20 17 10.900  0.00  26
   107247  40.371948 -124.308203    29.439    -1308.5     1239.4     2450.5      1.9      1.8      1.3 2021 12 20 21 11 30.880  0.00  26
   107254  40.372046 -124.308545    29.434    -1337.5     1250.2     2445.3      2.1      1.6      1.0 2021 12 21 18  1 23.800  0.00  26
   107256  40.371895 -124.308171    29.443    -1305.7     1233.5     2454.5      2.0      2.2      1.9 2021 12 21  7 25 52.440  0.00  26
   107257  40.372050 -124.308162    29.451    -1305.0     1250.7     2462.8      3.1      3.8      3.0 2021 12 21  2 34 43.280  0.00  26
   107258  40.372131 -124.309082    29.417    -1383.1     1259.7     2429.0      3.9      4.7      2.6 2021 12 21 13  6 14.120  0.00  26
   107260  40.371952 -124.308293    29.439    -1316.1     1239.8     2450.1      1.5      1.8      0.9 2021 12 23 19 15  5.580  0.00  26
   107262  40.371680 -124.308594    29.431    -1341.6     1209.5     2442.8      3.5      4.5      1.9 2021 12 24 12 38 47.180  0.00  26
   107267  40.371794 -124.308179    29.438    -1306.4     1222.2     2449.5      2.2      2.7      1.4 2021 12 26  2 14 54.480  0.00  26
   107272  40.371940 -124.308260    29.440    -1313.3     1238.5     2451.9      1.5      1.8      1.3 2022  1  2 13 57 49.500  0.00  26
   107274  40.371769 -124.308431    29.437    -1327.8     1219.5     2448.9      2.3      3.4      1.7 2022  1 15 12 26  6.380  0.00  26
   107277  40.372017 -124.308496    29.433    -1333.3     1247.1     2444.6      2.3      1.8      1.2 2022  7  1  1 40 55.500  0.00  26
   107280  40.372046 -124.308545    29.434    -1337.5     1250.2     2445.2      2.1      1.6      1.0 2022  7 16 23 34 14.380  0.00  26
   109841  40.360181 -124.245809    25.907     3991.4      -67.3    -1081.4     10.4      5.1      3.6 2021 12 21  1 16 23.360  0.00  26
   109842  40.361137 -124.263704    25.632     2471.3       38.9    -1356.6      5.0      6.2      5.7 2021 12 23  3 36 15.740  0.00  26
   109843  40.358553 -124.263485    25.745     2490.0     -248.1    -1242.9      4.6      4.7      4.1 2021 12 31 10  3  5.180  0.00  26
   110338  40.353715 -124.279403    23.858     1137.9     -785.3    -3130.4      3.6      3.4      2.2 2022 12 19 23 29  6.160  1.05  26
   110427  40.340625 -124.295060    27.691     -192.2    -2238.8      703.0      4.0      4.5      3.2 2022 12 25  7 31 55.070  0.83  26
   110428  40.371936 -124.308309    29.438    -1317.4     1238.0     2450.0      1.4      1.7      1.0 2023  4 29  3  1 22.660  0.62  26
   110713  40.360982 -124.267603    25.810     2140.2       21.7    -1178.5      4.5      4.3      4.0 2022 12 12  1  4 54.750  2.37  26
