   108433  40.748787 -124.234098    12.470     7404.5     2015.7     3036.2      9.5      6.7     10.3 2020 11 21  6 25 35.720  0.00  46
   108434  40.748783 -124.234131    12.471     7401.7     2015.3     3036.9      9.5      6.7     10.5 2020 11 21  7 26  9.440  0.00  46
   108435  40.748877 -124.236825    12.307     7174.2     2025.7     2872.4     20.0      7.2     13.7 2021  9 18  9  5  3.000  0.00  46
   108436  40.748828 -124.235319    12.363     7301.4     2020.3     2928.8     20.4      6.9     13.6 2022  1 18 23 24  5.960  0.00  46
   108437  40.748828 -124.235352    12.364     7298.6     2020.3     2930.2     20.5      6.9     13.6 2022  1 18 23 25  2.140  0.00  46
   108438  40.748503 -124.233114    12.550     7487.7     1984.1     3116.0     33.2      9.6     18.5 2022  1 19 20 33 45.540  0.00  46
   108439  40.748751 -124.233276    12.414     7473.9     2011.7     2979.8     23.2      8.2     15.7 2022  1 19 21 29 33.980  0.00  46
   108440  40.748657 -124.232064    12.348     7576.3     2001.3     2913.7     28.3      7.9     18.3 2022  1 20  0  6 19.720  0.00  46
   108960  40.735954 -124.292065     4.767     2508.5      590.6    -4667.1      5.4      8.4     13.1 2020  8 22  2 46 34.640  0.00  46
   108961  40.737248 -124.292131     5.569     2503.0      734.3    -3865.5     10.3      4.8      9.1 2022  9 24 17  8 17.940  0.00  46
   110222  40.721086 -124.380957     7.180    -5001.0    -1060.5    -2254.1      8.6      7.3     12.6 2022  6  5  8 26 45.400  0.00  46
   110223  40.721033 -124.380640     7.232    -4974.2    -1066.4    -2201.8      8.1      7.8      6.0 2022  6  5  8 51 54.180  0.00  46
   110224  40.720846 -124.380868     7.244    -4993.5    -1087.2    -2189.8      8.1      8.7      9.5 2022  6  5  8 28 25.100  0.00  46
   110227  40.720638 -124.380632     7.242    -4973.6    -1110.2    -2192.0      8.5      7.8     11.4 2022  6 20  0 19 17.960  0.00  46
   110230  40.735323 -124.370125     9.853    -4085.5      520.5      419.1     15.4      8.8     13.7 2022  5  5 20 40 11.140  0.00  46
   110236  40.704932 -124.372127     8.662    -4255.6    -2854.4     -772.0      6.7      3.6      6.3 2022  8  7  6 28 12.440  0.00  46
   110238  40.704928 -124.372111     8.666    -4254.2    -2854.8     -768.2      6.0      3.5      6.1 2022 11  2  8  1 19.400  0.00  46
   110239  40.704928 -124.372127     8.665    -4255.6    -2854.8     -769.6      6.0      3.4      6.1 2022 11  3 13 46 28.020  0.00  46
   110240  40.704989 -124.372380     8.652    -4276.9    -2848.1     -782.4      7.2      4.1      8.2 2022 11 16  6 47 46.300  0.00  46
   110241  40.705005 -124.372404     8.644    -4279.0    -2846.3     -790.7      7.5      4.2      7.8 2022 11 30  8 33 59.080  0.00  46
   110502  40.748682 -124.236011    12.314     7242.9     2004.0     2879.9     11.7      6.0     11.9 2022 12 23 17 30 27.280  1.15  46
   110573  40.737362 -124.294271     5.786     2322.2      746.9    -3648.6      6.2      4.5      7.6 2023  5 22 19  5 30.020  1.30  46
   110777  40.721049 -124.380347     7.389    -4949.5    -1064.6    -2045.7      7.8      6.8      8.0 2023  3 23  6  3  8.580  1.25  46
   110779  40.734631 -124.373210    10.011    -4346.1      443.7      577.0     15.3      8.8     15.8 2023  1 12 21  3 16.120  1.83  46
   110784  40.705062 -124.371712     8.696    -4220.5    -2839.9     -737.9      6.2      3.3      6.3 2022 12 20  0 57 24.410  1.03  46
