   102795  40.457528 -124.683838    26.016      -46.9      -16.3      426.1     50.1     68.3    138.9 2020  1 13  5 54  9.180  0.00  29
   102796  40.458110 -124.683187    25.497        8.3       48.3      -93.1     46.2     64.7    175.6 2020  2 29  7 15 32.820  0.00  29
   102799  40.457222 -124.684261    26.567      -82.8      -50.2      976.9     85.4     87.7    297.9 2020  3 19  2 25 40.400  0.00  29
   102801  40.457922 -124.682536    23.671       63.5       27.6    -1918.7     80.8    100.0    521.0 2020  4 23 15 31 30.460  0.00  29
   102802  40.455636 -124.683325    24.593       -3.5     -226.4     -996.6     53.1    132.8    277.0 2020  5  9 10 28 13.200  0.00  29
   102803  40.457406 -124.683700    25.750      -35.2      -29.8      160.1     52.6     85.7    138.9 2020  6  6 15 52 41.440  0.00  29
   102805  40.456535 -124.684334    26.351      -89.0     -126.5      761.1     73.2     89.1    265.5 2020 10 21 10  6  9.780  0.00  29
   102806  40.457837 -124.683154    25.455       11.0       18.1     -134.8     40.5     74.7    131.5 2020 11 20 21 51 21.400  0.00  29
   102808  40.457141 -124.684212    26.357      -78.7      -59.2      767.1     54.7     89.2    205.8 2021  2 26  3 52 50.720  0.00  29
   102810  40.456254 -124.683838    25.834      -46.9     -157.7      244.0     47.6    111.7    101.5 2021  3 12  1 59 52.820  0.00  29
   102814  40.457259 -124.683838    26.029      -46.9      -46.1      439.0     47.8     72.7    141.0 2021  5 14 17 55 34.080  0.00  29
   102816  40.457035 -124.683553    25.621      -22.8      -70.9       31.2     32.7     71.0     89.4 2021  7  2  3 22  6.040  0.00  29
   102817  40.458407 -124.683439    25.691      -13.1       81.3      101.2     48.4     79.6    166.5 2021  7  6 17  3 25.080  0.00  29
   102818  40.457475 -124.683089    25.371       16.6      -22.1     -218.9     52.9     69.8    167.9 2021  7  6 17 38 37.180  0.00  29
   102819  40.457572 -124.683260    25.524        2.1      -11.3      -66.2     34.3     62.2     94.2 2021  7 12  3 22 22.520  0.00  29
   102821  40.457682 -124.683130    25.410       13.1        0.9     -180.5     44.0     72.8    137.6 2021  7 27 13 33  6.200  0.00  29
   102824  40.457511 -124.683927    25.934      -54.5      -18.1      343.8     47.0     76.3    158.1 2021  9  2  0 10 43.380  0.00  29
   102825  40.457263 -124.683708    25.729      -35.9      -45.6      138.7     41.0     74.1    132.6 2021  9  2 12 41 16.800  0.00  29
   102826  40.457658 -124.683236    25.528        4.1       -1.8      -62.0     33.4     64.1    110.3 2021 10 27 22  1 36.760  0.00  29
   102827  40.456921 -124.683643    25.677      -30.4      -83.6       87.4     34.8     76.0     88.0 2021 11 16  3 30 25.860  0.00  29
   102828  40.457202 -124.681323    24.045      166.4      -52.4    -1545.5     85.5    102.2    364.5 2021 12 21 15 42 11.480  0.00  29
   102831  40.457869 -124.683008    25.365       23.5       21.7     -224.8     43.9     91.4    126.1 2022  2 25  5  5 50.620  0.00  29
   102832  40.458073 -124.683146    25.441       11.7       44.3     -149.3     43.5     95.0    156.8 2022  3 12  9 57  9.340  0.00  29
   102834  40.457662 -124.683276    25.542        0.7       -1.4      -48.5     76.7    113.8    239.2 2022  4 23 21 41  5.660  0.00  29
   102835  40.457332 -124.683822    25.835      -45.6      -38.0      245.0     44.1     72.5    147.4 2022  4 25 10 17 30.100  0.00  29
   102836  40.456152 -124.683854    25.864      -48.3     -169.0      273.9     58.2    136.8    119.6 2022  4 26 18 21  6.880  0.00  29
   102837  40.457373 -124.683626    25.728      -29.0      -33.4      138.4     50.6     84.3    128.9 2022  4 29 21 52 16.440  0.00  29
   102838  40.457821 -124.683130    25.448       13.1       16.3     -141.9     37.2     82.7    174.4 2022  5  7 11 36  7.240  0.00  29
   102839  40.456616 -124.683724    25.688      -37.3     -117.5       98.2     40.2     96.0    134.3 2022  5 26 17 57  8.800  0.00  29
   102840  40.457715 -124.683089    25.426       16.6        4.5     -164.5     40.0     72.8    109.6 2022  6 11 22 53 25.820  0.00  29
   102841  40.457890 -124.683146    25.473       11.7       23.9     -117.1     39.1     74.2    170.2 2022  6 12  8 44 32.260  0.00  29
   102842  40.457625 -124.683236    25.505        4.1       -5.4      -84.6     36.4     61.2    108.4 2022  6 23 21 40 42.300  0.00  29
   102843  40.457792 -124.683162    25.498       10.4       13.1      -92.0     34.7     77.3    105.2 2022  7 28  1 50 12.780  0.00  29
   102844  40.457487 -124.683179    25.464        9.0      -20.8     -126.0     40.1     60.4    125.0 2022  7 28 20 49 41.480  0.00  29
   102847  40.457861 -124.683879    25.935      -50.4       20.8      345.4     64.9     85.6    198.0 2022  9  3 19  0 25.420  0.00  29
   102849  40.456868 -124.683537    25.582      -21.4      -89.5       -8.3     34.9     75.5     94.2 2022  9 24 15 55 46.140  0.00  29
   102850  40.457853 -124.683130    25.451       13.1       19.9     -139.3     31.6     95.6    144.8 2022 10  9  0 29 47.680  0.00  29
   102852  40.457576 -124.683700    25.848      -35.2      -10.8      257.7     56.0     85.5    140.6 2022 11 11 22 43 19.680  0.00  29
   102853  40.457983 -124.683179    25.532        9.0       34.3      -58.5     29.3     98.7    153.9 2022 11 11 12  5 43.380  0.00  29
   102854  40.457621 -124.683228    25.452        4.8       -5.9     -137.9     34.5     66.1    109.4 2022 11 19 17  1  6.200  0.00  29
   102855  40.457918 -124.683407    25.711      -10.4       27.1      121.2     42.0     54.6    111.1 2022 11 29 18 59 55.780  0.00  29
   110306  40.458419 -124.682910    25.499       31.8       82.7      -90.6     28.0     50.6     98.8 2023  4  5 22 10 57.780  1.92  29
