   109139  40.455192 -124.291528    27.489       -3.5       -0.9       -0.7      1.2      0.8      0.9 2021 12 20 23 49  2.700  0.00  54
   109140  40.455375 -124.291138    27.477       29.7       19.4      -13.1      2.3      2.4      1.5 2021 12 20 20 27  8.300  0.00  54
   109141  40.455103 -124.291130    27.464       30.4      -10.8      -26.2      2.6      2.5      2.5 2021 12 20 20 14 54.440  0.00  54
   109143  40.454667 -124.289998    27.408      126.3      -59.2      -81.5      4.5      3.4      3.7 2021 12 21  4 34 24.360  0.00  54
   109146  40.455168 -124.291439    27.489        4.1       -3.6       -1.4      1.0      0.7      1.2 2021 12 23  1 13 24.040  0.00  54
   109148  40.455273 -124.291463    27.484        2.1        8.1       -5.6      1.5      1.7      1.1 2021 12 26 17 36 29.900  0.00  54
   109149  40.455229 -124.291496    27.492       -0.7        3.2        2.1      1.2      0.9      1.0 2021 12 27 14 12 20.840  0.00  54
   109151  40.455221 -124.291520    27.491       -2.8        2.3        1.4      1.1      1.1      1.0 2022  1  4  3 37 23.060  0.00  54
   109152  40.455221 -124.291504    27.495       -1.4        2.3        4.8      1.4      0.8      1.1 2022  1  5 20 20 38.220  0.00  54
   109153  40.455221 -124.291610    27.491      -10.4        2.3        1.3      1.3      1.4      1.0 2022  1  5 15 37  2.560  0.00  54
   109154  40.455221 -124.291463    27.478        2.1        2.3      -12.3      1.7      1.7      1.4 2022  1  6  4 31 33.680  0.00  54
   109155  40.455457 -124.292896    27.512     -119.4       28.5       22.0      4.1      2.9      2.6 2022  1 12 15  0 18.900  0.00  54
   109158  40.455216 -124.291667    27.495      -15.2        1.8        5.2      1.3      1.3      1.2 2022  1 27 16 44 23.740  0.00  54
   109160  40.454952 -124.292391    27.473      -76.6      -27.6      -17.5      3.8      2.2      1.8 2022  2  4 23 36 57.940  0.00  54
   109163  40.455204 -124.291960    27.503      -40.0        0.5       13.5      2.2      1.8      1.7 2022  2 28 23  1 31.800  0.00  54
   109165  40.455090 -124.291577    27.485       -7.6      -12.2       -4.7      1.5      1.6      1.1 2022  3 25  7 29 24.500  0.00  54
   109166  40.455184 -124.291577    27.489       -7.6       -1.8       -1.5      1.4      1.0      1.0 2022  4  3 17 21 51.500  0.00  54
   109168  40.455221 -124.291496    27.492       -0.7        2.3        2.3      1.1      0.7      1.0 2022  4 16  9 26 42.300  0.00  54
   109169  40.455200 -124.291602    27.488       -9.7        0.0       -1.6      1.8      1.0      1.0 2022  6 15  2 52 15.320  0.00  54
   109170  40.455249 -124.291504    27.494       -1.4        5.4        4.5      1.2      1.1      1.1 2022  8 16 10 40 30.580  0.00  54
   110610  40.455204 -124.291455    27.491        2.8        0.5        1.2      1.1      0.9      1.0 2023  3 18 18 52 34.560  2.06  54
