   104315  40.500110 -124.471517    28.814       -5.5       -9.5       -6.3    130.2    182.8    146.4 2020  2 29  6 32  4.220  0.00  44
   104316  40.500114 -124.471395    28.806        4.8       -9.0      -13.9    131.4    142.1    150.3 2020  2 29  5 10 55.440  0.00  44
   104318  40.499923 -124.471639    28.811      -15.9      -30.3       -9.2    155.6    257.8    154.5 2020  3  9  4  5 43.220  0.00  44
   104320  40.499886 -124.471248    28.772       17.2      -34.3      -48.1    163.7    215.8    213.1 2020  4  7 20 37 32.440  0.00  44
   104328  40.500753 -124.472013    28.911      -47.6       61.9       91.0    172.9    133.1    184.3 2020  8 25  0 14 44.680  0.00  44
   104329  40.500126 -124.471476    28.816       -2.1       -7.7       -4.3    119.0    182.2    153.5 2021  2 18  7 41 28.860  0.00  44
   104331  40.500167 -124.471932    28.875      -40.7       -3.2       55.0    149.7    236.1    180.0 2021  5  8  9 20 14.780  0.00  44
   104335  40.500069 -124.471313    28.801       11.7      -14.0      -19.3    155.6    156.7    182.5 2021  7  4  9 17 56.000  0.00  44
   104338  40.501188 -124.472933    29.016     -125.6      110.2      196.1    270.7    244.9    282.4 2021  7  9  8 58 26.480  0.00  44
   104341  40.499508 -124.472030    28.848      -49.0      -76.4       28.5    179.7    300.8    172.4 2021  7 22 17  3 20.420  0.00  44
   104346  40.500077 -124.471452    28.812        0.0      -13.1       -8.5    139.7    145.9    169.4 2021  8 12 22  5 24.040  0.00  44
   104348  40.500045 -124.471167    28.785       24.1      -16.7      -35.1    150.4    166.4    172.4 2021  9  9 17 29 27.180  0.00  44
   104349  40.500114 -124.471370    28.802        6.9       -9.0      -17.6    157.7    158.8    185.7 2021  9 11  3 40  9.640  0.00  44
   104353  40.501363 -124.473511    29.049     -174.5      129.7      229.5    221.0    244.1    259.6 2021  9 25  2 26 47.460  0.00  44
   104355  40.500212 -124.471899    28.859      -37.9        1.8       38.9    162.2    230.1    169.6 2021 10 31  6  6 24.240  0.00  44
   104356  40.500175 -124.471867    28.851      -35.2       -2.3       31.1    155.9    223.7    158.2 2021 10 31  6 11 51.880  0.00  44
   104357  40.500179 -124.471460    28.811       -0.7       -1.8       -8.8    135.3    149.0    166.8 2021 11 20  7 24  9.400  0.00  44
   104358  40.500085 -124.471395    28.805        4.8      -12.2      -15.5    129.7    144.1    157.5 2021 12 18  9 25 32.000  0.00  44
   104359  40.500366 -124.471631    28.857      -15.2       19.0       36.8    146.6    121.3    140.5 2021 12 18 22 39 54.400  0.00  44
   104360  40.500138 -124.471379    28.812        6.2       -6.3       -8.3    149.1    150.4    175.0 2021 12 18  9  9 50.140  0.00  44
   104364  40.501294 -124.472795    29.006     -113.8      122.0      185.7    238.1    202.3    228.3 2021 12 20 21 52 57.420  0.00  44
   104365  40.500061 -124.471175    28.786       23.5      -14.9      -34.4    149.0    167.5    171.3 2021 12 20 20 20 46.040  0.00  44
   104368  40.500212 -124.472021    28.890      -48.3        1.8       69.9    178.4    280.7    220.0 2022  1 18 19 57 40.240  0.00  44
   104369  40.499695 -124.471322    28.767       11.0      -55.6      -53.5    179.8    240.3    220.3 2022  1 23 14 14 28.080  0.00  44
   104370  40.500753 -124.471598    28.908      -12.4       61.9       88.1    258.3    156.5    168.4 2022  2 18  3 26 35.760  0.00  44
   104371  40.500326 -124.472225    28.918      -65.5       14.5       98.2    201.3    295.8    252.8 2022  3  3  0 51 53.940  0.00  44
   104372  40.500260 -124.472062    28.870      -51.7        7.2       50.4    190.0    269.3    196.1 2022  3 20 12  6 54.320  0.00  44
   104373  40.499032 -124.470980    28.697       40.0     -129.2     -123.0    255.1    314.5    309.7 2022  3 22 20 56 34.200  0.00  44
   110336  40.500069 -124.471248    28.787       17.2      -14.0      -32.6    127.4    153.3    133.2 2022 12 22 20 56 54.800  1.39  44
