   104602  40.401900 -124.569100    27.630        0.7       -0.9       -0.0      0.1      0.1      0.1 2021  4  9  2 44 10.240  0.00  56
   104608  40.401900 -124.569100    27.630        0.7       -0.9       -0.0      0.0      0.0      0.0 2021  6 16 21 28 14.920  0.00  56
   104609  40.401900 -124.569100    27.630        0.7       -0.9       -0.0      0.0      0.0      0.0 2021  7 17 13 58 12.280  0.00  56
   104610  40.401900 -124.569100    27.630        0.7       -0.9       -0.0      0.0      0.0      0.0 2021  7 17 16 51 33.280  0.00  56
   104611  40.401900 -124.569100    27.630        0.7       -0.9       -0.0      0.0      0.0      0.0 2021  7 18 17 30 30.400  0.00  56
   104614  40.401900 -124.569100    27.630        0.7       -0.9       -0.0      0.0      0.0      0.0 2021  7 21  6 38  0.500  0.00  56
   104616  40.401900 -124.569100    27.630        0.7       -0.9       -0.0      0.0      0.0      0.0 2021  7 26 15  6 34.040  0.00  56
   104617  40.401900 -124.569100    27.630        0.7       -0.9       -0.0      0.0      0.0      0.0 2021  7 27 18 17 36.420  0.00  56
   104624  40.401900 -124.569100    27.630        0.7       -0.9       -0.0      0.0      0.0      0.0 2021 10 15  0 32 56.840  0.00  56
   104626  40.401900 -124.569100    27.630        0.7       -0.9       -0.0      0.0      0.0      0.0 2021 11 22  6 32 57.800  0.00  56
   104627  40.401900 -124.569100    27.630        0.7       -0.9       -0.0      0.0      0.0      0.0 2021 12  4  6 54 31.440  0.00  56
   104629  40.401900 -124.569100    27.630        0.7       -0.9       -0.0      0.0      0.0      0.0 2021 12  7  1 37 44.380  0.00  56
   104631  40.401900 -124.569100    27.630        0.7       -0.9       -0.0      0.0      0.0      0.0 2022  1 16  7 10  3.240  0.00  56
   104633  40.401900 -124.569100    27.630        0.7       -0.9       -0.0      0.0      0.0      0.0 2022  2 15 16  0  9.380  0.00  56
   104641  40.401900 -124.569100    27.630        0.7       -0.9       -0.0      0.0      0.0      0.0 2022  6 14 18 33 26.960  0.00  56
   104647  40.401900 -124.569100    27.630        0.7       -0.9       -0.0      0.0      0.0      0.0 2022  9 14 19 39 58.380  0.00  56
   104651  40.401900 -124.569100    27.630        0.7       -0.9       -0.0      0.0      0.0      0.0 2022 10 25  1  1  6.660  0.00  56
   104652  40.401900 -124.569100    27.630        0.7       -0.9       -0.0      0.0      0.0      0.0 2022 10 25  1 46 12.000  0.00  56
   110347  40.401900 -124.569100    27.630        0.7       -0.9       -0.0      0.0      0.0      0.0 2023  5  9 16 44 27.070  1.07  56
