   108277  40.351257 -124.441496    23.920       -8.3       18.5        9.8     35.4     50.6     39.8 2020  4  4 18 49  5.200  0.00  48
   108278  40.350789 -124.441195    23.897       17.3      -33.4      -13.4     58.5     75.0     58.8 2020  4 26 15 58  8.820  0.00  48
   108285  40.350525 -124.441252    23.889       12.4      -62.8      -20.7     52.8     91.8     65.6 2020 12  3 22 40 43.620  0.00  48
   108286  40.350549 -124.441187    23.889       18.0      -60.1      -21.3     55.8     68.3     47.2 2021  3  7  5  2 46.960  0.00  48
   108287  40.350688 -124.441268    23.898       11.1      -44.7      -11.9     44.5     72.2     39.3 2021  3 20 23 16 13.640  0.00  48
   108291  40.350517 -124.441178    23.896       18.7      -63.7      -13.9     58.1     82.6     49.6 2021 10 30  8 35 33.380  0.00  48
   108292  40.350911 -124.441325    23.907        6.2      -19.9       -2.8     32.8     50.2     48.6 2021 11 23  8 36 50.640  0.00  48
   108294  40.350102 -124.441105    23.889       24.9     -109.8      -21.4     64.1    104.3     63.0 2021 11 24 17  1 30.540  0.00  48
   108296  40.351111 -124.441317    23.909        6.9        2.3       -1.0     50.2     91.0     59.2 2021 11 26 13 39 40.880  0.00  48
   108298  40.350114 -124.440780    23.887       52.5     -108.4      -22.8     65.7    116.6     63.0 2021 11 30 11 29  7.980  0.00  48
   108300  40.352266 -124.441659    23.972      -22.1      130.6       61.8     68.7    134.4    104.3 2021 12 20 20 51 25.720  0.00  48
   108306  40.352144 -124.441992    23.966      -50.5      117.0       56.5     99.6    142.5    122.9 2021 12 21 11 23 53.660  0.00  48
   108307  40.351050 -124.441390    23.908        0.7       -4.5       -2.0     27.9     54.0     35.4 2021 12 24 16 55 56.640  0.00  48
   108309  40.351204 -124.441423    23.918       -2.1       12.7        7.9     30.6     50.4     30.6 2022  1  3 21 39 26.840  0.00  48
   108310  40.350989 -124.441276    23.910       10.4      -11.3        0.3     51.4     74.6     75.9 2022  1  7 23 16 41.000  0.00  48
   108311  40.351221 -124.441463    23.918       -5.5       14.5        8.3     32.4     51.3     38.5 2022  1 17  6  4 37.860  0.00  48
   108313  40.351131 -124.441423    23.912       -2.1        4.5        2.0     32.1     49.7     35.1 2022  2  1  3 38 46.820  0.00  48
   108314  40.351038 -124.441455    23.909       -4.8       -5.9       -1.1     53.5     70.1     39.1 2022  2 12 15 14 50.440  0.00  48
   108315  40.351164 -124.441398    23.914        0.0        8.1        3.7     33.5     52.2     37.3 2022  3 14 17 54 18.940  0.00  48
   108318  40.351347 -124.441357    23.920        3.5       28.5        9.9     39.4     70.3     48.4 2022  3 25 11 39  6.360  0.00  48
   108320  40.350688 -124.441138    23.890       22.1      -44.7      -20.3     64.1     72.4     62.8 2022  5 24  3 56 56.760  0.00  48
   108321  40.351176 -124.441390    23.913        0.7        9.5        3.0     37.7     72.2     44.3 2022  6  2 23 18  2.840  0.00  48
   108324  40.351143 -124.441398    23.916        0.0        5.9        5.5     36.0     54.1     44.5 2022  9  1 16 10 18.720  0.00  48
   108325  40.350382 -124.441064    23.895       28.3      -78.6      -15.4     56.5     91.7     58.2 2022 10 16 16 42 42.900  0.00  48
   110491  40.351196 -124.441447    23.909       -4.1       11.7       -1.0     29.7     47.4     34.0 2023  4  1 22 38 24.960  0.87  48
