   102900  40.395048 -124.512573    21.092     1030.1     -154.1     1339.2     28.6     43.1     39.6 2020  1  7 21 14 24.860  0.00  68
   102901  40.395374 -124.512899    21.119     1002.5     -117.9     1366.0     37.2     57.8     45.9 2020  2  9 15 30  9.720  0.00  68
   102903  40.394824 -124.512533    21.096     1033.6     -178.9     1343.2     34.4     54.2     45.1 2020  4 20 21 58  8.780  0.00  68
   102904  40.395357 -124.512614    21.059     1026.7     -119.7     1306.3     35.6     78.4     60.7 2021 11 29 10 14 46.380  0.00  68
   104441  40.401493 -124.525041    18.677      -28.3      561.6    -1075.6     51.5     69.5    103.3 2020  5 12 17 39 10.980  0.00  68
   104442  40.401709 -124.524886    18.220      -15.2      585.6    -1532.4     36.9     53.4     68.0 2020  5 17 18 32 25.060  0.00  68
   104451  40.401363 -124.524772    18.259       -5.5      547.2    -1493.7     36.8     50.7     63.2 2021  8  3  7  2 26.040  0.00  68
   104471  40.401807 -124.524487    18.662       18.7      596.4    -1091.1     30.2     45.0     78.7 2022  7  3 15 13  0.180  0.00  68
   109737  40.397152 -124.538306    18.350    -1154.5       79.5    -1402.7     34.3     46.7     57.1 2021 11 29 18 57 25.040  0.00  68
   109738  40.396891 -124.538208    18.294    -1146.2       50.6    -1458.7     24.1     35.8     40.4 2022  9 22  8 38  4.380  0.00  68
   110310  40.393563 -124.511719    20.980     1102.7     -319.0     1226.9     37.3     60.8     55.6 2022 12 24  5 13  7.020  2.60  68
   110339  40.401575 -124.524829    18.299      -10.4      570.7    -1453.9     36.7     49.4     63.5 2023  1 30 19 45 47.760  1.21  68
   110684  40.397909 -124.538672    18.294    -1185.6      163.6    -1458.7     35.3     48.0     63.9 2023  3 16 11 19 56.420  1.21  68
