   108362  40.491113 -124.206730    20.720     -235.3      -23.9     -347.3    268.5    246.2    270.5 2020  7 11 17 19 52.600  0.00  43
   108363  40.491748 -124.206250    20.708     -194.6       46.5     -359.7    302.8    263.6    221.4 2020  8 12 11 28 24.940  0.00  43
   108364  40.491121 -124.206722    20.720     -234.6      -23.0     -347.6    272.3    233.3    277.5 2020  8 12 11 23 32.820  0.00  43
   108365  40.491089 -124.206860    20.724     -246.3      -26.7     -343.5    306.6    136.9    265.5 2020  8 16 23 21 48.480  0.00  43
   108366  40.491056 -124.206803    20.724     -241.5      -30.3     -343.6    350.2    318.3    330.0 2020 10  4  9 37 29.720  0.00  43
   108367  40.491117 -124.206673    20.716     -230.4      -23.5     -351.1    344.6    291.0    333.3 2020 10  8  4 46 56.680  0.00  43
   108369  40.491077 -124.206795    20.748     -240.8      -28.0     -318.9    310.8    231.1    298.1 2021  2 19  9 54 21.040  0.00  43
   108370  40.491276 -124.206689    20.705     -231.8       -5.9     -362.3    302.1    253.2    157.3 2021  6  1 21 55 42.420  0.00  43
   108373  40.491239 -124.206315    20.626     -200.1       -9.9     -441.1    277.5    281.1    379.2 2022  2  7 11 46 35.280  0.00  43
   108374  40.491077 -124.206885    20.715     -248.4      -28.0     -352.3    236.5    259.6    264.5 2022  2 12 15 44 27.500  0.00  43
   108375  40.491036 -124.206551    20.698     -220.1      -32.5     -369.0    241.9    159.4    254.7 2022  4 21 17  7 41.100  0.00  43
   108376  40.491052 -124.206323    20.698     -200.8      -30.7     -369.3    281.9    249.0    266.6 2022  4 22 17 55 41.660  0.00  43
   108378  40.490983 -124.206982    20.707     -256.7      -38.4     -359.9    246.3    191.3    172.3 2022  7 27  4 35 27.980  0.00  43
   108379  40.491663 -124.205664    20.653     -144.9       37.1     -414.4    413.5    278.7    258.7 2022  8  3  6 33 48.060  0.00  43
   108380  40.491398 -124.206291    20.690     -198.0        7.7     -377.7    265.7    211.1    182.4 2022  9  1 10 45  9.880  0.00  43
   108381  40.490881 -124.206763    20.690     -238.0      -49.7     -376.9    222.7    223.5    254.8 2022 11 26 10 34 34.000  0.00  43
   108454  40.483704 -124.237842    19.085    -2873.0     -846.7    -1981.9    375.7    360.5    432.1 2021 12 22  7 38 16.620  0.00  43
   109536  40.490340 -124.199569    22.406      371.9     -109.8     1339.1    400.7    388.6    401.1 2021  3  3 21 43  3.720  0.00  43
   109537  40.490304 -124.199211    22.413      402.2     -113.9     1346.0    506.6    373.2    417.6 2021  9 27  2 58  8.360  0.00  43
   109538  40.489836 -124.199349    22.399      390.5     -165.8     1331.2    401.7    472.5    389.8 2021 12 23 14 37 21.580  0.00  43
   109539  40.489917 -124.198991    22.402      420.9     -156.8     1334.5    268.0    346.7    327.3 2022  9 12  3 59 29.200  0.00  43
   109540  40.489917 -124.198975    22.401      422.2     -156.8     1333.5    276.0    350.4    328.4 2022 10  8  6 41 27.060  0.00  43
   109635  40.499711 -124.184619    21.616     1639.2      930.8      548.6   1029.0    572.4    775.6 2021  6  4 21 21 58.240  0.00  43
   109636  40.500244 -124.188680    21.851     1294.9      990.0      783.2    491.1    388.8    449.0 2021 12 20 21 17 32.980  0.00  43
   109637  40.499552 -124.190055    21.805     1178.3      913.2      738.0    563.6    430.8    432.0 2022  5 25  8  4 48.420  0.00  43
   110460  40.485990 -124.182284    20.331     1837.4     -592.8     -736.1    522.6    354.3    440.2 2023  3 15  6  1 38.120  0.94  43
   110498  40.490995 -124.206462    20.705     -212.5      -37.1     -362.5    247.8    175.1    250.8 2023  1 15 11 51 19.200  1.50  43
   110504  40.484277 -124.236711    19.112    -2777.1     -783.0    -1955.8    339.6    289.1    306.7 2023  2  5 13 48 53.130  1.08  43
   110642  40.489071 -124.200496    22.458      293.2     -250.8     1390.3    341.5    405.4    298.8 2023  2 27 12 40  1.270  1.39  43
   110662  40.499618 -124.189193    21.825     1251.5      920.4      757.5    525.8    261.5    457.5 2023  5  9 11 38 20.680  1.02  43
