   104315  40.499955 -124.471493    28.799       -3.4      -26.7      -20.5     51.5     71.7     56.7 2020  2 29  6 32  4.220  0.00  44
   104316  40.500008 -124.471265    28.789       15.9      -20.8      -31.2     43.6     48.3     51.2 2020  2 29  5 10 55.440  0.00  44
   104318  40.499561 -124.471761    28.795      -26.2      -70.5      -24.8     72.8    118.9     82.0 2020  3  9  4  5 43.220  0.00  44
   104320  40.499642 -124.471077    28.732       31.7      -61.5      -88.1     46.6     70.6     62.3 2020  4  7 20 37 32.440  0.00  44
   104328  40.500781 -124.471908    28.910      -38.6       65.1       89.9     67.6     55.9     72.8 2020  8 25  0 14 44.680  0.00  44
   104329  40.500000 -124.471419    28.804        2.8      -21.7      -15.6     43.0     66.3     54.2 2021  2 18  7 41 28.860  0.00  44
   104331  40.499870 -124.472135    28.893      -57.9      -36.1       72.6     59.5     96.7     69.0 2021  5  8  9 20 14.780  0.00  44
   104335  40.499947 -124.471143    28.782       26.2      -27.6      -37.5     46.2     45.6     51.3 2021  7  4  9 17 56.000  0.00  44
   104338  40.501326 -124.473071    29.073     -137.3      125.6      252.6     91.0     77.9     61.0 2021  7  9  8 58 26.480  0.00  44
   104341  40.498588 -124.471639    28.809      -15.9     -178.5      -11.3    118.4    107.9    129.7 2021  7 22 17  3 20.420  0.00  44
   104346  40.499923 -124.471403    28.801        4.1      -30.3      -19.2     45.5     49.5     53.0 2021  8 12 22  5 24.040  0.00  44
   104348  40.499955 -124.470858    28.755       50.4      -26.7      -65.0     52.7     62.3     50.5 2021  9  9 17 29 27.180  0.00  44
   104349  40.500028 -124.471232    28.783       18.6      -18.5      -36.9     44.3     47.5     52.8 2021  9 11  3 40  9.640  0.00  44
   104353  40.502246 -124.475073    29.223     -307.0      227.7      402.6    126.5    121.8    140.9 2021  9 25  2 26 47.460  0.00  44
   104355  40.499972 -124.472062    28.863      -51.7      -24.9       42.9     64.4     88.5     63.0 2021 10 31  6  6 24.240  0.00  44
   104356  40.499927 -124.472046    28.852      -50.4      -29.8       32.5     65.1     91.2     65.6 2021 10 31  6 11 51.880  0.00  44
   104357  40.500142 -124.471379    28.796        6.2       -5.9      -23.6     43.7     52.1     56.6 2021 11 20  7 24  9.400  0.00  44
   104358  40.499951 -124.471265    28.786       15.9      -27.1      -34.3     42.7     48.2     51.4 2021 12 18  9 25 32.000  0.00  44
   104359  40.500382 -124.471549    28.874       -8.3       20.8       53.5     70.8     53.6     60.5 2021 12 18 22 39 54.400  0.00  44
   104360  40.500069 -124.471232    28.801       18.6      -14.0      -18.5     49.7     47.2     54.3 2021 12 18  9  9 50.140  0.00  44
   104364  40.501265 -124.472689    29.015     -104.9      118.8      194.5     94.3     97.0    112.6 2021 12 20 21 52 57.420  0.00  44
   104365  40.499984 -124.470874    28.756       49.0      -23.5      -64.5     52.3     64.0     51.1 2021 12 20 20 20 46.040  0.00  44
   104368  40.499874 -124.472233    28.909      -66.2      -35.7       89.2     62.2    103.6     71.7 2022  1 18 19 57 40.240  0.00  44
   104369  40.499264 -124.471257    28.721       16.6     -103.5      -98.7     71.9     89.5     71.8 2022  1 23 14 14 28.080  0.00  44
   104370  40.500488 -124.470719    28.881       62.1       32.5       61.5    101.5     98.5    107.5 2022  2 18  3 26 35.760  0.00  44
   104371  40.499955 -124.472306    28.919      -72.4      -26.7       98.5     66.0     75.5     85.4 2022  3  3  0 51 53.940  0.00  44
   104372  40.500004 -124.472363    28.881      -77.3      -21.2       61.0     79.2    110.7     74.4 2022  3 20 12  6 54.320  0.00  44
   104373  40.498287 -124.470646    28.602       68.3     -211.9     -218.0    105.3    122.6    129.6 2022  3 22 20 56 34.200  0.00  44
   110336  40.500167 -124.471224    28.788       19.3       -3.2      -32.2     47.9     57.8     52.2 2022 12 22 20 56 54.800  1.39  44
