   101567  40.500224 -124.328792    18.979       24.1       25.8       31.3      3.7      3.5      3.8 2020  1  8  8 24  6.860  0.00   8
   101570  40.500264 -124.329118    18.958       -3.4       30.3       10.1      4.3      3.6      3.9 2020  2  4  5  3 53.760  0.00   8
   101586  40.499524 -124.330241    18.862      -98.6      -52.0      -85.3      5.8      6.5      6.3 2020  3 21  8  0 18.840  0.00   8
   101587  40.498751 -124.332593    18.823     -298.0     -137.8     -124.3      9.5      6.7      5.5 2020  3 21 11 52 33.340  0.00   8
   101588  40.499508 -124.330444    18.909     -115.9      -53.8      -38.5      5.1      5.8      5.5 2020  3 23  1 53  3.720  0.00   8
   101591  40.499211 -124.330509    18.820     -121.4      -86.8     -127.9      5.4      5.6      5.6 2020  3 24  2 29  9.600  0.00   8
   101595  40.499699 -124.330786    18.877     -144.9      -32.5      -70.7      6.0      6.5      6.3 2020  3 26 11 38 46.880  0.00   8
   101598  40.499662 -124.330225    18.896      -97.3      -36.6      -51.4      7.1      8.0      8.1 2020  3 31  8 19 44.260  0.00   8
   101600  40.499589 -124.330347    18.870     -107.6      -44.7      -77.4      5.6      6.7      5.1 2020  4  4  2 58  6.780  0.00   8
   101609  40.497624 -124.331372    18.593     -194.5     -263.0     -354.6      5.0     10.1      9.5 2020  4 29  9 43 36.800  0.00   8
   101611  40.499231 -124.330632    18.845     -131.8      -84.5     -102.8      5.5      6.5      6.0 2020  5  2 10 40 51.540  0.00   8
   101617  40.499373 -124.331380    18.773     -195.2      -68.7     -175.0      6.3      6.1      6.4 2020  5  5 23 12  1.580  0.00   8
   101642  40.499935 -124.329159    19.006       -6.9       -6.3       58.4      3.3      2.8      5.2 2020  6 27  2 24 12.740  0.00   8
   101651  40.500016 -124.328866    19.006       17.9        2.7       58.5      3.5      3.5      7.0 2020  7 22 19  2  4.880  0.00   8
   101656  40.499658 -124.329932    18.993      -72.4      -37.1       45.3      4.9      4.9      4.9 2020  7 27 23  4 49.560  0.00   8
   101664  40.501017 -124.328247    19.015       70.4      113.9       67.3      4.6      6.3      6.2 2020  8  9  9 42 22.360  0.00   8
   101707  40.499561 -124.329370    19.008      -24.8      -47.9       60.4      3.3      2.9      6.0 2020  9 17  5 27 31.820  0.00   8
   101718  40.500098 -124.329061    18.986        1.4       11.7       38.7      3.4      4.1      4.8 2020 10  7 21 52 58.220  0.00   8
   101724  40.499919 -124.329297    18.970      -18.6       -8.1       21.9      3.0      3.7      3.3 2020 10 11  9 41 33.180  0.00   8
   101728  40.500053 -124.328971    18.971        9.0        6.8       23.7      3.6      3.1      4.2 2020 10 15 13 44 48.000  0.00   8
   101733  40.500972 -124.328581    18.937       42.1      108.9      -11.2      5.6      6.5      4.6 2020 11  3  4 30  4.000  0.00   8
   101734  40.500094 -124.329183    18.948       -9.0       11.3        0.3      3.3      3.7      3.6 2020 11  4 22  3 31.060  0.00   8
   101738  40.499235 -124.329362    19.003      -24.1      -84.0       55.6      4.0      4.4      4.8 2020 11  7  6 52 27.340  0.00   8
   101769  40.499723 -124.329183    18.984       -9.0      -29.8       36.0      2.9      3.6      4.6 2021  2  6 17  0 25.160  0.00   8
   101805  40.500106 -124.330094    18.996      -86.2       12.7       47.8      4.7      2.8      4.0 2021  6  2 10 32 38.320  0.00   8
   101815  40.499666 -124.329468    19.029      -33.1      -36.1       81.5      3.6      4.4      5.3 2021  6 30 19 26 57.240  0.00   8
   101821  40.499752 -124.329411    19.013      -28.3      -26.7       65.4      3.3      3.9      4.7 2021  7  1  7  7  5.600  0.00   8
   101827  40.499825 -124.328776    19.033       25.5      -18.5       84.9      4.1      4.5      6.1 2021  7  2 19 32  9.360  0.00   8
   101830  40.499764 -124.329362    19.014      -24.1      -25.3       66.5      3.5      3.9      4.7 2021  7  5 10  0 14.660  0.00   8
   101831  40.499748 -124.329110    18.975       -2.8      -27.1       27.5      3.1      3.5      4.0 2021  7  7  0 19 55.420  0.00   8
   101847  40.500024 -124.328752    19.009       27.6        3.6       61.4      4.6      3.6      4.9 2021  7 29  7 37 32.960  0.00   8
   101849  40.500338 -124.328898    18.999       15.2       38.4       51.6      4.2      3.4      3.5 2021  8 10 19 29 16.640  0.00   8
   101851  40.500126 -124.328841    18.975       20.0       14.9       27.4      4.1      3.3      4.0 2021  8 11 11  7 46.760  0.00   8
   101854  40.500069 -124.329240    18.964      -13.8        8.6       15.8      3.6      2.8      3.6 2021  8 16  7 26  5.700  0.00   8
   101857  40.499609 -124.329159    18.985       -6.9      -42.5       37.5      3.2      3.8      5.0 2021  8 26 21 53 11.220  0.00   8
   101872  40.500090 -124.329313    19.004      -20.0       10.8       56.4      4.9      5.3      4.3 2021 10 13  0 53 49.860  0.00   8
   101877  40.499866 -124.329175    18.968       -8.3      -14.0       20.4      3.7      3.6      4.5 2021 10 24  3 28  2.920  0.00   8
   101883  40.499764 -124.329305    19.015      -19.3      -25.3       66.9      3.5      4.0      4.8 2021 11 22 12  1 21.520  0.00   8
   101888  40.500358 -124.328809    18.952       22.8       40.7        4.2      4.8      4.3      2.8 2021 12  3 11 16  4.320  0.00   8
   101889  40.500997 -124.328271    19.042       68.3      111.6       94.1      4.4      6.6      7.0 2021 12 11  8 24 10.240  0.00   8
   101891  40.500338 -124.328223    19.004       72.4       38.4       56.2      4.8      4.2      4.6 2021 12 17  4 15 33.120  0.00   8
   101897  40.499394 -124.330176    18.965      -93.1      -66.4       16.8      4.0      3.7      3.3 2021 12 20 23 21 40.620  0.00   8
   101902  40.499495 -124.330111    18.965      -87.6      -55.1       17.0      3.7      3.3      3.2 2021 12 21  0 28  2.920  0.00   8
   101903  40.499593 -124.329875    18.976      -67.6      -44.3       28.0      3.4      3.1      3.7 2021 12 21  0  6 57.220  0.00   8
   101905  40.499483 -124.330160    18.963      -91.7      -56.5       15.1      3.7      3.3      3.1 2021 12 21  0  5 32.380  0.00   8
   101910  40.499837 -124.329744    18.996      -56.6      -17.2       48.0      4.8      3.7      4.5 2021 12 21  4 55 49.020  0.00   8
   101918  40.496342 -124.332275    18.533     -271.1     -405.3     -414.6      7.3      7.7      8.7 2021 12 21  5 44 49.760  0.00   8
   101919  40.500566 -124.332935    19.510     -327.0       63.7      562.5     10.7     21.4     18.1 2021 12 21 13 49 48.060  0.00   8
   101921  40.499569 -124.329720    18.971      -54.5      -47.0       22.9      3.6      3.2      3.7 2021 12 22 13 40 52.240  0.00   8
   101931  40.499500 -124.329785    18.957      -60.0      -54.7        8.8      3.6      3.4      3.1 2021 12 26  0 16 30.600  0.00   8
   101946  40.499520 -124.330868    18.920     -151.8      -52.4      -27.5      4.7      3.7      5.4 2022  1  1  6 53 17.640  0.00   8
   101948  40.499862 -124.329810    18.918      -62.1      -14.5      -29.3      4.7      2.2      4.0 2022  1  1  1 52 43.980  0.00   8
   101951  40.499337 -124.330884    18.905     -153.1      -72.7      -43.2      4.8      3.8      5.2 2022  1  1  1 53 23.840  0.00   8
   101952  40.499325 -124.330794    18.905     -145.6      -74.1      -43.0      4.7      3.8      5.1 2022  1  1  1 48 34.900  0.00   8
   101953  40.499243 -124.331437    18.928     -200.1      -83.1      -19.7      5.4      4.3      4.7 2022  1  1  9 41  8.920  0.00   8
   101954  40.499475 -124.331030    18.929     -165.6      -57.4      -18.4      4.7      3.8      5.5 2022  1  1  2  2 56.520  0.00   8
   101955  40.499276 -124.331372    18.924     -194.5      -79.5      -23.6      5.4      4.2      4.7 2022  1  1  4 12 15.740  0.00   8
   101958  40.499414 -124.333040    18.926     -336.0      -64.2      -21.8      8.6      4.9      6.6 2022  1  1 13 49 11.080  0.00   8
   101965  40.499255 -124.331299    18.931     -188.3      -81.8      -17.1      5.2      4.2      4.6 2022  1  2  6 49  8.980  0.00   8
   101966  40.499548 -124.330680    18.962     -135.9      -49.3       14.6      3.8      2.3      2.9 2022  1  2  1 53 53.080  0.00   8
   101968  40.499369 -124.333252    18.942     -353.9      -69.1       -5.9      8.8      5.1      5.3 2022  1  2 16 10 44.740  0.00   8
   101969  40.498987 -124.332967    18.952     -329.7     -111.6        4.6      8.3      6.6      5.7 2022  1  2 16  2 56.640  0.00   8
   101979  40.499902 -124.329240    18.970      -13.8       -9.9       21.9      3.2      3.0      3.5 2022  1  6  4  7 28.080  0.00   8
   102007  40.499060 -124.333154    18.997     -345.6     -103.5       49.4      7.7      5.2      4.2 2022  1 27 21 16 13.540  0.00   8
   102014  40.500008 -124.329199    18.984      -10.3        1.8       36.2      4.0      3.4      4.0 2022  2  8  2  4 12.560  0.00   8
   102020  40.499902 -124.329020    18.984        4.8       -9.9       36.1      3.4      2.9      4.4 2022  2 17 23 16 42.540  0.00   8
   102021  40.499858 -124.329321    18.965      -20.7      -14.9       17.2      3.5      2.2      3.4 2022  2 18 15 33 38.900  0.00   8
   102023  40.500403 -124.328101    19.008       82.8       45.6       60.3      4.9      4.5      4.7 2022  2 19  2 24 48.480  0.00   8
   102028  40.500289 -124.328662    19.001       35.2       33.0       52.9      4.5      3.7      5.0 2022  2 24 10 41 46.260  0.00   8
   102030  40.499849 -124.329744    18.984      -56.6      -15.8       36.6      5.1      3.5      4.1 2022  2 25 16  6  5.320  0.00   8
   102034  40.500069 -124.328833    19.001       20.7        8.6       53.0      5.1      5.7      6.6 2022  3  5  7 24 47.280  0.00   8
   102035  40.499841 -124.329810    18.984      -62.1      -16.7       35.8      3.8      3.2      4.2 2022  3  6 14 41 27.160  0.00   8
   102037  40.499019 -124.321370    18.777      653.3     -108.0     -171.2      5.6      3.4      4.8 2022  3  8 15  5 38.280  0.00   8
   102041  40.499691 -124.329614    19.026      -45.5      -33.4       77.8      5.0      3.6      5.9 2022  3 11  3 55 17.340  0.00   8
   102047  40.499284 -124.330444    18.938     -115.9      -78.6       -9.5      8.8      6.2      6.5 2022  3 21 15 25 14.340  0.00   8
   102049  40.499817 -124.329272    18.976      -16.6      -19.4       28.2      5.1      4.8      5.0 2022  3 23 12 32  3.000  0.00   8
   102050  40.498779 -124.321672    18.803      627.8     -134.6     -144.9     10.7      4.2      6.6 2022  3 23 20  8 19.980  0.00   8
   102052  40.499927 -124.329557    18.992      -40.7       -7.2       44.1      3.9      3.2      4.2 2022  3 29 23 38  9.800  0.00   8
   102053  40.499947 -124.328931    18.983       12.4       -5.0       35.3      3.9      2.4      4.3 2022  3 30  8 35 44.720  0.00   8
   102054  40.500130 -124.329655    18.914      -49.0       15.4      -34.2      4.2      3.9      5.3 2022  4  2  3 33 15.280  0.00   8
   102055  40.499019 -124.321802    18.710      616.7     -108.0     -238.0      5.2      3.2      3.4 2022  4  7 11 10  9.600  0.00   8
   102057  40.499137 -124.330542    18.912     -124.2      -94.9      -36.1      8.9      5.3      6.1 2022  4  9 14 38 19.420  0.00   8
   102058  40.499626 -124.330070    18.948      -84.2      -40.7        0.1      8.3      6.1      7.1 2022  4 10  8 30  7.000  0.00   8
   102059  40.500045 -124.328735    18.953       29.0        5.9        5.7      5.7      5.4      6.0 2022  4 11  4 53 23.600  0.00   8
   102060  40.500077 -124.329248    18.977      -14.5        9.5       28.9      3.6      2.7      3.4 2022  4 13  9 17 30.040  0.00   8
   102061  40.500008 -124.329077    19.008        0.0        1.8       60.3      4.4      3.9      5.0 2022  4 13  9 32  6.260  0.00   8
   102065  40.499752 -124.332446    18.967     -285.6      -26.7       19.4      6.5      4.5      3.9 2022  4 15 14 22 29.140  0.00   8
   102069  40.498775 -124.321769    18.792      619.5     -135.1     -155.9     10.8      3.5      6.3 2022  4 18 12 12 46.380  0.00   8
   102081  40.499727 -124.328605    18.929       40.0      -29.4      -18.4      5.6      5.9      7.0 2022  5 11 10 37  1.000  0.00   8
   102089  40.499581 -124.329118    19.045       -3.4      -45.6       97.2      3.4      4.3      7.1 2022  5 20 16 20 39.280  0.00   8
   102091  40.498775 -124.321932    18.786      605.7     -135.1     -162.2     11.1      3.6      6.4 2022  5 26  3 24 29.520  0.00   8
   102106  40.500073 -124.329378    18.950      -25.5        9.0        2.6      3.9      3.0      3.5 2022  6 28  9 45 35.360  0.00   8
   102110  40.499727 -124.329598    19.035      -44.1      -29.4       86.9      3.5      3.0      5.4 2022  7  5  3 23  4.960  0.00   8
   102117  40.496244 -124.332088    18.536     -255.2     -416.1     -412.2     10.5      9.6      9.5 2022  7 25  4 29 34.600  0.00   8
   102120  40.500216 -124.329134    18.996       -4.8       24.9       47.9      3.7      3.3      4.1 2022  8  2 10 25  0.900  0.00   8
   102123  40.500085 -124.329215    18.963      -11.7       10.4       15.6      3.6      2.9      3.6 2022  8 13  6  7  5.240  0.00   8
   102126  40.500081 -124.329207    18.963      -11.0        9.9       14.9      3.6      2.8      3.6 2022  8 21 11 27 27.640  0.00   8
   102132  40.499756 -124.328662    18.931       35.2      -26.2      -17.2      7.2      7.5      9.1 2022  8 29 18 57 44.560  0.00   8
   102133  40.499723 -124.329126    19.017       -4.1      -29.8       69.0      4.4      3.4      6.2 2022  8 30  9 26 56.220  0.00   8
   102134  40.499382 -124.332715    18.992     -308.4      -67.8       44.1      8.1      5.2      4.1 2022  9 11 22  1 21.540  0.00   8
   102135  40.500118 -124.329045    18.971        2.8       14.0       23.7      3.7      3.1      3.3 2022  9 12  8 29 28.620  0.00   8
   102136  40.498918 -124.333236    18.998     -352.5     -119.3       50.6      7.3      5.4      5.6 2022  9 12  3 52 43.340  0.00   8
   102137  40.500081 -124.329004    18.986        6.2        9.9       38.4      3.8      3.0      3.7 2022  9 18  1 49 24.880  0.00   8
   102142  40.499414 -124.329346    19.013      -22.8      -64.2       65.4      4.3      4.6      6.0 2022 10  4  5 42 14.320  0.00   8
   102145  40.500806 -124.327954    18.968       95.2       90.4       20.3      6.2      5.4      4.0 2022 10  7  7 48  9.680  0.00   8
   102147  40.499569 -124.329020    19.051        4.8      -47.0      103.5      4.4      4.2      7.5 2022 10 11 18 50 44.380  0.00   8
   102148  40.500960 -124.327832    18.986      105.5      107.5       38.1      6.8      6.3      5.4 2022 10 13 13 50 24.820  0.00   8
   102154  40.500224 -124.328914    18.965       13.8       25.8       17.4      4.2      3.4      3.3 2022 11 12 14 35 34.340  0.00   8
   102155  40.500195 -124.328890    18.976       15.9       22.6       28.5      3.9      3.5      3.0 2022 11 14  8 51 17.180  0.00   8
   102157  40.499866 -124.329118    18.976       -3.4      -14.0       28.6      3.1      3.0      3.8 2022 11 15  9 35 43.080  0.00   8
   102159  40.499809 -124.331177    18.912     -178.0      -20.3      -36.1      9.5      7.6      8.3 2022 11 16  5 58 41.520  0.00   8
   102162  40.499719 -124.329403    18.967      -27.6      -30.3       19.7      3.8      3.3      2.7 2022 11 19 19 26 21.640  0.00   8
   102164  40.499976 -124.329142    18.974       -5.5       -1.8       25.8      3.4      2.9      3.5 2022 11 20  8 52 54.700  0.00   8
   102166  40.500566 -124.328068    19.010       85.5       63.7       62.5      6.9      6.3      6.1 2022 11 20 12 22 50.880  0.00   8
   102174  40.500024 -124.328931    18.982       12.4        3.6       34.5      3.8      3.9      4.2 2022 11 30  2  8  2.960  0.00   8
   110299  40.500114 -124.328923    18.946       13.1       13.6       -1.5      3.2      2.6      3.3 2023  2  9 16 51 34.400  0.90   8
