   107464  40.380798 -124.528499    27.740       -1.4       -2.7       -0.0      0.1      0.1      0.1 2020  3 18 22 14 12.440  0.00  25
   107467  40.380798 -124.528499    27.740       -1.4       -2.7       -0.0      0.1      0.1      0.1 2020  3 18 22 40  6.880  0.00  25
   107472  40.380798 -124.528499    27.740       -1.4       -2.7       -0.1      0.2      0.3      0.3 2020  5 10 13 14  2.440  0.00  25
   107473  40.380798 -124.528507    27.740       -2.1       -2.7        0.0      0.1      0.3      0.2 2020  5 16 23  7 35.120  0.00  25
   107476  40.380798 -124.528499    27.740       -1.4       -2.7       -0.1      0.1      0.2      0.2 2020  7  2  4  6 42.660  0.00  25
   107481  40.380798 -124.528507    27.740       -2.1       -2.7        0.0      0.0      0.1      0.0 2020  7 20 23 54 26.140  0.00  25
   107482  40.380798 -124.528507    27.740       -2.1       -2.7        0.0      0.1      0.1      0.1 2020  8  4  9 35 27.100  0.00  25
   107484  40.380798 -124.528507    27.740       -2.1       -2.7        0.0      0.1      0.1      0.1 2020  8 22  1  0 17.680  0.00  25
   107487  40.380798 -124.528507    27.740       -2.1       -2.7        0.0      0.0      0.1      0.0 2020 10 27 18 56  9.260  0.00  25
   107488  40.380798 -124.528499    27.740       -1.4       -2.7       -0.0      0.1      0.1      0.1 2020 10 29 16 48 21.620  0.00  25
   107491  40.380798 -124.528499    27.740       -1.4       -2.7       -0.0      0.1      0.2      0.1 2020 11 15  6 10 39.440  0.00  25
   107492  40.380798 -124.528507    27.740       -2.1       -2.7        0.0      0.1      0.1      0.1 2020 11 15  4 31  1.960  0.00  25
   107494  40.380798 -124.528507    27.740       -2.1       -2.7        0.0      0.0      0.1      0.1 2020 12 21  0 56 26.380  0.00  25
   107496  40.380798 -124.528507    27.740       -2.1       -2.7        0.0      0.1      0.1      0.1 2020 12 26 18 49 37.200  0.00  25
   107497  40.380798 -124.528507    27.740       -2.1       -2.7        0.0      0.1      0.1      0.1 2021  3 13 10 10  5.340  0.00  25
   107498  40.380798 -124.528499    27.740       -1.4       -2.7       -0.1      0.1      0.2      0.2 2021  4  8 21 40 58.200  0.00  25
   107506  40.380798 -124.528499    27.740       -1.4       -2.7       -0.0      0.1      0.2      0.1 2021  6  2  5  7 25.060  0.00  25
   107507  40.380798 -124.528507    27.740       -2.1       -2.7        0.0      0.1      0.1      0.1 2021  6  8 16 30  4.700  0.00  25
   107514  40.380798 -124.528507    27.740       -2.1       -2.7        0.0      0.1      0.1      0.1 2021 10 23  4 40  5.460  0.00  25
   107515  40.380798 -124.528507    27.740       -2.1       -2.7        0.0      0.1      0.1      0.1 2021 10 29 15 30 15.320  0.00  25
   107516  40.380798 -124.528507    27.740       -2.1       -2.7        0.0      0.1      0.1      0.1 2021 10 29 14 41 45.020  0.00  25
   107518  40.380798 -124.528499    27.740       -1.4       -2.7       -0.0      0.1      0.1      0.1 2021 10 31 14 53 45.320  0.00  25
   107519  40.380798 -124.528499    27.740       -1.4       -2.7       -0.0      0.1      0.1      0.1 2021 10 31 14 28 41.000  0.00  25
   107524  40.380798 -124.528499    27.740       -1.4       -2.7       -0.0      0.1      0.1      0.1 2021 11 22  7 24 49.740  0.00  25
   107525  40.380798 -124.528507    27.740       -2.1       -2.7        0.0      0.0      0.1      0.0 2021 11 22  4  0 43.140  0.00  25
   107526  40.380798 -124.528507    27.740       -2.1       -2.7        0.0      0.0      0.1      0.1 2021 11 29 14  6 53.300  0.00  25
   107527  40.380798 -124.528507    27.740       -2.1       -2.7        0.0      0.1      0.1      0.1 2021 12  3  5 48 40.960  0.00  25
   107528  40.380798 -124.528507    27.740       -2.1       -2.7        0.0      0.1      0.1      0.1 2021 12 13 23 35 57.160  0.00  25
   107533  40.380798 -124.528499    27.740       -1.4       -2.7       -0.0      0.1      0.2      0.2 2022  2  8 12 54 35.300  0.00  25
   107538  40.380798 -124.528499    27.740       -1.4       -2.7       -0.0      0.1      0.1      0.1 2022  3 19 23 26 39.880  0.00  25
   107539  40.380798 -124.528507    27.740       -2.1       -2.7        0.0      0.1      0.1      0.1 2022  3 20 13 12 27.460  0.00  25
   107541  40.380798 -124.528507    27.740       -2.1       -2.7        0.1      0.2      0.5      0.4 2022  4  5  0 55 37.240  0.00  25
   107544  40.380798 -124.528499    27.740       -1.4       -2.7       -0.0      0.1      0.1      0.1 2022  5 10 16 59 43.560  0.00  25
   107545  40.380798 -124.528499    27.740       -1.4       -2.7       -0.0      0.1      0.1      0.1 2022  5 10 16 14 58.500  0.00  25
   107546  40.380798 -124.528507    27.740       -2.1       -2.7        0.0      0.1      0.1      0.1 2022  5 13 23 15  7.460  0.00  25
   107547  40.380798 -124.528499    27.740       -1.4       -2.7       -0.1      0.1      0.2      0.2 2022  5 22 20 33 55.540  0.00  25
   107548  40.380798 -124.528507    27.740       -2.1       -2.7        0.0      0.1      0.1      0.1 2022  5 30  1 43 50.600  0.00  25
   107556  40.380798 -124.528507    27.740       -2.1       -2.7        0.0      0.0      0.1      0.1 2022  8 11 16 19 20.340  0.00  25
   107557  40.380798 -124.528507    27.740       -2.1       -2.7        0.0      0.1      0.1      0.1 2022  8 12 23 24 23.280  0.00  25
   107558  40.380798 -124.528507    27.740       -2.1       -2.7        0.0      0.1      0.1      0.1 2022  8 14 12 51 42.480  0.00  25
   107559  40.380798 -124.528499    27.740       -1.4       -2.7       -0.0      0.1      0.1      0.1 2022  9 21 13 36 27.500  0.00  25
   107560  40.380798 -124.528499    27.740       -1.4       -2.7       -0.0      0.1      0.2      0.1 2022  9 26 23 50 11.680  0.00  25
   107567  40.380798 -124.528507    27.740       -2.1       -2.7        0.0      0.0      0.1      0.1 2022  9 26 23  9 34.060  0.00  25
   107571  40.380798 -124.528507    27.740       -2.1       -2.7        0.0      0.1      0.1      0.1 2022 11 14 17  2 42.680  0.00  25
   110438  40.380798 -124.528499    27.740       -1.4       -2.7       -0.0      0.1      0.2      0.1 2023  3  4 21 15 32.500  1.55  25
