   100575  40.368697 -124.459733    17.756     -776.2     -677.3     -802.4      1.3      2.1      1.2 2020  1  3 15 57 51.560  0.00  30
   100576  40.368123 -124.459839    17.743     -785.2     -741.0     -816.0      1.4      2.4      1.8 2020  1 14  1  9 31.340  0.00  30
   100577  40.368351 -124.460083    17.719     -805.9     -715.7     -839.8      1.3      1.8      1.6 2020  2 16  2 38  6.780  0.00  30
   100578  40.367806 -124.459782    17.776     -780.3     -776.2     -782.7      1.1      1.8      1.3 2020  2 28  7 47  9.140  0.00  30
   100580  40.367928 -124.459863    17.767     -787.2     -762.7     -791.5      1.0      1.6      1.4 2020  3 24 20 10 18.920  0.00  30
   100581  40.368018 -124.459814    17.766     -783.1     -752.8     -792.6      1.3      2.2      1.6 2020  5  4 10 41 42.840  0.00  30
   100582  40.368014 -124.459847    17.761     -785.8     -753.2     -797.9      1.3      2.0      1.5 2020  5 13  5 11 45.540  0.00  30
   100583  40.368184 -124.459766    17.764     -778.9     -734.2     -795.2      1.3      1.8      1.7 2020  6  9 10 47  6.140  0.00  30
   100584  40.368119 -124.459814    17.760     -783.1     -741.5     -798.7      1.1      1.7      1.4 2020  6 13  7  8 34.340  0.00  30
   100587  40.367997 -124.459823    17.765     -783.8     -755.0     -793.4      0.8      1.7      1.3 2020  8 20 18 40 55.160  0.00  30
   100588  40.367997 -124.459831    17.769     -784.5     -755.0     -790.1      1.4      2.1      1.8 2020  9 12 21 54 44.740  0.00  30
   100589  40.367985 -124.459831    17.768     -784.5     -756.4     -790.6      1.2      1.8      1.6 2020  9 12 21 37 16.080  0.00  30
   100590  40.368111 -124.459790    17.763     -781.0     -742.4     -796.2      1.1      1.5      1.2 2020 11 29 17 24 14.040  0.00  30
   100591  40.367896 -124.459863    17.770     -787.2     -766.3     -788.6      1.5      1.9      1.7 2021  4 17 10 27 49.580  0.00  30
   100592  40.367936 -124.459823    17.770     -783.8     -761.8     -789.3      1.4      1.8      1.7 2021  4 26 21 46 39.180  0.00  30
   100593  40.367900 -124.459928    17.767     -792.8     -765.9     -791.5      1.2      1.9      1.6 2021  5 11 12 13 44.620  0.00  30
   100594  40.367883 -124.459831    17.771     -784.5     -767.7     -787.8      0.9      1.5      1.2 2021  5 20  1 35 27.000  0.00  30
   100595  40.369446 -124.460409    17.673     -833.5     -594.2     -885.4      1.8      2.7      2.4 2021  6 15 11 27 24.780  0.00  30
   100596  40.368896 -124.459912    17.730     -791.4     -655.2     -828.4      1.2      2.1      1.4 2021  6 15 11 31  8.000  0.00  30
   100597  40.368160 -124.460107    17.736     -808.0     -736.9     -823.1      1.1      1.7      1.2 2021  6 15 11 58 52.480  0.00  30
   100598  40.368140 -124.460042    17.726     -802.4     -739.2     -833.2      0.9      2.2      1.5 2021  6 15 13  9 16.300  0.00  30
   100600  40.369112 -124.460059    17.717     -803.8     -631.2     -841.4      1.5      2.5      1.7 2021  8 12 11 50 12.180  0.00  30
   100602  40.369222 -124.459985    17.721     -797.6     -619.0     -837.6      1.4      2.6      1.7 2021  9 15  3 21  7.320  0.00  30
   100603  40.367737 -124.460026    17.756     -801.1     -783.9     -802.9      1.3      2.0      1.2 2021  9 24  8 15 17.120  0.00  30
   100604  40.368213 -124.459888    17.726     -789.3     -731.1     -833.1      1.7      2.2      2.0 2021 10 10 16 46 24.120  0.00  30
   100605  40.368245 -124.460360    17.682     -829.4     -727.4     -877.0      2.3      3.5      3.1 2021 10 29  1 24 55.020  0.00  30
   100606  40.368245 -124.460360    17.682     -829.4     -727.4     -877.0      2.4      3.6      3.1 2021 11  8 10 41 50.820  0.00  30
   100607  40.368188 -124.460278    17.731     -822.5     -733.8     -827.8      1.3      1.8      1.4 2021 11 15  1 46 35.440  0.00  30
   100610  40.368616 -124.460148    17.693     -811.4     -686.3     -865.7      1.7      2.5      2.2 2021 12 31 10  4 37.000  0.00  30
   100611  40.367989 -124.459928    17.754     -792.8     -755.9     -805.1      1.4      2.3      1.4 2022  3 22 11  4 35.800  0.00  30
   100612  40.368266 -124.460018    17.741     -800.4     -725.2     -817.9      1.1      2.2      1.3 2022  6  5  8 21 59.320  0.00  30
   100613  40.367989 -124.459977    17.748     -796.9     -755.9     -811.1      1.5      2.3      1.4 2022  8 17  5  6 21.800  0.00  30
   100614  40.367896 -124.459757    17.771     -778.2     -766.3     -787.8      1.3      1.9      1.5 2022  8 21  5 51  8.080  0.00  30
   100615  40.367896 -124.459806    17.773     -782.4     -766.3     -786.2      1.0      1.8      1.4 2022 10 25 21 20 54.620  0.00  30
   106864  40.405408 -124.414502    25.158     3064.4     3399.1     6599.5      1.5      2.0      1.4 2021 10  4  7 13 43.640  0.00  30
   106865  40.404696 -124.414380    25.193     3074.8     3320.1     6634.3      3.9      6.6      2.4 2021 12 21 23 35 58.700  0.00  30
   106871  40.405839 -124.414412    25.150     3072.0     3447.0     6590.7      3.7      6.1      2.5 2022 11 22 23  5 32.660  0.00  30
   109433  40.412207 -124.398722    19.914     4404.0     4154.1     1355.3      3.2      3.3      3.0 2021 12 22  1 59 55.300  0.00  30
   109434  40.412447 -124.398820    19.870     4395.7     4180.8     1311.5      4.0      4.3      3.6 2022  4 16 21  8 59.900  0.00  30
   110289  40.368856 -124.460400    17.697     -832.8     -659.7     -862.3      1.8      2.6      2.1 2023  1 26 21 33 28.920  1.26  30
   110418  40.405607 -124.417277    24.915     2828.8     3421.3     6356.5      2.6      6.0      3.3 2023  2 15 12  9 12.570  0.98  30
   110621  40.413501 -124.397241    19.949     4529.7     4297.8     1390.7      3.3      3.3      3.0 2023  2 12 15 30 31.930  3.14  30
