   104513  40.405851 -124.347591    28.333     -947.9     1601.3     -454.3     22.8     15.8     22.4 2020  1 21  3  0 13.680  0.00  57
   104515  40.407080 -124.351074    28.564    -1243.6     1737.7     -223.5     12.8     12.5      8.9 2020  7 27  8 38 54.500  0.00  57
   104516  40.407939 -124.350667    28.593    -1209.0     1833.1     -194.0      5.8      7.6      4.9 2021  5  6 16  3 56.100  0.00  57
   104518  40.407182 -124.351131    28.573    -1248.4     1749.0     -214.4     13.8     11.9      7.8 2021  5 21  0  9 12.220  0.00  57
   104520  40.408468 -124.350684    28.621    -1210.4     1891.8     -166.7      7.8     12.0      7.7 2021 12 20 21 40 27.420  0.00  57
   104521  40.404972 -124.352132    28.726    -1333.4     1503.7      -61.7     20.9     19.1     21.6 2022  1  6  1  8 41.420  0.00  57
   104522  40.406706 -124.351099    28.568    -1245.6     1696.2     -219.6     11.4     13.3     11.2 2022  8 10  4 54 15.660  0.00  57
   108928  40.379451 -124.325716    28.955      909.4    -1330.2      167.3     11.1     10.2      9.5 2020  8 18  7 42 21.560  0.00  57
   108931  40.378646 -124.325993    28.929      885.9    -1419.7      141.3     15.2     19.1     10.0 2021 11  3  1  3 27.500  0.00  57
   108935  40.379513 -124.325879    28.897      895.6    -1323.4      110.1     13.4     12.7     13.6 2021 12 20 23 44 13.940  0.00  57
   108936  40.380005 -124.325977    28.954      887.3    -1268.7      166.5     11.0     12.8     10.5 2021 12 20 20 20  4.260  0.00  57
   108937  40.378878 -124.325724    28.929      908.7    -1393.9      141.9     14.6     17.8      9.4 2021 12 20 20 39 20.900  0.00  57
   108940  40.379484 -124.325114    28.889      960.5    -1326.6      101.6     14.1     28.0     13.8 2021 12 20 23 54 29.040  0.00  57
   108946  40.379801 -124.325635    28.912      916.3    -1291.3      125.0     15.6     20.0     12.3 2021 12 22  6 16 37.920  0.00  57
   108949  40.379846 -124.325822    28.946      900.4    -1286.4      158.3     11.0     12.5     10.1 2021 12 23 21 58  8.480  0.00  57
   108950  40.379215 -124.325936    28.941      890.7    -1356.4      154.1     11.3     12.6     10.9 2021 12 23 10 55 57.180  0.00  57
   108955  40.379956 -124.325008    28.883      969.5    -1274.2       95.4     13.4     16.2     18.4 2022  3  8 12 56 15.060  0.00  57
   110342  40.408663 -124.351522    28.598    -1281.6     1913.5     -189.3      7.1      8.1      5.2 2023  5 15 11 35 50.560  2.49  57
   110571  40.379399 -124.324894    28.950      979.2    -1336.1      162.7     10.1      6.4      9.6 2023  5 18 17 14 50.720  1.28  57
