   100528  40.555200 -124.663802     7.340        0.7        0.9        0.1     18.6     23.1     25.2 2020  2 16  4  7 45.440  0.00  51
   100537  40.555131 -124.663892     7.326       -6.9       -6.8      -14.3     26.6     52.5     36.8 2020  8  7  9 28 44.340  0.00  51
   100538  40.555139 -124.663892     7.325       -6.9       -5.9      -15.4     27.8     53.1     38.4 2020  8  7  9 28 26.060  0.00  51
   100540  40.555188 -124.663818     7.338       -0.7       -0.5       -1.9     17.1     21.6     23.3 2020  8 11 22 23 53.320  0.00  51
   100541  40.555192 -124.663810     7.339        0.0        0.0       -0.7     18.3     22.3     24.7 2020 10 21  2 37 32.940  0.00  51
   100542  40.555216 -124.663802     7.340        0.7        2.7       -0.4     18.9     26.2     25.6 2020 11  8  3 54 55.800  0.00  51
   100543  40.555245 -124.663737     7.351        6.2        5.9       10.7     31.5     51.4     43.3 2020 11  8  1 32 40.980  0.00  51
   100544  40.555151 -124.663916     7.322       -9.0       -4.5      -18.5     31.4     55.6     43.3 2020 12  2  8 33 33.620  0.00  51
   100545  40.555176 -124.663843     7.334       -2.8       -1.8       -6.2     18.8     31.4     26.0 2020 12 19 10  1 43.240  0.00  51
   100547  40.555155 -124.663835     7.335       -2.1       -4.1       -5.2     18.0     34.0     24.9 2021  3 27  3  7  8.420  0.00  51
   100551  40.555184 -124.663810     7.339        0.0       -0.9       -1.5     17.5     21.9     23.7 2021  6 13 21  6 52.180  0.00  51
   100552  40.555200 -124.663794     7.341        1.4        0.9        1.5     20.9     25.3     28.3 2021  8 10 10  7 37.160  0.00  51
   100553  40.555208 -124.663794     7.341        1.4        1.8        0.9     19.5     24.2     26.4 2021  8 19  2 14 36.260  0.00  51
   100560  40.555143 -124.663843     7.334       -2.8       -5.4       -6.2     19.3     30.6     26.3 2022  2 26  9 19 53.720  0.00  51
   100562  40.555103 -124.663900     7.323       -7.6       -9.9      -16.9     29.4     57.0     40.6 2022  4  5  4 37 52.080  0.00  51
   100563  40.555192 -124.663810     7.339        0.0        0.0       -0.9     18.3     22.2     24.6 2022  5 14 21 27 27.240  0.00  51
   100566  40.555200 -124.663802     7.341        0.7        0.9        0.7     20.1     25.5     27.2 2022  7 25  5  3 56.220  0.00  51
   100569  40.555111 -124.663900     7.324       -7.6       -9.0      -16.2     28.9     54.9     39.9 2022  9  4  5 45 54.000  0.00  51
   100570  40.555147 -124.663883     7.326       -6.2       -5.0      -14.0     26.7     49.2     36.8 2022  9  6  7  2 59.900  0.00  51
   100571  40.555184 -124.663794     7.341        1.4       -0.9        1.4     21.5     30.0     29.6 2022 11  6  5  3 49.800  0.00  51
   100572  40.555200 -124.663786     7.342        2.1        0.9        2.2     21.4     29.1     29.3 2022 11  6  4 45 38.900  0.00  51
   110288  40.555216 -124.663778     7.344        2.8        2.7        3.6     17.4     23.6     23.9 2023  5 29  5 41 15.670  1.33  51
