   100528  40.555204 -124.663794     7.341        1.4        1.4        0.8     17.7     22.5     24.0 2020  2 16  4  7 45.440  0.00  51
   100537  40.555017 -124.663997     7.307      -15.9      -19.4      -33.3     25.4     50.0     35.1 2020  8  7  9 28 44.340  0.00  51
   100538  40.555033 -124.664014     7.304      -17.2      -17.6      -35.8     26.5     50.6     36.6 2020  8  7  9 28 26.060  0.00  51
   100540  40.555168 -124.663826     7.336       -1.4       -2.7       -4.0     16.3     21.2     22.1 2020  8 11 22 23 53.320  0.00  51
   100541  40.555180 -124.663810     7.339        0.0       -1.4       -1.2     17.4     21.9     23.5 2020 10 21  2 37 32.940  0.00  51
   100542  40.555237 -124.663810     7.340        0.0        5.0       -0.4     18.0     25.3     24.4 2020 11  8  3 54 55.800  0.00  51
   100543  40.555318 -124.663647     7.366       13.8       14.0       25.8     29.9     49.1     41.1 2020 11  8  1 32 40.980  0.00  51
   100544  40.555058 -124.664062     7.297      -21.4      -14.9      -42.9     29.9     52.9     41.3 2020 12  2  8 33 33.620  0.00  51
   100545  40.555135 -124.663883     7.326       -6.2       -6.3      -14.1     17.9     29.9     24.7 2020 12 19 10  1 43.240  0.00  51
   100547  40.555086 -124.663867     7.328       -4.8      -11.7      -11.7     17.0     32.4     23.7 2021  3 27  3  7  8.420  0.00  51
   100551  40.555155 -124.663818     7.337       -0.7       -4.1       -3.0     16.7     21.5     22.5 2021  6 13 21  6 52.180  0.00  51
   100552  40.555208 -124.663778     7.344        2.8        1.8        3.9     19.9     24.5     27.0 2021  8 10 10  7 37.160  0.00  51
   100553  40.555221 -124.663786     7.343        2.1        3.2        2.5     18.6     23.5     25.2 2021  8 19  2 14 36.260  0.00  51
   100560  40.555062 -124.663883     7.326       -6.2      -14.5      -14.0     18.4     29.2     25.2 2022  2 26  9 19 53.720  0.00  51
   100562  40.554948 -124.664038     7.301      -19.3      -27.1      -39.3     28.1     54.2     38.8 2022  4  5  4 37 52.080  0.00  51
   100563  40.555180 -124.663810     7.338        0.0       -1.4       -1.6     17.4     21.7     23.4 2022  5 14 21 27 27.240  0.00  51
   100566  40.555208 -124.663794     7.342        1.4        1.8        2.1     19.1     24.7     25.8 2022  7 25  5  3 56.220  0.00  51
   100569  40.554968 -124.664022     7.302      -17.9      -24.9      -37.8     27.6     52.2     38.1 2022  9  4  5 45 54.000  0.00  51
   100570  40.555062 -124.663997     7.308      -15.9      -14.5      -32.4     25.4     46.8     35.1 2022  9  6  7  2 59.900  0.00  51
   100571  40.555164 -124.663778     7.344        2.8       -3.2        3.8     20.3     28.9     28.0 2022 11  6  5  3 49.800  0.00  51
   100572  40.555208 -124.663770     7.346        3.4        1.8        5.8     20.3     28.1     27.8 2022 11  6  4 45 38.900  0.00  51
   110288  40.555245 -124.663753     7.348        4.8        5.9        8.0     16.6     22.6     22.7 2023  5 29  5 41 15.670  1.33  51
