   106452  40.707300 -124.368034    23.849     -210.4      487.1    -1118.6     94.0     70.8    101.3 2021  2 24  1 13  1.120  0.00  71
   106453  40.706934 -124.369246    23.828     -312.9      446.4    -1139.3    120.0     82.2    109.7 2021  6  9  4 11 41.800  0.00  71
   106454  40.707092 -124.368465    23.799     -246.9      464.1    -1168.5     99.3     80.4    108.5 2021  6 15  1 44 36.180  0.00  71
   106455  40.707581 -124.369320    25.897     -319.1      518.3      929.5     77.8     82.8    159.6 2021  9 20  7 30 52.220  0.00  71
   106456  40.706816 -124.369718    25.123     -352.8      433.3      156.0    116.5     95.3    287.4 2021  9 22  9 23  9.220  0.00  71
   106457  40.706665 -124.369271    24.469     -315.0      416.6     -498.1    152.2     56.5    380.4 2021  9 26 15 38 26.700  0.00  71
   106458  40.706335 -124.368091    23.956     -215.3      380.0    -1011.2    127.1     98.1    120.0 2021 12 28  4 59 52.400  0.00  71
   106459  40.707275 -124.369548    25.403     -338.4      484.4      435.8     96.4     90.7    230.4 2022  8  5  4  2 33.760  0.00  71
   106470  40.684387 -124.350033    28.819     1311.1    -2057.3     3851.9    109.9    105.8    143.8 2021  6 27 14 23 24.780  0.00  71
   110401  40.707324 -124.368848    23.933     -279.2      489.8    -1034.3     63.4     52.1     65.7 2023  1 19  3  6 27.480  1.40  71
   110402  40.684188 -124.352018    29.168     1143.2    -2079.4     4200.9    109.8    106.0    140.3 2023  2 17  9 24 34.670  1.19  71
