   105415  40.279806 -124.509220    18.718       -2.1        1.4       28.3     99.5    212.9    285.5 2020 10 14 15 34 41.400  0.00  67
   105416  40.279793 -124.509180    18.680        1.4        0.0      -10.1     67.6    146.0    143.3 2021  4  1  8 19  1.020  0.00  67
   105417  40.278923 -124.509342    18.724      -12.5      -96.7       34.4    106.3    306.0    182.0 2021  5 26 14 28  8.260  0.00  67
   105420  40.279826 -124.509196    18.698        0.0        3.6        7.9     97.7    132.8    181.8 2021 11  1  8 47 28.700  0.00  67
   105423  40.278512 -124.509448    18.734      -21.5     -142.3       43.6    150.4    323.7    250.1 2021 12 21 13 39 48.980  0.00  67
   105425  40.279879 -124.509196    18.689        0.0        9.5       -1.1    100.2    170.8    154.6 2021 12 29 15 42 35.260  0.00  67
   105426  40.279997 -124.509155    18.688        3.5       22.6       -2.2    101.9    222.4    232.1 2021 12 29 15 33 22.240  0.00  67
   105431  40.279749 -124.509212    18.690       -1.4       -5.0        0.4     92.4    159.7    160.1 2022  2  7  7 47 12.980  0.00  67
   105432  40.279948 -124.509163    18.684        2.8       17.2       -6.0     80.2    194.6    136.0 2022  2  7 14 35 53.840  0.00  67
   105435  40.279838 -124.509188    18.678        0.7        5.0      -12.1     82.2    128.9    175.6 2022  5 14 19 48 33.060  0.00  67
   105436  40.279761 -124.509180    18.677        1.4       -3.6      -12.9     70.6    225.6    223.5 2022  5 14 20  5 32.740  0.00  67
   105438  40.280607 -124.508993    18.619       17.3       90.4      -70.5    128.8    175.4    258.8 2022  8  1 20 28 59.300  0.00  67
   105440  40.279765 -124.509204    18.684       -0.7       -3.2       -5.6     77.8    150.4    165.3 2022 11  5 20 49 14.100  0.00  67
   110371  40.279826 -124.509196    18.688        0.0        3.6       -1.9     70.3    135.0    120.5 2023  3 11  3 37 51.890  1.01  67
