   104481  40.457886 -124.594132    15.401     1521.6     2132.7     -694.2     20.7     18.5     52.2 2020  3 18 23  8 26.040  0.00  33
   104487  40.457446 -124.595475    14.570     1407.7     2083.9    -1524.9      9.4     14.7     21.8 2020 10  8  1 55 57.720  0.00  33
   104490  40.457117 -124.594157    15.468     1519.5     2047.3     -627.3     18.2     20.7     17.2 2021  5  6 21 17  8.520  0.00  33
   104492  40.456722 -124.595117    14.793     1438.1     2003.4    -1301.6     11.9     21.6     52.2 2021  5 22 23 14 19.040  0.00  33
   104497  40.457365 -124.595662    14.749     1391.8     2074.8    -1345.8      7.5     11.1     16.7 2021  9 11  3  0 21.140  0.00  33
   104498  40.456486 -124.595793    15.005     1380.8     1977.2    -1089.9      8.6     11.9     20.3 2021  9 11  3  1  4.800  0.00  33
   104499  40.457279 -124.594759    14.999     1468.4     2065.3    -1096.0     14.2     13.2     35.2 2021 11 16  9  0 22.520  0.00  33
   104500  40.456559 -124.595166    15.058     1433.9     1985.4    -1036.4     12.6     19.4     31.7 2021 12 10 12 25 58.640  0.00  33
   104501  40.457182 -124.595125    14.928     1437.4     2054.5    -1166.5     10.7     13.4     30.3 2021 12 10 12 35 52.640  0.00  33
   104502  40.455794 -124.596077    14.675     1356.6     1900.4    -1420.1      9.6     19.9     41.6 2021 12 20 12 11 43.960  0.00  33
   104507  40.457096 -124.595516    15.148     1404.2     2045.0     -946.9     10.7     13.5     52.3 2022 11 12 18 19 26.940  0.00  33
   104508  40.456238 -124.596273    14.824     1340.0     1949.7    -1271.0     14.5     22.5     47.4 2022 11 13 22 28 58.880  0.00  33
   108030  40.442497 -124.586629    20.010     2158.3      423.8     3914.8     18.0     30.1     42.9 2020  3 20  4 57 46.360  0.00  33
   108034  40.444865 -124.590389    20.449     1839.3      686.8     4354.4     33.7     47.1     44.9 2020  4 18  6  9 25.600  0.00  33
   108040  40.441073 -124.586043    20.938     2208.1      265.7     4843.2     25.6     36.4     48.7 2022  5 14  3 53 43.320  0.00  33
   108050  40.445101 -124.585832    20.544     2226.0      713.0     4449.2     23.7     33.6     45.6 2022  9 25  5 36 43.760  0.00  33
   109018  40.426693 -124.626017    15.931    -1183.6    -1331.1     -164.1     15.2     17.5     12.1 2020  9 11 21 15 56.120  0.00  33
   109019  40.426453 -124.625692    15.994    -1156.0    -1357.8     -101.2     12.5     23.4     26.1 2020  9 11 21 24 14.140  0.00  33
   109020  40.425224 -124.625814    16.166    -1166.3    -1494.2       70.8     10.2     18.1     17.0 2021  7 18  4  2  8.360  0.00  33
   109021  40.427775 -124.625618    15.822    -1149.7    -1210.9     -272.7      9.2     15.2     18.5 2022  1  6 16 11 51.780  0.00  33
   109022  40.428202 -124.625684    15.837    -1155.2    -1163.5     -258.2     13.3     13.6     16.3 2022  1  7  3 48 25.000  0.00  33
   109023  40.428564 -124.625326    16.169    -1124.9    -1123.3       74.4     11.9     21.7     34.6 2022  7 28 23 32 44.180  0.00  33
   109024  40.424943 -124.626066    15.983    -1187.7    -1525.4     -111.6      9.7     14.7     21.4 2022  9  3  4 53  8.380  0.00  33
   109025  40.424699 -124.625334    16.809    -1125.6    -1552.5      714.0     10.3     16.4     22.2 2022  9 26 20 40 26.760  0.00  33
   109026  40.428198 -124.624821    15.459    -1082.1    -1163.9     -636.0     13.6     25.1     24.9 2022 11  8 12 31 51.720  0.00  33
   109720  40.415063 -124.648722    12.959    -3110.4    -2622.5    -3136.1     58.7    100.0    109.2 2021  7 23  3 43  1.120  0.00  33
   109722  40.412927 -124.650496    15.412    -3261.0    -2859.7     -682.5     15.7     40.8     42.0 2022  5 16 16 24 49.400  0.00  33
   109723  40.410311 -124.651042    15.445    -3307.4    -3150.2     -649.7     15.1     23.6     43.9 2022  5 16 16 26 37.480  0.00  33
   110340  40.456860 -124.595540    14.757     1402.2     2018.8    -1337.6      8.8     11.3     16.1 2023  5 28 21 51 34.820  1.43  33
   110473  40.442139 -124.586230    21.145     2192.2      384.1     5049.8     18.3     27.1     29.6 2022 12 29 18 28  9.820  1.32  33
   110585  40.427380 -124.625602    15.901    -1148.3    -1254.7     -194.4      9.4     10.0     11.3 2023  1 23  1 44 26.910  2.18  33
   110680  40.412565 -124.649943    15.807    -3214.1    -2899.9     -287.4     12.5     32.4     37.8 2022 12 20 19 17  5.280  2.32  33
   110800  40.453943 -124.584188    19.067     2365.3     1694.8     2972.2     21.5     32.6     41.3 2023  4  2 19 37 29.680  0.86  33
