   104071  40.315499 -124.624040    17.478       -3.5        8.6       -1.7     97.7    183.0    192.6 2020  2 12 16  7 41.000  0.00  12
   104073  40.315043 -124.624097    17.452       -8.3      -42.0      -27.8    138.2    217.0    201.2 2020  3 23 10  8  1.320  0.00  12
   104081  40.317871 -124.623153    17.580       71.9      272.0       99.9    141.2    219.8    256.2 2020  6 20 14 32 12.460  0.00  12
   104084  40.316500 -124.623796    17.559       17.3      119.7       79.3    144.9    248.8    208.0 2020  8 23 13 32 49.620  0.00  12
   104093  40.315568 -124.623804    17.461       16.6       16.3      -19.0     84.1    105.3    169.0 2021  4 14  8 37 28.880  0.00  12
   104094  40.312630 -124.623568    17.476       36.7     -310.0       -3.7    113.2    280.7    204.4 2021  4 27 15 38  2.160  0.00  12
   104095  40.314864 -124.623201    17.398       67.8      -61.9      -81.7    176.6    238.7    244.9 2021  5  9  1 43 27.920  0.00  12
   104097  40.315792 -124.623836    17.516       13.8       41.1       36.0     85.3    144.9    137.7 2021  6  2  4  0 20.340  0.00  12
   104100  40.318437 -124.623421    17.638       49.1      334.8      158.2    133.2    275.1    204.3 2021  7 11  8 17 13.640  0.00  12
   104103  40.315548 -124.623853    17.500       12.5       14.0       20.3     89.6    139.3    141.5 2021  9  7  8 40 28.240  0.00  12
   104110  40.315601 -124.623893    17.505        9.0       19.9       25.1     89.5    127.1    136.1 2021 12 20 20 33 55.560  0.00  12
   104114  40.316695 -124.623698    17.553       25.6      141.4       73.2     69.2    227.6    172.9 2021 12 20 22 51 13.920  0.00  12
   104116  40.314738 -124.622786    17.529      103.1      -75.9       49.2    194.4    370.2    288.0 2021 12 20  8 18 44.340  0.00  12
   104123  40.316931 -124.623739    17.592       22.1      167.6      112.2    157.9    306.6    299.1 2021 12 20 20 19  7.280  0.00  12
   104126  40.317871 -124.624015    17.573       -1.4      272.0       93.1    110.0    312.6    266.7 2021 12 20 23  8  0.740  0.00  12
   104127  40.315190 -124.623861    17.329       11.8      -25.8     -151.4     87.8    304.7    345.7 2021 12 20 22 49 16.500  0.00  12
   104132  40.316007 -124.622982    17.559       86.5       65.1       79.4    188.4    320.6    323.4 2021 12 20 21 36  0.060  0.00  12
   104134  40.315047 -124.624097    17.449       -8.3      -41.6      -30.8    117.2    171.9    154.3 2021 12 21  6  4 42.940  0.00  12
   104135  40.316264 -124.623665    17.527       28.4       93.5       47.4    105.0    197.1    203.8 2021 12 21  8 17 30.500  0.00  12
   104136  40.315430 -124.623901    17.479        8.3        0.9       -0.9     94.6    148.9    145.4 2021 12 21  7  6  6.440  0.00  12
   104137  40.315503 -124.623869    17.481       11.1        9.0        0.7     88.0    114.2    131.4 2021 12 21 10 44  8.200  0.00  12
   104138  40.315727 -124.623836    17.526       13.8       33.9       45.7    116.7    188.5    167.3 2021 12 21  4 44  7.140  0.00  12
   104140  40.315540 -124.623885    17.504        9.7       13.1       24.2     90.1    135.7    126.4 2021 12 21  0 12  8.960  0.00  12
   104141  40.315617 -124.623747    17.484       21.4       21.7        4.2     85.8    151.9    131.2 2021 12 21 11 42 54.940  0.00  12
   104142  40.315332 -124.623983    17.474        1.4       -9.9       -6.2     90.1    219.9    192.4 2021 12 21  3 50  3.100  0.00  12
   104145  40.313281 -124.623665    17.468       28.4     -237.7      -12.0    107.6    388.4    325.0 2021 12 21  1 25 18.900  0.00  12
   104147  40.315181 -124.624007    17.492       -0.7      -26.7       11.5     87.4    248.4    191.3 2021 12 21  3 10  2.140  0.00  12
   104152  40.318494 -124.623307    17.715       58.8      341.1      234.9    156.4    363.2    248.3 2021 12 21 10 57 46.160  0.00  12
   104153  40.315291 -124.623201    17.500       67.8      -14.5       20.3    170.8    261.2    255.5 2021 12 21 13  3 59.100  0.00  12
   104158  40.314779 -124.623942    17.491        4.8      -71.4       11.1     87.9    273.0    217.3 2021 12 21  8  0 24.060  0.00  12
   104160  40.315194 -124.624048    17.490       -4.2      -25.3        9.8     91.8    272.8    186.0 2021 12 21  3  2 34.460  0.00  12
   104161  40.315173 -124.624023    17.504       -2.1      -27.6       24.0     90.9    256.2    192.5 2021 12 21  0 48 47.160  0.00  12
   104164  40.312472 -124.623145    17.105       72.6     -327.6     -375.2    187.1    404.4    462.5 2021 12 22  0 15 59.180  0.00  12
   104165  40.314604 -124.622949    17.394       89.2      -90.8      -86.5    168.2    420.7    347.6 2021 12 22  7 29 29.280  0.00  12
   104167  40.315011 -124.624032    17.446       -2.8      -45.6      -33.7     96.1    270.3    250.2 2021 12 22  4 58 57.640  0.00  12
   104172  40.315336 -124.623934    17.498        5.5       -9.5       17.7    140.0    308.9    266.5 2021 12 22 20 56 28.420  0.00  12
   104177  40.316947 -124.623405    17.660       50.5      169.4      180.2    174.9    320.7    310.5 2021 12 23  6 43 14.700  0.00  12
   104184  40.314596 -124.624365    17.503      -31.1      -91.7       22.7    161.6    253.1    231.1 2021 12 24 18 41 32.720  0.00  12
   104197  40.317497 -124.623372    17.586       53.3      230.4      106.3    116.4    467.9    264.1 2021 12 27  6 30  0.400  0.00  12
   104203  40.315340 -124.623372    17.532       53.3       -9.0       51.6    142.9    282.1    228.4 2021 12 28 12 38 54.840  0.00  12
   104204  40.315198 -124.623405    17.490       50.5      -24.9       10.0    148.9    253.9    224.3 2021 12 28  7 25 16.640  0.00  12
   104212  40.314905 -124.623966    17.459        2.8      -57.4      -20.6     94.1    268.1    214.0 2021 12 31 18  4 52.480  0.00  12
   104213  40.314990 -124.624040    17.460       -3.5      -47.9      -20.4     94.5    273.1    260.3 2021 12 31 19 42 46.640  0.00  12
   104215  40.313265 -124.624284    17.348      -24.2     -239.5     -131.6    128.8    446.7    343.1 2022  1  1  8  5 50.220  0.00  12
   104216  40.313468 -124.623682    17.401       27.0     -216.9      -79.4    115.7    307.5    304.4 2022  1  2 21 35  0.220  0.00  12
   104217  40.318160 -124.623307    17.738       58.8      304.1      257.8    152.7    320.2    264.7 2022  1  2  8 38 54.940  0.00  12
   104221  40.317660 -124.622681    17.869      112.1      248.5      389.2    142.1    180.2    275.1 2022  1  5 16 57 16.420  0.00  12
   104227  40.316174 -124.623763    17.579       20.1       83.6       98.9    124.4    195.0    218.0 2022  1 11  4 59 19.220  0.00  12
   104229  40.316162 -124.623494    17.507       42.9       82.2       27.4    148.3    212.5    355.8 2022  1 12  7 26 41.160  0.00  12
   104232  40.315084 -124.624023    17.453       -2.1      -37.5      -26.9    101.9    287.0    201.3 2022  1 12 18 40 23.420  0.00  12
   104236  40.312964 -124.623543    17.381       38.7     -272.9      -99.0    165.7    313.9    246.7 2022  1 16 21 19 22.200  0.00  12
   104237  40.315100 -124.624097    17.457       -8.3      -35.7      -23.3    114.6    234.9    207.2 2022  1 19 15 34 54.720  0.00  12
   104238  40.316199 -124.624040    17.561       -3.5       86.3       80.6    105.7    294.0    226.9 2022  1 20  1 22  9.700  0.00  12
   104240  40.315287 -124.624064    17.454       -5.5      -14.9      -25.6     99.0    236.6    236.3 2022  1 25  4 41 54.420  0.00  12
   104243  40.315483 -124.622909    17.517       92.7        6.8       37.2    173.1    312.0    307.2 2022  1 31  0 15 57.560  0.00  12
   104246  40.315662 -124.623665    17.465       28.4       26.7      -15.2    110.4    176.5    302.9 2022  2  1  4 42 25.500  0.00  12
   104247  40.316488 -124.623324    17.558       57.4      118.4       78.4    127.1    198.0    364.6 2022  2  2  2  8 40.520  0.00  12
   104250  40.315865 -124.624015    17.498       -1.4       49.2       17.8    133.5    340.2    194.5 2022  2 11 15  2 29.200  0.00  12
   104255  40.318962 -124.623242    17.726       64.3      393.1      245.8    179.2    415.6    276.2 2022  2 17 12 34 44.060  0.00  12
   104256  40.319417 -124.622982    17.799       86.5      443.7      319.3    179.2    394.1    377.6 2022  2 17 19 47 40.280  0.00  12
   104258  40.315283 -124.624178    17.387      -15.2      -15.4      -92.9    128.8    205.1    248.7 2022  2 19 16 56  9.340  0.00  12
   104262  40.317688 -124.622795    17.780      102.4      251.7      300.3    215.4    235.6    414.2 2022  3  6 10  1 24.540  0.00  12
   104268  40.320068 -124.623031    17.801       82.3      516.0      321.2    180.5    434.1    272.2 2022  4  2  5 20 28.220  0.00  12
   104269  40.316178 -124.623560    17.525       37.4       84.0       45.3    114.0    186.9    303.4 2022  4  3  0 46 40.820  0.00  12
   104275  40.315483 -124.623918    17.503        6.9        6.8       23.0    114.8    133.5    135.6 2022  4 28  4  5 59.740  0.00  12
   104279  40.315088 -124.624032    17.475       -2.8      -37.0       -4.7     97.1    264.8    217.6 2022  5 14 18 23 41.400  0.00  12
   104283  40.315572 -124.623950    17.496        4.2       16.7       16.2    211.3    531.7    392.1 2022  5 28  3 41 10.840  0.00  12
   104284  40.316984 -124.624162    17.524      -13.8      173.5       43.7    234.3    569.8    438.9 2022  6  9  0 44 52.000  0.00  12
   104285  40.315576 -124.623983    17.492        1.4       17.2       12.2    122.1    294.6    176.7 2022  6 12 11  3 14.460  0.00  12
   104296  40.316956 -124.624080    17.626       -6.9      170.3      145.7    111.7    324.5    287.7 2022  8 30  3  4 18.340  0.00  12
   104297  40.310445 -124.624837    17.269      -71.3     -552.6     -211.4    170.8    286.5    289.2 2022  9 16  4 43 17.240  0.00  12
   104302  40.315275 -124.624056    17.465       -4.8      -16.3      -14.7    107.6    195.0    197.3 2022 10  9 10 45 57.720  0.00  12
   104308  40.317550 -124.622957    17.631       88.5      236.3      150.5    232.1    280.2    330.8 2022 11 12 12 57 10.420  0.00  12
   110335  40.313672 -124.624316    17.393      -27.0     -194.3      -86.6     90.6    139.8    135.2 2023  5 10 10  0 52.980  1.31  12
