   101367  40.297778 -124.377458     8.707      -27.7       74.6      -12.9     38.7     66.6     55.1 2020  1  3 18 37 48.420  0.00  36
   101368  40.297754 -124.377466     8.696      -28.4       71.8      -23.8     38.9     66.8     59.3 2020  1  3 21  3 28.940  0.00  36
   101377  40.299268 -124.377832     9.063      -59.5      239.9      343.1     52.5     81.0     82.8 2020  1 25  4  5 34.620  0.00  36
   101379  40.297347 -124.377718     9.031      -49.8       26.7      311.3     55.2     62.5     80.2 2020  1 25  3 30 34.600  0.00  36
   101380  40.297974 -124.378101     9.076      -82.3       96.2      355.8     49.9     58.0     87.3 2020  1 25  4 10 12.200  0.00  36
   101382  40.298242 -124.378044     9.077      -77.5      126.1      357.2     48.8     65.1     86.9 2020  1 25  3 31 37.080  0.00  36
   101383  40.297074 -124.376945     8.720       15.9       -3.6        0.3     28.6     43.4     30.3 2020  2  6 17 51  9.320  0.00  36
   101389  40.297620 -124.377393     8.741      -22.1       56.9       21.3     32.5     41.4     38.0 2020  2  6 13 51  8.720  0.00  36
   101391  40.298324 -124.376888     8.749       20.8      135.1       29.2     48.3     60.6     64.8 2020  2  7  2 54 42.920  0.00  36
   101393  40.296887 -124.377002     8.712       11.1      -24.4       -8.0     27.9     49.3     46.3 2020  3  8 19 42 41.580  0.00  36
   101396  40.298193 -124.377458     8.838      -27.7      120.6      117.7     34.0     50.7     64.8 2020  3 20 23 44 12.400  0.00  36
   101398  40.297201 -124.377124     8.710        0.7       10.4       -9.6     30.4     53.8     35.0 2020  4  8  2  0 22.120  0.00  36
   101399  40.296802 -124.377010     8.708       10.4      -33.9      -12.3     28.2     52.1     31.8 2020  4 15 18 15 23.100  0.00  36
   101402  40.296940 -124.377035     8.709        8.3      -18.5      -11.2     31.4     52.2     35.5 2020  4 19  7 46 54.060  0.00  36
   101408  40.296867 -124.375985     8.661       97.6      -26.7      -58.8     46.4     74.6     63.9 2020  8  6  8 32 23.100  0.00  36
   101410  40.296838 -124.376986     8.688       12.5      -29.8      -32.4     29.5     54.5     46.7 2020  9  3  7 35 28.420  0.00  36
   101413  40.296407 -124.376823     8.692       26.3      -77.7      -28.5     31.6     55.8     62.3 2020 11 12  2 44 16.520  0.00  36
   101418  40.297172 -124.376864     8.698       22.8        7.2      -21.5     28.8     53.2     41.6 2021  3 31 23 59 38.480  0.00  36
   101423  40.296985 -124.377067     8.706        5.5      -13.6      -14.3     31.5     34.7     31.7 2021  5 18 12 40 20.440  0.00  36
   101424  40.297115 -124.377059     8.716        6.2        0.9       -4.2     29.8     54.6     45.6 2021  5 19 22 43 10.320  0.00  36
   101427  40.297054 -124.377881     9.033      -63.7       -5.9      313.0     56.6     56.9     80.8 2021  6 28  8 37 35.300  0.00  36
   101428  40.297310 -124.377873     9.037      -63.0       22.6      316.5     56.3     62.2     81.6 2021  6 28  7 55  0.760  0.00  36
   101430  40.298556 -124.377588     8.856      -38.7      160.8      136.1     34.8     47.9     90.3 2021  6 28  1 24 33.540  0.00  36
   101432  40.296952 -124.377083     8.679        4.2      -17.2      -41.1     33.1     42.4     41.6 2021  7 28 16  2 31.160  0.00  36
   101433  40.297074 -124.377043     8.684        7.6       -3.6      -36.4     32.6     30.3     40.0 2021  7 28 16  9  1.560  0.00  36
   101437  40.296806 -124.375692     8.537      122.5      -33.4     -182.9     48.3     99.5     76.1 2021 12 19 12 20 16.920  0.00  36
   101438  40.295011 -124.375952     8.558      100.3     -232.7     -162.4     68.2    121.6    100.5 2021 12 19 12 43 37.120  0.00  36
   101442  40.297400 -124.375871     8.579      107.2       32.5     -141.3     52.1    106.1     71.3 2022  2 24 22 19 12.180  0.00  36
   101444  40.297213 -124.377059     8.734        6.2       11.7       13.9     25.6     40.7     31.8 2022  4  5 23 58  3.860  0.00  36
   101445  40.297526 -124.377344     8.747      -18.0       46.5       27.4     29.8     40.4     44.7 2022  4  6 20 48 44.220  0.00  36
   101446  40.297327 -124.376245     8.717       75.4       24.4       -2.5     46.3     91.3     91.6 2022  4  6 23 44 48.880  0.00  36
   101448  40.299259 -124.377450     9.016      -27.0      239.0      295.9     54.0     78.0     65.0 2022  5 29 22  5 22.560  0.00  36
   101452  40.297156 -124.377108     8.716        2.1        5.4       -4.1     30.7     55.0     48.1 2022  9 27 16 34 38.900  0.00  36
   110294  40.296806 -124.377100     8.711        2.8      -33.4       -8.5     26.1     47.4     33.6 2023  5 20  7 11  5.220  0.56  36
