   100000  40.758801 -124.246200    17.020       -1.4        0.9        0.0      0.0      0.0      0.0 2020  1  1  4 18 17.380  0.00  52
   100001  40.758801 -124.246200    17.020       -1.4        0.9        0.0      0.0      0.0      0.0 2020  1  3 12  6 10.660  0.00  52
   100002  40.758801 -124.246200    17.020       -1.4        0.9        0.0      0.0      0.0      0.0 2020  1 10  5 38 39.760  0.00  52
   100003  40.758801 -124.246200    17.020       -1.4        0.9       -0.0      0.0      0.0      0.1 2020  7  2 10 37 18.320  0.00  52
   100006  40.758801 -124.246200    17.020       -1.4        0.9        0.0      0.0      0.0      0.0 2020  8 26 17  5  7.560  0.00  52
   100008  40.758801 -124.246200    17.020       -1.4        0.9        0.0      0.0      0.0      0.1 2021  2 26 17 10 55.880  0.00  52
   100009  40.758801 -124.246200    17.020       -1.4        0.9        0.0      0.0      0.0      0.0 2021  8  4 13  4 50.340  0.00  52
   100010  40.758801 -124.246200    17.020       -1.4        0.9       -0.0      0.1      0.1      0.1 2021  8 31  4 21  7.080  0.00  52
   100012  40.758801 -124.246200    17.020       -1.4        0.9       -0.0      0.1      0.1      0.1 2021 10 14  9 39 56.740  0.00  52
   100017  40.758801 -124.246200    17.020       -1.4        0.9        0.0      0.0      0.0      0.0 2022  7 21  0 22 10.260  0.00  52
   100018  40.758801 -124.246200    17.020       -1.4        0.9        0.0      0.0      0.0      0.0 2022  8  5 18 16 27.220  0.00  52
   100021  40.758801 -124.246200    17.020       -1.4        0.9        0.0      0.0      0.0      0.0 2022  8 21  7 16 43.100  0.00  52
   100022  40.758801 -124.246200    17.020       -1.4        0.9        0.0      0.0      0.0      0.0 2022  8 24  0 39 13.140  0.00  52
   100023  40.758801 -124.246200    17.020       -1.4        0.9        0.0      0.0      0.0      0.0 2022  8 26 13 46 28.200  0.00  52
   100028  40.758801 -124.246200    17.020       -1.4        0.9        0.0      0.0      0.0      0.0 2022  9 18  2 25 38.720  0.00  52
   100029  40.758801 -124.246200    17.020       -1.4        0.9        0.0      0.0      0.0      0.0 2022  9 24  0 15 43.900  0.00  52
   100030  40.758801 -124.246200    17.020       -1.4        0.9        0.0      0.0      0.0      0.1 2022 10  1  3  9  7.860  0.00  52
   100031  40.758801 -124.246200    17.020       -1.4        0.9        0.0      0.0      0.0      0.0 2022 10 16 12  4 20.320  0.00  52
   100032  40.758801 -124.246200    17.020       -1.4        0.9        0.0      0.0      0.0      0.1 2022 10 18  3 13  8.320  0.00  52
   100034  40.758801 -124.246200    17.020       -1.4        0.9        0.0      0.0      0.0      0.0 2022 10 25 11 16 30.760  0.00  52
   100036  40.758801 -124.246200    17.020       -1.4        0.9        0.0      0.1      0.0      0.0 2022 11 30 15  7  3.540  0.00  52
   110286  40.758801 -124.246200    17.020       -1.4        0.9        0.0      0.1      0.1      0.1 2023  5 27 14 43 32.110  1.31  52
