   108362  40.491121 -124.206641    20.715     -227.7      -23.0     -352.3      6.6      5.4      5.1 2020  7 11 17 19 52.600  0.00  43
   108363  40.491602 -124.206380    20.706     -205.6       30.3     -361.4      8.0      8.9      4.1 2020  8 12 11 28 24.940  0.00  43
   108364  40.491130 -124.206632    20.715     -227.0      -22.1     -352.7      6.6      5.5      5.1 2020  8 12 11 23 32.820  0.00  43
   108365  40.491081 -124.206828    20.721     -243.5      -27.6     -346.8      8.5      2.4      4.6 2020  8 16 23 21 48.480  0.00  43
   108366  40.491024 -124.206714    20.718     -233.9      -33.9     -349.0      9.8      9.2      9.3 2020 10  4  9 37 29.720  0.00  43
   108367  40.491125 -124.206567    20.710     -221.5      -22.6     -357.1      7.2      6.2      5.8 2020 10  8  4 46 56.680  0.00  43
   108369  40.491032 -124.206616    20.735     -225.6      -33.0     -332.7      8.1      4.8      7.6 2021  2 19  9 54 21.040  0.00  43
   108370  40.491268 -124.206706    20.706     -233.2       -6.8     -361.6      4.8      5.3      4.5 2021  6  1 21 55 42.420  0.00  43
   108373  40.491195 -124.206502    20.645     -215.9      -14.9     -422.6      9.2      5.4     10.5 2022  2  7 11 46 35.280  0.00  43
   108374  40.491077 -124.206746    20.708     -236.6      -28.0     -359.6      6.3      3.9      5.3 2022  2 12 15 44 27.500  0.00  43
   108375  40.491036 -124.206486    20.695     -214.6      -32.5     -372.1      6.0      3.5      5.2 2022  4 21 17  7 41.100  0.00  43
   108376  40.491069 -124.206396    20.701     -207.0      -28.9     -366.0      8.7      7.1      7.8 2022  4 22 17 55 41.660  0.00  43
   108378  40.490995 -124.206893    20.706     -249.1      -37.1     -361.2      7.7      3.8      4.2 2022  7 27  4 35 27.980  0.00  43
   108379  40.491622 -124.206128    20.676     -184.2       32.5     -391.7     16.5      9.1     12.9 2022  8  3  6 33 48.060  0.00  43
   108380  40.491382 -124.206502    20.701     -215.9        5.9     -366.1      9.5      7.0      9.0 2022  9  1 10 45  9.880  0.00  43
   108381  40.490938 -124.206722    20.694     -234.6      -43.4     -373.4      7.0      6.3      5.8 2022 11 26 10 34 34.000  0.00  43
   108454  40.483785 -124.237598    19.091    -2852.3     -837.7    -1976.5     16.5     12.8     15.0 2021 12 22  7 38 16.620  0.00  43
   109536  40.490417 -124.199756    22.420      356.0     -101.2     1352.6     10.8      9.6     10.6 2021  3  3 21 43  3.720  0.00  43
   109537  40.490373 -124.199455    22.426      381.5     -106.2     1358.7     14.2      9.9     10.9 2021  9 27  2 58  8.360  0.00  43
   109538  40.490076 -124.199585    22.426      370.5     -139.2     1358.8     10.3     10.1     10.1 2021 12 23 14 37 21.580  0.00  43
   109539  40.490088 -124.199219    22.424      401.5     -137.8     1356.3     10.1      8.0      8.6 2022  9 12  3 59 29.200  0.00  43
   109540  40.490092 -124.199211    22.423      402.2     -137.4     1355.9     10.3      8.0      8.7 2022 10  8  6 41 27.060  0.00  43
   109635  40.499821 -124.185107    21.633     1597.8      943.0      565.7     27.8     10.1     12.1 2021  6  4 21 21 58.240  0.00  43
   109636  40.500041 -124.188916    21.837     1274.9      967.4      769.4     13.7      9.1     12.3 2021 12 20 21 17 32.980  0.00  43
   109637  40.499512 -124.190112    21.805     1173.5      908.7      737.2     15.9     10.3      9.4 2022  5 25  8  4 48.420  0.00  43
   110460  40.486247 -124.182292    20.352     1836.7     -564.3     -714.8     14.2      9.6     14.9 2023  3 15  6  1 38.120  0.94  43
   110498  40.490999 -124.206396    20.703     -207.0      -36.6     -364.7      5.4      3.8      4.7 2023  1 15 11 51 19.200  1.50  43
   110504  40.484188 -124.236841    19.103    -2788.2     -793.0    -1964.0     16.5     12.5     14.9 2023  2  5 13 48 53.130  1.08  43
   110642  40.489160 -124.200236    22.452      315.3     -240.8     1384.4      9.9     11.4     10.1 2023  2 27 12 40  1.270  1.39  43
   110662  40.499638 -124.189591    21.839     1217.7      922.7      771.7     12.4      5.7      8.8 2023  5  9 11 38 20.680  1.02  43
