   108663  40.489417 -124.339217    19.329      -17.2        9.5       -0.7    103.7     94.8     95.0 2022  3  5 15  4 56.760  0.00  37
   108665  40.489339 -124.339494    19.326      -40.7        0.9       -3.7     85.2     80.7     86.6 2022  3  5 14 13 15.560  0.00  37
   108670  40.489404 -124.339453    19.339      -37.3        8.1        9.8     89.8     93.0    116.1 2022  3 18  2  2 21.140  0.00  37
   108671  40.489396 -124.339445    19.338      -36.6        7.2        8.4    103.7    107.7    131.6 2022  3 18  2 55 56.140  0.00  37
   108673  40.489408 -124.339445    19.338      -36.6        8.6        8.7     84.4     86.0    105.4 2022  5 13 21 13  4.360  0.00  37
   108674  40.489421 -124.339266    19.334      -21.4        9.9        4.5     77.7     96.4     75.5 2022  5 13 11  3  1.340  0.00  37
   108675  40.489412 -124.339478    19.338      -39.3        9.0        8.3     68.6     54.7     65.1 2022  7  9 13 10 58.000  0.00  37
   108676  40.489412 -124.339478    19.338      -39.3        9.0        8.2     68.2     54.9     65.3 2022  7 19 14 43  3.060  0.00  37
   108678  40.489404 -124.339469    19.339      -38.6        8.1        9.6     52.2     78.7     86.2 2022  7 24 16 37 15.260  0.00  37
   108680  40.489396 -124.339445    19.338      -36.6        7.2        8.3    103.5    107.7    130.9 2022  7 26  2 56 53.120  0.00  37
   108681  40.489315 -124.339526    19.334      -43.5       -1.8        4.2     73.6     77.9     87.5 2022  9 12  7 56 19.840  0.00  37
   108682  40.489408 -124.339445    19.338      -36.6        8.6        8.9     61.6     66.5     77.5 2022  9 12 16 26 23.860  0.00  37
   108683  40.489412 -124.339469    19.339      -38.6        9.0       10.0     87.2     67.0     83.3 2022  9 12  6 56 34.320  0.00  37
   108684  40.489412 -124.339461    19.339      -37.9        9.0        9.5     78.3     70.1     86.4 2022  9 12  6 57 16.840  0.00  37
   108686  40.489425 -124.339469    19.339      -38.6       10.4       10.0     80.2     87.0     88.7 2022  9 12  7  2 14.940  0.00  37
   108687  40.489421 -124.339469    19.340      -38.6        9.9       10.4     78.1     65.3     84.4 2022  9 12  6 55 47.640  0.00  37
   108688  40.489425 -124.339461    19.338      -37.9       10.4        8.9     87.8     96.6    104.6 2022  9 12  7  0 41.780  0.00  37
   108689  40.489315 -124.339494    19.323      -40.7       -1.8       -6.5     95.9     95.7     97.7 2022  9 12  6 58 44.140  0.00  37
   108690  40.489421 -124.339461    19.339      -37.9        9.9        9.6     80.7     76.9     88.2 2022  9 13 12  0  9.260  0.00  37
   108692  40.489408 -124.339502    19.338      -41.4        8.6        8.9    103.7     90.5    110.6 2022  9 13 23 59 39.940  0.00  37
   108693  40.489331 -124.339502    19.335      -41.4        0.0        5.2     55.8     66.9     66.9 2022  9 15  4 38 42.340  0.00  37
   108694  40.489412 -124.339461    19.340      -37.9        9.0       10.5     74.2     77.3     93.8 2022  9 19 10 45 20.920  0.00  37
   108695  40.489408 -124.339478    19.339      -39.3        8.6        9.7     88.2     90.8    107.6 2022 10 13  0  1 53.180  0.00  37
   108697  40.489335 -124.339502    19.335      -41.4        0.5        5.2     65.4     70.0     78.7 2022 11 21 11  3 27.100  0.00  37
   108698  40.489412 -124.339461    19.339      -37.9        9.0       10.0     77.1     60.6     73.9 2022 11 21  9 56 47.360  0.00  37
   108699  40.489351 -124.339461    19.334      -37.9        2.3        4.7     52.3     61.5     61.7 2022 11 21 11 24 43.840  0.00  37
   108700  40.489282 -124.339535    19.326      -44.2       -5.4       -3.1     92.3     91.5    109.8 2022 11 21 11  5 34.240  0.00  37
   108701  40.489412 -124.339461    19.339      -37.9        9.0        9.3     73.8     81.0     89.7 2022 11 21 12  2 33.900  0.00  37
   108704  40.489417 -124.339282    19.335      -22.8        9.5        5.2     74.5     88.3     68.4 2022 11 22  1 39 11.480  0.00  37
   108705  40.489417 -124.339453    19.339      -37.3        9.5        9.3     74.3     61.5     79.0 2022 11 24  7 16 24.120  0.00  37
   108706  40.489425 -124.339469    19.339      -38.6       10.4        9.9     84.7     94.7     96.5 2022 11 27  8 29 21.460  0.00  37
   108707  40.488969 -124.339657    19.309      -54.5      -40.2      -20.6     85.6    119.9    106.2 2022 11 27  7 15  5.860  0.00  37
   110543  40.489217 -124.339583    19.352      -48.3      -12.7       22.2     75.3     76.1     85.6 2023  1 10 17 58 54.640  1.07  37
   110807  40.486584 -124.320418    18.981     1576.6     -305.0     -348.3    215.6    208.9    217.1 2022 12 24 16 16 19.760  1.57  37
