   106010  40.276733 -124.562126    18.229       12.5      -95.3      -41.0     32.3    118.3     56.1 2020  2 10 16 52 35.900  0.00  40
   106012  40.278145 -124.562248    18.244        2.1       61.4      -26.3     28.8     58.5     53.0 2020  3 20  4 52 58.960  0.00  40
   106014  40.278019 -124.562272    18.194        0.0       47.4      -76.5     31.1     41.6     80.6 2020  4  7 23 24 48.060  0.00  40
   106017  40.277450 -124.562305    18.282       -2.8      -15.8       12.2     22.2     52.8     63.3 2020  7 16 18 56 25.600  0.00  40
   106019  40.278035 -124.562264    18.309        0.7       49.2       39.4     19.5     58.5     73.2 2020  8  4 17 55 32.040  0.00  40
   106020  40.277336 -124.562524    18.403      -21.5      -28.5      133.0     37.3     81.8     99.8 2020  9  6  7 26 57.220  0.00  40
   106021  40.276192 -124.562329    18.280       -4.8     -155.4       10.0     19.7    118.3     64.1 2020  9 17 15 29 55.440  0.00  40
   106023  40.277759 -124.562329    18.284       -4.8       18.5       14.0     21.9     50.9     52.8 2020 10  7 20 16 32.860  0.00  40
   106025  40.277734 -124.562337    18.321       -5.5       15.8       51.2     22.5     45.1     70.3 2020 10 30  5 28 15.440  0.00  40
   106026  40.277840 -124.562264    18.283        0.7       27.6       13.3     23.6     39.3     80.0 2020 12 27 14 29 51.580  0.00  40
   106027  40.279159 -124.562069    18.207       17.3      174.0      -62.7     42.0    134.3     87.1 2021  1 27 20 38 14.300  0.00  40
   106028  40.277555 -124.562354    18.293       -6.9       -4.1       22.5     22.8     40.3     55.7 2021  2 12  4 45 10.420  0.00  40
   106029  40.278092 -124.562264    18.335        0.7       55.6       65.4     21.2     64.4     82.3 2021  2 23 17  9 35.440  0.00  40
   106032  40.277987 -124.562256    18.324        1.4       43.8       54.3     25.7     63.2     94.7 2021  4  2  8 32 29.220  0.00  40
   106033  40.275488 -124.562134    18.209       11.8     -233.6      -61.1     23.6    137.6    108.6 2021  4  2 13 18 31.140  0.00  40
   106034  40.277710 -124.562297    18.272       -2.1       13.1        2.5     19.7     36.4     50.7 2021  4  3 23 18 17.580  0.00  40
   106035  40.277730 -124.562231    18.229        3.5       15.4      -40.7     31.5     39.8     47.6 2021  4  4  7 50 26.820  0.00  40
   106037  40.278813 -124.562012    18.264       22.1      135.5       -6.4     40.6     75.4     82.2 2021  4 26  6 32 31.780  0.00  40
   106039  40.277490 -124.562549    18.401      -23.5      -11.3      131.4     33.8     68.9     88.3 2021  7 14 15  3 16.320  0.00  40
   106040  40.277885 -124.562321    18.313       -4.2       32.5       43.2     21.0     51.0     58.0 2021  7 28  9 36  3.100  0.00  40
   106042  40.279508 -124.562093    18.311       15.2      212.8       40.9     30.7    105.3     96.3 2021  8 24 17 52 55.220  0.00  40
   106045  40.277523 -124.562305    18.240       -2.8       -7.7      -30.3     23.2     45.6     63.3 2021 12 14 20 34 44.500  0.00  40
   106047  40.277665 -124.562280    18.268       -0.7        8.1       -1.7     21.8     40.0     43.5 2021 12 21  7  5 18.660  0.00  40
   106048  40.277730 -124.562248    18.272        2.1       15.4        1.7     20.7     45.5     48.3 2021 12 21  9  6 23.560  0.00  40
   106052  40.277726 -124.562557    18.390      -24.2       14.9      120.0     38.3     63.2    125.5 2021 12 27 23 32 51.160  0.00  40
   106053  40.277938 -124.562248    18.280        2.1       38.4       10.0     21.3     60.1     48.3 2021 12 30 22  2 34.580  0.00  40
   106054  40.273324 -124.561808    18.199       39.5     -474.0      -71.2     46.3    119.4    114.2 2022  1  1 17 29 31.920  0.00  40
   106055  40.277698 -124.562297    18.293       -2.1       11.7       23.5     23.8     48.7     51.6 2022  1  3  9 47 41.620  0.00  40
   106057  40.275553 -124.562638    18.326      -31.1     -226.4       56.0     50.4    155.3    111.1 2022  2 23  2  6 30.340  0.00  40
   106058  40.277067 -124.562467    18.297      -16.6      -58.3       26.9     35.1    104.7    100.2 2022  3 10  3 28 33.340  0.00  40
   106062  40.277384 -124.562354    18.250       -6.9      -23.0      -20.2     25.7     47.6     67.6 2022  7 25 13 33 16.740  0.00  40
   110386  40.277498 -124.562305    18.278       -2.8      -10.4        7.6     21.0     42.0     45.6 2023  4 30  3 21 23.220  1.14  40
