   100761  40.434277 -124.281209    27.274       -9.0       19.9       24.3    157.7    133.7    165.5 2020  3 19  0 21  8.520  0.00  58
   100762  40.433610 -124.280396    27.156       60.1      -54.2      -94.3    189.8    163.4    187.0 2020  5 26 11 54 20.560  0.00  58
   100770  40.434395 -124.281152    27.277       -4.1       33.0       27.2    167.5    139.9    135.4 2021 12 20 20 40 27.840  0.00  58
   100771  40.433903 -124.282804    27.322     -144.3      -21.7       72.3    271.5    313.7    204.8 2021 12 20 21 13 37.940  0.00  58
   100772  40.434656 -124.283577    27.297     -209.9       61.9       46.6    399.4    253.7    280.8 2021 12 20 21 49  2.160  0.00  58
   100775  40.434033 -124.282349    27.340     -105.6       -7.2       90.1    210.4    260.8    189.8 2021 12 20 21 41 38.040  0.00  58
   100783  40.433870 -124.280005    27.231       93.2      -25.3      -18.6    224.9    162.3    170.2 2021 12 21  1 55  6.020  0.00  58
   100784  40.433923 -124.278410    27.179      228.6      -19.4      -71.2    295.7    234.0    188.5 2021 12 21  9 44 18.020  0.00  58
   100786  40.434501 -124.282292    27.303     -100.8       44.7       53.3    227.0    163.2    157.0 2021 12 21 11 41 19.660  0.00  58
   100797  40.434660 -124.280160    27.250       80.1       62.4       -0.2    212.6    233.3    207.5 2021 12 21  2 14 36.240  0.00  58
   100798  40.433879 -124.277979    27.139      265.2      -24.4     -111.1    310.5    317.4    248.1 2021 12 21  6 23 58.200  0.00  58
   100800  40.433964 -124.278011    27.061      262.4      -14.9     -188.5    294.6    352.5    255.8 2021 12 22  8 41  9.420  0.00  58
   100805  40.433813 -124.281079    27.233        2.1      -31.6      -17.2    141.2    172.0    146.2 2021 12 25 22 32 13.020  0.00  58
   100813  40.434892 -124.283285    27.385     -185.1       88.1      134.6    239.0    251.0    244.5 2022  1  2 19 41 12.580  0.00  58
   100814  40.434359 -124.282406    27.313     -110.5       28.9       63.0    233.6    180.1    175.1 2022  1  3 19 57 17.080  0.00  58
   100815  40.434049 -124.282357    27.306     -106.3       -5.4       55.9    228.4    227.0    193.1 2022  1  6  4  5  9.040  0.00  58
   100818  40.433407 -124.279085    27.167      171.2      -76.8      -83.3    352.8    264.5    310.5 2022  1 17 14  7  8.520  0.00  58
   100819  40.433765 -124.278939    27.209      183.7      -37.1      -40.7    186.7    145.9    151.6 2022  2 18  6 57  8.340  0.00  58
   110291  40.434098 -124.281348    27.251      -20.7        0.0        1.3    152.6    143.6    134.1 2023  3  8 12 49 37.420  0.96  58
