   109853  40.466809 -124.351839    20.362      -17.3        0.9        1.8     21.0     16.9     19.6 2021 12  7 21 33 47.900  0.00   9
   109854  40.466809 -124.351839    20.362      -17.3        0.9        2.1     20.0     17.4     19.9 2021 12  7 21 45 53.560  0.00   9
   109855  40.466874 -124.351864    20.373      -19.3        8.1       13.2     21.3     18.1     20.7 2021 12  7 12 26 22.200  0.00   9
   109856  40.466809 -124.351839    20.362      -17.3        0.9        1.9     19.9     17.4     19.9 2021 12  7 22  4 32.880  0.00   9
   109857  40.466805 -124.351831    20.362      -16.6        0.5        1.7     19.6     16.9     19.7 2021 12  7 21 45 59.740  0.00   9
   109859  40.466907 -124.351774    20.371      -11.7       11.7       11.4     20.9     16.6     18.7 2021 12  7  9 58 27.360  0.00   9
   109860  40.466744 -124.351790    20.361      -13.1       -6.3        1.4     21.6     17.2     20.0 2021 12  7  9 46 54.320  0.00   9
   109861  40.466813 -124.351831    20.362      -16.6        1.4        2.2     20.7     18.7     20.2 2021 12  7 12 54  1.480  0.00   9
   109863  40.466886 -124.351807    20.368      -14.5        9.5        7.8     19.6     18.3     19.4 2021 12  7  9 39  7.720  0.00   9
   109864  40.466838 -124.351888    20.369      -21.4        4.1        8.5     23.0     19.2     21.1 2021 12  8  2 22  9.140  0.00   9
   109865  40.466886 -124.351815    20.369      -15.2        9.5        8.6     20.3     18.1     19.6 2021 12  8  4 40 20.140  0.00   9
   109866  40.466813 -124.351831    20.362      -16.6        1.4        2.2     21.1     18.6     20.1 2021 12  8  7 30 43.740  0.00   9
   109868  40.466813 -124.351831    20.362      -16.6        1.4        2.2     21.9     18.7     21.2 2021 12 17  8 58 33.980  0.00   9
   109872  40.466659 -124.351750    20.352       -9.7      -15.8       -7.8     23.1     17.2     18.9 2021 12 22 13  9 47.400  0.00   9
   109873  40.466833 -124.351986    20.374      -29.7        3.6       13.9     23.5     18.3     20.7 2021 12 22 13  8 35.400  0.00   9
   109878  40.466777 -124.352026    20.366      -33.1       -2.7        6.3     26.4     20.1     19.6 2021 12 23 17 36 59.880  0.00   9
   109879  40.466931 -124.351847    20.367      -17.9       14.5        7.0     28.2     22.1     27.1 2021 12 31 21 13 47.340  0.00   9
   109880  40.466801 -124.351839    20.363      -17.3        0.0        2.7     21.9     18.1     21.7 2021 12 31 23 22 15.200  0.00   9
   109881  40.466740 -124.352189    20.372      -46.9       -6.8       12.1     31.9     23.3     24.8 2021 12 31 21  1  5.380  0.00   9
   109882  40.466606 -124.352083    20.356      -38.0      -21.7       -4.3     34.8     30.2     20.1 2021 12 31 22 59 29.260  0.00   9
   109884  40.466764 -124.351896    20.355      -22.1       -4.1       -5.3     24.6     19.7     18.0 2021 12 31 21 41 34.540  0.00   9
   109885  40.466772 -124.351774    20.360      -11.7       -3.2        0.5     19.2     15.1     19.4 2021 12 31 23 22 35.980  0.00   9
   109886  40.466606 -124.352026    20.353      -33.1      -21.7       -7.3     33.5     24.5     18.0 2021 12 31 21 36 52.160  0.00   9
   109887  40.467033 -124.351603    20.342        2.8       25.8      -18.0     34.7     26.6     28.5 2021 12 31 21 24 31.900  0.00   9
   109889  40.466956 -124.351725    20.374       -7.6       17.2       14.1     21.5     17.2     19.3 2021 12 31 22 23  2.420  0.00   9
   109890  40.467078 -124.351286    20.342       29.7       30.7      -18.2     38.2     29.3     17.9 2021 12 31 21 28 44.320  0.00   9
   109892  40.467212 -124.351595    20.338        3.5       45.6      -21.8     45.1     39.1     29.4 2021 12 31 20 59  5.800  0.00   9
   109893  40.466931 -124.351335    20.375       25.5       14.5       14.8     31.2     22.5     32.1 2021 12 31 22 28 36.400  0.00   9
   109894  40.466895 -124.351522    20.380        9.7       10.4       19.6     26.2     21.4     34.3 2021 12 31 21 34  9.240  0.00   9
   109897  40.466654 -124.351408    20.355       19.3      -16.3       -5.2     28.8     24.2     36.5 2021 12 31 21 22  1.660  0.00   9
   109899  40.466475 -124.351367    20.341       22.8      -36.1      -19.5     37.4     29.9     41.0 2021 12 31 21 26 44.180  0.00   9
   109900  40.466638 -124.351636    20.362        0.0      -18.1        1.8     37.3     30.4     37.8 2021 12 31 21 29 28.380  0.00   9
   109901  40.466496 -124.351302    20.343       28.3      -33.9      -17.0     39.2     31.8     44.0 2021 12 31 23 16 10.100  0.00   9
   109902  40.466715 -124.351782    20.356      -12.4       -9.5       -4.3     21.4     18.0     17.1 2022  1  1  1 11 56.420  0.00   9
   109903  40.466687 -124.351782    20.351      -12.4      -12.7       -9.0     23.0     19.5     16.8 2022  1  1  3  7 56.580  0.00   9
   109904  40.466659 -124.351782    20.351      -12.4      -15.8       -9.3     24.6     23.3     16.3 2022  1  1  3 40 35.120  0.00   9
   109905  40.466695 -124.351766    20.355      -11.0      -11.7       -5.4     22.5     17.4     18.8 2022  1  1 14 50 36.380  0.00   9
   109906  40.466838 -124.351888    20.368      -21.4        4.1        8.5     23.1     19.4     21.2 2022  1  1  3 50 22.380  0.00   9
   109908  40.466919 -124.351937    20.372      -25.5       13.1       12.0     20.9     16.9     19.9 2022  1  1  4 33 10.400  0.00   9
   109909  40.466821 -124.351945    20.369      -26.2        2.3        8.5     22.5     17.3     19.9 2022  1  1  1 24 30.840  0.00   9
   109910  40.466752 -124.351807    20.361      -14.5       -5.4        0.7     21.0     18.8     21.1 2022  1  1  9 34  2.580  0.00   9
   109912  40.466679 -124.351864    20.348      -19.3      -13.6      -12.2     26.2     20.4     17.5 2022  1  1  3 46 23.700  0.00   9
   109913  40.466748 -124.352002    20.373      -31.1       -5.9       13.4     28.7     24.1     23.3 2022  1  1 22 49 28.940  0.00   9
   109914  40.466777 -124.352043    20.368      -34.5       -2.7        8.4     26.0     21.5     19.5 2022  1  1  6 56 49.280  0.00   9
   109915  40.466850 -124.351904    20.380      -22.8        5.4       19.6     21.7     16.1     26.1 2022  1  1  7 51 46.140  0.00   9
   109920  40.466679 -124.351335    20.342       25.5      -13.6      -17.6     23.3     22.1     27.0 2022  1  1  8 39 32.480  0.00   9
   109921  40.466785 -124.351457    20.363       15.2       -1.8        3.1     28.6     25.7     33.8 2022  1  1  6 58 33.460  0.00   9
   109922  40.466903 -124.351693    20.350       -4.8       11.3      -10.1     21.1     16.4     16.5 2022  1  2  0 19 40.280  0.00   9
   109923  40.466809 -124.351839    20.362      -17.3        0.9        1.7     22.5     17.4     20.3 2022  1  2  7  8 33.280  0.00   9
   109927  40.466781 -124.351701    20.355       -5.5       -2.3       -5.1     24.2     15.8     16.7 2022  1  2  8 17 45.540  0.00   9
   109929  40.466899 -124.351481    20.328       13.1       10.8      -31.7     48.1     39.1     45.7 2022  1  2  5  0 24.040  0.00   9
   109930  40.466239 -124.351579    20.333        4.8      -62.4      -26.9     50.2     39.6     44.8 2022  1  2  5 38  1.540  0.00   9
   109931  40.466288 -124.351383    20.333       21.4      -56.9      -26.9     43.8     35.4     43.7 2022  1  2  5  2 12.340  0.00   9
   109932  40.466288 -124.351400    20.326       20.0      -56.9      -34.4     45.7     35.3     43.3 2022  1  2  3 23  3.540  0.00   9
   109933  40.466117 -124.351392    20.322       20.7      -75.9      -37.5     50.8     40.9     47.0 2022  1  2  5  1  2.520  0.00   9
   109935  40.466850 -124.351839    20.365      -17.3        5.4        4.5     20.0     17.0     20.3 2022  1  5 18 56  2.500  0.00   9
   109936  40.466813 -124.351831    20.362      -16.6        1.4        2.1     21.6     18.5     21.0 2022  1  5 19  1 24.180  0.00   9
   109938  40.466772 -124.352035    20.368      -33.8       -3.2        8.4     26.2     22.3     19.7 2022  1  5 21 32  2.160  0.00   9
   109939  40.466858 -124.351831    20.364      -16.6        6.3        3.8     20.2     18.2     20.9 2022  1  6  0 11 27.980  0.00   9
   109940  40.466813 -124.351986    20.374      -29.7        1.4       13.7     26.1     19.2     21.5 2022  1  7 20  6 20.120  0.00   9
   109943  40.467102 -124.351294    20.344       29.0       33.4      -16.0     40.5     33.0     20.6 2022  1 11  1 26 21.100  0.00   9
   109945  40.466813 -124.351506    20.354       11.0        1.4       -6.0     23.0     20.0     23.8 2022  1 15 18  5 10.660  0.00   9
   109947  40.466414 -124.347323    20.323      365.8      -42.9      -37.4    101.9     57.4     68.6 2022  1 17 14 27 17.180  0.00   9
   109951  40.466801 -124.351750    20.359       -9.7        0.0       -1.4     18.7     15.3     19.3 2022  1 27 20 10 53.880  0.00   9
   109952  40.466667 -124.351782    20.350      -12.4      -14.9       -9.5     23.8     19.2     18.0 2022  1 27 22 44  4.980  0.00   9
   109953  40.466870 -124.352043    20.372      -34.5        7.7       11.8     27.1     19.3     24.9 2022  1 27 22 52 11.360  0.00   9
   109954  40.466931 -124.351676    20.358       -3.5       14.5       -2.0     24.3     20.1     18.5 2022  1 27 17 34 18.060  0.00   9
   109955  40.466789 -124.351978    20.369      -29.0       -1.4        9.3     25.1     18.8     21.2 2022  1 27 21 47 50.600  0.00   9
   109956  40.466842 -124.351815    20.350      -15.2        4.5       -9.9     21.5     15.6     16.6 2022  1 27 22 16 34.500  0.00   9
   109957  40.466809 -124.351839    20.362      -17.3        0.9        2.1     19.7     17.5     20.0 2022  1 27 23  0 31.100  0.00   9
   109958  40.466809 -124.351701    20.354       -5.5        0.9       -5.8     18.6     13.9     17.7 2022  1 27 21 32 52.980  0.00   9
   109960  40.466764 -124.352059    20.369      -35.9       -4.1        8.7     28.7     21.0     21.6 2022  1 27 22  9  2.920  0.00   9
   109961  40.466968 -124.351929    20.372      -24.8       18.5       12.1     27.8     21.4     25.0 2022  1 27 18 33 32.900  0.00   9
   109962  40.466899 -124.351978    20.376      -29.0       10.8       15.8     26.6     19.8     25.3 2022  1 27 22  8  2.040  0.00   9
   109963  40.466711 -124.351750    20.359       -9.7       -9.9       -1.2     19.9     16.3     20.6 2022  1 27 23 14 21.180  0.00   9
   109964  40.466850 -124.351896    20.374      -22.1        5.4       13.9     17.0     14.9     21.7 2022  1 27 22 20 13.740  0.00   9
   109965  40.466809 -124.351831    20.362      -16.6        0.9        1.8     19.8     17.0     20.2 2022  1 27 22 12 45.840  0.00   9
   109983  40.466740 -124.352002    20.366      -31.1       -6.8        6.1     28.0     23.3     20.6 2022  1 28  0 34 32.560  0.00   9
   109984  40.466707 -124.352067    20.370      -36.6      -10.4        9.9     31.5     27.9     25.3 2022  1 28  3 12  7.440  0.00   9
   109985  40.466870 -124.351864    20.358      -19.3        7.7       -2.1     20.8     16.2     16.8 2022  1 28  0 44 42.720  0.00   9
   109988  40.466736 -124.352067    20.369      -36.6       -7.2        9.0     29.4     25.6     22.6 2022  1 28  0 27 15.380  0.00   9
   109995  40.466833 -124.351628    20.356        0.7        3.6       -3.6     23.1     18.1     18.5 2022  1 28  4 41 54.380  0.00   9
   109997  40.466764 -124.352059    20.372      -35.9       -4.1       11.9     25.5     25.3     23.5 2022  1 28  1 21 59.360  0.00   9
   110019  40.466821 -124.351758    20.369      -10.4        2.3        8.9     20.1     16.1     22.9 2022  2 14  4 28  7.640  0.00   9
   110023  40.467061 -124.351603    20.357        2.8       28.9       -2.7     30.9     24.8     24.6 2022  2 23  9 20  4.900  0.00   9
   110025  40.466854 -124.351766    20.371      -11.0        5.9       10.6     21.1     16.5     19.8 2022  2 27 18 36 21.460  0.00   9
   110027  40.467147 -124.351294    20.352       29.0       38.4       -8.4     42.6     33.1     33.6 2022  3  1  7 32 41.360  0.00   9
   110030  40.467289 -124.351099    20.351       45.6       54.2       -9.4     49.3     39.7     26.6 2022  3 12  3  5 59.020  0.00   9
   110037  40.466882 -124.351701    20.375       -5.5        9.0       15.2     25.8     22.2     31.2 2022  4 15  4  5 28.260  0.00   9
   110041  40.466821 -124.351693    20.366       -4.8        2.3        5.7     20.3     17.8     23.3 2022  4 23 19 30 21.100  0.00   9
   110043  40.466842 -124.351685    20.371       -4.1        4.5       10.7     17.9     14.7     25.1 2022  5 10 21 12 24.720  0.00   9
   110044  40.466838 -124.351416    20.365       18.6        4.1        5.2     25.7     19.8     29.5 2022  5 14 20 49  1.740  0.00   9
   110045  40.467029 -124.351546    20.348        7.6       25.3      -12.1     34.5     26.5     28.6 2022  5 17  9 54 28.320  0.00   9
   110046  40.466781 -124.352043    20.374      -34.5       -2.3       14.0     28.0     24.1     23.5 2022  5 19  9 26 51.460  0.00   9
   110049  40.467078 -124.351229    20.338       34.5       30.7      -21.6     40.3     31.8     22.2 2022  5 25  3 19  0.820  0.00   9
   110063  40.467163 -124.351294    20.343       29.0       40.2      -17.1     42.3     33.2     28.4 2022  6 27 22 32  8.600  0.00   9
   110065  40.466886 -124.351766    20.372      -11.0        9.5       11.9     22.0     16.6     19.4 2022  6 29  5 19 51.560  0.00   9
   110067  40.466850 -124.351473    20.367       13.8        5.4        7.3     27.9     18.2     22.3 2022  6 29  4  5 54.560  0.00   9
   110069  40.467078 -124.351538    20.356        8.3       30.7       -3.8     35.3     28.6     18.6 2022  7  7  0 41 12.360  0.00   9
   110072  40.467139 -124.351066    20.333       48.3       37.5      -27.1     45.9     35.5     32.1 2022  7 21 12 44 21.120  0.00   9
   110073  40.467171 -124.351310    20.345       27.6       41.1      -14.7     41.8     32.7     28.7 2022  7 21 16 18 58.860  0.00   9
   110082  40.466663 -124.352100    20.365      -39.3      -15.4        4.8     33.4     28.2     24.9 2022 10 11  8 11 57.980  0.00   9
   110085  40.466809 -124.351497    20.356       11.7        0.9       -3.6     19.8     16.8     21.1 2022 10 18 11  2 57.480  0.00   9
   110719  40.466768 -124.351847    20.361      -17.9       -3.6        0.7     17.4     14.1     18.7 2022 12 20 14 12 46.630  1.30   9
