   102795  40.456254 -124.684424    26.434      -96.6     -157.7      844.3     14.2     20.3     27.9 2020  1 13  5 54  9.180  0.00  29
   102796  40.459322 -124.683138    25.408       12.4      183.0     -181.5     12.7     15.6     46.6 2020  2 29  7 15 32.820  0.00  29
   102799  40.456742 -124.684733    26.837     -122.9     -103.5     1247.4     13.1     18.3     32.9 2020  3 19  2 25 40.400  0.00  29
   102801  40.458622 -124.681462    23.794      154.6      105.3    -1796.2     19.7     23.7     23.9 2020  4 23 15 31 30.460  0.00  29
   102802  40.452531 -124.679028    22.532      361.0     -571.1    -3058.3     14.1     21.0     17.0 2020  5  9 10 28 13.200  0.00  29
   102803  40.455859 -124.684294    25.661      -85.6     -201.5       71.4     16.3     27.3     39.0 2020  6  6 15 52 41.440  0.00  29
   102805  40.454244 -124.685262    26.570     -167.7     -380.9      979.9     16.9     28.1     48.7 2020 10 21 10  6  9.780  0.00  29
   102806  40.458651 -124.682910    25.235       31.8      108.4     -354.7     10.3     20.2     31.1 2020 11 20 21 51 21.400  0.00  29
   102808  40.455005 -124.685343    26.690     -174.6     -296.4     1099.6     18.4     28.2     54.9 2021  2 26  3 52 50.720  0.00  29
   102810  40.452197 -124.684790    26.016     -127.7     -608.2      426.1     18.0     25.5     53.6 2021  3 12  1 59 52.820  0.00  29
   102814  40.455485 -124.684456    26.335      -99.4     -243.1      744.6     13.9     23.0     24.2 2021  5 14 17 55 34.080  0.00  29
   102816  40.455404 -124.684033    25.511      -63.5     -252.1      -78.5      9.6     22.6     27.3 2021  7  2  3 22  6.040  0.00  29
   102817  40.459924 -124.682869    25.079       35.2      249.9     -510.9     20.8     24.4     72.6 2021  7  6 17  3 25.080  0.00  29
   102818  40.457507 -124.682861    24.940       35.9      -18.5     -650.0     10.4     16.6     38.3 2021  7  6 17 38 37.180  0.00  29
   102819  40.457556 -124.683195    25.392        7.6      -13.1     -198.4      8.3     16.0     23.6 2021  7 12  3 22 22.520  0.00  29
   102821  40.458203 -124.682886    24.995       33.8       58.7     -594.7     10.1     19.3     35.5 2021  7 27 13 33  6.200  0.00  29
   102824  40.456165 -124.684749    26.016     -124.3     -167.6      425.7     12.9     22.6     40.6 2021  9  2  0 10 43.380  0.00  29
   102825  40.455607 -124.684359    25.591      -91.1     -229.5        1.3     12.9     23.1     41.0 2021  9  2 12 41 16.800  0.00  29
   102826  40.457861 -124.683097    25.427       15.9       20.8     -163.3      7.8     16.6     25.1 2021 10 27 22  1 36.760  0.00  29
   102827  40.454797 -124.684310    25.662      -87.0     -319.4       71.7      9.8     22.8     24.9 2021 11 16  3 30 25.860  0.00  29
   102831  40.458773 -124.682633    24.969       55.2      122.0     -620.6     12.0     20.2     37.4 2022  2 25  5  5 50.620  0.00  29
   102832  40.459237 -124.683065    25.144       18.6      173.5     -445.6     15.2     17.7     48.3 2022  3 12  9 57  9.340  0.00  29
   102834  40.457711 -124.683285    25.415        0.0        4.1     -175.2      8.1     12.2     28.8 2022  4 23 21 41  5.660  0.00  29
   102835  40.455802 -124.684481    25.809     -101.5     -207.8      218.7     13.9     26.6     38.8 2022  4 25 10 17 30.100  0.00  29
   102836  40.451489 -124.684953    26.129     -141.5     -686.8      538.6     21.4     30.3     63.0 2022  4 26 18 21  6.880  0.00  29
   102837  40.455831 -124.684066    25.641      -66.3     -204.7       50.7     16.1     26.1     41.5 2022  4 29 21 52 16.440  0.00  29
   102838  40.458313 -124.682886    25.274       33.8       70.9     -316.5     11.7     14.8     43.4 2022  5  7 11 36  7.240  0.00  29
   102839  40.454126 -124.684285    25.567      -84.9     -394.0      -22.9     11.5     32.9     34.8 2022  5 26 17 57  8.800  0.00  29
   102840  40.458293 -124.682804    25.178       40.7       68.7     -412.4      9.9     19.0     27.0 2022  6 11 22 53 25.820  0.00  29
   102841  40.458525 -124.682959    25.347       27.6       94.4     -242.9     11.8     14.1     42.6 2022  6 12  8 44 32.260  0.00  29
   102842  40.457796 -124.683162    25.325       10.4       13.6     -265.0      9.0     15.8     26.4 2022  6 23 21 40 42.300  0.00  29
   102843  40.458415 -124.682943    25.405       29.0       82.2     -184.9      8.7     19.2     27.9 2022  7 28  1 50 12.780  0.00  29
   102844  40.457357 -124.683049    25.254       20.0      -35.2     -335.5      9.0     14.5     29.6 2022  7 28 20 49 41.480  0.00  29
   102847  40.456991 -124.684587    25.957     -110.4      -75.9      367.0     19.6     27.3     51.9 2022  9  3 19  0 25.420  0.00  29
   102849  40.454749 -124.684090    25.422      -68.3     -324.9     -168.5      9.8     22.8     29.1 2022  9 24 15 55 46.140  0.00  29
   102850  40.458553 -124.682886    25.246       33.8       97.6     -344.4      8.9     17.7     35.7 2022 10  9  0 29 47.680  0.00  29
   102852  40.456230 -124.684204    26.007      -78.0     -160.4      416.8     18.0     28.6     39.6 2022 11 11 22 43 19.680  0.00  29
   102853  40.458964 -124.682967    25.505       26.9      143.2      -85.0      9.3     18.7     34.7 2022 11 11 12  5 43.380  0.00  29
   102854  40.457825 -124.683122    25.018       13.8       16.7     -572.3      8.6     17.0     38.8 2022 11 19 17  1  6.200  0.00  29
   102855  40.457926 -124.683276    25.800        0.7       28.0      210.4     12.8     13.7     23.4 2022 11 29 18 59 55.780  0.00  29
   110306  40.458883 -124.682772    25.636       43.5      134.2       45.5      7.2     12.1     26.2 2023  4  5 22 10 57.780  1.92  29
