   107373  40.473254 -124.492952    16.977        2.1        6.3        7.5     13.0     19.3     29.4 2020  4 14  6 23  7.000  0.00  45
   107379  40.473226 -124.492961    16.978        1.4        3.2        8.3     13.6     13.3     22.6 2020  6 15  1 46 51.580  0.00  45
   107387  40.473230 -124.493009    16.981       -2.8        3.6       11.1      9.7     16.5     26.5 2020  7 27  4 46 34.380  0.00  45
   107392  40.473291 -124.492977    16.994        0.0       10.4       24.3     15.0     19.3     29.6 2020  8 30 19  4 40.040  0.00  45
   107394  40.473234 -124.492952    16.978        2.1        4.1        8.3     12.7     14.2     24.3 2020  9  3 10 23 36.500  0.00  45
   107395  40.473218 -124.492863    16.952        9.7        2.3      -17.6     19.7     31.1     51.5 2020  9 29 12 22 30.880  0.00  45
   107400  40.473173 -124.492928    16.952        4.1       -2.7      -18.3     16.0     23.1     41.0 2020 11 24 20 36 18.500  0.00  45
   107408  40.473189 -124.492944    16.959        2.8       -0.9      -10.5     14.2     20.0     35.5 2021  2 19 15 52  7.820  0.00  45
   107410  40.473271 -124.492977    16.983        0.0        8.1       12.6     11.4     20.1     27.9 2021  3  7 10 35 31.160  0.00  45
   107414  40.473271 -124.493026    16.993       -4.1        8.1       22.6     11.7     17.5     31.2 2021  4 25 18 54 25.160  0.00  45
   107415  40.473185 -124.492936    16.961        3.5       -1.4       -9.1     14.6     18.9     30.4 2021  4 28  6 32 18.440  0.00  45
   107416  40.473250 -124.493018    16.985       -3.5        5.9       15.3     13.0     19.3     32.5 2021  5  3  2  6 28.960  0.00  45
   107417  40.473271 -124.492952    16.983        2.1        8.1       13.0     13.6     20.0     26.6 2021  5 30 11 37 49.540  0.00  45
   107421  40.473230 -124.493009    16.980       -2.8        3.6       10.2      9.4     16.1     26.0 2021  7 18 15  2 20.760  0.00  45
   107422  40.473201 -124.492961    16.967        1.4        0.5       -2.8     10.3     12.4     20.5 2021  7 18 15 31 52.420  0.00  45
   107423  40.473254 -124.493026    16.986       -4.1        6.3       15.8     12.1     16.7     28.3 2021  7 27 13 51 30.020  0.00  45
   107424  40.473193 -124.492944    16.964        2.8       -0.5       -5.8     13.4     17.0     27.2 2021  7 30  0 23  4.580  0.00  45
   107425  40.473218 -124.492993    16.974       -1.4        2.3        3.7      8.7     14.7     24.9 2021  7 31  8 31  9.420  0.00  45
   107427  40.473267 -124.492969    16.984        0.7        7.7       13.7     12.8     18.2     26.1 2021  8 22  9 57 36.520  0.00  45
   107431  40.473218 -124.492985    16.972       -0.7        2.3        2.3     10.0     13.8     25.1 2021  8 28 18 49 43.480  0.00  45
   107433  40.473271 -124.492977    16.984        0.0        8.1       13.9     11.3     20.0     27.7 2021  9 26  9 56 24.080  0.00  45
   107439  40.473246 -124.493018    16.985       -3.5        5.4       15.1     12.8     18.6     33.9 2021 12  4  2 17  7.060  0.00  45
   107440  40.473254 -124.492936    16.979        3.5        6.3        8.5     15.6     22.3     31.2 2021 12 29 22  3  1.540  0.00  45
   107445  40.473267 -124.493026    16.993       -4.1        7.7       22.7     12.0     17.4     31.3 2022  2 13  8 35 50.880  0.00  45
   107453  40.473181 -124.492936    16.961        3.5       -1.8       -9.1     14.4     18.7     30.2 2022  5  5 12 32 31.180  0.00  45
   107460  40.473222 -124.492993    16.974       -1.4        2.7        3.9     10.0     13.9     25.3 2022 10  5 16 12 57.180  0.00  45
   107461  40.473271 -124.493026    16.993       -4.1        8.1       23.2     12.3     17.6     31.7 2022 10 18  5 42 38.700  0.00  45
   110437  40.473169 -124.493018    16.963       -3.5       -3.2       -7.1     10.3     14.8     23.7 2023  2 22  3  3 18.930  1.24  45
