   107012  40.449500 -124.509497    19.783       54.5        7.7     -157.3     21.5     64.3     67.6 2020  3 13 20 49 46.760  0.00  20
   107018  40.450110 -124.510775    19.992      -53.8       75.5       51.6     39.8     48.6     60.8 2020  3 16 15  0 15.800  0.00  20
   107019  40.450338 -124.510937    20.191      -67.7      100.8      250.7     37.8     40.2     75.0 2020  3 19  5 28 35.140  0.00  20
   107025  40.449003 -124.509652    19.773       41.4      -47.4     -166.7     49.7     56.9     93.5 2020  4 13 16 19 31.580  0.00  20
   107026  40.449154 -124.509277    19.696       73.2      -30.7     -244.3     32.4     81.5     61.9 2020  4 13 15 50 34.720  0.00  20
   107027  40.448881 -124.509538    19.755       51.1      -61.0     -185.0     53.8     61.4     97.1 2020  4 13 19 50 27.360  0.00  20
   107028  40.449841 -124.512085    20.188     -165.0       45.6      247.6     51.4     54.9    104.6 2020  4 14 17  8 38.280  0.00  20
   107033  40.448759 -124.509391    19.696       63.5      -74.6     -243.8     59.4     67.0     94.6 2020  4 18  4 37 30.240  0.00  20
   107036  40.449003 -124.509660    19.767       40.7      -47.4     -172.8     34.1     38.3     53.3 2020  4 20  0 18 25.620  0.00  20
   107039  40.448857 -124.509505    19.613       53.8      -63.7     -327.0     58.1     65.9     98.7 2020  4 22  4  6 12.460  0.00  20
   107041  40.450883 -124.511499    19.991     -115.3      161.3       51.3     84.3     98.0    112.6 2020  4 23 14 12 34.780  0.00  20
   107046  40.448910 -124.509546    19.669       50.4      -57.8     -270.7     50.0     56.5     80.8 2020  5 11  2 24 50.380  0.00  20
   107047  40.448922 -124.509546    19.652       50.4      -56.5     -288.1     51.7     58.5     86.3 2020  5 15  1  9 24.220  0.00  20
   107074  40.449516 -124.510181    19.961       -3.5        9.5       21.0     18.6     24.2     30.8 2020  6 26 21 11 31.440  0.00  20
   107076  40.449536 -124.510221    19.968       -6.9       11.7       28.4     19.7     22.4     37.2 2020  6 26 21 41 55.120  0.00  20
   107085  40.449406 -124.510083    19.937        4.8       -2.7       -2.5     19.6     25.8     33.4 2020  7  3 12 39 44.800  0.00  20
   107090  40.449467 -124.510197    19.963       -4.8        4.1       22.7     27.5     19.6     52.3 2020  7  5  5 27 39.000  0.00  20
   107091  40.449479 -124.510132    19.952        0.7        5.4       12.1     19.7     29.9     33.6 2020  7  5 22 14 38.140  0.00  20
   107097  40.449410 -124.510107    19.941        2.8       -2.3        1.1     21.8     24.5     33.6 2020  7 13 15 22 48.300  0.00  20
   107104  40.449451 -124.510156    19.953       -1.4        2.3       12.6     21.1     23.0     38.2 2020  7 24 15 25  2.280  0.00  20
   107107  40.449573 -124.510246    19.974       -9.0       15.8       33.9     19.7     22.8     34.2 2020  7 26 17 32 18.560  0.00  20
   107108  40.449438 -124.510059    19.936        6.9        0.9       -3.6     20.8     35.6     32.9 2020  7 29 23 21 13.380  0.00  20
   107109  40.449540 -124.510107    19.939        2.8       12.2       -1.4     21.9     35.6     39.3 2020  7 30  0 33 38.560  0.00  20
   107110  40.449451 -124.510132    19.947        0.7        2.3        6.6     20.8     25.2     33.1 2020  7 31 15 58 31.680  0.00  20
   107112  40.449487 -124.510156    19.954       -1.4        6.3       14.1     19.3     22.7     38.7 2020  8 21  3 38  0.900  0.00  20
   107113  40.448966 -124.510327    20.006      -15.9      -51.5       66.1     24.9     33.5     59.9 2020  8 22  8 28 36.020  0.00  20
   107117  40.449561 -124.510042    19.923        8.3       14.5      -17.0     21.0     41.0     36.3 2020  9  5 22 11 56.180  0.00  20
   107122  40.449402 -124.510189    19.963       -4.1       -3.2       22.5     26.4     31.4     39.9 2020 10 21 11 51 21.820  0.00  20
   107125  40.449320 -124.510010    19.921       11.0      -12.2      -18.6     20.1     28.8     36.2 2020 12 11 12 11 46.140  0.00  20
   107129  40.449390 -124.510099    19.936        3.5       -4.5       -4.2     20.9     23.1     33.1 2020 12 29  1 47 27.420  0.00  20
   107140  40.449235 -124.510140    19.946        0.0      -21.7        5.6     27.2     41.8     35.1 2021  6  8  0 28 30.380  0.00  20
   107142  40.449430 -124.510124    19.942        1.4        0.0        1.8     23.4     26.6     30.1 2021  6  9 13 25 38.980  0.00  20
   107144  40.449479 -124.510156    19.950       -1.4        5.4        9.8     21.6     28.3     28.7 2021  6 10 12 39 30.160  0.00  20
   107146  40.449984 -124.510693    19.996      -46.9       61.4       55.6     27.3     31.6     69.1 2021  6 15  3  3 59.900  0.00  20
   107147  40.449459 -124.510148    19.954       -0.7        3.2       13.7     19.7     23.0     30.3 2021  6 22 21 20 11.860  0.00  20
   107148  40.449491 -124.510164    19.957       -2.1        6.8       16.6     18.8     20.6     26.4 2021  6 23 21 32 51.880  0.00  20
   107150  40.449369 -124.510156    19.945       -1.4       -6.8        5.0     27.8     28.9     29.0 2021  6 26  5  4 28.020  0.00  20
   107153  40.449377 -124.510197    19.947       -4.8       -5.9        7.4     23.5     36.0     37.9 2021  8 22  8 46 23.040  0.00  20
   107155  40.449382 -124.510197    19.950       -4.8       -5.4       10.2     23.4     36.0     35.1 2021  8 30  9 39 56.700  0.00  20
   107156  40.449251 -124.510156    19.945       -1.4      -19.9        4.6     32.2     42.5     34.1 2021  8 30  7 17 22.420  0.00  20
   107158  40.449211 -124.510295    19.984      -13.1      -24.4       44.3     24.3     22.8     28.7 2021  9  3  9 32  4.260  0.00  20
   107160  40.449243 -124.510091    19.943        4.1      -20.8        3.2     23.5     39.3     39.0 2021  9 13  8  1 39.740  0.00  20
   107162  40.449459 -124.510140    19.953        0.0        3.2       13.0     19.4     23.1     30.1 2021  9 14 18 20 35.760  0.00  20
   107165  40.449455 -124.510140    19.957        0.0        2.7       17.0     19.5     24.4     42.2 2021  9 14 23 19 12.780  0.00  20
   107168  40.449459 -124.510148    19.954       -0.7        3.2       14.0     19.7     23.0     30.7 2021  9 22 20 32 26.380  0.00  20
   107170  40.449459 -124.510164    19.956       -2.1        3.2       16.5     19.8     22.3     40.2 2021 10  8  8  3 23.660  0.00  20
   107171  40.449455 -124.510140    19.955        0.0        2.7       14.9     20.3     23.2     32.3 2021 11 14 20 50 55.920  0.00  20
   107178  40.449292 -124.509985    19.906       13.1      -15.4      -33.8     26.6     31.3     41.2 2022 11 27 18 31 58.100  0.00  20
   110425  40.449434 -124.510091    19.967        4.1        0.5       27.0     19.0     20.5     28.2 2023  4 20 17 48 59.220  0.86  20
