   106010  40.276941 -124.562150    18.235       10.4      -72.3      -34.8     34.5    128.5     59.9 2020  2 10 16 52 35.900  0.00  40
   106012  40.278121 -124.562231    18.239        3.5       58.7      -30.6     30.6     65.0     56.8 2020  3 20  4 52 58.960  0.00  40
   106014  40.278060 -124.562240    18.178        2.8       52.0      -91.8     34.5     46.7     89.8 2020  4  7 23 24 48.060  0.00  40
   106017  40.277498 -124.562305    18.280       -2.8      -10.4        9.8     23.4     56.9     67.0 2020  7 16 18 56 25.600  0.00  40
   106019  40.277966 -124.562272    18.300        0.0       41.6       30.5     20.7     65.3     81.5 2020  8  4 17 55 32.040  0.00  40
   106020  40.277112 -124.562581    18.420      -26.3      -53.3      150.2     39.3     93.6    104.2 2020  9  6  7 26 57.220  0.00  40
   106021  40.276465 -124.562321    18.279       -4.2     -125.2        8.8     21.4    130.3     67.7 2020  9 17 15 29 55.440  0.00  40
   106023  40.277710 -124.562329    18.282       -4.8       13.1       11.7     23.1     57.7     56.8 2020 10  7 20 16 32.860  0.00  40
   106025  40.277710 -124.562337    18.312       -5.5       13.1       41.8     24.3     49.9     77.4 2020 10 30  5 28 15.440  0.00  40
   106026  40.277799 -124.562272    18.279        0.0       23.0        8.9     25.3     42.4     88.3 2020 12 27 14 29 51.580  0.00  40
   106027  40.278833 -124.562061    18.200       18.0      137.8      -69.6     45.8    131.0     85.2 2021  1 27 20 38 14.300  0.00  40
   106028  40.277555 -124.562345    18.289       -6.2       -4.1       18.6     24.4     43.6     61.1 2021  2 12  4 45 10.420  0.00  40
   106029  40.278015 -124.562272    18.323        0.0       47.0       53.3     22.5     72.1     92.2 2021  2 23 17  9 35.440  0.00  40
   106032  40.277901 -124.562272    18.317        0.0       34.3       46.9     28.0     69.1    104.2 2021  4  2  8 32 29.220  0.00  40
   106033  40.275875 -124.562158    18.212        9.7     -190.7      -58.3     25.6    150.8    114.4 2021  4  2 13 18 31.140  0.00  40
   106034  40.277694 -124.562297    18.271       -2.1       11.3        1.4     21.0     40.2     55.1 2021  4  3 23 18 17.580  0.00  40
   106035  40.277710 -124.562248    18.238        2.1       13.1      -31.6     33.9     43.5     52.2 2021  4  4  7 50 26.820  0.00  40
   106037  40.278975 -124.561947    18.253       27.7      153.6      -17.4     42.9     72.6     83.6 2021  4 26  6 32 31.780  0.00  40
   106039  40.277319 -124.562598    18.420      -27.7      -30.3      150.3     37.8     77.5     97.8 2021  7 14 15  3 16.320  0.00  40
   106040  40.277840 -124.562321    18.306       -4.2       27.6       36.2     22.4     57.5     63.5 2021  7 28  9 36  3.100  0.00  40
   106042  40.279236 -124.562093    18.296       15.2      182.5       26.0     32.6    112.6    100.2 2021  8 24 17 52 55.220  0.00  40
   106045  40.277547 -124.562305    18.245       -2.8       -5.0      -25.0     24.9     49.0     67.5 2021 12 14 20 34 44.500  0.00  40
   106047  40.277661 -124.562288    18.269       -1.4        7.7       -1.5     23.1     43.0     46.2 2021 12 21  7  5 18.660  0.00  40
   106048  40.277714 -124.562256    18.270        1.4       13.6        0.1     22.1     48.9     52.6 2021 12 21  9  6 23.560  0.00  40
   106052  40.277677 -124.562516    18.370      -20.8        9.5      100.5     42.1     68.6    136.5 2021 12 27 23 32 51.160  0.00  40
   106053  40.277885 -124.562264    18.278        0.7       32.5        8.4     22.8     66.8     52.1 2021 12 30 22  2 34.580  0.00  40
   106054  40.273450 -124.561727    18.150       46.4     -460.0     -119.8     49.1    121.3    128.0 2022  1  1 17 29 31.920  0.00  40
   106055  40.277686 -124.562297    18.288       -2.1       10.4       18.4     25.6     53.6     55.6 2022  1  3  9 47 41.620  0.00  40
   106057  40.275724 -124.562760    18.367      -41.5     -207.4       97.4     57.3    174.3    126.8 2022  2 23  2  6 30.340  0.00  40
   106058  40.276778 -124.562516    18.311      -20.8      -90.4       41.4     36.7    112.4     99.9 2022  3 10  3 28 33.340  0.00  40
   106062  40.277425 -124.562345    18.254       -6.2      -18.5      -16.0     28.0     52.0     72.5 2022  7 25 13 33 16.740  0.00  40
   110386  40.277527 -124.562305    18.278       -2.8       -7.2        8.1     22.4     45.9     48.9 2023  4 30  3 21 23.220  1.14  40
