   104725  40.729911 -124.223869    20.733      -32.3        2.3        3.5     45.8     19.2     25.6 2021  8  1 17 14 21.960  0.00  18
   104728  40.729830 -124.222957    20.712       44.7       -6.8      -18.2     27.8     16.0     27.1 2021  8 12  1  5 10.400  0.00  18
   104729  40.729818 -124.222933    20.712       46.7       -8.1      -17.8     27.9     15.8     25.8 2021  8 12  1  0 35.920  0.00  18
   104730  40.729830 -124.222941    20.695       46.1       -6.8      -35.4     37.3     20.6     37.6 2021  8 12  4  6 13.180  0.00  18
   104731  40.729928 -124.223315    20.710       14.4        4.1      -19.7     26.6     15.1     22.9 2021  8 12  1 11 44.700  0.00  18
   104732  40.729911 -124.223315    20.715       14.4        2.3      -15.1     29.9     17.3     21.1 2021  8 12  4 31 21.500  0.00  18
   104736  40.729871 -124.222974    20.702       43.3       -2.3      -28.3     36.5     21.1     36.1 2021  8 12  4 26 21.340  0.00  18
   104738  40.729948 -124.223307    20.704       15.1        6.3      -26.3     23.9     14.6     22.4 2021  8 12  1 38 51.820  0.00  18
   104739  40.729854 -124.223006    20.723       40.6       -4.1       -6.7     31.4     18.7     28.8 2021  8 12  1 40 19.140  0.00  18
   104743  40.729854 -124.222876    20.722       51.6       -4.1       -8.4     38.7     19.9     36.1 2021  8 12  2  8 24.840  0.00  18
   104746  40.729919 -124.223136    20.717       29.6        3.2      -12.6     30.2     21.6     34.0 2021  8 12  1 17 20.740  0.00  18
   104751  40.729952 -124.223250    20.717       19.9        6.8      -13.0     23.7     17.1     21.9 2021  9 25 19 29 33.640  0.00  18
   104752  40.729883 -124.222998    20.726       41.2       -0.9       -3.5     29.7     18.2     22.6 2021  9 25 19 41 25.880  0.00  18
   104753  40.729854 -124.223055    20.722       36.4       -4.1       -7.5     30.5     16.5     21.8 2021  9 25 20  4 29.320  0.00  18
   104754  40.729944 -124.223120    20.703       30.9        5.9      -27.1     29.0     17.7     30.3 2021  9 25 19 41 55.140  0.00  18
   104755  40.729915 -124.223291    20.701       16.5        2.7      -29.4     32.5     18.5     26.8 2021  9 25 21 31 36.900  0.00  18
   104756  40.729871 -124.222949    20.716       45.4       -2.3      -13.6     25.7     15.6     34.6 2021  9 25 19 57 59.400  0.00  18
   104757  40.729834 -124.223014    20.710       39.9       -6.3      -19.6     32.7     19.6     23.1 2021  9 25 19 21 20.700  0.00  18
   104758  40.729919 -124.223315    20.726       14.4        3.2       -4.5     24.2     18.2     27.6 2021  9 25 21 50 47.040  0.00  18
   104759  40.729875 -124.222974    20.723       43.3       -1.8       -7.1     31.2     20.6     20.6 2021  9 25 19 42 14.420  0.00  18
   104760  40.729972 -124.223258    20.726       19.2        9.0       -4.0     28.9     23.5     29.8 2021  9 25 19 30 41.020  0.00  18
   104765  40.729956 -124.223169    20.721       26.8        7.2       -9.2     22.4     15.2     25.9 2021  9 26  0 23 57.940  0.00  18
   104766  40.729911 -124.223201    20.707       24.1        2.3      -23.1     27.0     17.3     25.5 2021  9 26  4 48 58.440  0.00  18
   104767  40.729944 -124.223364    20.704       10.3        5.9      -26.0     26.5     16.2     28.4 2021  9 26  4 47 56.220  0.00  18
   104768  40.729919 -124.223258    20.710       19.2        3.2      -20.1     25.8     16.5     21.8 2021  9 26  4 58 59.300  0.00  18
   104769  40.729801 -124.222990    20.717       41.9       -9.9      -13.2     32.5     15.8     22.5 2021  9 26  3  8  4.900  0.00  18
   104770  40.729899 -124.223275    20.717       17.9        0.9      -13.0     27.2     14.9     20.4 2021  9 26  6 47  1.820  0.00  18
   104778  40.729740 -124.223096    20.723       33.0      -16.7       -6.7     43.2     28.5     36.0 2021  9 26  4 52 20.080  0.00  18
   104779  40.729903 -124.222965    20.705       44.0        1.4      -24.6     29.5     19.1     26.7 2021  9 27  3 38 24.020  0.00  18
   104780  40.729875 -124.223250    20.729       19.9       -1.8       -0.7     39.9     16.3     17.5 2021 10  2 13 58 43.600  0.00  18
   104782  40.729858 -124.222819    20.713       56.4       -3.6      -16.9     30.1     15.7     28.8 2021 10  2 16  3 32.660  0.00  18
   104785  40.729891 -124.223739    20.730      -21.3        0.0        0.4     46.1     18.5     25.2 2021 10 10  8 36 52.560  0.00  18
   104787  40.729887 -124.223853    20.746      -30.9       -0.5       16.2     49.7     19.5     32.0 2021 10 10  9 56 51.320  0.00  18
   104791  40.729871 -124.223088    20.701       33.7       -2.3      -28.9     43.2     25.5     34.3 2021 10 18  5  9 10.720  0.00  18
   104793  40.729960 -124.223218    20.691       22.7        7.7      -38.9     41.1     24.2     35.1 2021 10 18  5  9 57.000  0.00  18
   104794  40.729854 -124.223063    20.723       35.7       -4.1       -6.7     25.5     15.3     21.4 2021 10 30 10 59 31.620  0.00  18
   104797  40.729956 -124.223812    20.722      -27.5        7.2       -8.3     42.4     17.1     23.1 2021 11  7 19 48  6.500  0.00  18
   104800  40.729915 -124.223079    20.681       34.4        2.7      -48.6     41.4     16.6     42.8 2022  3 25 13 28 32.140  0.00  18
   104801  40.729879 -124.222957    20.708       44.7       -1.4      -21.7     40.9     18.3     32.8 2022  3 25 22  6 11.360  0.00  18
   104803  40.729936 -124.223112    20.667       31.6        5.0      -63.3     42.8     18.7     43.7 2022  3 25 14  8 59.840  0.00  18
   104804  40.729952 -124.223169    20.687       26.8        6.8      -42.9     43.9     19.6     37.3 2022  3 25 13 50 50.600  0.00  18
   104805  40.729834 -124.222884    20.681       50.9       -6.3      -48.8     31.9     13.5     37.8 2022  3 25  8 23 32.880  0.00  18
   104806  40.729952 -124.223136    20.673       29.6        6.8      -57.1     42.2     19.1     42.3 2022  3 25 14 20 37.640  0.00  18
   104808  40.729887 -124.222884    20.672       50.9       -0.5      -58.4     46.1     17.0     44.8 2022  3 25 15 24 24.460  0.00  18
   104809  40.729948 -124.223161    20.684       27.5        6.3      -46.1     44.1     20.0     38.3 2022  3 25  9 31 23.220  0.00  18
   104810  40.729948 -124.223136    20.669       29.6        6.3      -61.0     44.2     20.0     39.6 2022  3 25 12 25 14.960  0.00  18
   104811  40.729911 -124.222949    20.680       45.4        2.3      -50.2     46.9     18.6     40.0 2022  3 25  8  9 50.540  0.00  18
   104814  40.729948 -124.223104    20.654       32.3        6.3      -76.2     45.3     20.5     40.8 2022  3 25 11 52 42.820  0.00  18
   104825  40.729846 -124.222746    20.701       62.6       -5.0      -28.6     43.6     19.6     30.9 2022  3 27  3 21 36.620  0.00  18
   104826  40.729891 -124.223063    20.676       35.7        0.0      -54.2     32.1     18.7     41.4 2022  6  6  6 54 28.160  0.00  18
   104829  40.729842 -124.223201    20.726       24.1       -5.4       -4.2     34.8     15.1     17.9 2022  6 27 15 18 26.760  0.00  18
   104831  40.729907 -124.223934    20.740      -37.8        1.8       10.3     59.2     22.8     32.1 2022  6 27 15 19 54.380  0.00  18
   104834  40.729806 -124.223649    20.689      -13.7       -9.5      -41.5     41.3     22.6     26.7 2022  9 22  6  7 32.900  0.00  18
   104836  40.729960 -124.223584    20.663       -8.2        7.7      -67.3     30.3     19.4     55.7 2022 11 19 14 19 54.200  0.00  18
   110351  40.729907 -124.223625    20.751      -11.7        1.8       20.9     22.6     13.8     23.9 2023  1  6 12 32 56.510  1.36  18
