   103037  40.494364 -124.704053    26.186      -75.9      -70.5      556.2      6.2      8.7     16.0 2020  1  9  2 28 46.420  0.00  21
   103039  40.497205 -124.702653    25.677       42.8      244.9       46.6      6.8     12.4     23.5 2020  2 13  3 49 16.980  0.00  21
   103041  40.497481 -124.702466    25.640       58.6      275.6       10.2      6.6     12.9     26.9 2020  2 13  4 46  3.640  0.00  21
   103047  40.494051 -124.704004    26.285      -71.7     -105.3      654.9      7.2      9.7     22.1 2020  3 24  7 13 13.600  0.00  21
   103049  40.492887 -124.703638    25.744      -40.7     -234.5      114.2      5.0     10.4     21.3 2020  4  2  6 14 42.300  0.00  21
   103050  40.492932 -124.703581    25.510      -35.9     -229.5     -119.8      6.6     13.7     30.2 2020  4  2  9 24  2.020  0.00  21
   103052  40.496590 -124.704679    26.832     -129.0      176.7     1202.3      7.1     13.6     20.5 2020  5  2 14 30  4.400  0.00  21
   103053  40.492655 -124.703833    25.762      -57.3     -260.3      132.3      5.8     13.1     16.6 2020  5 26 13 46 53.380  0.00  21
   103054  40.494409 -124.703719    25.887      -47.6      -65.5      256.9      5.2      8.5     15.1 2020  5 27 14 13 23.920  0.00  21
   103056  40.502478 -124.700895    25.603      191.8      830.5      -26.9     13.0     27.2     44.5 2020  6  3  7 51 45.780  0.00  21
   103059  40.499613 -124.701058    26.348      178.0      512.4      718.3     16.7     22.3     49.5 2020  6 26  3 47 36.160  0.00  21
   103060  40.500525 -124.701147    25.334      170.4      613.6     -295.9     11.2     14.4     40.3 2020  7  3  9 58 33.980  0.00  21
   103061  40.498779 -124.701896    25.781      106.9      419.8      151.2      7.9     17.8     35.7 2020  7  8 14  3 32.400  0.00  21
   103063  40.493372 -124.703882    26.059      -61.4     -180.7      429.0      5.0      9.6     18.2 2020  9  7  3 44 39.520  0.00  21
   103068  40.500549 -124.701725    25.162      121.4      616.3     -468.4      8.4     21.1     20.6 2020 10  2  7 32  2.120  0.00  21
   103070  40.499886 -124.701912    25.541      105.5      542.7      -89.0      9.0     16.5     26.4 2020 10 18  5 17 38.540  0.00  21
   103073  40.498905 -124.702222    25.274       79.3      433.8     -356.4      7.8     15.5     40.5 2020 11  6  4 14 13.540  0.00  21
   103074  40.499353 -124.699089    23.570      344.9      483.5    -2060.2     12.6     17.2     16.0 2020 11 15 10  1 52.660  0.00  21
   103075  40.496745 -124.698275    22.331      413.9      193.8    -3299.1     30.6     41.2     47.9 2020 12  2  4 36 19.100  0.00  21
   103076  40.493636 -124.703735    26.179      -49.0     -151.4      548.8      4.7      9.4     16.9 2020 12 17  6 44 45.740  0.00  21
   103077  40.486922 -124.694995    21.368      692.0     -896.9    -4261.7     36.6     49.7     43.3 2021  1 12  2  8 19.400  0.00  21
   103078  40.497294 -124.697957    23.231      440.8      254.8    -2398.9     12.3     13.6     15.4 2021  1 19 17 42 49.980  0.00  21
   103079  40.501705 -124.701156    23.734      169.7      744.6    -1895.7      8.7     10.6     10.2 2021  1 19 18  1 13.300  0.00  21
   103083  40.495748 -124.704386    26.353     -104.2       83.1      723.3      7.5      8.5     17.5 2021  2  1  4 12  8.800  0.00  21
   103084  40.494706 -124.703857    26.187      -59.3      -32.5      556.7      4.8      8.5     16.3 2021  3 23  9 45 54.260  0.00  21
   103086  40.500700 -124.700993    23.841      183.5      633.0    -1789.2     10.6     18.9     12.2 2021  4 26  7  2 45.300  0.00  21
   103089  40.497062 -124.698649    23.989      382.2      229.1    -1640.8     10.8     17.4     13.4 2021  6 15 10 46 43.260  0.00  21
   103090  40.499194 -124.708000    29.578     -410.5      465.8     3947.7     16.5     13.5     37.6 2021  7  4  0  5 36.200  0.00  21
   103091  40.494430 -124.703727    25.964      -48.3      -63.3      334.3      5.8      7.8     19.8 2021  7 13 21 59  0.800  0.00  21
   103092  40.493258 -124.703825    26.004      -56.6     -193.4      373.6      5.1     11.0     22.1 2021  7 18  2  1  4.540  0.00  21
   103093  40.494336 -124.703874    26.317      -60.7      -73.7      687.1      6.9      9.3     21.7 2021  7 21 10 36 48.460  0.00  21
   103097  40.492765 -124.703768    25.893      -51.7     -248.1      263.1      6.0      9.3     20.1 2021 11 22  2 25 23.060  0.00  21
   103098  40.492712 -124.703573    25.800      -35.2     -253.9      169.6      5.3     12.5     15.2 2021 11 22  1 57 48.440  0.00  21
   103099  40.495288 -124.703337    25.620      -15.2       32.1      -10.2      6.1      8.8     22.9 2021 11 22 21 23 58.880  0.00  21
   103100  40.502409 -124.698551    23.838      390.5      822.8    -1792.3      7.2     17.2      7.6 2021 11 27 13 33 29.400  0.00  21
   103104  40.497424 -124.699552    23.970      305.6      269.3    -1659.9     16.3     14.2     20.2 2022  1 16 23  2 24.140  0.00  21
   103105  40.493628 -124.703866    26.262      -60.0     -152.3      632.1      4.8      9.6     18.5 2022  2 16 13 34 40.600  0.00  21
   103107  40.499829 -124.702319    25.801       71.1      536.3      171.4      9.5     13.4     26.3 2022  3 12  7 11 15.140  0.00  21
   103108  40.492611 -124.703866    25.722      -60.0     -265.2       92.3      5.0     13.3     25.5 2022  4  4 11 35  9.120  0.00  21
   103110  40.499520 -124.701945    25.271      102.8      502.0     -359.3      9.4     16.3     31.6 2022  4  9 17 16  5.540  0.00  21
   103112  40.493278 -124.703695    25.870      -45.5     -191.1      240.3      5.0     10.0     19.2 2022  5 30 13 48 37.440  0.00  21
   103113  40.493660 -124.703768    25.890      -51.7     -148.7      259.7      5.1     10.5     19.3 2022  5 30 13 30 56.840  0.00  21
   103114  40.493062 -124.703605    25.887      -37.9     -215.1      257.5      5.2     12.0     16.8 2022  5 30 13 39 35.600  0.00  21
   103116  40.501619 -124.705892    26.877     -231.8      735.1     1246.6      8.7     18.0     29.9 2022  6 14  6 34  6.200  0.00  21
   103117  40.493632 -124.703630    25.826      -40.0     -151.8      196.2      5.1      9.9     16.0 2022  6 23 22 54 39.680  0.00  21
   103120  40.494458 -124.703760    26.031      -51.1      -60.1      400.6      4.8      8.9     22.0 2022  9 22  3 48 37.700  0.00  21
   110315  40.493502 -124.703719    25.715      -47.6     -166.3       84.6      4.9      7.6     15.5 2023  5 17 16 10 52.790  2.77  21
