   104071  40.315503 -124.624365    17.460      -31.1        9.0      -20.1     60.3    111.4    125.0 2020  2 12 16  7 41.000  0.00  12
   104073  40.314258 -124.624504    17.396      -42.9     -129.2      -83.7     89.8    140.1    134.3 2020  3 23 10  8  1.320  0.00  12
   104081  40.319649 -124.622746    17.602      106.5      469.4      121.8     94.0    154.8    171.1 2020  6 20 14 32 12.460  0.00  12
   104084  40.318233 -124.624048    17.643       -4.2      312.2      162.9     91.3    154.5    144.6 2020  8 23 13 32 49.620  0.00  12
   104093  40.315633 -124.623861    17.419       11.8       23.5      -61.2     53.4     67.6    116.0 2021  4 14  8 37 28.880  0.00  12
   104094  40.310514 -124.623625    17.466       31.8     -544.9      -13.9     70.9    196.0    133.8 2021  4 27 15 38  2.160  0.00  12
   104095  40.314351 -124.622493    17.340      128.0     -118.8     -140.1    112.7    154.4    155.3 2021  5  9  1 43 27.920  0.00  12
   104097  40.316182 -124.623910    17.564        7.6       84.5       84.3     54.2     92.6    100.2 2021  6  2  4  0 20.340  0.00  12
   104100  40.322074 -124.623039    17.868       81.6      738.7      387.9     86.9    178.6    118.4 2021  7 11  8 17 13.640  0.00  12
   104103  40.315560 -124.623966    17.531        2.8       15.4       51.4     56.2     97.4     95.8 2021  9  7  8 40 28.240  0.00  12
   104110  40.315670 -124.624040    17.540       -3.5       27.6       59.9     56.3     84.6    100.0 2021 12 20 20 33 55.560  0.00  12
   104114  40.318225 -124.623511    17.671       41.5      311.3      191.2     43.2    149.9    114.4 2021 12 20 22 51 13.920  0.00  12
   104116  40.313013 -124.621444    17.697      217.2     -267.5      217.3    127.6    242.4    188.0 2021 12 20  8 18 44.340  0.00  12
   104123  40.319527 -124.623975    17.599        2.1      455.9      119.0    101.5    188.9    219.6 2021 12 20 20 19  7.280  0.00  12
   104126  40.322314 -124.624292    17.669      -24.9      765.4      188.8     69.3    205.7    163.5 2021 12 20 23  8  0.740  0.00  12
   104127  40.315149 -124.623877    16.990       10.4      -30.3     -490.0     58.3    197.4    222.5 2021 12 20 22 49 16.500  0.00  12
   104132  40.316650 -124.621981    17.562      171.5      136.5       81.5    124.2    203.2    201.9 2021 12 20 21 36  0.060  0.00  12
   104134  40.314237 -124.624536    17.384      -45.7     -131.5      -95.5     74.5    112.1    107.2 2021 12 21  6  4 42.940  0.00  12
   104135  40.317582 -124.623543    17.585       38.7      239.9      105.0     69.1    124.6    132.5 2021 12 21  8 17 30.500  0.00  12
   104136  40.315190 -124.624089    17.453       -7.6      -25.8      -26.7     60.5     93.6     98.4 2021 12 21  7  6  6.440  0.00  12
   104137  40.315426 -124.624007    17.467       -0.7        0.5      -12.8     55.7     69.6     92.8 2021 12 21 10 44  8.200  0.00  12
   104138  40.316178 -124.623942    17.615        4.8       84.0      134.6     73.8    127.6    103.3 2021 12 21  4 44  7.140  0.00  12
   104140  40.315462 -124.624032    17.536       -2.8        4.5       55.9     57.2     88.8     95.3 2021 12 21  0 12  8.960  0.00  12
   104141  40.315682 -124.623706    17.501       24.9       28.9       20.7     55.7    101.8     88.4 2021 12 21 11 42 54.940  0.00  12
   104142  40.315007 -124.624202    17.453      -17.3      -46.1      -27.4     54.7    141.6    124.0 2021 12 21  3 50  3.100  0.00  12
   104145  40.308940 -124.623527    17.553       40.1     -719.8       73.1     60.9    262.6    224.9 2021 12 21  1 25 18.900  0.00  12
   104147  40.314412 -124.624268    17.508      -22.8     -112.1       27.8     55.4    148.4    114.4 2021 12 21  3 10  2.140  0.00  12
   104152  40.323291 -124.622933    17.965       90.6      873.8      484.7    104.1    255.7    169.2 2021 12 21 10 57 46.160  0.00  12
   104153  40.314836 -124.622477    17.462      129.4      -65.1      -18.2    112.8    159.5    162.5 2021 12 21 13  3 59.100  0.00  12
   104158  40.313245 -124.624146    17.536      -12.5     -241.7       56.1     55.8    178.8    145.2 2021 12 21  8  0 24.060  0.00  12
   104160  40.314437 -124.624365    17.497      -31.1     -109.3       16.5     59.8    167.5    112.5 2021 12 21  3  2 34.460  0.00  12
   104161  40.314254 -124.624292    17.546      -24.9     -129.7       66.0     59.7    156.4    119.1 2021 12 21  0 48 47.160  0.00  12
   104164  40.309338 -124.622445    16.459      132.1     -675.5    -1020.5    110.7    233.5    224.3 2021 12 22  0 15 59.180  0.00  12
   104165  40.313908 -124.621777    17.088      188.8     -168.1     -391.9    110.1    279.2    245.1 2021 12 22  7 29 29.280  0.00  12
   104167  40.313989 -124.624341    17.371      -29.1     -159.0     -108.7     60.6    172.0    160.1 2021 12 22  4 58 57.640  0.00  12
   104172  40.314734 -124.624137    17.515      -11.8      -76.4       35.2     85.0    183.7    159.4 2021 12 22 20 56 28.420  0.00  12
   104177  40.319165 -124.623389    17.742       51.9      415.7      262.0    109.5    198.7    187.9 2021 12 23  6 43 14.700  0.00  12
   104184  40.312996 -124.625065    17.563      -90.6     -269.3       82.8    107.1    170.8    136.1 2021 12 24 18 41 32.720  0.00  12
   104197  40.320203 -124.622567    17.832      121.7      530.9      351.8     73.7    285.2    161.9 2021 12 27  6 30  0.400  0.00  12
   104203  40.314823 -124.622852    17.663       97.5      -66.4      183.1     92.8    180.8    147.8 2021 12 28 12 38 54.840  0.00  12
   104204  40.315304 -124.622949    17.526       89.2      -13.1       46.2     95.8    156.1    138.3 2021 12 28  7 25 16.640  0.00  12
   104212  40.313721 -124.624194    17.420      -16.6     -188.9      -60.1     59.8    169.8    135.1 2021 12 31 18  4 52.480  0.00  12
   104213  40.313949 -124.624382    17.412      -32.5     -163.6      -68.4     60.0    159.1    154.0 2021 12 31 19 42 46.640  0.00  12
   104215  40.309045 -124.625008    17.053      -85.8     -708.0     -427.1     83.7    260.7    204.2 2022  1  1  8  5 50.220  0.00  12
   104216  40.309757 -124.623617    17.353       32.5     -628.9     -126.9     74.7    212.4    218.9 2022  1  2 21 35  0.220  0.00  12
   104217  40.321379 -124.622949    18.021       89.2      661.5      541.5    102.6    199.3    164.0 2022  1  2  8 38 54.940  0.00  12
   104221  40.317944 -124.622412    17.955      134.9      280.1      474.6     92.7    114.8    179.5 2022  1  5 16 57 16.420  0.00  12
   104227  40.317196 -124.623901    17.648        8.3      197.0      168.3     79.5    115.7    143.0 2022  1 11  4 59 19.220  0.00  12
   104229  40.317102 -124.623226    17.378       65.7      186.6     -101.9     88.0    121.2    232.6 2022  1 12  7 26 41.160  0.00  12
   104232  40.314221 -124.624325    17.393      -27.7     -133.3      -87.4     64.0    184.3    129.1 2022  1 12 18 40 23.420  0.00  12
   104236  40.310950 -124.623462    17.277       45.7     -496.6     -202.9    104.8    184.6    138.3 2022  1 16 21 19 22.200  0.00  12
   104237  40.314258 -124.624512    17.405      -43.6     -129.2      -75.1     74.3    149.3    128.9 2022  1 19 15 34 54.720  0.00  12
   104238  40.317383 -124.624479    17.690      -40.8      217.8      210.1     69.3    181.9    134.2 2022  1 20  1 22  9.700  0.00  12
   104240  40.314836 -124.624430    17.391      -36.7      -65.1      -88.9     62.7    145.4    149.3 2022  1 25  4 41 54.420  0.00  12
   104243  40.314209 -124.621696    17.625      195.8     -134.6      145.2    116.0    214.5    205.5 2022  1 31  0 15 57.560  0.00  12
   104246  40.315869 -124.623503    17.320       42.2       49.7     -160.4     67.7    124.2    199.4 2022  2  1  4 42 25.500  0.00  12
   104247  40.317952 -124.622803    17.459      101.7      281.0      -20.6     82.7    145.8    251.4 2022  2  2  2  8 40.520  0.00  12
   104250  40.316610 -124.624227    17.525      -19.4      131.9       44.6     85.2    217.0    124.4 2022  2 11 15  2 29.200  0.00  12
   104255  40.324365 -124.622900    18.003       93.4      993.1      523.1    111.4    268.7    173.2 2022  2 17 12 34 44.060  0.00  12
   104256  40.326420 -124.621834    17.976      184.0     1221.3      496.1     91.2    309.1    535.1 2022  2 17 19 47 40.280  0.00  12
   104258  40.314880 -124.624683    17.190      -58.1      -60.1     -289.8     84.2    128.5    154.7 2022  2 19 16 56  9.340  0.00  12
   104262  40.320785 -124.621916    18.508      177.1      595.5     1028.4    129.8    193.0    397.5 2022  3  6 10  1 24.540  0.00  12
   104268  40.327551 -124.622062    18.228      164.6     1346.9      747.8     85.5    319.9    362.7 2022  4  2  5 20 28.220  0.00  12
   104269  40.317208 -124.623332    17.440       56.7      198.4      -40.0     71.6    129.5    208.2 2022  4  3  0 46 40.820  0.00  12
   104275  40.315462 -124.624194    17.531      -16.6        4.5       50.6     73.0     91.6     94.9 2022  4 28  4  5 59.740  0.00  12
   104279  40.314152 -124.624349    17.457      -29.7     -141.0      -23.0     62.9    163.6    134.9 2022  5 14 18 23 41.400  0.00  12
   104283  40.315841 -124.624064    17.532       -5.5       46.5       51.6    131.2    329.1    242.3 2022  5 28  3 41 10.840  0.00  12
   104284  40.319080 -124.624455    17.521      -38.7      406.2       40.6    156.6    373.7    290.6 2022  6  9  0 44 52.000  0.00  12
   104285  40.315828 -124.624154    17.512      -13.1       45.2       32.3     77.7    189.7    111.3 2022  6 12 11  3 14.460  0.00  12
   104296  40.319527 -124.624479    17.874      -40.8      455.9      394.2     73.7    190.9    165.1 2022  8 30  3  4 18.340  0.00  12
   104297  40.306527 -124.625659    16.994     -141.1     -987.7     -486.5    103.5    192.9    184.6 2022  9 16  4 43 17.240  0.00  12
   104302  40.314823 -124.624398    17.427      -33.9      -66.4      -53.1     69.3    119.5    122.9 2022 10  9 10 45 57.720  0.00  12
   104308  40.320805 -124.622583    17.661      120.4      597.8      180.6    155.9    192.7    204.8 2022 11 12 12 57 10.420  0.00  12
   110335  40.313175 -124.624349    17.377      -29.7     -249.4     -103.2     58.6     87.7     85.0 2023  5 10 10  0 52.980  1.31  12
