   104315  40.499845 -124.471574    28.793      -10.3      -38.9      -26.9     29.9     34.9     33.8 2020  2 29  6 32  4.220  0.00  44
   104316  40.500008 -124.471257    28.783       16.6      -20.8      -36.8     24.4     24.7     29.6 2020  2 29  5 10 55.440  0.00  44
   104318  40.499194 -124.472013    28.790      -47.6     -111.2      -29.6     43.2     60.9     50.8 2020  3  9  4  5 43.220  0.00  44
   104320  40.499581 -124.471110    28.713       29.0      -68.2     -107.0     25.5     30.1     35.4 2020  4  7 20 37 32.440  0.00  44
   104328  40.500212 -124.471313    28.824       11.7        1.8        4.3     29.0     33.3     38.6 2020  8 25  0 14 44.680  0.00  44
   104329  40.499947 -124.471444    28.806        0.7      -27.6      -13.6     24.7     30.3     30.2 2021  2 18  7 41 28.860  0.00  44
   104331  40.499382 -124.472201    28.886      -63.5      -90.4       65.6     28.1     50.1     31.1 2021  5  8  9 20 14.780  0.00  44
   104335  40.499935 -124.471086    28.782       31.0      -28.9      -38.0     25.2     23.6     27.7 2021  7  4  9 17 56.000  0.00  44
   104338  40.500305 -124.471517    28.909       -5.5       12.2       88.6     49.5     46.0     56.4 2021  7  9  8 58 26.480  0.00  44
   104341  40.497774 -124.470304    28.726       97.3     -268.8      -93.7     50.7     43.7     55.0 2021  7 22 17  3 20.420  0.00  44
   104346  40.499817 -124.471484    28.806       -2.8      -42.0      -14.1     25.9     29.3     28.9 2021  8 12 22  5 24.040  0.00  44
   104348  40.500057 -124.470662    28.744       66.9      -15.4      -75.9     31.1     36.0     27.4 2021  9  9 17 29 27.180  0.00  44
   104349  40.500053 -124.471224    28.777       19.3      -15.8      -43.1     23.8     25.5     29.4 2021  9 11  3 40  9.640  0.00  44
   104353  40.503918 -124.477759    29.488     -534.6      413.4      667.9     59.0     55.1     63.2 2021  9 25  2 26 47.460  0.00  44
   104355  40.499577 -124.472046    28.841      -50.4      -68.7       21.4     26.8     41.0     29.7 2021 10 31  6  6 24.240  0.00  44
   104356  40.499532 -124.472119    28.835      -56.6      -73.7       15.2     30.2     46.0     32.5 2021 10 31  6 11 51.880  0.00  44
   104357  40.500199 -124.471395    28.792        4.8        0.5      -28.4     23.4     26.7     32.5 2021 11 20  7 24  9.400  0.00  44
   104358  40.499910 -124.471265    28.782       15.9      -31.6      -38.1     23.7     25.0     28.4 2021 12 18  9 25 32.000  0.00  44
   104359  40.500338 -124.471354    28.889        8.3       15.8       68.7     41.0     29.4     30.2 2021 12 18 22 39 54.400  0.00  44
   104360  40.500094 -124.471167    28.808       24.1      -11.3      -12.3     28.0     24.6     29.8 2021 12 18  9  9 50.140  0.00  44
   104364  40.500199 -124.471623    28.870      -14.5        0.5       50.2     36.8     38.1     42.9 2021 12 20 21 52 57.420  0.00  44
   104365  40.500106 -124.470679    28.744       65.5       -9.9      -76.4     31.0     37.3     28.4 2021 12 20 20 20 46.040  0.00  44
   104368  40.499276 -124.472111    28.875      -55.9     -102.1       54.5     29.1     42.8     38.3 2022  1 18 19 57 40.240  0.00  44
   104369  40.498954 -124.471403    28.687        4.1     -137.8     -132.9     43.3     47.5     32.3 2022  1 23 14 14 28.080  0.00  44
   104370  40.499548 -124.469230    28.758      188.3      -71.8      -62.2     43.3     44.9     58.8 2022  2 18  3 26 35.760  0.00  44
   104371  40.499504 -124.471745    28.834      -24.8      -76.8       14.4     25.9     32.3     34.1 2022  3  3  0 51 53.940  0.00  44
   104372  40.499491 -124.472518    28.864      -90.4      -78.2       43.6     37.1     56.3     34.0 2022  3 20 12  6 54.320  0.00  44
   104373  40.497555 -124.469987    28.460      124.2     -293.2     -360.1     60.4     81.7     66.7 2022  3 22 20 56 34.200  0.00  44
   110336  40.500338 -124.471297    28.803       13.1       15.8      -17.1     23.7     28.1     27.3 2022 12 22 20 56 54.800  1.39  44
