   100528  40.555180 -124.663794     7.341        1.4       -1.4        0.9    304.6    218.6    407.5 2020  2 16  4  7 45.440  0.00  51
   100537  40.554602 -124.664282     7.260      -40.0      -65.5      -80.1    489.7    665.5    680.2 2020  8  7  9 28 44.340  0.00  51
   100538  40.554651 -124.664307     7.256      -42.0      -60.1      -83.8    501.2    673.4    696.1 2020  8  7  9 28 26.060  0.00  51
   100540  40.555098 -124.663908     7.323       -8.3      -10.4      -16.6    433.2    401.4    592.7 2020  8 11 22 23 53.320  0.00  51
   100541  40.555176 -124.663786     7.342        2.1       -1.8        2.1    258.7    207.4    349.8 2020 10 21  2 37 32.940  0.00  51
   100542  40.555334 -124.663753     7.348        4.8       15.8        8.2    285.6    593.8    386.5 2020 11  8  3 54 55.800  0.00  51
   100543  40.555526 -124.663346     7.416       39.3       37.1       75.6    431.0    950.3    598.2 2020 11  8  1 32 40.980  0.00  51
   100544  40.554720 -124.664380     7.244      -48.2      -52.4      -95.6    496.2    680.5    689.1 2020 12  2  8 33 33.620  0.00  51
   100545  40.554948 -124.664087     7.292      -23.4      -27.1      -47.8    534.0   1016.7    736.2 2020 12 19 10  1 43.240  0.00  51
   100547  40.554810 -124.664054     7.297      -20.7      -42.5      -42.8    467.1   1039.8    643.5 2021  3 27  3  7  8.420  0.00  51
   100551  40.555111 -124.663810     7.338        0.0       -9.0       -2.1    276.3    317.7    375.0 2021  6 13 21  6 52.180  0.00  51
   100552  40.555249 -124.663696     7.358        9.6        6.3       17.6    334.6    451.0    456.5 2021  8 10 10  7 37.160  0.00  51
   100553  40.555257 -124.663745     7.349        5.5        7.2        8.7    268.0    379.4    362.0 2021  8 19  2 14 36.260  0.00  51
   100560  40.554806 -124.664062     7.297      -21.4      -42.9      -43.4    529.3    866.6    724.0 2022  2 26  9 19 53.720  0.00  51
   100562  40.554460 -124.664339     7.250      -44.8      -81.3      -90.0    531.7    712.5    738.5 2022  4  5  4 37 52.080  0.00  51
   100563  40.555172 -124.663794     7.341        1.4       -2.3        1.1    262.7    195.9    354.6 2022  5 14 21 27 27.240  0.00  51
   100566  40.555253 -124.663737     7.351        6.2        6.8       11.1    286.5    483.9    389.5 2022  7 25  5  3 56.220  0.00  51
   100569  40.554480 -124.664339     7.251      -44.8      -79.1      -89.3    426.7    599.4    593.1 2022  9  4  5 45 54.000  0.00  51
   100570  40.554740 -124.664266     7.263      -38.6      -50.2      -77.2    422.6    567.7    586.9 2022  9  6  7  2 59.900  0.00  51
   100571  40.555123 -124.663761     7.346        4.1       -7.7        6.4    290.3    262.9    394.5 2022 11  6  5  3 49.800  0.00  51
   100572  40.555233 -124.663737     7.351        6.2        4.5       10.9    318.4    466.3    445.2 2022 11  6  4 45 38.900  0.00  51
   110288  40.555339 -124.663672     7.361       11.7       16.3       21.0    300.6    276.0    408.7 2023  5 29  5 41 15.670  1.33  51
