   100575  40.369014 -124.459774    17.756     -779.6     -642.1     -802.9      2.2      3.1      3.0 2020  1  3 15 57 51.560  0.00  30
   100576  40.366663 -124.458252    17.149     -650.4     -903.2    -1409.9      6.3     15.9      8.9 2020  1 14  1  9 31.340  0.00  30
   100577  40.368571 -124.460002    17.721     -799.0     -691.3     -838.1      2.9      4.2      2.3 2020  2 16  2 38  6.780  0.00  30
   100578  40.368148 -124.459782    17.773     -780.3     -738.3     -785.4      2.1      4.8      2.4 2020  2 28  7 47  9.140  0.00  30
   100580  40.368355 -124.459766    17.722     -778.9     -715.2     -836.6      3.4      4.3      4.9 2020  3 24 20 10 18.920  0.00  30
   100581  40.368848 -124.459456    17.688     -752.7     -660.6     -870.5      5.2      9.4      6.8 2020  5  4 10 41 42.840  0.00  30
   100582  40.365356 -124.458854    17.725     -701.5    -1048.2     -834.2      6.0     13.5     10.6 2020  5 13  5 11 45.540  0.00  30
   100583  40.368339 -124.459749    17.760     -777.6     -717.1     -798.8      1.8      2.9      2.3 2020  6  9 10 47  6.140  0.00  30
   100584  40.368107 -124.459847    17.757     -785.8     -742.8     -802.2      1.9      2.4      2.4 2020  6 13  7  8 34.340  0.00  30
   100587  40.368262 -124.459969    17.752     -796.2     -725.6     -806.4      1.7      2.8      3.9 2020  8 20 18 40 55.160  0.00  30
   100588  40.368823 -124.459757    17.787     -778.2     -663.3     -771.9      3.3      6.0      2.4 2020  9 12 21 54 44.740  0.00  30
   100589  40.368823 -124.459627    17.782     -767.2     -663.3     -777.1      3.7      6.6      2.8 2020  9 12 21 37 16.080  0.00  30
   100590  40.368050 -124.459823    17.733     -783.8     -749.1     -826.3      2.1      3.2      3.9 2020 11 29 17 24 14.040  0.00  30
   100591  40.368066 -124.460002    17.784     -799.0     -747.3     -774.5      2.1      2.6      2.4 2021  4 17 10 27 49.580  0.00  30
   100592  40.367981 -124.459847    17.775     -785.8     -756.8     -784.0      2.6      2.9      2.5 2021  4 26 21 46 39.180  0.00  30
   100593  40.368111 -124.460059    17.775     -803.8     -742.4     -784.1      1.9      2.4      2.6 2021  5 11 12 13 44.620  0.00  30
   100594  40.367912 -124.459969    17.751     -796.2     -764.5     -808.2      2.1      3.6      4.0 2021  5 20  1 35 27.000  0.00  30
   100595  40.368884 -124.460645    17.691     -853.6     -656.5     -867.6      3.1      5.6      2.7 2021  6 15 11 27 24.780  0.00  30
   100596  40.368506 -124.460132    17.738     -810.0     -698.5     -820.9      2.7      5.3      2.5 2021  6 15 11 31  8.000  0.00  30
   100597  40.368193 -124.460156    17.729     -812.1     -733.3     -830.3      2.2      2.8      3.0 2021  6 15 11 58 52.480  0.00  30
   100598  40.368441 -124.460124    17.741     -809.3     -705.8     -817.9      1.7      2.8      2.5 2021  6 15 13  9 16.300  0.00  30
   100600  40.368604 -124.460238    17.719     -819.0     -687.7     -840.3      2.5      5.1      2.5 2021  8 12 11 50 12.180  0.00  30
   100602  40.369438 -124.460164    17.740     -812.8     -595.1     -819.3      2.9      2.8      3.0 2021  9 15  3 21  7.320  0.00  30
   100603  40.367476 -124.459928    17.758     -792.8     -812.8     -800.8      3.0      5.1      2.7 2021  9 24  8 15 17.120  0.00  30
   100604  40.368123 -124.459163    17.665     -727.8     -741.0     -893.8      5.8      7.3      5.5 2021 10 10 16 46 24.120  0.00  30
   100605  40.368420 -124.460311    17.703     -825.2     -708.0     -855.7      2.4      2.9      3.6 2021 10 29  1 24 55.020  0.00  30
   100606  40.368441 -124.460303    17.681     -824.5     -705.8     -877.5      2.0      3.6      2.6 2021 11  8 10 41 50.820  0.00  30
   100607  40.368734 -124.460213    17.747     -816.9     -673.2     -811.7      3.4      3.1      2.5 2021 11 15  1 46 35.440  0.00  30
   100610  40.370101 -124.457381    17.646     -576.4     -521.4     -912.5      4.9      8.2      4.8 2021 12 31 10  4 37.000  0.00  30
   100611  40.369006 -124.459668    17.785     -770.6     -643.0     -773.3      3.5      5.4      4.3 2022  3 22 11  4 35.800  0.00  30
   100612  40.369442 -124.459757    17.744     -778.2     -594.6     -814.9      3.2      6.6      3.1 2022  6  5  8 21 59.320  0.00  30
   100613  40.368551 -124.459855    17.728     -786.5     -693.6     -830.6      3.1      5.1      3.6 2022  8 17  5  6 21.800  0.00  30
   100614  40.366614 -124.460368    17.730     -830.1     -908.6     -828.4      4.0      4.5      3.3 2022  8 21  5 51  8.080  0.00  30
   100615  40.367973 -124.460010    17.758     -799.7     -757.7     -801.2      2.4      3.4      4.0 2022 10 25 21 20 54.620  0.00  30
   106864  40.421590 -124.408301    24.722     3590.5     5196.1     6163.6      6.3     45.2      9.7 2021 10  4  7 13 43.640  0.00  30
   106865  40.407381 -124.412817    25.352     3207.4     3618.3     6793.3      6.8     10.9      7.2 2021 12 21 23 35 58.700  0.00  30
   106871  40.420703 -124.408529    24.697     3571.2     5097.6     6138.0      6.5     44.9     10.0 2022 11 22 23  5 32.660  0.00  30
   109433  40.412130 -124.398934    19.905     4386.0     4145.6     1346.3      4.6      4.5      4.1 2021 12 22  1 59 55.300  0.00  30
   109434  40.412472 -124.398901    19.841     4388.8     4183.5     1281.8      4.3      4.6      4.1 2022  4 16 21  8 59.900  0.00  30
   110289  40.368742 -124.460474    17.720     -839.1     -672.3     -838.7      1.8      2.4      2.5 2023  1 26 21 33 28.920  1.26  30
   110418  40.404016 -124.421151    25.055     2499.9     3244.6     6496.5      5.3     10.7      7.1 2023  2 15 12  9 12.570  0.98  30
   110621  40.413550 -124.397078    19.966     4543.5     4303.2     1407.2      4.5      4.4      4.0 2023  2 12 15 30 31.930  3.14  30
