   108581  40.630542 -124.460034     6.785       97.8      -39.3      174.7     42.0     33.4     52.5 2020  5 13 20  3  4.300  0.00  69
   108582  40.630550 -124.460571     6.782       52.3      -38.4      171.6     29.7     39.5     54.5 2020  5 13 18 31 14.120  0.00  69
   108583  40.630607 -124.460498     6.803       58.5      -32.1      192.8     30.8     36.6     58.2 2020  5 14 18 38 58.560  0.00  69
   108584  40.630619 -124.459416     6.857      150.1      -30.7      247.5     56.0     75.7     91.4 2020  5 20 16 51 14.680  0.00  69
   108589  40.630933 -124.461263     6.596       -6.2        4.1      -13.7     18.8     21.3     29.0 2021  3 31 17 40 58.500  0.00  69
   108590  40.630924 -124.461100     6.570        7.6        3.2      -40.2     28.7     25.2     69.7 2021  4  1  6 16 55.760  0.00  69
   108592  40.630831 -124.461157     6.628        2.8       -7.2       18.5     26.8     18.2     28.5 2021  4  7  4 37 52.260  0.00  69
   108593  40.631006 -124.461466     6.576      -23.4       12.2      -33.5     36.1     26.2     44.7 2021  9 26 20 33 15.780  0.00  69
   108594  40.630933 -124.461279     6.598       -7.6        4.1      -12.0     22.3     17.5     30.0 2021 12 17 19 37 36.640  0.00  69
   108595  40.630929 -124.461296     6.597       -9.0        3.6      -12.7     21.6     17.5     32.4 2022  8 28 14 42 15.860  0.00  69
   108596  40.630823 -124.461076     6.635        9.6       -8.1       24.7     28.9     17.1     31.1 2022 10 24 21 45 36.600  0.00  69
   108598  40.630904 -124.461312     6.588      -10.3        0.9      -22.2     26.1     22.8     32.9 2022 11 11 16 42 55.460  0.00  69
   110528  40.630977 -124.461434     6.566      -20.7        9.0      -44.3     20.7     17.4     28.0 2023  4 29  9 23  2.130  0.95  69
