   104481  40.457784 -124.594198    15.334     1516.1     2121.4     -761.0     21.7     18.7     58.7 2020  3 18 23  8 26.040  0.00  33
   104487  40.457397 -124.595483    14.585     1407.0     2078.4    -1509.5      7.7     15.6     23.9 2020 10  8  1 55 57.720  0.00  33
   104490  40.457076 -124.594116    15.464     1523.0     2042.8     -631.3     18.5     21.0     16.7 2021  5  6 21 17  8.520  0.00  33
   104492  40.456645 -124.595076    14.876     1441.5     1994.9    -1218.9     11.8     23.4     56.7 2021  5 22 23 14 19.040  0.00  33
   104497  40.457328 -124.595654    14.751     1392.5     2070.8    -1344.1      6.4     11.3     16.7 2021  9 11  3  0 21.140  0.00  33
   104498  40.456453 -124.595785    15.021     1381.4     1973.6    -1074.1      8.4     13.0     22.9 2021  9 11  3  1  4.800  0.00  33
   104499  40.457255 -124.594784    14.973     1466.4     2062.6    -1122.1     14.7     13.3     39.4 2021 11 16  9  0 22.520  0.00  33
   104500  40.456490 -124.595190    15.056     1431.8     1977.7    -1039.1     11.8     21.2     34.0 2021 12 10 12 25 58.640  0.00  33
   104501  40.457149 -124.595133    14.911     1436.7     2050.9    -1183.6     11.0     12.8     33.0 2021 12 10 12 35 52.640  0.00  33
   104502  40.455888 -124.596037    14.712     1360.1     1910.8    -1382.8     10.1     21.8     45.4 2021 12 20 12 11 43.960  0.00  33
   104507  40.457060 -124.595483    15.207     1407.0     2040.9     -888.2     10.2     12.4     51.3 2022 11 12 18 19 26.940  0.00  33
   104508  40.456303 -124.596232    14.861     1343.5     1956.9    -1233.6     14.8     24.2     49.5 2022 11 13 22 28 58.880  0.00  33
   108030  40.442558 -124.586646    20.045     2157.0      430.6     3950.4     18.5     31.3     45.0 2020  3 20  4 57 46.360  0.00  33
   108034  40.445032 -124.590169    20.507     1858.0      705.3     4412.4     33.8     46.1     48.9 2020  4 18  6  9 25.600  0.00  33
   108040  40.441178 -124.586035    20.933     2208.8      277.4     4837.9     24.9     35.9     47.3 2022  5 14  3 53 43.320  0.00  33
   108050  40.445040 -124.585799    20.516     2228.7      706.2     4421.0     23.5     33.2     45.6 2022  9 25  5 36 43.760  0.00  33
   109018  40.426587 -124.626025    15.933    -1184.3    -1342.9     -161.7     16.5     19.5     12.8 2020  9 11 21 15 56.120  0.00  33
   109019  40.426363 -124.625692    15.999    -1156.0    -1367.7      -95.4      9.8     17.7     17.1 2020  9 11 21 24 14.140  0.00  33
   109020  40.425159 -124.625830    16.170    -1167.7    -1501.5       74.8     10.9     20.0     18.1 2021  7 18  4  2  8.360  0.00  33
   109021  40.427861 -124.625627    15.823    -1150.4    -1201.4     -271.6      8.5     16.8     19.6 2022  1  6 16 11 51.780  0.00  33
   109022  40.428227 -124.625700    15.835    -1156.6    -1160.8     -260.3     14.3     14.4     18.6 2022  1  7  3 48 25.000  0.00  33
   109023  40.428414 -124.625382    16.134    -1129.7    -1140.0       39.3     12.3     21.5     37.2 2022  7 28 23 32 44.180  0.00  33
   109024  40.424992 -124.626058    15.994    -1187.0    -1520.0     -100.9      8.6     17.0     30.2 2022  9  3  4 53  8.380  0.00  33
   109025  40.424687 -124.625342    16.810    -1126.3    -1553.9      714.8      9.1     14.3     19.1 2022  9 26 20 40 26.760  0.00  33
   109026  40.428304 -124.624829    15.437    -1082.7    -1152.2     -657.6     12.3     21.4     18.9 2022 11  8 12 31 51.720  0.00  33
   109720  40.414412 -124.648446    12.960    -3087.0    -2694.8    -3134.5     30.3     45.5     95.3 2021  7 23  3 43  1.120  0.00  33
   109722  40.412960 -124.650480    15.337    -3259.6    -2856.1     -758.3     18.8     38.0     45.9 2022  5 16 16 24 49.400  0.00  33
   109723  40.410291 -124.651050    15.376    -3308.0    -3152.5     -719.1     22.1     35.5     47.9 2022  5 16 16 26 37.480  0.00  33
   110340  40.456885 -124.595549    14.750     1401.5     2021.5    -1345.0      7.5     11.1     15.8 2023  5 28 21 51 34.820  1.43  33
   110473  40.442078 -124.586263    21.130     2189.4      377.3     5035.6     19.7     29.1     31.8 2022 12 29 18 28  9.820  1.32  33
   110585  40.427372 -124.625586    15.900    -1147.0    -1255.7     -195.0      9.8      9.5     11.0 2023  1 23  1 44 26.910  2.18  33
   110680  40.412541 -124.649951    15.859    -3214.8    -2902.6     -235.5     18.3     32.1     40.6 2022 12 20 19 17  5.280  2.32  33
   110800  40.453951 -124.584237    19.070     2361.1     1695.7     2975.5     22.4     33.8     42.8 2023  4  2 19 37 29.680  0.86  33
