   100575  40.368473 -124.459741    17.765     -776.9     -702.1     -793.5    195.3    295.5    237.6 2020  1  3 15 57 51.560  0.00  30
   100576  40.368083 -124.459945    17.769     -794.1     -745.5     -790.1    191.7    251.7    232.9 2020  1 14  1  9 31.340  0.00  30
   100577  40.368355 -124.460148    17.758     -811.4     -715.2     -801.2    236.4    323.9    276.8 2020  2 16  2 38  6.780  0.00  30
   100578  40.367973 -124.459920    17.792     -792.1     -757.7     -766.8    191.7    259.8    216.6 2020  2 28  7 47  9.140  0.00  30
   100580  40.368054 -124.459969    17.787     -796.2     -748.7     -772.0    190.5    262.9    223.2 2020  3 24 20 10 18.920  0.00  30
   100581  40.368079 -124.459945    17.784     -794.1     -746.0     -774.8    195.7    283.5    239.0 2020  5  4 10 41 42.840  0.00  30
   100582  40.367952 -124.459904    17.774     -790.7     -760.0     -785.2    163.9    325.1    202.4 2020  5 13  5 11 45.540  0.00  30
   100583  40.368160 -124.459920    17.782     -792.1     -736.9     -777.1    225.2    276.9    246.9 2020  6  9 10 47  6.140  0.00  30
   100584  40.368164 -124.459961    17.782     -795.5     -736.5     -776.5    169.2    245.1    219.3 2020  6 13  7  8 34.340  0.00  30
   100587  40.368095 -124.459961    17.784     -795.5     -744.2     -774.4    183.0    256.0    217.6 2020  8 20 18 40 55.160  0.00  30
   100588  40.368095 -124.459985    17.789     -797.6     -744.2     -770.0    185.7    274.4    236.4 2020  9 12 21 54 44.740  0.00  30
   100589  40.368087 -124.459985    17.788     -797.6     -745.1     -770.4    167.9    257.1    245.7 2020  9 12 21 37 16.080  0.00  30
   100590  40.368132 -124.459945    17.783     -794.1     -740.1     -775.6    180.7    233.0    204.9 2020 11 29 17 24 14.040  0.00  30
   100591  40.368042 -124.459961    17.787     -795.5     -750.0     -771.8    241.1    315.6    283.0 2021  4 17 10 27 49.580  0.00  30
   100592  40.368026 -124.459953    17.785     -794.8     -751.8     -774.2    169.0    240.8    219.6 2021  4 26 21 46 39.180  0.00  30
   100593  40.368062 -124.460067    17.790     -804.5     -747.8     -768.5    177.3    261.7    233.7 2021  5 11 12 13 44.620  0.00  30
   100594  40.368038 -124.459953    17.790     -794.8     -750.5     -769.0    203.7    282.0    200.1 2021  5 20  1 35 27.000  0.00  30
   100595  40.369031 -124.460099    17.693     -807.3     -640.2     -865.5    202.0    314.8    266.0 2021  6 15 11 27 24.780  0.00  30
   100596  40.368677 -124.459855    17.743     -786.5     -679.6     -815.5    148.7    260.8    187.2 2021  6 15 11 31  8.000  0.00  30
   100597  40.368136 -124.460116    17.759     -808.7     -739.6     -799.8    198.9    295.3    257.9 2021  6 15 11 58 52.480  0.00  30
   100598  40.368083 -124.460083    17.753     -805.9     -745.5     -806.1    154.6    254.4    219.8 2021  6 15 13  9 16.300  0.00  30
   100600  40.368856 -124.459912    17.731     -791.4     -659.7     -827.4    186.9    269.6    216.1 2021  8 12 11 50 12.180  0.00  30
   100602  40.368921 -124.459855    17.735     -786.5     -652.4     -824.2    189.0    296.3    235.8 2021  9 15  3 21  7.320  0.00  30
   100603  40.367936 -124.460107    17.781     -808.0     -761.8     -778.0    182.5    198.5    179.4 2021  9 24  8 15 17.120  0.00  30
   100604  40.368103 -124.459904    17.745     -790.7     -743.3     -814.0    310.2    401.5    329.6 2021 10 10 16 46 24.120  0.00  30
   100605  40.368514 -124.460449    17.754     -837.0     -697.6     -804.5    262.5    408.2    360.0 2021 10 29  1 24 55.020  0.00  30
   100606  40.368510 -124.460449    17.754     -837.0     -698.1     -804.9    264.4    411.8    361.5 2021 11  8 10 41 50.820  0.00  30
   100607  40.368168 -124.460221    17.758     -817.6     -736.0     -801.1    207.2    302.5    252.7 2021 11 15  1 46 35.440  0.00  30
   100610  40.368416 -124.460197    17.738     -815.6     -708.5     -821.3    301.8    515.1    345.5 2021 12 31 10  4 37.000  0.00  30
   100611  40.368058 -124.460059    17.778     -803.8     -748.2     -780.3    153.7    286.5    219.4 2022  3 22 11  4 35.800  0.00  30
   100612  40.368107 -124.460010    17.758     -799.7     -742.8     -800.6    124.7    296.5    204.8 2022  6  5  8 21 59.320  0.00  30
   100613  40.368066 -124.460099    17.776     -807.3     -747.3     -782.5    156.2    268.0    209.8 2022  8 17  5  6 21.800  0.00  30
   100614  40.367989 -124.459904    17.788     -790.7     -755.9     -771.0    179.0    253.6    206.8 2022  8 21  5 51  8.080  0.00  30
   100615  40.368026 -124.459945    17.791     -794.1     -751.8     -767.9    187.5    268.8    221.9 2022 10 25 21 20 54.620  0.00  30
   106864  40.407121 -124.412541    25.069     3230.9     3589.3     6509.7    499.9    688.1    427.7 2021 10  4  7 13 43.640  0.00  30
   106865  40.406376 -124.412508    25.094     3233.7     3506.7     6534.9    471.9    677.8    429.2 2021 12 21 23 35 58.700  0.00  30
   106871  40.407499 -124.412321    25.054     3249.6     3631.4     6495.6    523.2    685.4    416.2 2022 11 22 23  5 32.660  0.00  30
   109433  40.411808 -124.400854    19.775     4223.0     4109.9     1216.5    493.9    341.4    402.9 2021 12 22  1 59 55.300  0.00  30
   109434  40.412459 -124.401107    19.768     4201.6     4182.1     1208.8    440.1    453.1    382.6 2022  4 16 21  8 59.900  0.00  30
   110289  40.368368 -124.460050    17.699     -803.1     -713.9     -859.6    203.5    352.4    240.7 2023  1 26 21 33 28.920  1.26  30
   110418  40.406185 -124.413501    24.807     3149.4     3485.4     6247.7    539.0    814.1    534.6 2023  2 15 12  9 12.570  0.98  30
   110621  40.412638 -124.399064    19.771     4375.0     4202.0     1212.0    450.6    535.3    393.5 2023  2 12 15 30 31.930  3.14  30
