   100761  40.434326 -124.281234    27.281      -11.0       25.3       31.1    144.7    122.2    151.6 2020  3 19  0 21  8.520  0.00  58
   100762  40.433504 -124.280233    27.133       73.9      -66.0     -116.5    174.5    151.1    171.5 2020  5 26 11 54 20.560  0.00  58
   100770  40.434477 -124.281160    27.285       -4.8       42.0       34.6    152.6    127.9    124.2 2021 12 20 20 40 27.840  0.00  58
   100771  40.433797 -124.283285    27.340     -185.1      -33.4       90.0    248.2    287.6    187.5 2021 12 20 21 13 37.940  0.00  58
   100772  40.434782 -124.284196    27.306     -262.4       75.9       55.6    364.9    233.1    258.4 2021 12 20 21 49  2.160  0.00  58
   100775  40.433968 -124.282690    27.363     -134.7      -14.5      112.7    192.4    238.7    174.1 2021 12 20 21 41 38.040  0.00  58
   100783  40.433826 -124.279736    27.228      116.0      -30.3      -21.7    206.8    149.3    156.5 2021 12 21  1 55  6.020  0.00  58
   100784  40.433931 -124.277677    27.164      290.7      -18.5      -86.3    272.4    214.1    172.7 2021 12 21  9 44 18.020  0.00  58
   100786  40.434595 -124.282617    27.316     -128.4       55.1       66.3    207.3    150.0    143.8 2021 12 21 11 41 19.660  0.00  58
   100797  40.434847 -124.279883    27.252      103.6       83.1        1.7    194.7    213.1    191.5 2021 12 21  2 14 36.240  0.00  58
   100798  40.433895 -124.277108    27.115      339.0      -22.6     -135.3    285.2    291.2    227.4 2021 12 21  6 23 58.200  0.00  58
   100800  40.434021 -124.277189    27.017      332.1       -8.6     -233.3    270.1    321.8    234.5 2021 12 22  8 41  9.420  0.00  58
   100805  40.433732 -124.281087    27.229        1.4      -40.7      -20.8    129.2    156.8    134.0 2021 12 25 22 32 13.020  0.00  58
   100813  40.435055 -124.283854    27.417     -233.4      106.2      166.7    218.4    230.3    223.6 2022  1  2 19 41 12.580  0.00  58
   100814  40.434408 -124.282756    27.328     -140.2       34.3       78.2    213.4    164.8    160.4 2022  1  3 19 57 17.080  0.00  58
   100815  40.434001 -124.282715    27.320     -136.7      -10.8       70.3    209.0    208.7    178.5 2022  1  6  4  5  9.040  0.00  58
   100818  40.433256 -124.278605    27.150      212.0      -93.5     -100.2    323.0    241.9    284.2 2022  1 17 14  7  8.520  0.00  58
   100819  40.433724 -124.278687    27.207      205.1      -41.6      -42.7    170.6    133.0    139.0 2022  2 18  6 57  8.340  0.00  58
   110291  40.434090 -124.281405    27.251      -25.5       -0.9        0.7    139.5    131.0    122.9 2023  3  8 12 49 37.420  0.96  58
