   106010  40.276888 -124.562142    18.234       11.1      -78.2      -36.5     34.0    126.4     59.2 2020  2 10 16 52 35.900  0.00  40
   106012  40.278129 -124.562240    18.240        2.8       59.6      -29.5     30.3     63.6     56.2 2020  3 20  4 52 58.960  0.00  40
   106014  40.278048 -124.562248    18.182        2.1       50.6      -87.7     33.7     45.6     87.8 2020  4  7 23 24 48.060  0.00  40
   106017  40.277486 -124.562305    18.280       -2.8      -11.7       10.4     23.2     56.1     66.3 2020  7 16 18 56 25.600  0.00  40
   106019  40.277983 -124.562272    18.303        0.0       43.4       32.7     20.5     63.7     79.5 2020  8  4 17 55 32.040  0.00  40
   106020  40.277173 -124.562573    18.416      -25.6      -46.5      145.5     38.8     90.9    103.5 2020  9  6  7 26 57.220  0.00  40
   106021  40.276396 -124.562329    18.279       -4.8     -132.8        9.1     21.1    127.5     67.0 2020  9 17 15 29 55.440  0.00  40
   106023  40.277722 -124.562329    18.282       -4.8       14.5       12.2     22.9     56.1     56.1 2020 10  7 20 16 32.860  0.00  40
   106025  40.277718 -124.562337    18.314       -5.5       14.0       44.2     23.8     48.6     75.8 2020 10 30  5 28 15.440  0.00  40
   106026  40.277812 -124.562272    18.280        0.0       24.4        9.9     24.9     41.7     86.4 2020 12 27 14 29 51.580  0.00  40
   106027  40.278910 -124.562061    18.202       18.0      146.4      -67.9     45.5    132.0     86.1 2021  1 27 20 38 14.300  0.00  40
   106028  40.277555 -124.562354    18.290       -6.9       -4.1       19.7     24.2     43.1     60.0 2021  2 12  4 45 10.420  0.00  40
   106029  40.278035 -124.562264    18.326        0.7       49.2       56.4     22.3     70.4     89.8 2021  2 23 17  9 35.440  0.00  40
   106032  40.277922 -124.562272    18.319        0.0       36.6       48.6     27.3     67.7    101.8 2021  4  2  8 32 29.220  0.00  40
   106033  40.275777 -124.562150    18.211       10.4     -201.5      -59.2     25.4    148.0    113.8 2021  4  2 13 18 31.140  0.00  40
   106034  40.277698 -124.562297    18.272       -2.1       11.7        1.7     20.8     39.4     54.3 2021  4  3 23 18 17.580  0.00  40
   106035  40.277718 -124.562240    18.236        2.8       14.0      -34.1     33.4     42.8     51.2 2021  4  4  7 50 26.820  0.00  40
   106037  40.278935 -124.561963    18.256       26.3      149.1      -14.4     42.4     73.3     83.4 2021  4 26  6 32 31.780  0.00  40
   106039  40.277368 -124.562581    18.415      -26.3      -24.9      145.0     36.9     75.6     95.8 2021  7 14 15  3 16.320  0.00  40
   106040  40.277852 -124.562321    18.308       -4.2       28.9       38.0     22.2     55.9     62.4 2021  7 28  9 36  3.100  0.00  40
   106042  40.279305 -124.562093    18.300       15.2      190.2       29.7     32.4    110.9    100.2 2021  8 24 17 52 55.220  0.00  40
   106045  40.277539 -124.562305    18.244       -2.8       -5.9      -26.4     24.6     48.4     66.7 2021 12 14 20 34 44.500  0.00  40
   106047  40.277665 -124.562288    18.268       -1.4        8.1       -1.6     22.9     42.5     45.7 2021 12 21  7  5 18.660  0.00  40
   106048  40.277718 -124.562256    18.270        1.4       14.0        0.4     21.8     48.3     51.7 2021 12 21  9  6 23.560  0.00  40
   106052  40.277690 -124.562524    18.376      -21.5       10.8      105.8     41.3     67.2    134.2 2021 12 27 23 32 51.160  0.00  40
   106053  40.277901 -124.562256    18.279        1.4       34.3        8.8     22.5     65.4     51.3 2021 12 30 22  2 34.580  0.00  40
   106054  40.273409 -124.561743    18.163       45.0     -464.5     -106.8     48.7    122.1    125.7 2022  1  1 17 29 31.920  0.00  40
   106055  40.277690 -124.562297    18.290       -2.1       10.8       19.7     25.3     52.6     54.8 2022  1  3  9 47 41.620  0.00  40
   106057  40.275667 -124.562728    18.356      -38.8     -213.7       86.2     55.7    170.2    123.4 2022  2 23  2  6 30.340  0.00  40
   106058  40.276851 -124.562508    18.307      -20.1      -82.2       37.4     36.4    111.2    100.9 2022  3 10  3 28 33.340  0.00  40
   106062  40.277413 -124.562345    18.253       -6.2      -19.9      -17.0     27.6     51.3     71.5 2022  7 25 13 33 16.740  0.00  40
   110386  40.277519 -124.562305    18.278       -2.8       -8.1        8.0     22.2     45.2     48.3 2023  4 30  3 21 23.220  1.14  40
