   109669  40.400639 -124.278117    26.863       -9.0       -6.8        2.9      5.0      4.6      3.1 2021  6 30  4  7 16.980  0.00  49
   109670  40.400696 -124.278027    26.861       -1.4       -0.5        1.0      2.0      1.9      2.1 2021 12 20 21 33 53.800  0.00  49
   109671  40.400692 -124.277979    26.858        2.8       -0.9       -1.8      2.2      2.7      2.5 2021 12 20 20 16  2.340  0.00  49
   109672  40.400724 -124.277979    26.861        2.8        2.7        0.5      2.5      3.3      2.1 2021 12 20 21  4  2.560  0.00  49
   109674  40.400716 -124.277979    26.860        2.8        1.8        0.4      2.8      2.9      2.0 2021 12 20 22  5 33.080  0.00  49
   109675  40.400724 -124.277979    26.861        2.8        2.7        1.4      3.3      3.4      2.4 2021 12 20 20 38 16.520  0.00  49
   109676  40.400566 -124.277954    26.854        4.8      -14.9       -6.1      4.0      5.4      4.3 2021 12 20 23 18 45.760  0.00  49
   109678  40.400716 -124.278019    26.861       -0.7        1.8        0.6      2.6      2.6      3.1 2021 12 20 20 28  8.320  0.00  49
   109680  40.400854 -124.277930    26.853        6.9       17.2       -6.5      7.5      7.2      3.5 2021 12 20 22 40  4.140  0.00  49
   109681  40.400643 -124.278044    26.858       -2.8       -6.3       -2.2      3.6      3.9      2.1 2021 12 20 21 16 57.840  0.00  49
   109682  40.400712 -124.277979    26.862        2.8        1.4        1.9      3.3      2.6      3.1 2021 12 21  0 35 38.260  0.00  49
   109683  40.400692 -124.278003    26.860        0.7       -0.9        0.1      2.4      2.9      2.1 2021 12 21  1 29  1.520  0.00  49
   109684  40.400598 -124.278092    26.859       -6.9      -11.3       -0.5      5.6      5.9      2.6 2021 12 21 10 32 44.960  0.00  49
   109686  40.400712 -124.277987    26.859        2.1        1.4       -0.6      1.9      2.8      1.8 2021 12 21  9 35 39.700  0.00  49
   109688  40.400692 -124.278003    26.860        0.7       -0.9        0.5      1.8      2.0      1.1 2021 12 22 16 42 51.760  0.00  49
   109689  40.400582 -124.277970    26.854        3.5      -13.1       -5.9      4.0      5.1      3.7 2021 12 22 21 49  0.120  0.00  49
   109690  40.400700 -124.277995    26.861        1.4        0.0        0.5      2.6      2.4      1.4 2021 12 23 19 18 59.440  0.00  49
   109691  40.400704 -124.278385    26.893      -31.8        0.5       32.6      9.2      6.2      8.8 2021 12 24 18 30 16.400  0.00  49
   109692  40.400704 -124.277995    26.860        1.4        0.5        0.0      1.9      2.3      1.7 2021 12 28 12 16  7.460  0.00  49
   109693  40.400692 -124.278027    26.860       -1.4       -0.9        0.3      2.6      2.4      2.4 2022  1  2  4  3 22.780  0.00  49
   109697  40.400663 -124.278084    26.864       -6.2       -4.1        4.2      4.4      4.6      3.3 2022  4  7 18 43 56.160  0.00  49
   110670  40.400708 -124.277987    26.860        2.1        0.9       -0.0      1.8      2.3      1.3 2022 12 14  8 39 12.430  2.11  49
