   102889  40.365812 -124.141447    33.248    -5968.9    -6346.9     7889.7      7.8      5.3      3.7 2021  4  4  8 10 32.760  0.00   7
   102890  40.366016 -124.143717    33.251    -6161.6    -6324.3     7892.9      7.4      5.4      3.7 2021  4  4  3 35 44.280  0.00   7
   102891  40.366166 -124.143750    33.256    -6164.4    -6307.6     7898.2      7.7      5.1      3.8 2021  4  4 18 25 54.640  0.00   7
   102894  40.367729 -124.144613    33.269    -6237.6    -6134.1     7911.3     12.2     10.1      4.7 2021  7 19 15 24 44.800  0.00   7
   102896  40.371663 -124.146940    33.388    -6435.0    -5697.2     8029.7     10.8      6.2      4.4 2021 12 20 21 22 32.640  0.00   7
   103941  40.488660 -123.982406    29.896     7527.0     7294.4     4537.9      3.6      3.6      3.3 2020  3 22 17 12 28.000  0.00   7
   103945  40.479468 -123.991081    29.751     6791.6     6273.7     4393.1      6.1      4.3      7.8 2022  5 17 10 23 27.700  0.00   7
   103946  40.483655 -123.982284    30.058     7537.6     6738.7     4699.7      5.8      5.6      4.6 2022  9 14  8 41 34.640  0.00   7
   104013  40.412569 -124.115845    21.451    -3793.9    -1154.9    -3907.0     10.5      7.1      6.7 2020  1 18 21  9  0.700  0.00   7
   104015  40.414197 -124.118473    21.651    -4017.0     -974.2    -3706.6      5.2      3.2      4.2 2020  4  2 13  1 52.880  0.00   7
   104024  40.410942 -124.115153    21.487    -3735.3    -1335.6    -3870.7      4.5      3.3      3.7 2021  1 18  2 38 58.800  0.00   7
   104025  40.409713 -124.117074    21.550    -3898.3    -1472.1    -3807.5      5.7      4.2      5.1 2021 10  6  6 27 37.560  0.00   7
   104028  40.425122 -124.115861    21.018    -3795.0      239.0    -4339.7      5.6     16.2      4.4 2021 12 20 23  8 40.760  0.00   7
   105276  40.398376 -124.096029    21.705    -2112.3    -2730.9    -3652.5      4.3      4.7      2.3 2020  1 29  0  2 55.980  0.00   7
   105277  40.399146 -124.095532    21.671    -2070.2    -2645.5    -3686.6      3.0      2.7      2.2 2020  1 30 21 48 49.880  0.00   7
   105278  40.399410 -124.096696    21.743    -2169.0    -2616.1    -3615.0      7.7      7.0      5.9 2020  3  5 21  0 42.600  0.00   7
   105279  40.399988 -124.096281    21.701    -2133.7    -2552.0    -3657.4      2.3      2.6      2.1 2020 12 23 12 13 31.360  0.00   7
   105280  40.400028 -124.094686    21.708    -1998.3    -2547.4    -3649.7      3.9      3.1      2.8 2021  1  1 12 27 47.320  0.00   7
   105281  40.399292 -124.096509    21.711    -2153.1    -2629.2    -3646.7      3.5      3.5      2.5 2021  5 10 19 32 46.180  0.00   7
   105282  40.398328 -124.095353    21.736    -2055.0    -2736.3    -3621.7      4.2      3.5      2.8 2021  5 20 10 18 33.860  0.00   7
   105285  40.398490 -124.095060    21.687    -2030.1    -2718.2    -3671.1      4.3      3.6      3.6 2021 10  4 20 34 35.760  0.00   7
   105286  40.398604 -124.096452    21.708    -2148.2    -2705.6    -3650.4      3.5      4.3      2.5 2021 10 31 14 32 48.000  0.00   7
   105287  40.401282 -124.095776    21.661    -2090.9    -2408.3    -3697.4      3.8      4.1      3.4 2021 10 31 15  9 13.180  0.00   7
   105289  40.398421 -124.094035    21.689    -1943.1    -2725.9    -3669.1      5.6      6.1      2.3 2021 11 28  4 35 26.220  0.00   7
   105290  40.401143 -124.094092    21.569    -1947.9    -2423.6    -3789.1      3.9      3.0      3.0 2022  2 13 11 43  3.040  0.00   7
   105291  40.398324 -124.095703    21.708    -2084.7    -2736.8    -3649.6      4.6      5.1      2.4 2022  4  5  1 19 10.660  0.00   7
   105292  40.398657 -124.096460    21.667    -2148.9    -2699.7    -3691.2      3.5      3.3      2.3 2022  5 29 17 19 38.600  0.00   7
   105293  40.398511 -124.096395    21.706    -2143.4    -2716.0    -3651.7      3.4      4.1      2.4 2022  7 28  6 53 34.280  0.00   7
   105295  40.398714 -124.095947    21.725    -2105.4    -2693.4    -3632.6      3.2      3.4      3.0 2022  8 22  4 34 43.360  0.00   7
   105296  40.399040 -124.096126    21.710    -2120.6    -2657.2    -3647.8      2.9      3.5      2.4 2022 11  4 22 38  7.100  0.00   7
   106489  40.433879 -123.982031    25.090     7561.8     1211.4     -268.4      5.6      6.2      6.5 2020  2 18 22 54 46.760  0.00   7
   106490  40.439962 -123.981307    25.495     7622.9     1886.9      136.8      7.0      6.1      8.7 2021  6 26 10 12  6.320  0.00   7
   106491  40.441170 -123.974927    25.470     8164.2     2021.1      111.8      4.7      4.9      5.8 2021  7 10 12 28 45.800  0.00   7
   106872  40.394259 -124.058708    30.567     1055.5    -3188.1     5209.5      5.8      4.1      5.8 2020  2 25 11 51 37.820  0.00   7
   106873  40.407048 -124.052189    29.833     1608.7    -1768.0     4475.3      6.4      7.8      4.9 2020  3 19 10 36 36.040  0.00   7
   106875  40.408952 -124.063460    29.867      652.0    -1556.6     4508.6      8.9      5.4      5.5 2021 12 21  0 10  7.280  0.00   7
   107831  40.465222 -124.036353    22.656     2951.5     4691.9    -2702.0      9.3      7.4      9.8 2022 10 19  0 15 29.200  0.00   7
   107832  40.379769 -124.132992    32.991    -5250.5    -4797.1     7632.8      9.2      9.9      4.5 2020  3 18 22 26 34.000  0.00   7
   107841  40.372668 -124.135791    32.854    -5488.4    -5585.6     7496.5      5.6      7.0      3.3 2021  8  4  3 22  9.320  0.00   7
   108026  40.433805 -123.976888    30.594     7998.2     1203.2     5236.5      6.8      7.9      6.5 2020  3 19  6  4 27.540  0.00   7
   108027  40.418323 -123.981519    30.630     7606.2     -516.0     5271.6      5.7     13.5      7.8 2020  4  5  7 40 43.480  0.00   7
   108029  40.432373 -123.979118    30.677     7809.1     1044.2     5318.7      6.3      8.6      6.6 2021 12 29  8 57 56.420  0.00   7
   108443  40.453052 -124.035970    26.238     2984.2     3340.4      879.6     12.4      9.7     12.5 2020  4 15  2  5 45.300  0.00   7
   108444  40.440963 -124.037882    25.568     2822.2     1998.0      210.4      8.2      8.2      5.2 2020  9 13 11 44 12.660  0.00   7
   108445  40.445162 -124.035807    25.508     2998.2     2464.3      149.8      8.2      7.8      7.3 2021  4  5 21 32  1.320  0.00   7
   108446  40.449215 -124.039941    24.751     2647.4     2914.3     -607.3      6.2      7.6      6.5 2021  6 28 16 28  2.920  0.00   7
   108619  40.447868 -124.026921    26.127     3752.2     2764.8      769.5      2.7      4.9      5.3 2020  5 30 15  6  2.180  0.00   7
   108621  40.458236 -124.018636    26.247     4454.8     3916.1      889.3      4.0      3.7      4.8 2021 10 15 19 10  7.840  0.00   7
   108875  40.359827 -124.103451    23.202    -2743.1    -7011.6    -2155.9      5.8      3.9      1.7 2021  6 17 12 35 13.960  0.00   7
   108883  40.370296 -124.104956    23.337    -2870.7    -5849.0    -2021.1      4.6      6.6      6.4 2021 12 16  2 34 44.300  0.00   7
   108968  40.464132 -123.992358    22.938     6684.0     4570.8    -2420.2      5.8      5.6      7.9 2020  8 24 14 37 42.000  0.00   7
   108969  40.455017 -123.982886    23.125     7488.1     3558.7    -2233.3     24.2     18.0      6.0 2020  9 30  6 44 49.540  0.00   7
   109100  40.371533 -124.160343    30.969    -7572.9    -5711.6     5610.9      6.3      7.8      5.1 2020 10  4 21 32 36.540  0.00   7
   109102  40.366777 -124.172559    30.567    -8610.2    -6239.8     5209.4      4.8      7.7      4.6 2021 10 19  7 26 57.180  0.00   7
   109104  40.365507 -124.172005    30.560    -8563.3    -6380.8     5201.7      5.7      8.6      5.6 2021 12 20 20 51 53.600  0.00   7
   109499  40.466858 -123.973828    22.498     8255.9     4873.5    -2860.2      7.0     10.6      6.0 2021  2 19 20 48 55.420  0.00   7
   109500  40.467574 -123.979793    22.034     7749.8     4953.0    -3324.0      6.7      5.6      5.1 2021  6 14 21 41 19.180  0.00   7
   109503  40.469165 -123.979940    22.112     7737.3     5129.7    -3246.2      5.5      9.3      5.2 2021  6 14 21 42 47.200  0.00   7
   109505  40.465816 -123.978589    21.980     7852.1     4757.8    -3378.4      3.1      3.3      3.6 2021  6 14 22 44 53.320  0.00   7
   109506  40.468974 -123.980062    22.110     7726.9     5108.4    -3247.6      5.7      9.4      5.5 2021  6 14 21 51  5.400  0.00   7
   109507  40.466488 -123.979696    21.979     7758.1     4832.4    -3378.8      6.9      6.3      4.7 2021  6 14 22 52  3.640  0.00   7
   109508  40.467802 -123.978271    22.038     7878.9     4978.3    -3320.4      5.8      8.2      3.6 2021  6 14 15  0 25.220  0.00   7
   109510  40.466488 -123.978589    22.027     7852.0     4832.4    -3330.9      4.0      3.8      3.7 2021  6 15  9 40 32.620  0.00   7
   109511  40.467208 -123.980330    21.995     7704.2     4912.3    -3362.6      6.8      5.5      4.3 2021  6 15  6 13 15.620  0.00   7
   109513  40.466512 -123.979451    21.977     7778.8     4835.1    -3381.1      5.4      4.6      4.2 2021  6 15  5 24 54.660  0.00   7
   109514  40.469096 -123.979785    22.087     7750.4     5122.0    -3271.0      4.9      9.5      6.0 2021  6 15  3 58 23.420  0.00   7
   109515  40.466764 -123.978923    21.961     7823.7     4863.1    -3397.4      4.9      4.3      4.3 2021  6 15  3 24 41.680  0.00   7
   109516  40.466927 -123.978752    22.030     7838.2     4881.2    -3328.1      5.8      4.5      3.9 2021  6 15  7  5 48.180  0.00   7
   109517  40.466357 -123.978605    21.985     7850.6     4817.9    -3372.5      4.7      4.2      3.7 2021  6 15  3 27 10.880  0.00   7
   109518  40.466504 -123.978328    21.994     7874.1     4834.2    -3363.5      4.0      4.2      4.2 2021  6 15  7 40  9.320  0.00   7
   109519  40.466207 -123.978076    21.983     7895.5     4801.2    -3375.4      4.6      3.6      3.7 2021  6 15  6 46 13.080  0.00   7
   109520  40.466414 -123.978955    22.020     7821.0     4824.2    -3337.9      4.7      4.7      3.7 2021  6 15  0  0 36.560  0.00   7
   109522  40.469023 -123.979248    22.040     7796.0     5113.9    -3317.6      3.8      6.8      4.4 2021  6 15  5  2 36.180  0.00   7
   109523  40.466357 -123.978613    22.073     7850.0     4817.9    -3284.6      3.7      4.1      3.9 2021  6 15  4 42  5.060  0.00   7
   109524  40.466512 -123.978581    22.024     7852.7     4835.1    -3334.2      3.4      2.9      3.8 2021  6 15 10 19 32.620  0.00   7
   109525  40.466187 -123.978133    21.982     7890.7     4798.9    -3375.7      3.0      3.8      3.8 2021  6 15  6 28  1.200  0.00   7
   109526  40.465918 -123.978516    21.983     7858.3     4769.1    -3374.5      3.2      3.1      3.3 2021  6 16  1 29  3.400  0.00   7
   109527  40.468783 -123.978678    22.057     7844.3     5087.2    -3301.4      3.3      8.5      5.8 2021  6 24 14 55 33.640  0.00   7
   109529  40.460681 -123.978442    22.132     7864.8     4187.6    -3225.5      5.6      4.0      5.9 2022  8 12  1 20 23.680  0.00   7
   109530  40.464417 -123.980908    22.023     7655.4     4602.4    -3335.0      4.3      4.1      4.3 2022  8 23 13 40  9.980  0.00   7
   109531  40.441740 -124.008455    28.331     5319.2     2084.3     2972.9      7.9      4.7      3.6 2021  2 20  0 31  6.820  0.00   7
   109532  40.435262 -124.010278    28.655     5164.8     1365.0     3297.2      5.0      5.2      2.6 2021  5 25  1 57 35.200  0.00   7
   109662  40.390011 -124.038574    29.479     2764.6    -3659.9     4121.4      9.8     13.0      8.0 2021  6 28 12 31 10.080  0.00   7
   109806  40.384290 -124.249536    26.908   -15143.6    -4295.1     1549.8      6.5      9.3      7.3 2021 11  9 19 48 34.540  0.00   7
   109807  40.388708 -124.247103    26.872   -14936.6    -3804.4     1513.7      4.2      4.9      3.0 2021 12 20 21 53 50.200  0.00   7
   109812  40.388477 -124.241309    26.787   -14444.8    -3830.2     1429.3      7.2      4.0      2.8 2021 12 21 17 56 14.380  0.00   7
   109813  40.387048 -124.246761    27.099   -14907.8    -3988.8     1741.4      4.8      8.2      4.1 2021 12 21 10 42 55.620  0.00   7
   109814  40.388403 -124.241374    26.791   -14450.3    -3838.3     1432.6      7.3      3.9      2.8 2021 12 21  0 36 47.480  0.00   7
   109816  40.388009 -124.269556    26.949   -16842.6    -3882.2     1591.4      8.0      6.6      2.5 2021 12 21  6 47 31.940  0.00   7
   109819  40.390413 -124.233146    26.564   -13751.7    -3615.1     1205.7     25.6      7.1      7.6 2021 12 21  5 34  4.380  0.00   7
   109820  40.394299 -124.246240    26.807   -14862.8    -3183.6     1449.1     13.1     10.2      6.9 2021 12 21  1 42 43.340  0.00   7
   109822  40.387309 -124.240365    26.787   -14364.8    -3959.9     1429.0      9.8      4.9      3.0 2021 12 21  0  6 22.480  0.00   7
   109824  40.376619 -124.248608    26.002   -15065.7    -5146.9      644.2      5.4     11.0      5.1 2021 12 21  3 26 33.380  0.00   7
   109825  40.386727 -124.268050    27.025   -16715.0    -4024.5     1667.3      5.4      8.5      4.1 2021 12 21  6 26 47.400  0.00   7
   109827  40.382650 -124.249259    26.969   -15120.3    -4477.2     1610.9     11.0      3.3      6.0 2021 12 24 12 46 23.800  0.00   7
   109829  40.395048 -124.262150    27.067   -16213.1    -3100.5     1709.4     15.9     13.6     10.4 2021 12 26  9 14 12.100  0.00   7
   109831  40.384387 -124.242570    26.418   -14552.3    -4284.3     1059.9     11.7      5.3      5.9 2022  1  8 17  8 29.240  0.00   7
   109832  40.388448 -124.243034    26.732   -14591.2    -3833.4     1374.4      5.8      4.1      2.5 2022  1 25 11 31 58.500  0.00   7
   109835  40.372534 -124.258114    27.021   -15873.1    -5600.5     1662.9      8.3     15.3      7.1 2022 10 19 20 59 36.440  0.00   7
   110135  40.399585 -124.147078    21.642    -6445.4    -2596.7    -3715.6      1.5      1.6      0.5 2021 12 20 22 59 59.900  0.00   7
   110284  40.465784 -124.019596    26.358     4373.1     4754.2      999.6      4.7      5.3      3.4 2022 11 23  5 59 44.720  0.00   7
   110309  40.365348 -124.141398    33.267    -5964.7    -6398.4     7909.4      7.0      5.5      3.8 2023  1 19  5  8  4.700  1.05   7
   110329  40.482845 -123.986507    29.578     7179.4     6648.8     4220.4      2.3      2.4      2.3 2023  1  2  1 54 21.740  1.00   7
   110333  40.411051 -124.119409    21.450    -4096.5    -1323.4    -3907.8      3.7      3.4      3.4 2022 12 23  0 32  6.750  0.86   7
   110358  40.447599 -124.017489    26.314     4552.5     2735.0      956.4      4.9      5.5      4.9 2023  1  1 18 46 17.900  1.73   7
   110363  40.399174 -124.096362    21.686    -2140.6    -2642.3    -3672.4      2.9      2.6      2.3 2022 12 14 10 39 54.760  1.83   7
   110389  40.455603 -124.017708    27.131     4533.6     3623.7     1772.7      6.5      6.6      6.4 2023  1 17  6 16 20.570  0.99   7
   110405  40.434062 -123.983138    25.473     7467.9     1231.7      114.6      4.4      4.6      4.9 2023  1 14  2 18  4.460  1.07   7
   110419  40.401571 -124.054631    29.984     1401.5    -2376.2     4626.4      6.2      3.8      4.6 2023  3 11 22  2  2.000  2.25   7
   110456  40.464290 -124.036442    21.993     2944.0     4588.4    -3364.6      9.3      7.4      9.4 2023  1  1 23 43 15.800  0.87   7
   110457  40.373132 -124.138802    32.941    -5744.0    -5534.1     7582.6      5.7      5.9      2.7 2023  1 18 23 33 23.240  1.29   7
   110472  40.427645 -123.975529    30.699     8113.9      519.2     5340.9      5.6      7.1      5.9 2023  2  1 13  7  8.630  2.17   7
   110493  40.437740 -123.997054    29.456     6286.8     1640.2     4098.1      9.3     10.5      9.2 2023  1  1 20 39 27.200  0.90   7
   110503  40.443270 -124.035270    25.563     3043.8     2254.2      205.3      6.1      6.1      5.1 2023  1  2  5 55 55.720  1.08   7
   110536  40.447652 -124.020231    26.130     4319.8     2740.8      772.3      2.8      3.8      4.5 2023  1  1 19  9 40.500  1.03   7
   110563  40.365230 -124.109237    23.133    -3234.2    -6411.5    -2225.1      4.8      4.5      4.8 2023  3 13  6 22 55.270  1.07   7
   110576  40.456250 -123.999618    23.383     6068.5     3695.6    -1975.2      5.9      5.6      5.2 2023  1  1 19 17 41.680  1.12   7
   110601  40.363871 -124.170874    30.441    -8467.4    -6562.4     5082.6      3.6      5.7      3.6 2022 12 21 11 23 41.660  0.93   7
   110606  40.449801 -124.001286    28.196     5927.2     2979.4     2838.2      9.6     10.4     10.0 2023  1  1 19 51  1.960  0.91   7
   110616  40.440885 -124.037402    25.838     2863.0     1989.4      480.2      5.5      5.1      4.9 2023  4 19  4 14 25.130  0.93   7
   110639  40.461141 -123.979159    22.145     7804.0     4238.7    -3212.5      3.8      4.4      3.4 2023  1  1 20 22 17.380  1.37   7
   110640  40.436320 -124.013826    29.039     4863.6     1482.5     3681.1      5.8      4.9      2.1 2023  1  1 18 55 10.060  2.21   7
   110668  40.396077 -124.046061    29.505     2128.9    -2986.2     4146.9     10.1     12.5      8.0 2023  1  1 19 18 40.760  1.27   7
   110693  40.459591 -124.040983    25.418     2558.8     4066.5       60.2      7.0      6.4      7.4 2023  1  1 19  3 59.640  1.01   7
   110701  40.456128 -124.022127    24.892     4158.7     3682.0     -466.3      5.4      5.3      5.7 2023  1  2 23 43  1.560  1.21   7
   110704  40.476855 -124.045964    23.800     2136.0     5983.6    -1558.4     10.2      8.1      9.7 2022 12 29 13 14 49.800  1.45   7
   110709  40.387073 -124.246240    26.784   -14863.5    -3986.1     1425.9      4.5      3.5      2.2 2023  4 18 21  0 30.040  1.34   7
   110733  40.412195 -124.129297    22.019    -4935.6    -1196.5    -3339.0      2.8      5.3      0.6 2023  1 17  1 49  9.700  2.75   7
   110764  40.424548 -123.980721    24.656     7673.5      175.3     -702.3      5.0      5.9      8.5 2023  1  1 19 14 27.920  2.17   7
   110775  40.427384 -124.063656    27.497      635.4      490.2     2138.7      6.5      6.5      5.9 2023  1 25 22  4 46.680  1.02   7
   110792  40.435457 -124.028418    24.141     3625.5     1386.7    -1216.5      5.8      5.8      6.8 2023  2  2  4 36 49.580  0.83   7
   110811  40.462081 -124.030884    27.733     3415.6     4343.0     2375.1      4.9      5.5      3.1 2023  1  1 20 19 37.080  1.15   7
