   105726  40.376583 -124.252116    26.371      202.5     -500.6     -930.1     16.1     23.7     13.8 2020  4  8  8 21 58.120  0.00  14
   105730  40.376685 -124.250960    26.407      300.6     -489.3     -894.2     10.6     10.5      9.1 2020  8 18 23 54 39.920  0.00  14
   105732  40.388477 -124.253076    26.664      120.9      820.1     -636.8     11.6     48.7     14.5 2020 12 18 23 41 26.600  0.00  14
   105733  40.384285 -124.244889    26.185      816.1      354.7    -1116.5     30.9     43.5     29.4 2021  3 13  9 16 42.120  0.00  14
   105734  40.386328 -124.248088    26.425      544.5      581.5     -876.7     20.0     26.4     17.1 2021  3 28 18 51 39.620  0.00  14
   105739  40.370833 -124.259318    26.490     -409.1    -1139.1     -811.6     20.3     25.6     10.9 2021  8 26  7 46  5.300  0.00  14
   105740  40.376424 -124.250513    26.445      338.6     -518.3     -855.9     15.7     16.1     10.9 2021 11  3  0 24 55.500  0.00  14
   105742  40.376746 -124.249910    26.398      389.8     -482.6     -902.7     11.1     12.8     14.8 2021 11  3  0 56  1.640  0.00  14
   105743  40.378796 -124.247192    26.343      620.6     -254.8     -958.5     17.2     16.5     12.0 2021 11  3  7 36 58.280  0.00  14
   105744  40.362166 -124.252271    26.098      189.4    -2101.5    -1203.0     18.9     36.5     17.8 2021 11  3  4 55 54.820  0.00  14
   105745  40.377535 -124.250472    26.334      342.1     -394.9     -967.7     17.4     20.8     13.1 2021 11  3  3 50 44.720  0.00  14
   105747  40.377030 -124.247884    26.256      561.8     -450.9    -1045.3     29.6     23.8     13.8 2021 11  3  2 39 53.560  0.00  14
   105749  40.380164 -124.239600    26.050     1265.3     -103.0    -1251.1     25.9     17.4     22.1 2021 11  3  2 37 16.800  0.00  14
   105750  40.375688 -124.250203    26.442      364.9     -600.0     -859.4     14.9     15.1     11.4 2021 11  3  0 41 54.400  0.00  14
   105751  40.376750 -124.250431    26.396      345.5     -482.1     -905.2     11.3     11.1     12.4 2021 11  3  0 39 12.580  0.00  14
   105752  40.378276 -124.250846    26.388      310.3     -312.7     -913.7     18.5     23.0     12.0 2021 11  3  0 34 13.400  0.00  14
   105754  40.377006 -124.249048    26.385      463.0     -453.6     -915.8     15.8     13.1      8.6 2021 11  3  0 32  6.680  0.00  14
   105757  40.376249 -124.250496    26.422      340.0     -537.7     -878.8     14.2     13.0     11.7 2021 11  4  7 12  1.600  0.00  14
   105762  40.376904 -124.249935    26.583      387.7     -464.9     -718.2     13.7     39.9     14.5 2021 11 11 13 42 18.820  0.00  14
   105763  40.377828 -124.252645    26.345      157.6     -362.4     -956.0     20.7     23.0     15.6 2021 12 20 22  5 44.360  0.00  14
   105764  40.369303 -124.258504    26.615     -340.0    -1309.0     -686.5     17.6     27.9     11.4 2021 12 20 21 35 24.780  0.00  14
   105765  40.372530 -124.255176    26.222      -57.4     -950.7    -1079.7     18.0     13.7     11.8 2021 12 20 20 32  9.520  0.00  14
   105768  40.375968 -124.246737    26.317      659.3     -568.9     -984.6     26.5     26.3     20.6 2021 12 21  6 11 58.360  0.00  14
   105769  40.376013 -124.248226    25.932      532.8     -563.9    -1368.8     21.8     39.9     17.2 2021 12 21  7 56 43.800  0.00  14
   105772  40.380786 -124.253328    26.561       99.5      -33.9     -739.8     21.4     28.5     17.7 2021 12 21  0 19 42.020  0.00  14
   105774  40.388839 -124.255656    26.929      -98.1      860.3     -371.8     18.6     20.6     18.2 2021 12 21 20 50 48.500  0.00  14
   105775  40.380644 -124.243465    26.242      937.1      -49.7    -1059.3     18.5     26.5     13.5 2021 12 22  3 33 33.340  0.00  14
   105777  40.382711 -124.250326    26.327      354.5      179.8     -974.5     19.0     19.9     18.0 2021 12 22 18 39 56.880  0.00  14
   105778  40.379036 -124.253011    26.389      126.5     -228.2     -911.9     17.2     34.3     20.7 2021 12 22  3  7 48.260  0.00  14
   105780  40.375903 -124.252279    26.384      188.7     -576.1     -917.5     11.1     11.1      8.6 2021 12 24  3 24 30.240  0.00  14
   105782  40.387598 -124.251872    26.587      223.2      722.5     -713.9     22.7     33.9     22.0 2021 12 24 10 12  5.420  0.00  14
   105784  40.371338 -124.251799    26.306      229.4    -1083.0     -995.0     14.4     33.6     13.9 2021 12 25 17 31 35.020  0.00  14
   105787  40.371558 -124.256763    26.540     -192.1    -1058.6     -761.2     15.4     23.4     10.5 2021 12 26 19 40 33.940  0.00  14
   105789  40.377698 -124.249137    26.192      455.4     -376.8    -1109.4     20.3     50.2     18.4 2021 12 29 23 58 51.860  0.00  14
   105791  40.370553 -124.253931    26.284       48.4    -1170.2    -1017.1     20.5     24.3     16.7 2022  1  4 13 16 11.840  0.00  14
   105793  40.376123 -124.252083    26.397      205.3     -551.7     -904.4     11.0     11.0      8.8 2022  1  9  0 23 57.200  0.00  14
   105794  40.375834 -124.251685    26.417      239.1     -583.8     -884.5     13.8     14.7     10.2 2022  1  9  0 25 32.700  0.00  14
   105796  40.376176 -124.252336    26.393      183.8     -545.8     -907.8     10.7     10.7      8.8 2022  1 26 19 43 31.500  0.00  14
   105798  40.372705 -124.251807    26.488      228.8     -931.2     -813.4     12.6     22.1     14.3 2022  2  6 19 27 40.580  0.00  14
   105802  40.370658 -124.256576    26.580     -176.2    -1158.5     -721.2     14.7     25.2     14.8 2022  3 23  1 53 21.540  0.00  14
   107897  40.400415 -124.264730    28.454     -868.5     2145.7     1152.9     30.3     20.2     18.7 2020  6 13 20  4 41.920  0.00  14
   107899  40.396606 -124.261532    28.183     -597.0     1722.8      881.9      9.7      9.2      7.7 2021 11  3 20 34 30.060  0.00  14
   107900  40.396598 -124.260636    28.181     -521.0     1721.9      879.6     11.3      9.3      9.0 2021 11  3  5 51 50.700  0.00  14
   107907  40.397013 -124.260905    28.189     -543.8     1768.0      887.8     16.6     17.2     16.8 2021 12 21  5  6 47.280  0.00  14
   107910  40.397099 -124.261499    28.222     -594.2     1777.5      920.7     18.5     11.7     13.2 2021 12 27  0 40 32.520  0.00  14
   107911  40.397180 -124.263916    28.213     -799.5     1786.5      912.1     17.6     13.0     11.7 2021 12 29 17 56  6.640  0.00  14
   107912  40.401526 -124.262451    28.255     -675.1     2269.1      953.9     32.9     13.9     18.4 2022  1  4  6 25 11.060  0.00  14
   107914  40.396969 -124.261361    28.168     -582.5     1763.0      867.0     13.7     15.8      8.7 2022  1 18  8 29 53.180  0.00  14
   107915  40.397729 -124.279183    28.497    -2095.7     1847.5     1195.5     44.0     39.5     28.6 2022  1 20 19 35 45.720  0.00  14
   107916  40.395614 -124.264014    28.177     -807.8     1612.6      875.5     24.4     15.5     10.7 2022  3 10 19 43 36.080  0.00  14
   107917  40.397542 -124.259701    28.144     -441.5     1826.8      842.3     21.1     12.3      8.0 2022  3 21 15 45 36.680  0.00  14
   107919  40.397856 -124.261580    28.151     -601.1     1861.5      849.4     14.6     19.3     11.3 2022  4 28 16 18 59.900  0.00  14
   107920  40.397013 -124.261068    28.174     -557.6     1768.0      873.1     12.6     12.8      7.9 2022  4 30 20 33  4.260  0.00  14
   107922  40.398108 -124.261222    28.205     -570.7     1889.6      903.4     20.1     10.3      6.8 2022  7  3 16 44 36.540  0.00  14
   107924  40.397970 -124.260384    28.214     -499.6     1874.2      913.0     19.1      9.7      7.4 2022  7 19  9 28  3.620  0.00  14
   107925  40.396493 -124.261629    28.178     -605.3     1710.2      876.7     10.8     11.5      5.3 2022  8 20 18 57 36.780  0.00  14
   108010  40.368429 -124.255037    29.980      -45.6    -1406.1     2678.4     17.4     10.8     13.5 2020  4  7 16 19 13.760  0.00  14
   108011  40.369450 -124.259196    30.210     -398.8    -1292.7     2908.4     18.4     15.6     15.6 2021  5 20  8  1 14.180  0.00  14
   108012  40.366642 -124.255216    30.224      -60.8    -1604.5     2922.6     30.1     26.8     14.8 2021  6  9 14 43 15.220  0.00  14
   108013  40.370536 -124.252555    30.153      165.2    -1172.1     2851.7     37.3     16.3     13.8 2021  7 19  0 53 28.240  0.00  14
   108019  40.367289 -124.254810    30.105      -26.3    -1532.6     2803.9     20.7     16.0     14.2 2021 11  3  6 42 52.940  0.00  14
   108021  40.376245 -124.261344    30.147     -581.2     -538.1     2845.9     21.7     31.0     15.3 2021 12 21  2 47 39.000  0.00  14
   108024  40.375309 -124.270158    30.093    -1329.7     -642.1     2791.7     39.7     26.7     18.7 2022  1  7  2 30  4.920  0.00  14
   110380  40.375948 -124.251473    26.393      257.1     -571.1     -908.2     10.9     10.1      8.8 2022 12 26  3 17 37.280  0.86  14
   110463  40.398865 -124.261865    28.186     -625.3     1973.6      884.7      9.3      7.4      5.3 2023  5 18 12 50 14.940  1.05  14
   110471  40.367029 -124.251693    30.107      238.4    -1561.5     2806.0     17.3     10.9     13.7 2023  3 30 14 41 33.470  1.24  14
