   105298  40.407300 -124.560799    29.170        0.7        0.5       -0.1      0.2      0.3      0.2 2020  2 11 15 19 28.020  0.00  55
   105301  40.407300 -124.560799    29.170        0.7        0.5        0.0      0.1      0.1      0.2 2020  2 25  5 13 53.560  0.00  55
   105305  40.407300 -124.560799    29.170        0.7        0.5       -0.0      0.1      0.1      0.1 2020  4 29 23  1 49.900  0.00  55
   105309  40.407300 -124.560799    29.170        0.7        0.5       -0.0      0.0      0.1      0.1 2020  7 31 12 47 13.580  0.00  55
   105313  40.407300 -124.560799    29.170        0.7        0.5       -0.0      0.1      0.1      0.1 2021  1  5  0 23  5.820  0.00  55
   105319  40.407300 -124.560799    29.170        0.7        0.5       -0.0      0.1      0.2      0.1 2021  7 21 11 28 57.520  0.00  55
   105321  40.407300 -124.560799    29.170        0.7        0.5       -0.0      0.1      0.1      0.1 2021  8 18  8 21 26.720  0.00  55
   105322  40.407300 -124.560799    29.170        0.7        0.5       -0.0      0.1      0.1      0.1 2021  8 19  7 18 10.260  0.00  55
   105325  40.407300 -124.560799    29.170        0.7        0.5       -0.0      0.1      0.1      0.1 2021  9  3 21 30 53.400  0.00  55
   105331  40.407300 -124.560799    29.170        0.7        0.5       -0.0      0.1      0.1      0.1 2021 12 25 10 34 41.640  0.00  55
   105333  40.407300 -124.560799    29.170        0.7        0.5       -0.0      0.1      0.1      0.1 2022  1 25 11 52 13.660  0.00  55
   105336  40.407300 -124.560799    29.170        0.7        0.5       -0.0      0.1      0.1      0.1 2022  2  4 20 41 36.720  0.00  55
   105337  40.407300 -124.560799    29.170        0.7        0.5       -0.0      0.0      0.1      0.1 2022  2 26  7 23 30.220  0.00  55
   105340  40.407300 -124.560799    29.170        0.7        0.5       -0.0      0.1      0.1      0.1 2022  3 12 15 17  2.720  0.00  55
   105351  40.407300 -124.560799    29.170        0.7        0.5       -0.0      0.0      0.1      0.1 2022  7 31 17 59 40.980  0.00  55
   105356  40.407300 -124.560799    29.170        0.7        0.5       -0.0      0.1      0.1      0.1 2022  9  6  2 12 31.600  0.00  55
   105357  40.407300 -124.560799    29.170        0.7        0.5       -0.0      0.1      0.1      0.1 2022  9  9 11 44 44.400  0.00  55
   105359  40.407300 -124.560799    29.170        0.7        0.5       -0.0      0.1      0.1      0.1 2022 11  7 15 50 24.900  0.00  55
   105360  40.407300 -124.560799    29.170        0.7        0.5       -0.0      0.0      0.1      0.1 2022 11 21  5 14 55.680  0.00  55
   110364  40.407300 -124.560799    29.170        0.7        0.5        0.0      0.1      0.1      0.1 2023  4 18 11 40  6.890  2.03  55
