   106108  40.495785 -123.975464    20.742       36.6     -753.2     -148.7     42.2     36.3     32.5 2020  8  9  5 42 39.180  0.00  60
   106111  40.496114 -123.975252    20.770       54.5     -716.6     -121.5     42.6     38.1     32.4 2020 11 30  1 29 11.000  0.00  60
   106114  40.495553 -123.975911    20.737       -1.4     -779.0     -154.2     42.2     37.4     50.1 2021  7 10  6 45  4.760  0.00  60
   106118  40.496464 -123.975570    20.774       27.6     -677.8     -117.6     50.1     44.0     47.9 2022  4 18 15 56 36.880  0.00  60
   106120  40.495805 -123.976261    20.728      -31.0     -751.0     -162.8     41.8     51.6     31.4 2022  9  7 20 48 18.260  0.00  60
   106122  40.493856 -123.978849    20.648     -250.4     -967.4     -242.7     66.6     67.2     64.5 2022 11 18  1 46 11.180  0.00  60
   108843  40.507157 -123.976270    20.963      -31.7      509.7       71.5     41.9     35.4     41.5 2020  6 30 18 24 45.540  0.00  60
   108845  40.507955 -123.975057    21.087       71.0      598.2      195.8     41.3     39.2     41.2 2021  6 25 11 47  3.720  0.00  60
   108846  40.507666 -123.975439    21.049       38.6      566.2      158.3     36.5     43.1     41.1 2021  6 29 14 49 28.900  0.00  60
   108847  40.507788 -123.975269    21.047       53.1      579.7      155.4     34.0     38.4     45.9 2021  7 12  8  6 52.460  0.00  60
   108848  40.507833 -123.975260    21.056       53.8      584.7      164.9     36.3     36.8     44.6 2021  7 31 15 40 27.060  0.00  60
   108850  40.508565 -123.974382    21.211      128.3      666.0      319.8     66.2     48.7     57.3 2022  1  7 22 34 42.920  0.00  60
   108851  40.507410 -123.976522    21.109      -53.1      537.7      218.2     59.7     31.7     76.3 2022  1 21 15 52 59.180  0.00  60
   108854  40.505367 -123.980851    20.932     -420.1      310.9       40.7    137.2     81.2     85.2 2022  7 26  5 20 28.200  0.00  60
   108855  40.507031 -123.976562    20.976      -56.6      495.7       84.4     41.4     37.1     42.8 2022 11 19 11 57  9.280  0.00  60
   110393  40.495894 -123.975114    20.747       66.2     -741.0     -144.6     40.6     32.4     32.1 2023  1  5 23 38  8.240  1.45  60
   110557  40.507109 -123.976310    20.958      -35.2      504.3       66.8     37.4     32.2     40.9 2023  1  2 17 21 40.040  1.10  60
