   109669  40.399862 -124.279264    26.859     -106.4      -93.1       -0.5    118.3     80.0     56.2 2021  6 30  4  7 16.980  0.00  49
   109670  40.400688 -124.278223    26.869      -18.0       -1.4        9.1     49.8     27.3     48.7 2021 12 20 21 33 53.800  0.00  49
   109671  40.400688 -124.277816    26.842       16.6       -1.4      -17.7     43.1     56.7     45.4 2021 12 20 20 16  2.340  0.00  49
   109672  40.400981 -124.277775    26.866       20.0       31.2        6.4     58.5     64.7     43.6 2021 12 20 21  4  2.560  0.00  49
   109674  40.400899 -124.277694    26.866       26.9       22.1        6.0     64.2     56.6     42.7 2021 12 20 22  5 33.080  0.00  49
   109675  40.400968 -124.277743    26.874       22.8       29.8       13.9     66.6     59.4     45.6 2021 12 20 20 38 16.520  0.00  49
   109676  40.399231 -124.277336    26.792       57.3     -163.1      -67.5     81.1    111.7     88.8 2021 12 20 23 18 45.760  0.00  49
   109678  40.400972 -124.278304    26.868      -24.9       30.3        7.6     62.4     60.8     71.4 2021 12 20 20 28  8.320  0.00  49
   109680  40.401644 -124.277620    26.800       33.2      104.8      -60.5     97.8     74.0     49.4 2021 12 20 22 40  4.140  0.00  49
   109681  40.400057 -124.278499    26.834      -41.5      -71.4      -25.8     77.0     76.1     47.5 2021 12 20 21 16 57.840  0.00  49
   109682  40.400826 -124.277718    26.878       24.9       14.0       17.6     61.5     38.2     48.1 2021 12 21  0 35 38.260  0.00  49
   109683  40.400655 -124.278044    26.865       -2.8       -5.0        5.5     47.9     58.4     44.7 2021 12 21  1 29  1.520  0.00  49
   109684  40.399980 -124.277987    26.862        2.1      -80.0        2.5    154.4     66.8     46.1 2021 12 21 10 32 44.960  0.00  49
   109686  40.400891 -124.277767    26.851       20.7       21.2       -9.0     51.4     76.7     44.2 2021 12 21  9 35 39.700  0.00  49
   109688  40.400647 -124.277881    26.861       11.1       -5.9        1.4     46.7     36.3     49.5 2021 12 22 16 42 51.760  0.00  49
   109689  40.399487 -124.277759    26.805       21.4     -134.6      -55.0     77.0    101.0     60.7 2021 12 22 21 49  0.120  0.00  49
   109690  40.400659 -124.277946    26.866        5.5       -4.5        6.4     55.4     49.6     47.7 2021 12 23 19 18 59.440  0.00  49
   109691  40.400964 -124.280192    27.053     -185.1       29.4      193.0    126.5     66.6    137.8 2021 12 24 18 30 16.400  0.00  49
   109692  40.400655 -124.277987    26.855        2.1       -5.0       -5.0     45.7     44.3     38.1 2021 12 28 12 16  7.460  0.00  49
   109693  40.400623 -124.278271    26.863      -22.1       -8.6        3.5     54.5     44.7     43.2 2022  1  2  4  3 22.780  0.00  49
   109697  40.400309 -124.278678    26.894      -56.7      -43.4       34.0     61.7     80.7     48.6 2022  4  7 18 43 56.160  0.00  49
   110670  40.400789 -124.277962    26.863        4.1        9.9        3.1     43.2     31.8     39.5 2022 12 14  8 39 12.430  2.11  49
