   108433  40.748783 -124.233993    12.452     7413.4     2015.3     3018.2     91.9     52.4     97.3 2020 11 21  6 25 35.720  0.00  46
   108434  40.748783 -124.234009    12.453     7412.0     2015.3     3018.8     93.5     52.5     97.4 2020 11 21  7 26  9.440  0.00  46
   108435  40.748857 -124.235669    12.364     7271.8     2023.4     2929.5    116.2     59.0    100.3 2021  9 18  9  5  3.000  0.00  46
   108436  40.748857 -124.234578    12.377     7363.9     2023.4     2942.7    123.3     58.4    104.5 2022  1 18 23 24  5.960  0.00  46
   108437  40.748853 -124.234603    12.378     7361.8     2023.0     2943.7    122.2     57.8    103.5 2022  1 18 23 25  2.140  0.00  46
   108438  40.748291 -124.232926    12.635     7503.5     1960.6     3200.4    137.2     65.2    149.4 2022  1 19 20 33 45.540  0.00  46
   108439  40.748674 -124.231128    12.487     7655.4     2003.1     3053.1    117.8     57.5     94.7 2022  1 19 21 29 33.980  0.00  46
   108440  40.748519 -124.230257    12.449     7728.9     1985.9     3014.8    146.6     63.2    150.4 2022  1 20  0  6 19.720  0.00  46
   108960  40.735946 -124.292074     4.802     2507.8      589.7    -4631.8     70.9     78.2    148.2 2020  8 22  2 46 34.640  0.00  46
   108961  40.737211 -124.291911     5.574     2521.5      730.2    -3860.4    101.2     71.7    115.8 2022  9 24 17  8 17.940  0.00  46
   110222  40.721187 -124.380713     7.178    -4980.4    -1049.2    -2256.1     49.8     51.7     65.2 2022  6  5  8 26 45.400  0.00  46
   110223  40.721175 -124.380485     7.226    -4961.2    -1050.6    -2208.1     50.3     48.4     44.7 2022  6  5  8 51 54.180  0.00  46
   110224  40.720976 -124.380729     7.245    -4981.8    -1072.7    -2189.4     41.6     54.6     55.7 2022  6  5  8 28 25.100  0.00  46
   110227  40.720691 -124.380599     7.224    -4970.8    -1104.3    -2210.0     54.8     38.5     60.6 2022  6 20  0 19 17.960  0.00  46
   110230  40.735282 -124.370020     9.865    -4076.6      516.0      431.0     73.1     52.4     99.2 2022  5  5 20 40 11.140  0.00  46
   110236  40.704956 -124.372192     8.650    -4261.1    -2851.7     -784.6     65.8     38.7     63.6 2022  8  7  6 28 12.440  0.00  46
   110238  40.704952 -124.372184     8.653    -4260.4    -2852.1     -781.0     65.7     38.3     63.5 2022 11  2  8  1 19.400  0.00  46
   110239  40.704952 -124.372192     8.652    -4261.1    -2852.1     -782.3     65.2     38.2     62.9 2022 11  3 13 46 28.020  0.00  46
   110240  40.704997 -124.372355     8.643    -4274.8    -2847.2     -791.2     66.9     39.3     65.8 2022 11 16  6 47 46.300  0.00  46
   110241  40.705005 -124.372380     8.637    -4276.9    -2846.3     -797.1     66.4     39.3     65.5 2022 11 30  8 33 59.080  0.00  46
   110502  40.748714 -124.236369    12.283     7212.7     2007.6     2849.1     76.4     44.1     98.1 2022 12 23 17 30 27.280  1.15  46
   110573  40.737398 -124.294336     5.777     2316.7      751.0    -3657.4     79.0     60.5     97.8 2023  5 22 19  5 30.020  1.30  46
   110777  40.720943 -124.380501     7.396    -4962.5    -1076.3    -2038.6     46.6     44.7     43.1 2023  3 23  6  3  8.580  1.25  46
   110779  40.734668 -124.373307     9.997    -4354.3      447.8      562.9     72.8     52.6     99.2 2023  1 12 21  3 16.120  1.83  46
   110784  40.705046 -124.371680     8.707    -4217.8    -2841.7     -727.1     65.8     38.5     63.3 2022 12 20  0 57 24.410  1.03  46
