   101025  40.472860 -124.704500    25.993      -33.8      -83.6      273.5     50.4     84.1    154.2 2020  1  9  2 10 32.160  0.00  16
   101029  40.473230 -124.704484    26.017      -32.4      -42.5      297.1     54.5     66.6    177.1 2020  1 30 12  6 18.720  0.00  16
   101032  40.472823 -124.704533    25.942      -36.6      -87.7      222.5     47.9     87.0    175.7 2020  2 19  1  9 23.420  0.00  16
   101040  40.472013 -124.704378    25.634      -23.5     -177.6      -86.5     56.3     97.7    212.9 2020  3 19 10 33 49.980  0.00  16
   101042  40.471834 -124.704321    25.575      -18.6     -197.5     -144.9     54.3    107.8    201.6 2020  4  2  6 24  8.960  0.00  16
   101043  40.472465 -124.704395    25.891      -24.8     -127.4      171.0     51.8    107.9    175.9 2020  4  2 10  0 17.140  0.00  16
   101047  40.471912 -124.704020    24.962        6.9     -188.9     -758.4     45.2    119.0    258.1 2020  4 13  9 56 35.420  0.00  16
   101054  40.472563 -124.704712    26.220      -51.8     -116.6      500.5     58.0     82.8    220.8 2020  6 21 11 58 10.560  0.00  16
   101061  40.477409 -124.702987    25.028       94.5      421.6     -692.4     77.8    131.9    324.4 2020  8 16  0 16 42.400  0.00  16
   101065  40.476632 -124.702840    24.650      107.0      335.3    -1070.1     80.0    107.4    372.1 2020  9  7 15 31 22.240  0.00  16
   101072  40.473108 -124.704525    26.133      -35.9      -56.0      413.5     54.9     65.8    206.0 2020 10  6  9 36 10.120  0.00  16
   101073  40.475085 -124.702384    22.759      145.6      163.6    -2960.8     90.8     90.6    446.3 2020 10  8 18 44  2.720  0.00  16
   101079  40.473539 -124.704093    25.579        0.7       -8.1     -140.7     87.7    127.4    284.0 2020 10 29  3 49 47.440  0.00  16
   101083  40.476465 -124.702783    23.601      111.8      316.7    -2118.9     90.0    110.9    489.3 2020 11 30  8  6 26.060  0.00  16
   101089  40.475655 -124.703369    25.215       62.1      226.8     -504.8     61.6     93.4    248.2 2021  1 16 10  6 18.420  0.00  16
   101092  40.477946 -124.701685    16.106      205.0      481.2    -9613.6    100.1    132.5   1175.4 2021  2  4 18 38  9.180  0.00  16
   101107  40.473474 -124.704313    25.906      -17.9      -15.4      185.5     65.4    110.5    229.5 2021  4 17 21 25 11.280  0.00  16
   101111  40.472803 -124.704484    26.117      -32.4      -89.9      397.5     55.1     90.9    183.2 2021  4 28  8  7  0.040  0.00  16
   101135  40.474361 -124.703833    25.683       22.8       83.1      -37.0     40.6     70.6    127.9 2021  6 30  8 56 58.780  0.00  16
   101136  40.477340 -124.702409    25.140      143.5      413.9     -579.6     87.0    148.6    333.6 2021  6 30  8 56 43.620  0.00  16
   101140  40.473128 -124.704443    25.932      -29.0      -53.8      212.1     47.6     91.6    140.8 2021  7  4 12 13 12.060  0.00  16
   101144  40.476343 -124.702808    24.778      109.7      303.2     -942.1     71.3    119.0    285.6 2021  7 13 21 30  4.080  0.00  16
   101147  40.474890 -124.703540    25.572       47.6      141.9     -147.8     47.2     87.2    164.3 2021  7 17  8 12 38.380  0.00  16
   101150  40.472306 -124.704826    26.310      -61.4     -145.0      590.1     70.9     91.5    245.6 2021  7 29  9  7  0.860  0.00  16
   101152  40.472668 -124.704574    25.996      -40.0     -104.8      276.5     63.0     72.7    217.4 2021  7 30 15 20 25.540  0.00  16
   101160  40.474654 -124.703719    25.631       32.4      115.7      -88.6     43.6     75.0    138.0 2021  8 22 12 36 17.700  0.00  16
   101166  40.473966 -124.704061    25.749        3.5       39.3       29.0     54.1     53.0    165.4 2021  8 29 11 49 24.320  0.00  16
   101170  40.472791 -124.704411    25.945      -26.2      -91.3      224.7     44.9     89.9    147.1 2021  9  7 12  8 27.780  0.00  16
   101171  40.472953 -124.704419    25.877      -26.9      -73.2      156.8     43.2     83.4    152.3 2021  9  7 12  6 36.340  0.00  16
   101173  40.477181 -124.702181    23.540      162.9      396.3    -2179.6     78.8    116.1    411.1 2021  9 12  8 46  7.140  0.00  16
   101179  40.473161 -124.704305    25.929      -17.3      -50.2      209.0     41.0     76.8    187.6 2021  9 19  4 12 22.100  0.00  16
   101181  40.473511 -124.704411    25.941      -26.2      -11.3      221.0     47.1     74.9    134.1 2021  9 21 10 15 40.980  0.00  16
   101183  40.475138 -124.703312    25.329       66.9      169.4     -390.5     71.4     98.9    248.8 2021  9 25 21 15 37.720  0.00  16
   101190  40.472860 -124.704443    25.929      -29.0      -83.6      209.3     46.0     99.4    138.3 2021 10  4  3 56 50.020  0.00  16
   101191  40.472892 -124.704468    25.916      -31.1      -80.0      196.3     47.4     93.9    136.6 2021 10  4  4 17 38.960  0.00  16
   101196  40.472485 -124.704598    26.010      -42.1     -125.2      289.7     50.2    102.4    164.1 2021 10 17 20 21 35.000  0.00  16
   101210  40.473002 -124.704386    25.844      -24.2      -67.8      124.3     59.3    121.4    171.6 2021 11  9 16 33 24.060  0.00  16
   101217  40.476440 -124.703076    25.375       87.0      314.0     -345.4     71.1    131.6    229.1 2021 11 22  2 33 37.140  0.00  16
   101218  40.474292 -124.703866    25.644       20.0       75.5      -75.8     45.9     64.0    136.4 2021 11 27 16 59  2.420  0.00  16
   101224  40.476367 -124.702783    24.776      111.8      305.9     -944.4     70.9    120.4    291.0 2022  1  6 20 34 23.120  0.00  16
   101225  40.476156 -124.703320    25.536       66.2      282.4     -184.5     56.3    139.2    151.3 2022  1  6 13  0 38.860  0.00  16
   101229  40.475399 -124.703507    25.550       50.4      198.4     -170.4     57.0    138.4    135.7 2022  1 18  9 17 28.400  0.00  16
   101230  40.475753 -124.703369    25.478       62.1      237.7     -242.4     63.2    115.8    182.9 2022  1 19  9 33 28.680  0.00  16
   101234  40.475659 -124.703410    25.478       58.7      227.3     -241.7     62.9    158.9    139.6 2022  1 23  8 46  6.580  0.00  16
   101238  40.472827 -124.704451    25.897      -29.7      -87.2      177.0     47.8    100.4    137.3 2022  2  7 21 40 32.580  0.00  16
   101243  40.473596 -124.704134    25.726       -2.8       -1.8        6.4    106.4    155.5    325.6 2022  2 12 23 29 19.340  0.00  16
   101256  40.473893 -124.703768    25.513       28.3       31.2     -207.0     53.6     54.6    171.6 2022  3  3  4 20 48.040  0.00  16
   101257  40.477010 -124.702718    25.309      117.3      377.3     -411.4     72.4    141.8    249.3 2022  3  4  5 28 44.660  0.00  16
   101282  40.476945 -124.702848    25.255      106.3      370.1     -465.1     71.1    140.8    247.8 2022  5 15 23 29  2.560  0.00  16
   101302  40.473942 -124.703825    25.516       23.5       36.6     -203.8     54.5     55.4    126.4 2022  7  4 22 56 22.600  0.00  16
   101304  40.472363 -124.704801    26.039      -59.4     -138.7      318.5     59.2    110.4    146.8 2022  7  8 17  2 27.980  0.00  16
   101314  40.472742 -124.704533    25.956      -36.6      -96.7      235.8     45.3     92.5    145.0 2022  8  1  0 11 32.320  0.00  16
   101320  40.472713 -124.704598    26.164      -42.1      -99.9      443.7     56.5     82.7    180.1 2022  8 11  5 13 26.080  0.00  16
   101323  40.468762 -124.706828    26.660     -231.2     -538.6      939.7     94.8    109.4    176.1 2022  8 17  5 39  0.840  0.00  16
   101326  40.473425 -124.704386    25.888      -24.2      -20.8      168.1     54.8     85.1    155.3 2022  8 26 22 29 24.400  0.00  16
   101327  40.473608 -124.704272    25.857      -14.5       -0.5      137.3     73.3    106.4    225.5 2022  8 26 17 35 25.260  0.00  16
   101335  40.476424 -124.703304    25.573       67.6      312.2     -147.4     49.2    120.9    150.6 2022  9 23 13  1 57.720  0.00  16
   101336  40.473576 -124.704313    25.896      -17.9       -4.1      176.0     42.5     64.9    130.0 2022  9 23 16 53 35.540  0.00  16
   101346  40.473218 -124.704500    25.994      -33.8      -43.8      273.6     47.9     87.8    142.5 2022 10  9 21 44 27.480  0.00  16
   101361  40.473376 -124.704761    26.224      -55.9      -26.2      504.0     60.6     65.7    188.0 2022 11 16  7 56 54.320  0.00  16
   101366  40.473694 -124.704256    25.800      -13.1        9.0       80.2     96.2    151.4    300.9 2022 11 30 11 22 20.400  0.00  16
   110293  40.471497 -124.704671    25.896      -48.3     -235.0      176.1     39.9     64.3    115.8 2023  3 19 12 29 14.650  1.61  16
