   105726  40.377734 -124.252026    26.431      210.1     -372.8     -870.3      5.8     10.7      6.7 2020  4  8  8 21 58.120  0.00  14
   105730  40.376746 -124.251009    26.408      296.5     -482.6     -893.6      4.3      3.6      3.7 2020  8 18 23 54 39.920  0.00  14
   105732  40.393050 -124.252832    26.677      141.7     1327.9     -624.6      4.9     19.7      4.3 2020 12 18 23 41 26.600  0.00  14
   105733  40.387626 -124.243538    26.089      930.8      725.6    -1212.5      8.6     14.8      8.4 2021  3 13  9 16 42.120  0.00  14
   105734  40.387760 -124.248112    26.393      542.5      740.6     -907.8      9.0     10.1      7.7 2021  3 28 18 51 39.620  0.00  14
   105739  40.369670 -124.260067    26.487     -472.7    -1268.3     -814.0      7.4      9.4      4.3 2021  8 26  7 46  5.300  0.00  14
   105740  40.376184 -124.250171    26.462      367.7     -544.9     -839.2      7.1      7.3      5.0 2021 11  3  0 24 55.500  0.00  14
   105742  40.376925 -124.249894    26.427      391.2     -462.7     -874.7      5.9      5.9      7.5 2021 11  3  0 56  1.640  0.00  14
   105743  40.379537 -124.246322    26.345      694.5     -172.6     -956.3     12.1     10.2      5.9 2021 11  3  7 36 58.280  0.00  14
   105744  40.359871 -124.252271    26.057      189.4    -2356.3    -1244.6      9.0     14.8      9.2 2021 11  3  4 55 54.820  0.00  14
   105745  40.378109 -124.250846    26.315      310.3     -331.2     -985.8      8.5      9.5      5.7 2021 11  3  3 50 44.720  0.00  14
   105747  40.374556 -124.247705    26.182      577.1     -725.6    -1119.1     15.9     16.2      9.9 2021 11  3  2 39 53.560  0.00  14
   105749  40.380094 -124.238770    26.011     1335.8     -110.7    -1290.5      6.5      3.2      6.3 2021 11  3  2 37 16.800  0.00  14
   105750  40.375582 -124.249935    26.445      387.7     -611.8     -856.0      6.6      6.4      5.0 2021 11  3  0 41 54.400  0.00  14
   105751  40.376888 -124.250537    26.412      336.6     -466.7     -888.7      5.0      4.6      6.2 2021 11  3  0 39 12.580  0.00  14
   105752  40.377401 -124.250903    26.381      305.5     -409.8     -920.1      7.1      8.5      3.8 2021 11  3  0 34 13.400  0.00  14
   105754  40.377140 -124.248682    26.390      494.1     -438.7     -911.3      5.7      4.7      3.4 2021 11  3  0 32  6.680  0.00  14
   105757  40.376143 -124.250285    26.438      358.0     -549.4     -863.0      6.7      5.6      5.7 2021 11  4  7 12  1.600  0.00  14
   105762  40.375065 -124.249349    26.555      437.5     -669.2     -746.2      6.9     10.8      5.4 2021 11 11 13 42 18.820  0.00  14
   105763  40.379415 -124.252246    26.378      191.4     -186.2     -923.0      9.7     15.0      7.2 2021 12 20 22  5 44.360  0.00  14
   105764  40.367981 -124.259041    26.620     -385.6    -1455.8     -680.8      6.5     10.1      4.6 2021 12 20 21 35 24.780  0.00  14
   105765  40.372583 -124.255477    26.230      -82.9     -944.8    -1071.1      5.6      3.8      3.9 2021 12 20 20 32  9.520  0.00  14
   105768  40.375814 -124.247021    26.383      635.1     -586.0     -917.7      8.9     11.1      9.2 2021 12 21  6 11 58.360  0.00  14
   105769  40.373657 -124.248771    25.915      486.5     -825.5    -1386.2     10.1     19.4      9.3 2021 12 21  7 56 43.800  0.00  14
   105772  40.380745 -124.253955    26.528       46.3      -38.4     -773.2      9.1     13.7      9.6 2021 12 21  0 19 42.020  0.00  14
   105774  40.389433 -124.256112    26.959     -136.8      926.3     -341.9      6.6      7.4      5.0 2021 12 21 20 50 48.500  0.00  14
   105775  40.381991 -124.242326    26.242     1033.8       99.9    -1059.0      8.5     11.5      4.3 2021 12 22  3 33 33.340  0.00  14
   105777  40.381543 -124.250415    26.249      346.9       50.2    -1051.7     10.6     17.9      9.1 2021 12 22 18 39 56.880  0.00  14
   105778  40.377889 -124.252848    26.365      140.3     -355.6     -936.2      7.3     11.5      6.5 2021 12 22  3  7 48.260  0.00  14
   105780  40.375798 -124.252409    26.387      177.6     -587.8     -914.6      4.5      4.4      3.5 2021 12 24  3 24 30.240  0.00  14
   105782  40.389319 -124.252409    26.617      177.6      913.6     -684.0      9.9      9.4     11.5 2021 12 24 10 12  5.420  0.00  14
   105784  40.371867 -124.251896    26.305      221.2    -1024.3     -996.6      6.6     10.6      6.3 2021 12 25 17 31 35.020  0.00  14
   105787  40.370744 -124.257357    26.534     -242.6    -1149.0     -766.8      5.6      8.5      4.3 2021 12 26 19 40 33.940  0.00  14
   105789  40.382210 -124.247860    26.180      563.9      124.3    -1121.1      8.2     20.0      8.6 2021 12 29 23 58 51.860  0.00  14
   105791  40.370337 -124.254329    26.242       14.5    -1194.2    -1059.3      9.6      7.5      7.4 2022  1  4 13 16 11.840  0.00  14
   105793  40.376021 -124.252116    26.402      202.5     -563.0     -899.2      4.4      3.9      3.6 2022  1  9  0 23 57.200  0.00  14
   105794  40.375675 -124.251880    26.419      222.5     -601.4     -882.2      5.6      5.6      3.9 2022  1  9  0 25 32.700  0.00  14
   105796  40.376099 -124.252417    26.397      176.9     -554.4     -904.5      4.3      3.9      3.6 2022  1 26 19 43 31.500  0.00  14
   105798  40.373092 -124.251530    26.484      252.3     -888.3     -817.1      9.1     13.2      7.9 2022  2  6 19 27 40.580  0.00  14
   105802  40.369332 -124.257471    26.569     -252.3    -1305.8     -731.8      8.5     12.2      6.8 2022  3 23  1 53 21.540  0.00  14
   107897  40.400757 -124.263778    28.459     -787.7     2183.7     1157.6      9.8      4.6      6.4 2020  6 13 20  4 41.920  0.00  14
   107899  40.396733 -124.261572    28.178     -600.5     1736.8      876.6      4.8      4.8      4.0 2021 11  3 20 34 30.060  0.00  14
   107900  40.396619 -124.260409    28.175     -501.7     1724.2      873.6      5.0      4.3      4.7 2021 11  3  5 51 50.700  0.00  14
   107907  40.396619 -124.260970    28.142     -549.3     1724.2      840.7      6.7      6.8      5.1 2021 12 21  5  6 47.280  0.00  14
   107910  40.397042 -124.261255    28.210     -573.5     1771.2      908.5      7.6      6.6      7.1 2021 12 27  0 40 32.520  0.00  14
   107911  40.396871 -124.263729    28.216     -783.6     1752.2      914.6      6.9      4.9      4.2 2021 12 29 17 56  6.640  0.00  14
   107912  40.401530 -124.261100    28.151     -560.4     2269.6      849.8      8.6      5.7      8.2 2022  1  4  6 25 11.060  0.00  14
   107914  40.397233 -124.261214    28.169     -570.1     1792.4      867.4      5.6      6.0      3.3 2022  1 18  8 29 53.180  0.00  14
   107915  40.398543 -124.281152    28.545    -2262.9     1937.9     1244.2     18.4     18.2     13.9 2022  1 20 19 35 45.720  0.00  14
   107916  40.395150 -124.263664    28.181     -778.1     1561.1      879.6     11.4      7.4      4.8 2022  3 10 19 43 36.080  0.00  14
   107917  40.397774 -124.260246    28.140     -487.8     1852.5      838.4     10.6      5.7      3.8 2022  3 21 15 45 36.680  0.00  14
   107919  40.398222 -124.261873    28.143     -626.0     1902.2      842.2      7.7      8.7      5.5 2022  4 28 16 18 59.900  0.00  14
   107920  40.397286 -124.261100    28.169     -560.4     1798.3      868.2      5.7      6.2      3.7 2022  4 30 20 33  4.260  0.00  14
   107922  40.398271 -124.261564    28.205     -599.8     1907.6      904.0      9.7      4.6      3.3 2022  7  3 16 44 36.540  0.00  14
   107924  40.398128 -124.260750    28.210     -530.7     1891.8      909.0      9.2      4.4      3.8 2022  7 19  9 28  3.620  0.00  14
   107925  40.396663 -124.261743    28.179     -615.0     1729.2      877.7      5.3      5.6      3.1 2022  8 20 18 57 36.780  0.00  14
   108010  40.368510 -124.254883    30.000      -32.5    -1397.1     2698.3      7.2      5.6      6.0 2020  4  7 16 19 13.760  0.00  14
   108011  40.369344 -124.259587    30.194     -431.9    -1304.4     2892.4      4.4      4.8      5.7 2021  5 20  8  1 14.180  0.00  14
   108012  40.365316 -124.255168    30.241      -56.7    -1751.8     2939.9     12.2     12.9      5.0 2021  6  9 14 43 15.220  0.00  14
   108013  40.371045 -124.252726    30.149      150.7    -1115.6     2847.6     13.6      7.5      4.3 2021  7 19  0 53 28.240  0.00  14
   108019  40.367240 -124.255469    30.103      -82.2    -1538.0     2802.2      8.6      5.9      5.0 2021 11  3  6 42 52.940  0.00  14
   108021  40.375814 -124.261426    30.118     -588.1     -586.0     2817.1      4.8     11.6      6.2 2021 12 21  2 47 39.000  0.00  14
   108024  40.375106 -124.268319    30.109    -1173.5     -664.6     2808.2     17.0      6.8      5.9 2022  1  7  2 30  4.920  0.00  14
   110380  40.375940 -124.251457    26.394      258.5     -572.0     -907.4      4.3      3.0      3.6 2022 12 26  3 17 37.280  0.86  14
   110463  40.398844 -124.261898    28.191     -628.1     1971.3      889.6      3.8      3.0      2.1 2023  5 18 12 50 14.940  1.05  14
   110471  40.366951 -124.251506    30.107      254.3    -1570.1     2805.6      3.9      4.0      3.0 2023  3 30 14 41 33.470  1.24  14
