   104838  40.291597 -124.388753    21.305       60.9      -12.2      -65.1      7.3      5.6      9.8 2020  1 25 14 20 47.820  0.00  34
   104839  40.291634 -124.388802    21.316       56.7       -8.1      -53.7      7.2      5.2      8.9 2020  1 25 14 22 23.940  0.00  34
   104842  40.291565 -124.388444    21.278       87.2      -15.8      -91.7      7.9      6.5     10.8 2020  3 13 13 44 40.320  0.00  34
   104843  40.293673 -124.389046    21.335       36.0      218.2      -35.3      6.7     15.4      5.5 2020  5 23 16 19  5.400  0.00  34
   104844  40.295256 -124.388997    21.329       40.1      394.0      -40.8      8.8     22.3      5.4 2020  5 24 12  7 13.140  0.00  34
   104845  40.291512 -124.389502    21.371       -2.8      -21.7        1.3      3.8      6.9      3.2 2020  6  5 12  0 20.420  0.00  34
   104848  40.291589 -124.388566    21.291       76.8      -13.1      -78.6      7.7      6.2     10.8 2020 12 25 11 55 38.020  0.00  34
   104849  40.291618 -124.388566    21.294       76.8       -9.9      -76.2      7.5      6.0     10.6 2020 12 25 14 25 57.040  0.00  34
   104850  40.291557 -124.388664    21.294       68.5      -16.7      -76.1      7.1      5.7     12.8 2021  1 13 10  0 21.440  0.00  34
   104851  40.291687 -124.389421    21.362        4.2       -2.3       -8.0      3.5      5.8      4.1 2021  2  5 11 24  9.360  0.00  34
   104854  40.291370 -124.389445    21.368        2.1      -37.5       -1.7      3.7      7.6      3.4 2021  9 17  3 49 29.860  0.00  34
   104855  40.291516 -124.389673    21.379      -17.3      -21.2        9.4      5.8      8.1      4.7 2021 10 23 10 36 54.840  0.00  34
   104857  40.291325 -124.389421    21.368        4.2      -42.5       -1.5      3.9      8.2      3.3 2021 11 10 22 12  7.100  0.00  34
   104858  40.292464 -124.389510    21.365       -3.5       84.0       -5.5      4.3      9.2      4.0 2021 11 17 11 58 34.440  0.00  34
   104859  40.291927 -124.389600    21.370      -11.1       24.4        0.5      4.6      7.2      3.9 2021 12 20 22 16 24.420  0.00  34
   104862  40.291687 -124.389526    21.371       -4.8       -2.3        0.6      3.9      6.2      3.3 2021 12 21  0  0 44.500  0.00  34
   104863  40.291659 -124.389591    21.373      -10.4       -5.4        2.9      4.2      5.2      3.1 2021 12 21  7 32  7.940  0.00  34
   104864  40.291614 -124.389551    21.372       -6.9      -10.4        2.4      4.6      5.6      3.5 2021 12 21  7 32 38.440  0.00  34
   104866  40.291671 -124.389486    21.369       -1.4       -4.1       -0.6      3.8      6.6      3.2 2021 12 21 13 12 35.900  0.00  34
   104868  40.291659 -124.389567    21.375       -8.3       -5.4        5.1      4.0      7.0      3.4 2021 12 21  7 35 40.760  0.00  34
   104869  40.291927 -124.389518    21.370       -4.2       24.4        0.2      3.8      6.3      3.2 2021 12 21  5 59 26.840  0.00  34
   104870  40.291512 -124.389469    21.368        0.0      -21.7       -2.0      4.0      7.0      3.2 2021 12 21  2 41 56.780  0.00  34
   104872  40.291785 -124.390283    21.423      -69.2        8.6       53.4      8.2      6.9      6.7 2021 12 21  5 35 36.300  0.00  34
   104874  40.291907 -124.389258    21.358       18.0       22.1      -12.4      4.8      6.3      4.5 2021 12 21 13 40 27.300  0.00  34
   104875  40.291406 -124.389510    21.376       -3.5      -33.4        5.5      3.7      8.1      3.7 2021 12 22  2 25 36.120  0.00  34
   104876  40.291447 -124.389535    21.374       -5.5      -28.9        3.9      4.3      7.3      3.6 2021 12 22  4 43 41.600  0.00  34
   104878  40.291557 -124.389535    21.374       -5.5      -16.7        3.5      4.2      7.0      4.0 2021 12 23 13 23  2.200  0.00  34
   104881  40.291764 -124.389469    21.369        0.0        6.3       -0.5      3.6      6.1      3.4 2021 12 31 17  4  4.900  0.00  34
   104884  40.291671 -124.389486    21.371       -1.4       -4.1        1.2      3.6      6.4      3.2 2022  1 28 17 21 49.780  0.00  34
   104885  40.291772 -124.389494    21.372       -2.1        7.2        1.9      4.0      7.2      3.5 2022  1 28 15 57 19.160  0.00  34
   104886  40.291870 -124.389445    21.369        2.1       18.1       -0.8      3.7      5.2      3.2 2022  1 28 15 48 35.980  0.00  34
   104888  40.291561 -124.389567    21.372       -8.3      -16.3        2.5      4.4      6.5      3.3 2022  2 22  1 59 45.720  0.00  34
   104889  40.291899 -124.389535    21.369       -5.5       21.2       -1.0      4.0      6.3      3.4 2022  9  2 17 28 49.180  0.00  34
   110352  40.291744 -124.389616    21.373      -12.5        4.1        2.5      3.7      4.1      3.4 2023  3 28  2 26 28.480  2.85  34
