   104602  40.401583 -124.568506    27.508       51.1      -36.1     -122.4     66.1     95.0    110.1 2021  4  9  2 44 10.240  0.00  56
   104608  40.401965 -124.569141    27.637       -2.8        6.3        7.1     21.8     38.8     37.2 2021  6 16 21 28 14.920  0.00  56
   104609  40.401973 -124.569124    27.637       -1.4        7.2        6.5     19.8     44.8     47.7 2021  7 17 13 58 12.280  0.00  56
   104610  40.402014 -124.569067    27.626        3.5       11.7       -4.1     28.8     55.6     31.0 2021  7 17 16 51 33.280  0.00  56
   104611  40.401823 -124.569059    27.621        4.1       -9.5       -8.9     22.7     36.8     36.0 2021  7 18 17 30 30.400  0.00  56
   104614  40.401758 -124.569157    27.620       -4.1      -16.7      -10.0     32.8     75.5     69.1 2021  7 21  6 38  0.500  0.00  56
   104616  40.402201 -124.569230    27.656      -10.4       32.5       26.2     44.1     69.9     69.0 2021  7 26 15  6 34.040  0.00  56
   104617  40.401888 -124.569108    27.626        0.0       -2.3       -3.5     16.1     33.5     41.5 2021  7 27 18 17 36.420  0.00  56
   104624  40.402087 -124.569059    27.626        4.1       19.9       -3.6     33.5     70.4     32.0 2021 10 15  0 32 56.840  0.00  56
   104626  40.401705 -124.569157    27.641       -4.1      -22.6       10.6     35.0     80.9     49.7 2021 11 22  6 32 57.800  0.00  56
   104627  40.401855 -124.569084    27.619        2.1       -5.9      -10.6     19.8     30.6     50.0 2021 12  4  6 54 31.440  0.00  56
   104629  40.401847 -124.569076    27.627        2.8       -6.8       -2.8     19.5     38.1     27.1 2021 12  7  1 37 44.380  0.00  56
   104631  40.401888 -124.569108    27.626        0.0       -2.3       -3.6     15.6     31.6     40.4 2022  1 16  7 10  3.240  0.00  56
   104633  40.401933 -124.569124    27.630       -1.4        2.7       -0.2     16.8     29.3     42.5 2022  2 15 16  0  9.380  0.00  56
   104641  40.401929 -124.569116    27.629       -0.7        2.3       -1.2     16.2     26.7     41.7 2022  6 14 18 33 26.960  0.00  56
   104647  40.401969 -124.569141    27.637       -2.8        6.8        6.9     22.1     39.2     38.1 2022  9 14 19 39 58.380  0.00  56
   104651  40.401770 -124.569084    27.618        2.1      -15.4      -12.4     28.9     49.3     44.1 2022 10 25  1  1  6.660  0.00  56
   104652  40.401790 -124.569067    27.616        3.5      -13.1      -13.7     28.3     43.9     46.8 2022 10 25  1 46 12.000  0.00  56
   110347  40.401884 -124.569108    27.634        0.0       -2.7        3.7     15.8     40.3     36.0 2023  5  9 16 44 27.070  1.07  56
