   104602  40.401632 -124.568538    27.515       48.4      -30.7     -115.0     64.0     92.0    106.5 2021  4  9  2 44 10.240  0.00  56
   104608  40.401969 -124.569149    27.638       -3.5        6.8        7.6     20.5     36.7     35.0 2021  6 16 21 28 14.920  0.00  56
   104609  40.401982 -124.569124    27.637       -1.4        8.1        7.1     18.6     44.3     46.5 2021  7 17 13 58 12.280  0.00  56
   104610  40.402030 -124.569059    27.625        4.1       13.6       -4.6     29.1     54.7     30.3 2021  7 17 16 51 33.280  0.00  56
   104611  40.401815 -124.569059    27.620        4.1      -10.4       -9.6     21.2     34.5     33.7 2021  7 18 17 30 30.400  0.00  56
   104614  40.401742 -124.569165    27.619       -4.8      -18.5      -10.7     32.0     73.4     67.3 2021  7 21  6 38  0.500  0.00  56
   104616  40.402169 -124.569222    27.653       -9.7       28.9       23.3     42.3     67.2     66.3 2021  7 26 15  6 34.040  0.00  56
   104617  40.401888 -124.569108    27.626        0.0       -2.3       -3.9     14.8     30.7     39.5 2021  7 27 18 17 36.420  0.00  56
   104624  40.402112 -124.569051    27.626        4.8       22.6       -3.8     33.6     69.2     30.4 2021 10 15  0 32 56.840  0.00  56
   104626  40.401689 -124.569165    27.642       -4.8      -24.4       11.9     33.2     78.4     46.3 2021 11 22  6 32 57.800  0.00  56
   104627  40.401855 -124.569084    27.618        2.1       -5.9      -11.6     18.9     27.5     48.3 2021 12  4  6 54 31.440  0.00  56
   104629  40.401843 -124.569076    27.627        2.8       -7.2       -3.0     17.6     35.9     24.7 2021 12  7  1 37 44.380  0.00  56
   104631  40.401888 -124.569108    27.626        0.0       -2.3       -4.0     14.0     28.6     38.3 2022  1 16  7 10  3.240  0.00  56
   104633  40.401937 -124.569124    27.630       -1.4        3.2       -0.3     15.1     26.1     40.6 2022  2 15 16  0  9.380  0.00  56
   104641  40.401929 -124.569116    27.629       -0.7        2.3       -1.4     14.1     23.3     39.7 2022  6 14 18 33 26.960  0.00  56
   104647  40.401973 -124.569149    27.637       -3.5        7.2        7.5     20.4     36.4     35.3 2022  9 14 19 39 58.380  0.00  56
   104651  40.401758 -124.569084    27.616        2.1      -16.7      -13.6     28.6     47.5     42.2 2022 10 25  1  1  6.660  0.00  56
   104652  40.401778 -124.569059    27.615        4.1      -14.5      -15.0     27.3     41.2     44.8 2022 10 25  1 46 12.000  0.00  56
   110347  40.401880 -124.569108    27.634        0.0       -3.2        4.0     14.9     39.1     33.6 2023  5  9 16 44 27.070  1.07  56
