   107300  40.713098 -124.395500    24.461       -0.7        0.0        1.0     14.7     21.6     54.0 2020 10 29 13 32  8.460  0.00  59
   107302  40.713135 -124.395516    24.455       -2.1        4.1       -5.0     16.5     20.7     36.7 2021  2  5 18 58 22.480  0.00  59
   107304  40.713155 -124.395443    24.373        4.1        6.3      -87.0     22.6     23.9     92.6 2021  2 10 18 39  4.720  0.00  59
   107305  40.713163 -124.395475    24.414        1.4        7.2      -45.5     15.7     30.3     68.3 2021  3 27 19 44 22.840  0.00  59
   107309  40.713131 -124.395483    24.446        0.7        3.6      -14.1     14.8     15.5     54.3 2021  7  1  7 49  4.920  0.00  59
   107310  40.713123 -124.395467    24.410        2.1        2.7      -49.9     19.1     16.2     72.5 2021  7 28 13 54 34.920  0.00  59
   107312  40.713114 -124.395492    24.440        0.0        1.8      -19.9     12.3     17.4     51.6 2021  9  4  2 51 43.760  0.00  59
   107313  40.713123 -124.395516    24.473       -2.1        2.7       13.1     13.6     16.4     50.6 2021  9  4  3 54 10.000  0.00  59
   107314  40.713139 -124.395443    24.387        4.1        4.5      -73.1     20.3     22.0     81.5 2021  9  7  3 43 11.160  0.00  59
   107316  40.713098 -124.395475    24.428        1.4        0.0      -31.6     23.5     15.7     81.6 2021 11 11  4 40 22.120  0.00  59
   107319  40.713094 -124.395524    24.488       -2.8       -0.5       27.9     14.2     24.2     51.7 2021 11 25 19  7 42.260  0.00  59
   107321  40.713147 -124.395508    24.455       -1.4        5.4       -5.5     15.9     19.8     35.9 2022  1  7  1 27 28.780  0.00  59
   107322  40.713139 -124.395467    24.409        2.1        4.5      -51.4     23.7     20.4     86.7 2022  3 25 15 49 48.380  0.00  59
   107323  40.713090 -124.395532    24.490       -3.4       -0.9       29.5     15.8     22.4     54.7 2022  5  3  0 18 12.600  0.00  59
   107326  40.713139 -124.395516    24.476       -2.1        4.5       15.8     18.0     20.7     60.6 2022  6 28  9 36 18.380  0.00  59
   107332  40.713151 -124.395500    24.445       -0.7        5.9      -15.5     17.9     29.5     88.6 2022 11 14 17 38 58.600  0.00  59
   110430  40.713074 -124.395508    24.469       -1.4       -2.7        8.6     14.5     15.8     38.1 2023  4 18  9 17 19.780  1.42  59
