   106010  40.277238 -124.562207    18.248        5.5      -39.3      -21.9    131.4    447.2    232.7 2020  2 10 16 52 35.900  0.00  40
   106012  40.278023 -124.562231    18.241        3.5       47.9      -29.4    126.0    263.5    247.2 2020  3 20  4 52 58.960  0.00  40
   106014  40.278023 -124.562215    18.181        4.8       47.9      -88.8    138.4    226.6    372.8 2020  4  7 23 24 48.060  0.00  40
   106017  40.277563 -124.562313    18.278       -3.5       -3.2        8.4     98.6    169.2    241.7 2020  7 16 18 56 25.600  0.00  40
   106019  40.277856 -124.562280    18.289       -0.7       29.4       19.5     92.4    262.7    280.5 2020  8  4 17 55 32.040  0.00  40
   106020  40.277104 -124.562549    18.399      -23.5      -54.2      129.2    179.4    296.4    526.2 2020  9  6  7 26 57.220  0.00  40
   106021  40.276843 -124.562329    18.279       -4.8      -83.1        8.8     93.6    411.2    259.4 2020  9 17 15 29 55.440  0.00  40
   106023  40.277637 -124.562329    18.279       -4.8        5.0        9.5     96.8    237.4    242.2 2020 10  7 20 16 32.860  0.00  40
   106025  40.277677 -124.562321    18.299       -4.2        9.5       28.9    101.6    222.1    246.8 2020 10 30  5 28 15.440  0.00  40
   106026  40.277730 -124.562280    18.275       -0.7       15.4        4.7    105.6    197.6    271.8 2020 12 27 14 29 51.580  0.00  40
   106027  40.278406 -124.562118    18.214       13.2       90.4      -56.1    198.6    375.5    285.8 2021  1 27 20 38 14.300  0.00  40
   106028  40.277551 -124.562345    18.284       -6.2       -4.5       13.5    104.4    207.3    208.2 2021  2 12  4 45 10.420  0.00  40
   106029  40.277897 -124.562280    18.308       -0.7       33.9       38.0     95.2    282.3    310.9 2021  2 23 17  9 35.440  0.00  40
   106032  40.277771 -124.562305    18.309       -2.8       19.9       39.2    107.0    264.0    338.9 2021  4  2  8 32 29.220  0.00  40
   106033  40.276501 -124.562207    18.228        5.5     -121.1      -41.6    112.5    533.9    404.3 2021  4  2 13 18 31.140  0.00  40
   106034  40.277665 -124.562297    18.271       -2.1        8.1        0.8     95.6    199.6    213.6 2021  4  3 23 18 17.580  0.00  40
   106035  40.277673 -124.562272    18.253        0.0        9.0      -16.5    117.9    165.9    209.5 2021  4  4  7 50 26.820  0.00  40
   106037  40.278756 -124.561995    18.247       23.5      129.2      -23.4    188.3    411.8    576.9 2021  4 26  6 32 31.780  0.00  40
   106039  40.277291 -124.562557    18.401      -24.2      -33.4      131.1    177.8    296.3    534.3 2021  7 14 15  3 16.320  0.00  40
   106040  40.277767 -124.562313    18.297       -3.5       19.4       26.8     98.2    239.0    247.4 2021  7 28  9 36  3.100  0.00  40
   106042  40.278756 -124.562142    18.280       11.1      129.2        9.6    171.3    381.1    540.7 2021  8 24 17 52 55.220  0.00  40
   106045  40.277568 -124.562297    18.253       -2.1       -2.7      -17.4    107.3    201.4    233.0 2021 12 14 20 34 44.500  0.00  40
   106047  40.277649 -124.562288    18.270       -1.4        6.3       -0.3    105.9    194.1    204.1 2021 12 21  7  5 18.660  0.00  40
   106048  40.277677 -124.562272    18.269        0.0        9.5       -0.7    101.7    203.6    213.4 2021 12 21  9  6 23.560  0.00  40
   106052  40.277633 -124.562435    18.333      -13.8        4.5       62.6    130.9    228.5    431.4 2021 12 27 23 32 51.160  0.00  40
   106053  40.277808 -124.562280    18.278       -0.7       23.9        7.7    104.2    257.4    215.7 2021 12 30 22  2 34.580  0.00  40
   106054  40.274540 -124.561808    18.145       39.5     -338.9     -124.9    228.0    642.2    523.3 2022  1  1 17 29 31.920  0.00  40
   106055  40.277661 -124.562297    18.282       -2.1        7.7       12.0    106.6    217.9    219.6 2022  1  3  9 47 41.620  0.00  40
   106057  40.276241 -124.562720    18.368      -38.1     -150.0       97.7    253.3    578.2    487.7 2022  2 23  2  6 30.340  0.00  40
   106058  40.276839 -124.562492    18.314      -18.7      -83.6       43.9    182.1    319.3    700.4 2022  3 10  3 28 33.340  0.00  40
   106062  40.277478 -124.562329    18.260       -4.8      -12.7      -10.4    109.8    201.9    241.3 2022  7 25 13 33 16.740  0.00  40
   110386  40.277551 -124.562297    18.276       -2.1       -4.5        6.3    100.7    172.1    222.3 2023  4 30  3 21 23.220  1.14  40
