   104725  40.729911 -124.224040    20.730      -46.7        2.3       -0.1     41.4     17.5     24.7 2021  8  1 17 14 21.960  0.00  18
   104728  40.729818 -124.222852    20.708       53.6       -8.1      -22.4     25.4     14.6     24.3 2021  8 12  1  5 10.400  0.00  18
   104729  40.729801 -124.222827    20.709       55.7       -9.9      -21.1     25.5     14.5     23.1 2021  8 12  1  0 35.920  0.00  18
   104730  40.729797 -124.222795    20.686       58.4      -10.4      -44.4     34.2     18.7     34.4 2021  8 12  4  6 13.180  0.00  18
   104731  40.729932 -124.223299    20.706       15.8        4.5      -24.0     23.6     13.8     20.7 2021  8 12  1 11 44.700  0.00  18
   104732  40.729903 -124.223267    20.716       18.6        1.4      -13.7     27.4     16.0     19.5 2021  8 12  4 31 21.500  0.00  18
   104736  40.729842 -124.222811    20.694       57.1       -5.4      -36.1     33.4     19.4     33.0 2021  8 12  4 26 21.340  0.00  18
   104738  40.729948 -124.223275    20.701       17.9        6.3      -29.0     22.1     13.6     20.0 2021  8 12  1 38 51.820  0.00  18
   104739  40.729842 -124.222925    20.728       47.4       -5.4       -1.8     29.6     17.3     26.6 2021  8 12  1 40 19.140  0.00  18
   104743  40.729871 -124.222729    20.723       63.9       -2.3       -7.4     35.3     18.0     32.9 2021  8 12  2  8 24.840  0.00  18
   104746  40.729936 -124.223063    20.719       35.7        5.0      -10.9     27.3     19.5     31.0 2021  8 12  1 17 20.740  0.00  18
   104751  40.729952 -124.223210    20.717       23.4        6.8      -13.0     21.0     15.8     20.1 2021  9 25 19 29 33.640  0.00  18
   104752  40.729867 -124.222892    20.724       50.2       -2.7       -5.7     27.1     16.7     19.7 2021  9 25 19 41 25.880  0.00  18
   104753  40.729834 -124.222982    20.719       42.6       -6.3      -10.6     27.9     15.1     19.1 2021  9 25 20  4 29.320  0.00  18
   104754  40.729940 -124.223006    20.696       40.6        5.4      -33.9     26.5     16.5     27.6 2021  9 25 19 41 55.140  0.00  18
   104755  40.729928 -124.223299    20.694       15.8        4.1      -36.5     28.9     16.6     24.5 2021  9 25 21 31 36.900  0.00  18
   104756  40.729862 -124.222868    20.706       52.2       -3.2      -24.0     23.5     14.2     31.6 2021  9 25 19 57 59.400  0.00  18
   104757  40.729810 -124.222925    20.706       47.4       -9.0      -23.7     30.0     17.8     21.1 2021  9 25 19 21 20.700  0.00  18
   104758  40.729915 -124.223315    20.729       14.4        2.7       -1.2     21.2     16.4     25.6 2021  9 25 21 50 47.040  0.00  18
   104759  40.729854 -124.222868    20.724       52.2       -4.1       -6.3     28.8     19.0     17.7 2021  9 25 19 42 14.420  0.00  18
   104760  40.729968 -124.223201    20.733       24.1        8.6        2.6     27.7     21.9     27.7 2021  9 25 19 30 41.020  0.00  18
   104765  40.729960 -124.223120    20.720       30.9        7.7       -9.8     20.5     14.1     23.3 2021  9 26  0 23 57.940  0.00  18
   104766  40.729903 -124.223104    20.703       32.3        1.4      -26.8     24.6     16.0     22.8 2021  9 26  4 48 58.440  0.00  18
   104767  40.729936 -124.223283    20.697       17.2        5.0      -32.6     24.2     15.1     25.8 2021  9 26  4 47 56.220  0.00  18
   104768  40.729911 -124.223193    20.707       24.7        2.3      -22.7     23.4     15.4     19.5 2021  9 26  4 58 59.300  0.00  18
   104769  40.729777 -124.222933    20.713       46.7      -12.7      -17.0     29.6     14.4     20.0 2021  9 26  3  8  4.900  0.00  18
   104770  40.729891 -124.223267    20.716       18.6        0.0      -14.1     24.0     13.5     18.8 2021  9 26  6 47  1.820  0.00  18
   104778  40.729704 -124.223031    20.725       38.5      -20.8       -5.3     38.5     25.0     34.7 2021  9 26  4 52 20.080  0.00  18
   104779  40.729895 -124.222843    20.702       54.3        0.5      -27.6     27.0     17.6     23.7 2021  9 27  3 38 24.020  0.00  18
   104780  40.729854 -124.223210    20.730       23.4       -4.1        0.2     36.1     15.1     15.5 2021 10  2 13 58 43.600  0.00  18
   104782  40.729838 -124.222762    20.707       61.2       -5.9      -23.0     27.4     14.4     26.2 2021 10  2 16  3 32.660  0.00  18
   104785  40.729875 -124.223853    20.729      -30.9       -1.8       -1.3     41.7     17.0     24.7 2021 10 10  8 36 52.560  0.00  18
   104787  40.729875 -124.224048    20.747      -47.4       -1.8       17.5     45.0     17.5     30.1 2021 10 10  9 56 51.320  0.00  18
   104791  40.729879 -124.223088    20.693       33.7       -1.4      -37.1     38.5     22.6     30.5 2021 10 18  5  9 10.720  0.00  18
   104793  40.729993 -124.223185    20.679       25.4       11.3      -50.6     37.8     21.7     32.0 2021 10 18  5  9 57.000  0.00  18
   104794  40.729850 -124.223014    20.723       39.9       -4.5       -7.2     22.3     13.8     19.8 2021 10 30 10 59 31.620  0.00  18
   104797  40.729952 -124.223918    20.718      -36.4        6.8      -11.7     38.4     15.6     22.4 2021 11  7 19 48  6.500  0.00  18
   104800  40.729936 -124.223006    20.665       40.6        5.0      -64.7     37.8     15.2     39.6 2022  3 25 13 28 32.140  0.00  18
   104801  40.729903 -124.222868    20.703       52.2        1.4      -27.5     37.5     16.5     29.7 2022  3 25 22  6 11.360  0.00  18
   104803  40.729956 -124.223039    20.649       37.8        7.2      -81.3     39.2     17.4     40.4 2022  3 25 14  8 59.840  0.00  18
   104804  40.729980 -124.223128    20.674       30.2        9.9      -56.1     40.0     17.9     34.2 2022  3 25 13 50 50.600  0.00  18
   104805  40.729838 -124.222811    20.669       57.1       -5.9      -61.2     29.2     12.3     34.7 2022  3 25  8 23 32.880  0.00  18
   104806  40.729976 -124.223055    20.656       36.4        9.5      -74.1     38.7     17.6     39.0 2022  3 25 14 20 37.640  0.00  18
   104808  40.729907 -124.222778    20.654       59.8        1.8      -76.0     42.0     15.6     41.4 2022  3 25 15 24 24.460  0.00  18
   104809  40.729980 -124.223120    20.670       30.9        9.9      -60.0     40.3     18.3     35.2 2022  3 25  9 31 23.220  0.00  18
   104810  40.729976 -124.223096    20.654       33.0        9.5      -76.3     40.4     18.2     36.4 2022  3 25 12 25 14.960  0.00  18
   104811  40.729944 -124.222876    20.666       51.6        5.9      -64.2     42.8     17.1     36.8 2022  3 25  8  9 50.540  0.00  18
   104814  40.729980 -124.223055    20.637       36.4        9.9      -92.7     41.6     18.8     37.4 2022  3 25 11 52 42.820  0.00  18
   104825  40.729862 -124.222616    20.695       73.6       -3.2      -35.4     39.8     17.4     28.3 2022  3 27  3 21 36.620  0.00  18
   104826  40.729887 -124.222957    20.661       44.7       -0.5      -68.9     29.0     17.1     38.2 2022  6  6  6 54 28.160  0.00  18
   104829  40.729830 -124.223153    20.725       28.2       -6.8       -5.3     31.0     13.5     16.4 2022  6 27 15 18 26.760  0.00  18
   104831  40.729907 -124.224072    20.745      -49.5        1.8       14.7     52.5     19.9     29.2 2022  6 27 15 19 54.380  0.00  18
   104834  40.729801 -124.223779    20.681      -24.7       -9.9      -48.8     37.8     20.7     24.5 2022  9 22  6  7 32.900  0.00  18
   104836  40.729985 -124.223690    20.638      -17.2       10.4      -91.6     27.6     17.7     52.1 2022 11 19 14 19 54.200  0.00  18
   110351  40.729907 -124.223674    20.756      -15.8        1.8       25.7     20.6     12.8     21.6 2023  1  6 12 32 56.510  1.36  18
