   106108  40.495785 -123.975529    20.736       31.0     -753.2     -155.6     85.8     80.9     74.8 2020  8  9  5 42 39.180  0.00  60
   106111  40.495874 -123.975480    20.746       35.2     -743.3     -145.3     94.9     85.0     72.7 2020 11 30  1 29 11.000  0.00  60
   106114  40.495597 -123.975716    20.729       15.2     -774.0     -162.3     87.8     74.9    109.6 2021  7 10  6 45  4.760  0.00  60
   106118  40.495988 -123.975618    20.760       23.5     -730.6     -131.3    114.1    116.4    114.9 2022  4 18 15 56 36.880  0.00  60
   106120  40.495687 -123.975863    20.727        2.8     -764.1     -164.0     89.8    100.8     67.0 2022  9  7 20 48 18.260  0.00  60
   106122  40.495028 -123.976831    20.687      -79.3     -837.3     -204.5    140.1    126.4    134.8 2022 11 18  1 46 11.180  0.00  60
   108843  40.507296 -123.976099    20.987      -17.2      525.0       96.0     93.7     77.9     83.2 2020  6 30 18 24 45.540  0.00  60
   108845  40.507629 -123.975562    21.036       28.3      562.1      144.6     93.4     87.6     90.6 2021  6 25 11 47  3.720  0.00  60
   108846  40.507528 -123.975732    21.023       13.8      550.8      132.2     84.5     93.8     88.8 2021  6 29 14 49 28.900  0.00  60
   108847  40.507564 -123.975692    21.025       17.2      554.9      133.4     82.8     88.5    101.7 2021  7 12  8  6 52.460  0.00  60
   108848  40.507576 -123.975675    21.028       18.6      556.2      136.5     86.0     85.2     98.9 2021  7 31 15 40 27.060  0.00  60
   108850  40.507869 -123.975236    21.075       55.9      588.7      184.2    153.7    112.6    147.0 2022  1  7 22 34 42.920  0.00  60
   108851  40.507422 -123.976090    21.032      -16.6      539.0      140.7    146.0     72.3    184.6 2022  1 21 15 52 59.180  0.00  60
   108854  40.506641 -123.977677    20.943     -151.1      452.3       51.6    177.3    173.7    151.6 2022  7 26  5 20 28.200  0.00  60
   108855  40.507247 -123.976221    20.994      -27.6      519.6      102.7    104.5     91.1     84.5 2022 11 19 11 57  9.280  0.00  60
   110393  40.495882 -123.975423    20.748       40.0     -742.4     -143.4     86.1     77.0     77.5 2023  1  5 23 38  8.240  1.45  60
   110557  40.507190 -123.976245    20.982      -29.7      513.3       90.8     86.0     70.0     92.0 2023  1  2 17 21 40.040  1.10  60
