   108581  40.630534 -124.459969     6.793      103.3      -40.2      182.8     42.0     37.9     51.4 2020  5 13 20  3  4.300  0.00  69
   108582  40.630542 -124.460539     6.795       55.1      -39.3      185.3     29.2     39.7     53.9 2020  5 13 18 31 14.120  0.00  69
   108583  40.630615 -124.460490     6.815       59.2      -31.2      204.8     28.5     38.2     58.9 2020  5 14 18 38 58.560  0.00  69
   108584  40.630811 -124.459269     6.886      162.5       -9.5      276.2     55.9     74.4     90.1 2020  5 20 16 51 14.680  0.00  69
   108589  40.630941 -124.461279     6.593       -7.6        5.0      -16.9     15.9     18.1     25.5 2021  3 31 17 40 58.500  0.00  69
   108590  40.630937 -124.461084     6.560        9.0        4.5      -49.6     25.0     21.5     62.4 2021  4  1  6 16 55.760  0.00  69
   108592  40.630827 -124.461165     6.630        2.1       -7.7       19.7     26.0     12.5     20.7 2021  4  7  4 37 52.260  0.00  69
   108593  40.631026 -124.461507     6.571      -26.9       14.5      -39.3     40.2     29.2     49.6 2021  9 26 20 33 15.780  0.00  69
   108594  40.630941 -124.461296     6.595       -9.0        5.0      -15.0     19.7     14.5     26.1 2021 12 17 19 37 36.640  0.00  69
   108595  40.630933 -124.461320     6.594      -11.0        4.1      -15.5     20.1     16.1     26.6 2022  8 28 14 42 15.860  0.00  69
   108596  40.630823 -124.461092     6.635        8.3       -8.1       24.7     27.2     10.1     22.7 2022 10 24 21 45 36.600  0.00  69
   108598  40.630904 -124.461336     6.583      -12.4        0.9      -27.0     22.1     22.9     30.0 2022 11 11 16 42 55.460  0.00  69
   110528  40.630973 -124.461426     6.566      -20.0        8.6      -44.1     18.4     14.3     12.4 2023  4 29  9 23  2.130  0.95  69
