   105485  40.699369 -124.199618    17.357       99.7       34.3     -125.6      7.9      4.5      8.1 2020  2  5  5 58 25.560  0.00  53
   105486  40.699304 -124.199316    17.393      125.2       27.1      -89.7      7.1      5.4      5.2 2020  3 17 12 51 45.720  0.00  53
   105487  40.699365 -124.200195    17.402       50.9       33.9      -80.8      8.1      5.3      4.9 2020  4 15  7 17 47.580  0.00  53
   105489  40.699556 -124.199447    17.393      114.2       55.1      -89.9      6.4      4.5      6.3 2020  9  1  3 23  1.060  0.00  53
   105491  40.699162 -124.199341    17.326      123.1       11.3     -156.5      8.2      4.3      8.2 2022  6 26  6 12 19.280  0.00  53
   105492  40.699223 -124.199495    17.412      110.0       18.1      -71.0      7.7      3.5      6.3 2022  9 22  6  0 32.400  0.00  53
   105493  40.699447 -124.199601    17.383      101.1       42.9      -99.6      4.7      3.1      4.2 2022  9 22  6  2 18.960  0.00  53
   105494  40.699585 -124.199512    17.371      108.7       58.3     -111.7      6.0      5.0      6.5 2022  9 22  7 21 46.180  0.00  53
   105495  40.699849 -124.199202    17.398      134.8       87.7      -84.3      8.9      6.8     12.9 2022  9 22 15 52 11.740  0.00  53
   105496  40.699386 -124.199967    17.397       70.2       36.1      -86.2      5.0      2.9      3.5 2022  9 23  7 36 42.680  0.00  53
   105498  40.699373 -124.200073    17.395       61.2       34.8      -88.1      6.2      3.6      3.9 2022  9 25 11 10 14.460  0.00  53
   105501  40.699402 -124.199902    17.351       75.7       38.0     -131.5      7.8      2.9      7.2 2022 10 26 12 52 38.720  0.00  53
   105502  40.699471 -124.199878    17.384       77.7       45.6      -98.7      4.7      2.6      5.1 2022 10 28 19 52 59.400  0.00  53
   105503  40.699479 -124.199772    17.352       86.7       46.5     -130.8      7.0      4.2      7.4 2022 10 28 19 54 10.800  0.00  53
   108832  40.722209 -124.236719    17.046    -3035.4     2570.6     -437.1     37.3     11.4     22.3 2020  6 27  1 38 36.220  0.00  53
   108833  40.723079 -124.234652    17.005    -2860.7     2667.3     -478.1     36.3     11.1     21.5 2020  7  7 22 53  4.560  0.00  53
   108870  40.673560 -124.183675    18.259     1447.4    -2831.8      776.4     36.2     10.3     34.0 2021  3 19  7  6 30.900  0.00  53
   108873  40.674028 -124.169027    18.255     2685.7    -2779.8      772.6     21.7      9.1     30.8 2022  9 22 18 46  5.320  0.00  53
   110375  40.699337 -124.199691    17.429       93.5       30.7      -53.4      8.0      3.6      6.2 2023  4 18 21 27 56.500  2.49  53
   110555  40.722856 -124.234131    17.632    -2816.7     2642.5      148.8     29.5      9.0     17.7 2023  5  5 10 40  9.930  1.00  53
   110562  40.672274 -124.169515    18.684     2644.4    -2974.6     1201.8     21.5      8.5     23.1 2023  2  1  1 28 26.490  1.31  53
   110714  40.704093 -124.194995    17.909      490.4      558.9      426.6     10.9      7.0      9.2 2023  1  6 12 27 19.440  3.44  53
