   103149  40.403402 -124.387695    27.624      317.1     1153.1    -1260.8     51.7     79.3     50.7 2020  1 20  7 59 56.880  0.00  50
   103155  40.401599 -124.386458    27.407      422.1      952.9    -1477.6    110.7    145.3    136.3 2020  5  8 15 27 24.500  0.00  50
   103157  40.402718 -124.386987    27.576      377.2     1077.2    -1309.0     56.0     64.5     51.8 2020 10 12 20 48 16.180  0.00  50
   103162  40.402897 -124.387305    27.624      350.3     1097.0    -1261.1     20.3     48.6     48.6 2021  8  3  3 28  0.360  0.00  50
   103163  40.403316 -124.387362    27.608      345.4     1143.6    -1277.0     34.3     60.0     30.0 2021 10  2  9 49 41.900  0.00  50
   103164  40.403312 -124.387419    27.600      340.6     1143.1    -1285.0     25.9     51.1     38.9 2021 10  2  8 27 36.460  0.00  50
   103166  40.403666 -124.386995    27.600      376.5     1182.4    -1285.1     37.5     39.8     30.1 2021 10 25  1 19 40.240  0.00  50
   103167  40.403552 -124.389046    27.698      202.4     1169.8    -1187.4     80.5    174.4     90.5 2021 12 20 22  9 19.760  0.00  50
   103176  40.403772 -124.387109    27.603      366.9     1194.2    -1281.8     14.5     51.6     35.0 2022  8 19 12 11 19.800  0.00  50
   103178  40.403280 -124.387248    27.617      355.1     1139.5    -1268.3     36.7     50.6     29.3 2022 10 17  8 21 57.480  0.00  50
   103179  40.403276 -124.387337    27.608      347.5     1139.1    -1276.6     37.0     66.2     31.2 2022 10 17  8 33 17.800  0.00  50
   103180  40.403471 -124.387476    27.609      335.8     1160.8    -1276.0     19.1     49.9     32.0 2022 11 15  2 32 57.340  0.00  50
   103660  40.366370 -124.403312    31.388    -1009.0    -2959.1     2502.8     63.6    194.6     84.2 2020  3 19  2 25 29.840  0.00  50
   103662  40.381755 -124.405648    31.107    -1207.2    -1250.7     2222.3    102.8    209.4    101.5 2021  8  1  9 57 47.140  0.00  50
   103663  40.372677 -124.398039    30.889     -561.1    -2258.7     2004.3     97.1     85.5    109.9 2021  9  4 15 10 50.460  0.00  50
   103664  40.383769 -124.402230    30.961     -916.9    -1027.0     2076.3    100.2    146.2     91.3 2021  9 24 22 55 12.600  0.00  50
   103665  40.384192 -124.402271    30.954     -920.4     -980.0     2069.0    103.5    150.5     92.8 2021  9 25  0 45 28.340  0.00  50
   103666  40.372677 -124.398560    30.937     -605.4    -2258.7     2051.5     99.9     80.5    118.8 2021 10  2  8 10 25.060  0.00  50
   103670  40.386780 -124.402409    31.217     -932.1     -692.7     2332.1    107.4    131.3     79.9 2021 12 21 20 41 34.660  0.00  50
   103671  40.381466 -124.401815    30.982     -881.7    -1282.8     2097.2     87.0    141.4     83.6 2022  2 12  1 43 15.200  0.00  50
   110317  40.404260 -124.386898    27.588      384.8     1248.4    -1297.2     24.9     54.5     42.0 2023  3 22 15 19 23.600  1.19  50
   110324  40.379834 -124.405737    31.214    -1214.8    -1463.9     2329.2     64.2     83.0     67.3 2022 12 22 11 49 54.180  3.63  50
