   100575  40.369002 -124.459782    17.757     -780.3     -643.4     -801.4      2.3      3.3      3.2 2020  1  3 15 57 51.560  0.00  30
   100576  40.367122 -124.458309    17.174     -655.2     -852.2    -1384.9      5.9     17.5      9.1 2020  1 14  1  9 31.340  0.00  30
   100577  40.368551 -124.460018    17.721     -800.4     -693.6     -837.9      3.0      4.4      2.4 2020  2 16  2 38  6.780  0.00  30
   100578  40.368119 -124.459790    17.774     -781.0     -741.5     -784.5      2.2      5.1      2.5 2020  2 28  7 47  9.140  0.00  30
   100580  40.368306 -124.459733    17.714     -776.2     -720.7     -844.4      3.6      4.8      5.3 2020  3 24 20 10 18.920  0.00  30
   100581  40.368595 -124.459399    17.672     -747.8     -688.6     -886.3      5.9     11.7      8.4 2020  5  4 10 41 42.840  0.00  30
   100582  40.365686 -124.458765    17.702     -693.9    -1011.6     -856.9      6.7     15.1     11.9 2020  5 13  5 11 45.540  0.00  30
   100583  40.368331 -124.459757    17.761     -778.2     -718.0     -798.2      1.9      3.0      2.4 2020  6  9 10 47  6.140  0.00  30
   100584  40.368115 -124.459847    17.758     -785.8     -741.9     -801.2      2.0      2.5      2.6 2020  6 13  7  8 34.340  0.00  30
   100587  40.368254 -124.459969    17.756     -796.2     -726.5     -803.2      1.8      3.0      4.2 2020  8 20 18 40 55.160  0.00  30
   100588  40.368770 -124.459766    17.786     -778.9     -669.2     -772.6      3.5      6.3      2.6 2020  9 12 21 54 44.740  0.00  30
   100589  40.368758 -124.459644    17.780     -768.6     -670.5     -778.5      3.9      7.0      3.0 2020  9 12 21 37 16.080  0.00  30
   100590  40.368058 -124.459823    17.736     -783.8     -748.2     -823.0      2.2      3.5      4.1 2020 11 29 17 24 14.040  0.00  30
   100591  40.368075 -124.460002    17.785     -799.0     -746.4     -774.0      2.2      2.7      2.5 2021  4 17 10 27 49.580  0.00  30
   100592  40.367989 -124.459855    17.776     -786.5     -755.9     -783.3      2.7      3.0      2.6 2021  4 26 21 46 39.180  0.00  30
   100593  40.368111 -124.460059    17.776     -803.8     -742.4     -783.0      2.0      2.6      2.8 2021  5 11 12 13 44.620  0.00  30
   100594  40.367928 -124.459969    17.754     -796.2     -762.7     -805.0      2.2      3.7      4.2 2021  5 20  1 35 27.000  0.00  30
   100595  40.368945 -124.460636    17.691     -852.9     -649.7     -867.4      3.3      6.1      2.8 2021  6 15 11 27 24.780  0.00  30
   100596  40.368555 -124.460132    17.739     -810.0     -693.1     -819.8      2.8      5.6      2.7 2021  6 15 11 31  8.000  0.00  30
   100597  40.368205 -124.460156    17.730     -812.1     -732.0     -828.5      2.2      3.0      3.1 2021  6 15 11 58 52.480  0.00  30
   100598  40.368437 -124.460124    17.741     -809.3     -706.2     -817.7      1.8      2.9      2.6 2021  6 15 13  9 16.300  0.00  30
   100600  40.368652 -124.460238    17.720     -819.0     -682.3     -839.2      2.7      5.6      2.7 2021  8 12 11 50 12.180  0.00  30
   100602  40.369450 -124.460173    17.741     -813.5     -593.7     -817.6      3.1      3.0      3.1 2021  9 15  3 21  7.320  0.00  30
   100603  40.367497 -124.459904    17.756     -790.7     -810.6     -802.4      2.8      5.0      3.0 2021  9 24  8 15 17.120  0.00  30
   100604  40.367993 -124.459082    17.658     -720.9     -755.5     -901.1      6.3      8.1      6.1 2021 10 10 16 46 24.120  0.00  30
   100605  40.368412 -124.460319    17.702     -825.9     -708.9     -857.2      2.6      3.0      3.8 2021 10 29  1 24 55.020  0.00  30
   100606  40.368424 -124.460311    17.681     -825.2     -707.6     -877.3      2.2      3.8      2.7 2021 11  8 10 41 50.820  0.00  30
   100607  40.368722 -124.460238    17.748     -819.0     -674.6     -811.0      3.7      3.3      2.6 2021 11 15  1 46 35.440  0.00  30
   100610  40.369938 -124.457349    17.641     -573.7     -539.5     -917.7      4.3      7.5      4.3 2021 12 31 10  4 37.000  0.00  30
   100611  40.368970 -124.459603    17.783     -765.1     -647.0     -775.6      4.1      6.0      5.0 2022  3 22 11  4 35.800  0.00  30
   100612  40.369364 -124.459782    17.745     -780.3     -603.2     -814.0      3.4      7.1      3.3 2022  6  5  8 21 59.320  0.00  30
   100613  40.368502 -124.459863    17.730     -787.2     -699.0     -828.6      3.2      5.3      3.8 2022  8 17  5  6 21.800  0.00  30
   100614  40.366634 -124.460376    17.733     -830.8     -906.4     -825.7      4.2      4.6      3.4 2022  8 21  5 51  8.080  0.00  30
   100615  40.367993 -124.460002    17.761     -799.0     -755.5     -797.8      2.4      3.6      4.1 2022 10 25 21 20 54.620  0.00  30
   106864  40.416463 -124.408455    24.754     3577.5     4626.8     6194.9      7.5     39.0     11.5 2021 10  4  7 13 43.640  0.00  30
   106865  40.407255 -124.412858    25.352     3204.0     3604.3     6792.8      7.0     12.4      7.7 2021 12 21 23 35 58.700  0.00  30
   106871  40.415210 -124.408683    24.727     3558.2     4487.6     6167.8      7.5     36.9     11.5 2022 11 22 23  5 32.660  0.00  30
   109433  40.412130 -124.398910    19.905     4388.1     4145.6     1346.6      4.9      4.8      4.4 2021 12 22  1 59 55.300  0.00  30
   109434  40.412451 -124.398877    19.842     4390.9     4181.2     1283.3      4.5      4.9      4.4 2022  4 16 21  8 59.900  0.00  30
   110289  40.368742 -124.460482    17.720     -839.8     -672.3     -839.1      1.9      2.6      2.6 2023  1 26 21 33 28.920  1.26  30
   110418  40.404195 -124.421061    25.048     2507.5     3264.5     6489.6      6.0     12.5      7.7 2023  2 15 12  9 12.570  0.98  30
   110621  40.413554 -124.397111    19.965     4540.8     4303.7     1406.4      4.8      4.7      4.3 2023  2 12 15 30 31.930  3.14  30
