   101493  40.325741 -124.366724    18.797      -20.1        5.4        6.7      6.3     10.2      5.8 2020  2 11  9 19 30.880  0.00  64
   101495  40.325659 -124.366292    18.763       16.6       -3.6      -26.6      9.9     15.2      9.0 2020  5  8 14 19  3.300  0.00  64
   101497  40.325667 -124.366479    18.788        0.7       -2.7       -2.0      4.7      6.5      5.1 2020  8 31 23 45 31.400  0.00  64
   101498  40.325920 -124.366626    18.797      -11.8       25.3        6.8      5.4      7.7      5.4 2020 10  2 17  4  0.640  0.00  64
   101499  40.325647 -124.366569    18.794       -6.9       -5.0        3.8      4.1      6.0      4.7 2021  1 10 20 29 48.820  0.00  64
   101502  40.325785 -124.366634    18.796      -12.4       10.4        6.0      5.0      7.4      4.7 2021  7  7  8 30 52.060  0.00  64
   101505  40.325789 -124.366602    18.793       -9.7       10.8        2.9      4.7      6.2      4.3 2021  9 16  6 39 23.680  0.00  64
   101507  40.325891 -124.366699    18.795      -18.0       22.1        5.0      6.0      7.8      5.5 2021 10  5  5  0 45.320  0.00  64
   101545  40.325655 -124.366553    18.792       -5.5       -4.1        1.8      4.5      5.8      3.9 2022  4 17 22 59 31.240  0.00  64
   101547  40.327649 -124.366911    18.795      -36.0      217.3        5.0      9.3     24.1      8.3 2022  5 16 11 54 22.560  0.00  64
   101549  40.325769 -124.366553    18.794       -5.5        8.6        4.4      5.0      7.4      4.3 2022  6 20  5 49 12.560  0.00  64
   101556  40.326493 -124.366854    18.804      -31.1       89.0       14.1      8.3     13.9      7.1 2022  9  1 16 52 14.460  0.00  64
   101559  40.325541 -124.366447    18.789        3.5      -16.7       -0.5      7.0      9.8      6.6 2022  9 17 21 37 56.320  0.00  64
   101560  40.325651 -124.366496    18.792       -0.7       -4.5        1.8      6.3      8.7      6.0 2022  9 17 20 44 21.300  0.00  64
   101563  40.325859 -124.366561    18.791       -6.2       18.5        1.3      4.9      7.5      4.4 2022  9 23  1  2 28.580  0.00  64
   110297  40.325647 -124.366423    18.789        5.5       -5.0       -1.3      4.7      5.6      4.6 2023  1  2 14 24 18.160  1.18  64
