   106142  40.497392 -124.327498    17.854      266.3       75.0        3.5     10.2      8.7      9.9 2020  2 16  9 47  5.060  0.00   4
   106144  40.496696 -124.332031    17.754     -118.0       -2.3      -95.9     14.4     12.5     25.5 2020  4 12  4 35  0.980  0.00   4
   106147  40.496749 -124.330705    17.818       -5.5        3.6      -31.7      5.2      4.2      5.5 2020  9 14 10 23  2.500  0.00   4
   106154  40.497648 -124.330591    17.771        4.1      103.5      -78.8      5.6      4.6      7.7 2021  1 30 22 57 38.840  0.00   4
   106155  40.496989 -124.329891    17.799       63.5       30.3      -50.7     11.3     12.0     13.6 2021  2  2 17 23 41.100  0.00   4
   106164  40.496753 -124.330184    17.857       38.6        4.1        6.6      6.4      2.3      5.2 2021  7 22 15 35 57.140  0.00   4
   106167  40.497017 -124.330509    17.820       11.0       33.4      -29.8      3.7      4.1      6.2 2021 10  2  5 23 38.340  0.00   4
   106168  40.497131 -124.330257    17.836       32.4       46.1      -13.8      5.6      4.4      6.4 2021 10  3 11 37  2.540  0.00   4
   106170  40.497294 -124.330599    17.776        3.4       64.2      -73.8      4.0      4.2      5.3 2021 10  8  7 30 49.160  0.00   4
   106171  40.497168 -124.330558    17.804        6.9       50.2      -46.1      4.6      3.8      7.4 2021 10 12 12 22 10.580  0.00   4
   106173  40.497184 -124.330705    17.815       -5.5       52.0      -34.7      3.7      3.0      6.2 2021 11 18  7  5 20.520  0.00   4
   106176  40.497115 -124.330688    17.822       -4.1       44.3      -28.4      4.5      4.8      5.3 2021 12 11  7 52 35.460  0.00   4
   106178  40.497380 -124.330615    17.798        2.1       73.7      -52.1      5.5      5.4      8.7 2021 12 15  7 38 28.900  0.00   4
   106186  40.496838 -124.330876    17.879      -20.0       13.6       29.3      3.6      3.6      4.0 2021 12 23 19 12 18.300  0.00   4
   106187  40.496122 -124.330745    17.898       -9.0      -66.0       48.5      6.1      5.9      7.3 2021 12 23  7  0 19.640  0.00   4
   106191  40.501803 -124.324959    17.523      481.5      564.8     -326.6      6.4      8.7      7.4 2021 12 23  4 46 17.660  0.00   4
   106193  40.496570 -124.331201    17.826      -47.6      -16.3      -24.2      4.7      4.3      3.8 2021 12 25  3 17 58.440  0.00   4
   106194  40.496696 -124.330697    17.835       -4.8       -2.3      -15.4      4.2      3.5      5.4 2021 12 30  5 48 27.460  0.00   4
   106196  40.496712 -124.330688    17.844       -4.1       -0.5       -5.6      4.2      3.5      4.7 2021 12 31 13 20 26.880  0.00   4
   106197  40.496696 -124.330868    17.894      -19.3       -2.3       44.1      3.4      3.7      5.4 2021 12 31 10 15 16.680  0.00   4
   106200  40.496468 -124.330680    17.870       -3.4      -27.6       20.2      4.4      3.3      4.0 2022  1  2 14 54 27.660  0.00   4
   106201  40.496509 -124.330762    17.868      -10.3      -23.0       18.3      4.6      4.2      4.9 2022  1  2  0 12 25.180  0.00   4
   106202  40.496488 -124.331226    17.811      -49.7      -25.3      -39.5      8.0      5.3      7.6 2022  1  2 23 12 20.980  0.00   4
   106204  40.496623 -124.330916    17.854      -23.5      -10.4        3.6      3.5      3.2      3.7 2022  1  7  3  3 58.940  0.00   4
   106208  40.496944 -124.330656    17.865       -1.4       25.3       15.5      4.2      2.3      4.3 2022  1 16  3  3 43.240  0.00   4
   106209  40.496757 -124.330615    17.864        2.1        4.5       13.9      4.9      3.5      4.6 2022  1 16 22 15  6.960  0.00   4
   106210  40.496781 -124.331047    17.831      -34.5        7.2      -19.3      5.1      4.2      4.6 2022  1 16  4  9 53.760  0.00   4
   106211  40.496358 -124.330941    17.866      -25.5      -39.8       15.9      4.6      3.9      4.7 2022  1 16  9 17 39.940  0.00   4
   106216  40.496631 -124.330615    17.887        2.1       -9.5       37.3      5.4      4.8      6.6 2022  1 18 12  7 24.920  0.00   4
   106217  40.496647 -124.330762    17.829      -10.3       -7.7      -20.6      3.5      2.8      3.9 2022  1 18  3 25 18.740  0.00   4
   106218  40.496529 -124.330729    17.912       -7.6      -20.8       62.0      3.3      3.6      6.0 2022  1 19  6 54 58.540  0.00   4
   106220  40.496342 -124.330737    17.887       -8.3      -41.6       37.4      5.0      4.2      5.6 2022  1 21  8 26 27.620  0.00   4
   106221  40.496741 -124.330615    17.822        2.1        2.7      -28.3      2.6      2.4      3.5 2022  1 22 13 18 17.780  0.00   4
   106223  40.496688 -124.330745    17.851       -9.0       -3.2        0.6      2.6      2.7      3.6 2022  1 23 14 11 22.260  0.00   4
   106225  40.497009 -124.330664    17.856       -2.1       32.5        6.4      4.5      3.5      4.7 2022  1 28 18 30 21.440  0.00   4
   106226  40.496554 -124.330868    17.828      -19.3      -18.1      -22.5      4.5      3.4      4.1 2022  1 29 17 47 53.300  0.00   4
   106227  40.497038 -124.330892    17.848      -21.4       35.7       -2.4      3.3      2.7      4.1 2022  1 31  9 38 58.340  0.00   4
   106229  40.497034 -124.330908    17.835      -22.8       35.2      -14.8      3.8      4.0      5.8 2022  2  2 22 24 23.440  0.00   4
   106230  40.496631 -124.330802    17.845      -13.8       -9.5       -4.9      3.6      3.0      3.1 2022  2  3  2  3 31.060  0.00   4
   106231  40.496159 -124.330811    17.893      -14.5      -61.9       43.3      5.3      5.5      6.6 2022  2  3  8 40 22.780  0.00   4
   106232  40.496509 -124.330835    17.846      -16.6      -23.0       -4.4      3.7      3.6      4.2 2022  2  3  8 37  7.500  0.00   4
   106234  40.496639 -124.330843    17.848      -17.2       -8.6       -1.6      3.1      2.9      3.7 2022  2  6 11 55 37.920  0.00   4
   106235  40.496777 -124.331038    17.882      -33.8        6.8       31.7      3.8      2.8      3.8 2022  2 12  0 51 57.080  0.00   4
   106239  40.496696 -124.330802    17.857      -13.8       -2.3        7.1      2.9      2.5      3.1 2022  2 14 16 43 46.920  0.00   4
   106240  40.496647 -124.330835    17.852      -16.6       -7.7        2.3      4.0      3.3      4.7 2022  2 14 22 32 21.620  0.00   4
   106241  40.496676 -124.330876    17.843      -20.0       -4.5       -7.3      3.8      2.6      2.9 2022  2 14 21 24 22.540  0.00   4
   106242  40.496635 -124.330908    17.839      -22.8       -9.0      -11.4      3.6      2.5      3.3 2022  2 14 15 35 37.440  0.00   4
   106243  40.496358 -124.330778    17.905      -11.7      -39.8       55.2      4.6      4.3      6.4 2022  2 15  3 24 39.820  0.00   4
   106244  40.496212 -124.330664    17.870       -2.1      -56.0       19.5      5.5      5.2      5.8 2022  2 20  9 12 22.280  0.00   4
   106247  40.496615 -124.330819    17.815      -15.2      -11.3      -34.7      2.8      3.1      3.8 2022  2 21 15 40 58.540  0.00   4
   106248  40.496680 -124.330558    17.856        6.9       -4.1        5.6      3.7      3.7      5.4 2022  2 21 12 54 43.620  0.00   4
   106251  40.496476 -124.330835    17.901      -16.6      -26.7       51.3      3.7      3.9      6.3 2022  2 26  5  4 41.160  0.00   4
   106252  40.496635 -124.330851    17.857      -17.9       -9.0        6.9      3.1      2.3      3.4 2022  2 26 12 40 18.540  0.00   4
   106254  40.496456 -124.330859    17.888      -18.6      -28.9       37.7      4.1      3.7      5.6 2022  2 27 19 37 49.380  0.00   4
   106255  40.496920 -124.330851    17.800      -17.9       22.6      -49.9      3.9      4.3      6.5 2022  2 28  3 42 20.260  0.00   4
   106257  40.496920 -124.330786    17.861      -12.4       22.6       10.5      5.7      4.7      5.8 2022  3  1  1  4 35.500  0.00   4
   106258  40.496602 -124.330721    17.863       -6.9      -12.7       13.4      4.0      3.7      5.0 2022  3  1  4 33 33.320  0.00   4
   106259  40.497196 -124.330526    17.830        9.7       53.3      -19.8      5.2      5.2      4.9 2022  3  2  2 19 41.560  0.00   4
   106264  40.496834 -124.330745    17.873       -9.0       13.1       22.7      3.5      3.3      3.7 2022  3  4 23 16  6.440  0.00   4
   106265  40.496505 -124.330835    17.901      -16.6      -23.5       50.9      5.1      4.6      4.9 2022  3  8 17 12 20.840  0.00   4
   106270  40.496558 -124.330697    17.845       -4.8      -17.6       -5.3      3.2      3.0      4.4 2022  3 27  7 11  2.900  0.00   4
   106271  40.496631 -124.330819    17.855      -15.2       -9.5        5.0      3.9      3.3      4.5 2022  4  1  6 31 38.080  0.00   4
   106272  40.496639 -124.330558    17.840        6.9       -8.6       -9.7      4.6      4.0      4.2 2022  4  1  7 37 43.900  0.00   4
   106273  40.496643 -124.330632    17.855        0.7       -8.1        4.7      3.8      3.9      4.6 2022  4  1  7  8 51.380  0.00   4
   106275  40.496676 -124.330851    17.853      -17.9       -4.5        2.8      3.5      3.6      4.2 2022  4  2  2 16 50.200  0.00   4
   106276  40.496960 -124.330859    17.821      -18.6       27.1      -28.6      3.9      4.3      6.0 2022  4  7 12 46 34.800  0.00   4
   106278  40.496814 -124.330851    17.845      -17.9       10.8       -4.8      3.3      2.7      4.7 2022  4 15 23 52 12.400  0.00   4
   106280  40.496452 -124.330819    17.881      -15.2      -29.4       31.4      3.5      3.6      5.6 2022  4 25 11 18  9.700  0.00   4
   106281  40.496855 -124.330786    17.849      -12.4       15.4       -1.0      3.7      2.4      4.8 2022  4 28 17 35 58.900  0.00   4
   106282  40.496855 -124.330729    17.864       -7.6       15.4       14.4      5.3      3.6      5.7 2022  4 29  8 13 25.740  0.00   4
   106283  40.496903 -124.330737    17.872       -8.3       20.8       22.2      4.3      3.8      4.8 2022  5  2  6 55  3.460  0.00   4
   106284  40.496777 -124.330924    17.833      -24.1        6.8      -16.6      3.1      2.8      4.5 2022  5  7 22 39  3.000  0.00   4
   106286  40.496806 -124.330851    17.871      -17.9        9.9       20.5      2.9      2.9      3.2 2022  5 10  8 50 16.200  0.00   4
   106287  40.496688 -124.330509    17.864       11.0       -3.2       14.3      4.1      4.2      4.4 2022  5 10  0 41 41.360  0.00   4
   106288  40.496712 -124.330615    17.873        2.1       -0.5       23.3      3.3      3.9      5.7 2022  5 10 14 44 45.480  0.00   4
   106290  40.496606 -124.330664    17.842       -2.1      -12.2       -8.2      2.9      2.8      3.4 2022  5 12  1 30 43.080  0.00   4
   106291  40.496220 -124.330762    17.873      -10.3      -55.1       22.9      6.0      5.3      5.2 2022  5 12  8  6 13.200  0.00   4
   106293  40.496647 -124.330949    17.831      -26.2       -7.7      -19.3      5.0      3.3      4.1 2022  5 14 19  3 30.080  0.00   4
   106294  40.496663 -124.330835    17.863      -16.6       -5.9       12.5      3.3      2.8      3.4 2022  5 15  1 12 12.600  0.00   4
   106295  40.496521 -124.330957    17.852      -26.9      -21.7        2.4      3.0      3.4      4.4 2022  5 15 12 38 43.240  0.00   4
   106296  40.496696 -124.330933    17.830      -24.8       -2.3      -20.2      2.6      2.6      4.3 2022  5 15  3  8 52.300  0.00   4
   106297  40.496912 -124.330908    17.814      -22.8       21.7      -36.2      3.5      3.6      4.3 2022  5 16 17 15 16.940  0.00   4
   106298  40.496781 -124.330916    17.876      -23.5        7.2       26.1      3.6      2.6      3.4 2022  5 20 21  8 41.220  0.00   4
   106299  40.496761 -124.330542    17.899        8.3        5.0       48.7      6.8      4.7      6.9 2022  5 21  1 24 36.560  0.00   4
   106300  40.496476 -124.331112    17.831      -40.0      -26.7      -18.6      5.0      4.1      3.7 2022  5 21 19 48 49.180  0.00   4
   106302  40.496541 -124.330713    17.851       -6.2      -19.4        0.9      2.9      3.0      3.7 2022  5 27 12 32 31.140  0.00   4
   106304  40.496834 -124.330868    17.884      -19.3       13.1       34.1      3.9      3.7      4.9 2022  5 28  5 20  2.780  0.00   4
   106305  40.497034 -124.331022    17.836      -32.4       35.2      -14.3      3.8      2.7      4.4 2022  5 30 13 20 12.260  0.00   4
   106306  40.496875 -124.330721    17.882       -6.9       17.6       31.5      3.9      2.7      4.5 2022  6  1  2 39 26.760  0.00   4
   106307  40.496574 -124.330705    17.874       -5.5      -15.8       24.4      3.9      3.5      5.6 2022  6  6  9 29 14.760  0.00   4
   106308  40.496818 -124.330876    17.873      -20.0       11.3       23.1      2.9      2.9      3.8 2022  6  6  5 14 25.900  0.00   4
   106310  40.496667 -124.331104    17.855      -39.3       -5.4        5.3      5.8      3.8      5.1 2022  6  8 12 59  0.080  0.00   4
   106311  40.496643 -124.331266    17.868      -53.1       -8.1       17.7      5.1      2.6      4.8 2022  6  9  8 48 36.880  0.00   4
   106312  40.496562 -124.330876    17.833      -20.0      -17.2      -16.9      3.4      2.7      3.2 2022  6 12 14 27 16.560  0.00   4
   106313  40.496509 -124.330835    17.907      -16.6      -23.0       57.0      2.9      3.8      6.0 2022  6 13  3  6 20.360  0.00   4
   106314  40.496574 -124.330859    17.905      -18.6      -15.8       55.3      3.2      4.2      5.8 2022  6 13 23 25 35.040  0.00   4
   106315  40.496704 -124.330827    17.921      -15.9       -1.4       71.4      4.6      3.9      6.6 2022  6 15  9 41 17.600  0.00   4
   106316  40.496562 -124.330762    17.871      -10.3      -17.2       21.4      3.5      4.2      5.5 2022  6 15 15 45 11.840  0.00   4
   106317  40.496631 -124.330786    17.890      -12.4       -9.5       39.6      4.4      4.2      5.3 2022  6 15  4 34 41.940  0.00   4
   106320  40.496387 -124.331478    17.873      -71.1      -36.6       22.9      5.5      6.2      4.7 2022  6 16 12 41 44.740  0.00   4
   106321  40.496753 -124.330851    17.893      -17.9        4.1       43.3      3.7      3.0      6.5 2022  6 16 17 47 27.640  0.00   4
   106322  40.496525 -124.330884    17.916      -20.7      -21.2       65.5      4.6      3.8      5.9 2022  6 17  1 34 31.520  0.00   4
   106323  40.496411 -124.330908    17.860      -22.8      -33.9       10.4      4.7      3.9      4.7 2022  6 17  9 39 54.280  0.00   4
   106326  40.496667 -124.330981    17.880      -29.0       -5.4       30.2      3.5      2.9      5.0 2022  6 17 14 49 41.980  0.00   4
   106327  40.496851 -124.330859    17.878      -18.6       14.9       28.3      4.1      2.8      5.0 2022  6 17  8 11  3.840  0.00   4
   106328  40.496838 -124.330900    17.902      -22.1       13.6       52.2      5.2      3.4      5.6 2022  6 18  5  8  8.580  0.00   4
   106329  40.496558 -124.330868    17.923      -19.3      -17.6       72.5      4.0      3.7      6.1 2022  6 18  8 25 36.840  0.00   4
   106330  40.496680 -124.330973    17.855      -28.3       -4.1        4.6      5.6      4.9      6.2 2022  6 18 16 36  4.940  0.00   4
   106331  40.496631 -124.331120    17.856      -40.7       -9.5        6.3      6.0      4.0      4.7 2022  6 18 15 41  8.700  0.00   4
   106332  40.496818 -124.330778    17.899      -11.7       11.3       49.1      4.5      4.5      6.2 2022  6 18 14 30 21.240  0.00   4
   106333  40.496476 -124.330876    17.899      -20.0      -26.7       48.7      4.2      2.8      5.3 2022  6 20  8 44 39.060  0.00   4
   106334  40.496505 -124.330981    17.843      -29.0      -23.5       -6.7      3.8      3.7      5.6 2022  6 20  4 11 59.280  0.00   4
   106335  40.496761 -124.330509    17.851       11.0        5.0        1.4      4.4      2.9      5.0 2022  6 20  3 26  5.120  0.00   4
   106336  40.496615 -124.330794    17.915      -13.1      -11.3       64.7      3.8      3.3      5.8 2022  6 21  7 46 44.740  0.00   4
   106337  40.496590 -124.330623    17.849        1.4      -14.0       -0.9      4.0      3.2      4.7 2022  6 21  4 31 16.520  0.00   4
   106338  40.496647 -124.330981    17.857      -29.0       -7.7        6.6      3.6      2.8      3.1 2022  6 23 14 31 49.880  0.00   4
   106339  40.496672 -124.330493    17.877       12.4       -5.0       26.9      4.3      3.8      4.6 2022  6 24  2  4  9.040  0.00   4
   106340  40.496448 -124.331087    17.847      -37.9      -29.8       -3.0      4.4      4.3      4.0 2022  6 24 22 56 45.960  0.00   4
   106341  40.496537 -124.330859    17.855      -18.6      -19.9        4.9      4.0      3.3      4.0 2022  6 25 18 56 46.680  0.00   4
   106342  40.496663 -124.330623    17.880        1.4       -5.9       29.8      3.4      3.2      5.3 2022  6 27 12 33 49.880  0.00   4
   106343  40.496692 -124.330941    17.900      -25.5       -2.7       50.4      3.4      3.0      5.0 2022  7  2 22 22  4.260  0.00   4
   106344  40.496794 -124.330859    17.881      -18.6        8.6       30.5      5.6      3.3      4.0 2022  7  3 13 10  0.780  0.00   4
   106345  40.496757 -124.330981    17.834      -29.0        4.5      -16.1      3.4      3.0      4.3 2022  7  5 14 55 20.380  0.00   4
   106347  40.496842 -124.330819    17.877      -15.2       14.0       26.6      4.1      3.0      4.7 2022  7  5 16  5  1.480  0.00   4
   106350  40.496464 -124.330697    17.862       -4.8      -28.0       11.7      5.5      3.7      5.7 2022  7  7  6 54 26.120  0.00   4
   106351  40.496704 -124.331144    17.846      -42.8       -1.4       -4.3      3.3      2.8      3.8 2022  7  7  2 44 46.460  0.00   4
   106352  40.496769 -124.330697    17.863       -4.8        5.9       13.0      5.1      3.7      4.4 2022  7  7  5 56 40.020  0.00   4
   106353  40.496680 -124.330762    17.846      -10.3       -4.1       -3.6      3.3      2.3      3.4 2022  7  7  8  7  0.840  0.00   4
   106354  40.496643 -124.331022    17.854      -32.4       -8.1        3.8      3.4      2.8      3.6 2022  7  8  4 45 11.940  0.00   4
   106355  40.496798 -124.331047    17.875      -34.5        9.0       24.8      4.1      3.0      4.0 2022  7  8 12  5 48.040  0.00   4
   106357  40.496663 -124.331217    17.840      -49.0       -5.9      -10.1      3.8      2.7      3.8 2022  7 13 21 34 45.100  0.00   4
   106359  40.496151 -124.330794    17.925      -13.1      -62.8       75.4      5.4      5.7      8.4 2022  7 15  9 31 39.120  0.00   4
   106360  40.496578 -124.330721    17.893       -6.9      -15.4       42.8      3.1      3.7      5.1 2022  7 16  4 55 30.700  0.00   4
   106361  40.496826 -124.331860    17.839     -103.5       12.2      -10.8      6.2      5.6      5.6 2022  7 19 17  8 48.180  0.00   4
   106362  40.496692 -124.330615    17.854        2.1       -2.7        4.3      2.5      2.5      3.4 2022  7 26  0 28 21.180  0.00   4
   106363  40.496688 -124.330981    17.843      -29.0       -3.2       -6.5      2.8      2.9      3.6 2022  7 26 11 23 40.860  0.00   4
   106364  40.496741 -124.331104    17.868      -39.3        2.7       17.8      4.0      2.9      3.7 2022  7 26 22 15 23.800  0.00   4
   106365  40.496655 -124.330550    17.883        7.6       -6.8       33.2      3.7      3.8      6.0 2022  7 27 23 25  2.520  0.00   4
   106367  40.496781 -124.330843    17.868      -17.2        7.2       17.7      3.0      2.6      4.0 2022  7 28  2  5 12.120  0.00   4
   106368  40.496830 -124.330868    17.868      -19.3       12.7       18.1      3.0      2.8      3.0 2022  7 28  3  6 30.900  0.00   4
   106369  40.496334 -124.330599    17.890        3.4      -42.5       39.6      5.3      5.1      7.4 2022  7 28 15 13 21.480  0.00   4
   106370  40.496501 -124.330884    17.816      -20.7      -23.9      -34.2      3.1      3.0      3.4 2022  7 28  5 32 16.180  0.00   4
   106371  40.496700 -124.330542    17.879        8.3       -1.8       28.6      3.3      3.6      5.7 2022  7 28  3 11 44.020  0.00   4
   106372  40.496639 -124.330729    17.870       -7.6       -8.6       20.4      4.2      3.6      4.7 2022  7 28 20 57 33.500  0.00   4
   106374  40.496720 -124.330762    17.868      -10.3        0.5       17.6      4.1      3.7      4.5 2022  8  1 18  7 54.160  0.00   4
   106376  40.496472 -124.330827    17.844      -15.9      -27.1       -5.8      4.9      3.9      4.5 2022  8  2  1 26 23.900  0.00   4
   106379  40.496497 -124.330843    17.825      -17.2      -24.4      -24.8      5.5      4.5      4.8 2022  8  5 17  2 40.980  0.00   4
   106380  40.496818 -124.330566    17.854        6.2       11.3        4.3      4.9      3.5      4.3 2022  8  5 10 39 30.180  0.00   4
   106381  40.497070 -124.330591    17.862        4.1       39.3       12.2      4.5      4.9      4.6 2022  8 10  5 55 42.060  0.00   4
   106383  40.496810 -124.330754    17.884       -9.7       10.4       33.5      3.5      2.9      4.7 2022  8 12 15 56 26.800  0.00   4
   106384  40.496855 -124.330518    17.871       10.3       15.4       21.1      4.3      3.6      4.1 2022  8 14  9 10  2.820  0.00   4
   106385  40.496826 -124.330892    17.872      -21.4       12.2       21.7      3.0      3.0      3.5 2022  8 14 22 16 32.640  0.00   4
   106386  40.496261 -124.330802    17.847      -13.8      -50.6       -3.2      3.8      3.5      5.1 2022  8 14  9 32 44.820  0.00   4
   106388  40.496948 -124.330770    17.857      -11.0       25.8        7.2      4.3      3.7      4.3 2022  8 16  9 34  2.840  0.00   4
   106390  40.496513 -124.330558    17.887        6.9      -22.6       37.0      4.4      3.9      4.8 2022  8 18  5 34 57.140  0.00   4
   106391  40.496696 -124.330868    17.862      -19.3       -2.3       12.3      3.2      2.7      3.9 2022  8 18  8 52 50.760  0.00   4
   106393  40.496794 -124.330965    17.867      -27.6        8.6       16.8      2.9      2.6      3.4 2022  8 23 13 22  4.400  0.00   4
   106394  40.496676 -124.330859    17.850      -18.6       -4.5        0.4      4.8      3.1      4.3 2022  8 23 13  8 26.400  0.00   4
   106397  40.496391 -124.330827    17.849      -15.9      -36.1       -1.4      4.5      3.2      3.7 2022  8 25  0 29 52.800  0.00   4
   106398  40.496619 -124.330656    17.917       -1.4      -10.8       66.9      5.2      4.0      6.8 2022  8 26 23 43 16.640  0.00   4
   106399  40.496708 -124.330534    17.837        9.0       -0.9      -12.6      2.5      3.0      4.6 2022  8 27  5 35 23.340  0.00   4
   106400  40.496903 -124.330827    17.825      -15.9       20.8      -24.8      3.2      3.5      4.7 2022  8 28 16  4 59.980  0.00   4
   106401  40.496969 -124.330859    17.860      -18.6       28.0        9.8      5.2      4.3      4.7 2022  8 31 11 20 31.620  0.00   4
   106403  40.492533 -124.329159    17.401      125.6     -464.5     -448.5     11.2      6.6      9.2 2022  9  2 16 31  6.800  0.00   4
   106404  40.496753 -124.330412    17.868       19.3        4.1       17.8      3.7      3.6      4.7 2022  9  4  1 44  0.500  0.00   4
   106407  40.496525 -124.330615    17.848        2.1      -21.2       -2.3      3.0      3.1      3.9 2022  9 17 10 45 18.920  0.00   4
   106409  40.496525 -124.330688    17.848       -4.1      -21.2       -1.9      4.0      3.1      3.2 2022  9 24  9 49 45.580  0.00   4
   106410  40.496383 -124.330819    17.880      -15.2      -37.1       30.1      3.9      3.8      4.4 2022 10  1 14 55  0.020  0.00   4
   106411  40.496647 -124.330729    17.817       -7.6       -7.7      -33.0      3.3      3.7      4.3 2022 10  9  8 36 16.240  0.00   4
   106412  40.497156 -124.330632    17.846        0.7       48.8       -4.5      4.3      4.0      4.6 2022 10  9  6 22 55.800  0.00   4
   106415  40.497262 -124.330363    17.800       23.5       60.5      -50.1      4.7      5.4      6.9 2022 10 18 18 18 12.480  0.00   4
   106416  40.496240 -124.330729    17.906       -7.6      -52.9       56.1      5.0      4.4      6.5 2022 10 19 13 22  2.300  0.00   4
   106417  40.497046 -124.330778    17.847      -11.7       36.6       -3.3      5.2      5.0      5.1 2022 10 26  9 12 38.720  0.00   4
   106419  40.496643 -124.330811    17.872      -14.5       -8.1       21.8      2.9      3.2      4.6 2022 11  4 19 32 57.460  0.00   4
   106420  40.496663 -124.330713    17.880       -6.2       -5.9       29.6      3.6      3.6      5.8 2022 11  5  0  2  7.900  0.00   4
   106421  40.496684 -124.330794    17.863      -13.1       -3.6       13.1      3.7      3.6      4.2 2022 11  5  0 40 53.500  0.00   4
   106422  40.496529 -124.330640    17.865        0.0      -20.8       15.0      2.2      2.9      4.1 2022 11  6  8 11 30.960  0.00   4
   106423  40.496847 -124.330868    17.878      -19.3       14.5       27.9      3.4      2.8      4.0 2022 11  7 16 28  2.740  0.00   4
   106429  40.496973 -124.330859    17.819      -18.6       28.5      -31.0      3.7      4.4      6.3 2022 11 19 21 55 30.320  0.00   4
   106431  40.496415 -124.330379    17.905       22.1      -33.4       55.0      4.5      3.6      6.9 2022 11 21 11 18 28.660  0.00   4
   106432  40.496773 -124.330737    17.868       -8.3        6.3       17.6      2.5      2.7      3.2 2022 11 27  5 38 46.220  0.00   4
   106433  40.497026 -124.330672    17.849       -2.8       34.3       -0.8      5.5      4.2      3.8 2022 11 29 21 55 22.940  0.00   4
   110398  40.496924 -124.330859    17.842      -18.6       23.0       -7.9      2.4      2.1      3.1 2023  2 11  3 18 22.440  1.85   4
