   104399  40.355050 -124.278735    23.826     1194.6     -637.1    -3162.8    878.2    934.6    720.1 2021  6 15  4 44 44.800  0.00  26
   104401  40.355416 -124.278434    23.809     1220.1     -596.4    -3179.6    560.4    909.5    441.6 2021  8 29  1 56 52.440  0.00  26
   104403  40.355741 -124.278141    23.808     1245.0     -560.3    -3180.1    737.3    887.5    485.5 2021 12 20 21  4 59.220  0.00  26
   104405  40.354500 -124.278353    23.813     1227.1     -698.1    -3175.2    771.3   1027.5    523.8 2021 12 20 20 53 33.680  0.00  26
   104406  40.354159 -124.278817    23.825     1187.7     -736.0    -3163.9   1028.5    975.2    490.8 2021 12 20 20 26 28.100  0.00  26
   104407  40.354692 -124.279167    23.841     1157.9     -676.8    -3147.6   1007.3   1020.4    614.0 2021 12 20 21 31 11.760  0.00  26
   104410  40.355400 -124.278117    23.802     1247.1     -598.2    -3186.9    560.8    893.3    446.5 2021 12 21  0  8 11.860  0.00  26
   104411  40.355530 -124.278052    23.788     1252.6     -583.8    -3200.2    909.2    846.5    615.8 2021 12 21 19 31 39.840  0.00  26
   104412  40.356254 -124.278670    23.834     1200.1     -503.3    -3154.2   1495.9   1253.7    795.8 2021 12 21 11 59  9.720  0.00  26
   104413  40.354569 -124.278320    23.812     1229.8     -690.4    -3176.3    748.5   1040.5    532.3 2021 12 22  8  8 37.840  0.00  26
   104420  40.355396 -124.278206    23.803     1239.5     -598.7    -3184.9    521.6    896.0    420.7 2022  1 14  0 17 25.780  0.00  26
   104421  40.354590 -124.279899    23.894     1095.7     -688.1    -3094.3   1984.9   1424.6   1403.7 2022  1 14  4 26 58.700  0.00  26
   104423  40.355452 -124.278711    23.803     1196.6     -592.3    -3185.8   1524.4   1413.3    990.0 2022  1 26 22 58 55.500  0.00  26
   104426  40.355457 -124.278076    23.790     1250.5     -591.9    -3198.4    742.5   1163.1    625.8 2022 11 19 20 44  5.320  0.00  26
   107213  40.340283 -124.296639    27.643     -326.3    -2276.8      654.9   1373.1   1648.5   1242.5 2020  3 23  6 34  8.940  0.00  26
   107215  40.342464 -124.294263    27.521     -124.4    -2034.6      532.7   1257.3   1121.9    635.9 2021 12  1  3 23 46.460  0.00  26
   107219  40.341549 -124.296273    27.613     -295.2    -2136.3      624.3   1463.6   1387.6   1249.9 2021 12 24 22 23 25.560  0.00  26
   107222  40.339974 -124.296574    27.661     -320.8    -2311.1      673.0   1401.7   1960.3   1231.2 2022  1  1 10 24 30.560  0.00  26
   107224  40.343115 -124.294572    27.516     -150.7    -1962.3      528.0   1719.7    783.4   1355.7 2022  1 17  7 33 11.240  0.00  26
   107232  40.371916 -124.308024    29.436    -1293.3     1235.8     2447.7    845.2    920.9    723.1 2021  3 11 20  6  4.280  0.00  26
   107235  40.371785 -124.308016    29.427    -1292.6     1221.3     2438.6    648.6    766.5    534.8 2021 11  3  5 58  4.920  0.00  26
   107243  40.371956 -124.308000    29.435    -1291.2     1240.3     2446.7    520.6    647.3    467.7 2021 12 20 23 27 36.080  0.00  26
   107244  40.371956 -124.308016    29.435    -1292.6     1240.3     2446.3    544.4    652.6    463.3 2021 12 20 20 50 16.880  0.00  26
   107245  40.371810 -124.307910    29.431    -1283.6     1224.0     2442.4    498.5    669.9    445.7 2021 12 20 23 41 45.320  0.00  26
   107246  40.371956 -124.308008    29.435    -1291.9     1240.3     2446.6    547.3    653.2    470.8 2021 12 20 20 17 10.900  0.00  26
   107247  40.371806 -124.307910    29.430    -1283.6     1223.6     2442.0    573.7    778.4    499.9 2021 12 20 21 11 30.880  0.00  26
   107254  40.371830 -124.308000    29.429    -1291.2     1226.3     2441.0    809.5    704.7    492.8 2021 12 21 18  1 23.800  0.00  26
   107256  40.371806 -124.307918    29.431    -1284.3     1223.6     2442.5    525.7    751.6    509.8 2021 12 21  7 25 52.440  0.00  26
   107257  40.371965 -124.308097    29.449    -1299.5     1241.2     2460.6    632.6    792.2    615.6 2021 12 21  2 34 43.280  0.00  26
   107258  40.371541 -124.307926    29.409    -1285.0     1194.2     2421.0    737.0   1048.7    578.1 2021 12 21 13  6 14.120  0.00  26
   107260  40.371814 -124.307926    29.430    -1285.0     1224.5     2441.7    552.0    643.3    436.1 2021 12 23 19 15  5.580  0.00  26
   107262  40.371611 -124.308008    29.423    -1291.9     1201.9     2434.8    674.4    768.4    426.3 2021 12 24 12 38 47.180  0.00  26
   107267  40.371790 -124.307902    29.430    -1282.9     1221.7     2441.2    790.8   1146.4    771.4 2021 12 26  2 14 54.480  0.00  26
   107272  40.371818 -124.307926    29.430    -1285.0     1224.9     2441.9    481.2    529.2    378.0 2022  1  2 13 57 49.500  0.00  26
   107274  40.371761 -124.308049    29.433    -1295.3     1218.6     2444.2    605.9    735.9    491.2 2022  1 15 12 26  6.380  0.00  26
   107277  40.371826 -124.307992    29.429    -1290.5     1225.8     2441.1    746.5    651.3    445.3 2022  7  1  1 40 55.500  0.00  26
   107280  40.371830 -124.308000    29.429    -1291.2     1226.3     2441.0    804.3    699.8    488.1 2022  7 16 23 34 14.380  0.00  26
   109841  40.356437 -124.268913    26.532     2028.9     -483.0     -456.3   3834.8   1771.6   1617.0 2021 12 21  1 16 23.360  0.00  26
   109842  40.356559 -124.272176    26.488     1751.7     -469.5     -500.3   2166.6   1676.3   1961.5 2021 12 23  3 36 15.740  0.00  26
   109843  40.356698 -124.270589    26.377     1886.5     -454.1     -611.3   1491.6   1720.2   1344.6 2021 12 31 10  3  5.180  0.00  26
   110338  40.355237 -124.278890    23.833     1181.4     -616.3    -3155.7    844.3    741.4    666.3 2022 12 19 23 29  6.160  1.05  26
   110427  40.342147 -124.295467    27.588     -226.8    -2069.8      599.8   1260.6   1487.4    945.6 2022 12 25  7 31 55.070  0.83  26
   110428  40.371810 -124.307926    29.430    -1285.0     1224.0     2441.5    587.1    676.2    469.4 2023  4 29  3  1 22.660  0.62  26
   110713  40.357296 -124.270044    26.323     1932.8     -387.7     -665.5   1514.5   1431.1   1052.6 2022 12 12  1  4 54.750  2.37  26
