   102177  40.304244 -124.478320    26.886     1321.6     1898.6     5766.8    220.0    497.0    241.1 2020  4  1 11 46 58.040  0.00   2
   102179  40.286023 -124.491243    25.512      222.8     -124.7     4393.0    245.6    612.1    347.1 2022  4 28 10 58 15.600  0.00   2
   102611  40.294377 -124.552108    23.255    -4952.5      802.9     2136.3    180.1    344.1    222.4 2020  1 28  5 11 32.240  0.00   2
   102614  40.294287 -124.552051    23.267    -4947.7      793.0     2148.4    161.5    284.0    231.1 2020  2 19  4 37 44.400  0.00   2
   102615  40.293717 -124.552197    23.123    -4960.1      729.7     2004.5    154.6    315.8    184.2 2020  3  2 21 56 10.200  0.00   2
   102616  40.294393 -124.552043    23.173    -4947.0      804.7     2054.0    178.8    328.5    212.0 2020  3 12 13 19 53.560  0.00   2
   102617  40.282328 -124.553556    23.025    -5076.1     -535.0     1905.7    167.4    427.5    249.6 2020  3 19  2  9 47.580  0.00   2
   102618  40.294450 -124.552051    23.158    -4947.7      811.0     2039.6    153.9    295.6    199.5 2020  3 24  8  3 36.860  0.00   2
   102619  40.295870 -124.551733    23.183    -4920.6      968.7     2064.2    190.6    192.5    200.1 2020  5  3 14  1 39.440  0.00   2
   102620  40.293835 -124.552262    23.138    -4965.7      742.8     2019.0    153.8    345.3    215.5 2020  5  8  2 59 28.200  0.00   2
   102621  40.294080 -124.552051    23.172    -4947.7      769.9     2052.7    163.1    300.4    207.5 2020  5 20  5 59 56.040  0.00   2
   102622  40.294039 -124.552035    23.148    -4946.3      765.4     2028.7    162.8    273.3    205.1 2020  5 25 11 34 11.100  0.00   2
   102623  40.293677 -124.551880    23.201    -4933.2      725.2     2081.9    162.3    297.6    203.9 2020  6 17  9 38  2.760  0.00   2
   102626  40.293746 -124.552010    23.150    -4944.2      732.9     2030.9    153.1    267.3    198.5 2020  7 30 14 15 55.420  0.00   2
   102627  40.294141 -124.551082    23.088    -4865.3      776.7     1969.4    158.5    286.8    188.5 2020  8  6  9 43  0.900  0.00   2
   102628  40.293579 -124.551750    23.167    -4922.1      714.3     2047.8    156.9    263.8    193.2 2020  8 12  9 16 12.860  0.00   2
   102629  40.293864 -124.552010    23.239    -4944.2      746.0     2120.3    165.9    315.2    230.4 2020  8 30 19 11 39.340  0.00   2
   102630  40.293880 -124.551326    23.120    -4886.1      747.8     2001.5    166.7    322.7    240.7 2020  9  4 12  2 45.620  0.00   2
   102631  40.294706 -124.552067    23.118    -4949.0      839.5     1999.4    167.1    282.8    201.2 2020  9 14  2 37 30.160  0.00   2
   102632  40.294014 -124.552262    23.103    -4965.7      762.7     1983.9    153.7    304.6    200.3 2020 10 22  1 28 26.760  0.00   2
   102633  40.293860 -124.552165    23.171    -4957.4      745.5     2052.5    165.9    312.7    213.8 2020 10 29  4 23 31.560  0.00   2
   102636  40.293892 -124.552091    23.147    -4951.1      749.1     2028.1    152.8    278.8    195.0 2020 11 12  0 59 20.320  0.00   2
   102637  40.294572 -124.551880    23.154    -4933.1      824.6     2035.2    159.3    299.4    197.8 2020 11 22  4 28 11.800  0.00   2
   102638  40.293917 -124.551994    23.242    -4942.8      751.8     2122.9    162.9    345.8    216.6 2020 11 24  4 43  2.220  0.00   2
   102640  40.290243 -124.552205    23.337    -4961.0      343.8     2217.9    198.4    319.5    221.3 2020 12 20 20 43  7.720  0.00   2
   102643  40.293673 -124.552173    23.192    -4958.1      724.7     2073.4    170.4    349.9    276.0 2021  4  2  8 21 40.740  0.00   2
   102644  40.293750 -124.551978    23.186    -4941.5      733.3     2067.0    183.0    436.5    310.2 2021  4  2 10  4 11.960  0.00   2
   102645  40.293099 -124.552775    23.212    -5009.3      661.0     2092.7    193.4    360.3    285.0 2021  4  2  8 33 31.360  0.00   2
   102646  40.293001 -124.551790    23.097    -4925.6      650.2     1978.3    156.1    298.1    210.2 2021  4  3  8 46 31.580  0.00   2
   102648  40.294682 -124.552059    23.139    -4948.3      836.8     2020.4    157.7    322.7    209.0 2021  4  4 22 47 31.720  0.00   2
   102649  40.294002 -124.551961    23.161    -4940.1      761.3     2041.8    152.6    299.8    189.2 2021  4  6 18 44  3.960  0.00   2
   102650  40.293656 -124.551872    23.146    -4932.5      722.9     2027.5    160.7    319.6    240.2 2021  4 16  7 34 37.420  0.00   2
   102652  40.293978 -124.551880    23.228    -4933.1      758.6     2109.1    173.0    334.5    244.1 2021  4 24 10 54 59.700  0.00   2
   102653  40.293250 -124.552930    23.199    -5022.4      677.7     2080.4    167.5    333.6    219.7 2021  5 11 10 53 45.640  0.00   2
   102654  40.293998 -124.551904    23.173    -4935.2      760.9     2054.6    154.7    262.7    185.8 2021  5 18  7  9  4.920  0.00   2
   102655  40.293424 -124.552393    23.068    -4976.8      697.2     1949.3    158.6    306.5    190.1 2021  6  5 23 47 43.440  0.00   2
   102656  40.293640 -124.552091    23.070    -4951.2      721.1     1951.5    173.3    345.0    259.2 2021  7 10 10 32  6.000  0.00   2
   102657  40.293591 -124.551408    23.077    -4893.0      715.7     1958.0    149.9    299.8    207.3 2021  7 10 10 35 55.320  0.00   2
   102658  40.294096 -124.552002    23.154    -4943.5      771.7     2035.5    156.5    299.8    190.3 2021  7 10 10 44 51.580  0.00   2
   102659  40.294674 -124.552197    23.114    -4960.1      835.9     1994.8    153.2    301.7    207.7 2021  7 10 11 32 17.980  0.00   2
   102660  40.295133 -124.552148    23.092    -4955.9      886.9     1973.2    160.6    305.2    199.7 2021  7 10 12 22  8.220  0.00   2
   102661  40.294120 -124.552059    23.156    -4948.4      774.4     2037.5    166.0    321.4    191.4 2021  7 11  0 11 56.640  0.00   2
   102662  40.294609 -124.551204    23.230    -4875.7      828.6     2111.6    189.1    390.8    279.8 2021  8 14  7 32 23.840  0.00   2
   102663  40.294063 -124.552222    23.154    -4962.2      768.1     2034.8    156.9    258.1    190.6 2021  8 17  5  4 32.220  0.00   2
   102664  40.293384 -124.552612    23.158    -4995.4      692.6     2039.3    155.0    350.1    236.1 2021 10 17 20 33  5.600  0.00   2
   102665  40.294067 -124.551383    23.110    -4890.9      768.6     1991.5    152.6    313.0    199.2 2021 11  4  7 34 53.420  0.00   2
   102666  40.294295 -124.550960    23.104    -4854.9      793.9     1985.1    160.9    283.8    178.4 2021 11 17  7 26 36.100  0.00   2
   102667  40.294344 -124.551139    23.101    -4870.2      799.3     1982.5    148.0    294.7    188.9 2021 12  3 14  3  8.220  0.00   2
   102669  40.294613 -124.551009    23.163    -4859.1      829.1     2044.4    153.8    286.5    195.6 2021 12 20 23 12 47.680  0.00   2
   102670  40.293722 -124.552189    23.168    -4959.5      730.1     2049.4    155.3    345.5    230.3 2021 12 21 19 14 52.560  0.00   2
   102671  40.293709 -124.552018    23.154    -4944.9      728.8     2035.4    154.3    346.0    205.1 2021 12 21  0  6 44.760  0.00   2
   102673  40.294157 -124.551921    23.170    -4936.6      778.5     2050.9    158.5    307.2    216.3 2021 12 26  0 58 31.020  0.00   2
   102674  40.294670 -124.552677    23.101    -5000.9      835.4     1982.3    154.5    376.7    214.8 2021 12 27 21 23 56.940  0.00   2
   102675  40.294198 -124.552222    23.152    -4962.2      783.0     2033.5    169.9    319.1    208.0 2021 12 28 23 42 32.980  0.00   2
   102677  40.293469 -124.551839    23.043    -4929.7      702.1     1924.5    156.5    339.3    247.9 2021 12 30 21 50 15.320  0.00   2
   102678  40.294071 -124.551880    23.159    -4933.1      769.0     2039.9    165.4    292.9    210.2 2021 12 31 23 44 46.660  0.00   2
   102679  40.294076 -124.552018    23.168    -4944.9      769.5     2048.7    158.1    261.0    187.2 2022  1  6 21 51 26.240  0.00   2
   102684  40.292769 -124.551864    23.074    -4931.8      624.4     1954.8    152.4    331.5    224.2 2022  2 12 18 43 42.940  0.00   2
   102685  40.293807 -124.552010    23.192    -4944.2      739.6     2072.7    191.9    553.0    390.1 2022  3  2 23 19 59.800  0.00   2
   102686  40.293083 -124.551961    23.285    -4940.1      659.2     2166.5    192.8    311.4    240.7 2022  3  2 16  8  3.180  0.00   2
   102687  40.294474 -124.551912    23.164    -4935.9      813.7     2045.6    161.4    303.6    220.1 2022  3  9 13 42 16.640  0.00   2
   102691  40.293665 -124.551481    23.067    -4899.3      723.8     1948.1    164.0    382.4    260.0 2022  5 18 18  7 36.080  0.00   2
   102692  40.293184 -124.551815    23.014    -4927.6      670.5     1895.5    172.7    442.9    348.6 2022  5 21 20  6 56.040  0.00   2
   102693  40.294141 -124.552132    23.170    -4954.6      776.7     2051.3    173.2    350.7    242.6 2022  6 20  7 39 31.020  0.00   2
   102694  40.294600 -124.551937    23.136    -4938.0      827.7     2016.7    161.9    324.6    253.8 2022  6 27  7 43 34.160  0.00   2
   102695  40.291630 -124.552262    23.083    -4965.8      497.9     1963.8    162.4    309.1    191.9 2022  7 18  1 42 42.840  0.00   2
   102696  40.294576 -124.551880    23.185    -4933.1      825.0     2066.2    228.9    456.4    449.2 2022  7 28  7 20 33.000  0.00   2
   102697  40.294316 -124.551693    23.113    -4917.2      796.1     1994.2    155.4    275.3    183.6 2022  8  2  3 23 52.420  0.00   2
   102698  40.294096 -124.551912    23.153    -4935.9      771.7     2033.7    177.5    341.0    225.8 2022  8 16 18 15 25.220  0.00   2
   102699  40.294055 -124.551994    23.161    -4942.8      767.2     2042.6    158.0    318.4    209.1 2022  9 16  6  1  5.000  0.00   2
   102700  40.294108 -124.551880    23.169    -4933.1      773.1     2050.4    166.2    292.0    215.9 2022  9 19  4 54 39.760  0.00   2
   102702  40.294507 -124.552181    23.164    -4958.7      817.4     2044.8    166.4    296.6    221.3 2022 10  5  5 11 18.160  0.00   2
   102705  40.293962 -124.552181    23.134    -4958.8      756.8     2015.0    165.3    282.0    228.3 2022 11  1  9 40 50.800  0.00   2
   102706  40.294303 -124.551888    23.171    -4933.8      794.8     2052.0    158.7    286.8    211.6 2022 11 27 18  0 57.680  0.00   2
   103181  40.285274 -124.469368    20.548     2083.0     -207.8     -570.8    137.9    252.7    198.3 2020  1 11  1 31 54.420  0.00   2
   103185  40.282894 -124.469800    20.447     2046.4     -472.2     -672.0    141.2    203.8    204.9 2020  3 20  0 26 38.040  0.00   2
   103189  40.291252 -124.468424    20.592     2163.2      455.9     -526.9    153.0    374.4    285.6 2020  5 27  2 48 16.160  0.00   2
   103193  40.283167 -124.469661    20.508     2058.1     -441.9     -610.5    138.8    229.8    169.0 2020  7 17 21 44  7.800  0.00   2
   103194  40.282365 -124.469727    20.495     2052.6     -530.9     -624.0    143.3    215.4    212.0 2020  8 11  2 18 34.020  0.00   2
   103195  40.282471 -124.470003    20.456     2029.1     -519.1     -662.4    145.9    210.1    216.1 2020  9  3 21 10 12.920  0.00   2
   103196  40.282613 -124.469857    20.517     2041.5     -503.3     -601.9    154.7    204.4    224.2 2020  9 30 18 18  5.760  0.00   2
   103197  40.282532 -124.469963    20.463     2032.5     -512.4     -656.2    136.4    198.9    189.1 2020 10 13 14 33 43.200  0.00   2
   103199  40.283655 -124.469906    20.458     2037.4     -387.7     -660.7    134.7    241.3    193.4 2020 11 26  8 19 30.520  0.00   2
   103201  40.282821 -124.469507    20.837     2071.3     -480.3     -282.2    146.6    202.6    299.4 2020 12 24  9 22 40.660  0.00   2
   103203  40.291610 -124.468392    20.596     2165.9      495.7     -522.6    158.7    359.9    282.5 2021  2 24 19 37  0.500  0.00   2
   103204  40.282959 -124.469784    20.494     2047.7     -464.9     -625.3    136.7    222.9    189.4 2021  3 22 10 31  8.140  0.00   2
   103206  40.282857 -124.470361    20.367     1998.6     -476.2     -751.4    158.6    230.6    291.1 2021  4 24  6 17 31.180  0.00   2
   103207  40.282865 -124.470280    20.591     2005.5     -475.3     -527.7    153.0    236.7    203.7 2021  5  2  8  9 31.120  0.00   2
   103210  40.282410 -124.470711    20.287     1968.9     -525.9     -831.4    168.9    264.4    277.3 2021  8  5 10 16 23.100  0.00   2
   103211  40.282544 -124.470052    20.393     2024.9     -511.0     -726.1    144.5    214.1    205.5 2021  9  5 23  3 58.160  0.00   2
   103213  40.285954 -124.469312    20.525     2087.8     -132.4     -593.6    135.4    233.9    196.8 2021 10  6  9  9 39.160  0.00   2
   103214  40.294682 -124.475228    21.283     1584.6      836.8      164.5    254.2    249.1    204.2 2021 10 12 11 29  9.760  0.00   2
   103216  40.282922 -124.469906    20.447     2037.4     -469.0     -671.5    142.2    206.9    178.3 2021 11  1 12 14 16.760  0.00   2
   103218  40.283866 -124.470280    20.571     2005.5     -364.2     -547.6    152.9    213.9    188.8 2021 12 20 23 42 18.160  0.00   2
   103219  40.285795 -124.469002    20.585     2114.1     -150.0     -533.8    142.1    244.8    214.8 2021 12 21 19 53 20.860  0.00   2
   103220  40.286092 -124.469157    20.598     2101.0     -117.0     -520.7    139.9    223.2    215.6 2021 12 21  3 25  2.140  0.00   2
   103221  40.283439 -124.470369    20.416     1997.9     -411.6     -703.2    142.4    213.0    221.8 2021 12 22 23 56  7.680  0.00   2
   103222  40.282987 -124.469938    20.472     2034.6     -461.8     -647.2    135.3    201.1    182.9 2021 12 22 22 10  3.600  0.00   2
   103225  40.285278 -124.469409    20.540     2079.5     -207.4     -579.3    139.0    204.4    194.5 2021 12 22 13 50  2.900  0.00   2
   103227  40.284408 -124.469987    20.516     2030.4     -304.1     -602.4    142.4    251.5    185.5 2021 12 22  6 22 18.920  0.00   2
   103229  40.282377 -124.469710    20.381     2054.0     -529.5     -737.7    145.7    241.6    203.7 2021 12 23 10 36 56.360  0.00   2
   103232  40.282454 -124.470028    20.393     2027.0     -521.0     -725.9    144.4    205.6    213.2 2021 12 25  4 27 30.000  0.00   2
   103233  40.282711 -124.469963    20.421     2032.5     -492.5     -698.0    163.4    256.5    252.3 2021 12 25 13  7 17.660  0.00   2
   103235  40.282463 -124.469971    20.420     2031.8     -520.0     -699.2    133.3    208.3    191.0 2021 12 26 18 24 14.980  0.00   2
   103237  40.281832 -124.470557    20.363     1982.0     -590.1     -755.7    144.8    217.0    223.2 2021 12 27  3 19 14.140  0.00   2
   103238  40.283105 -124.470052    20.377     2024.9     -448.7     -742.3    148.4    238.2    223.2 2021 12 28 10 25 14.240  0.00   2
   103239  40.282133 -124.470736    20.242     1966.8     -556.6     -876.6    170.5    284.9    277.1 2021 12 29  5 39  1.000  0.00   2
   103241  40.283105 -124.469840    20.362     2042.9     -448.7     -756.7    142.0    220.7    224.2 2021 12 31 10 16 23.220  0.00   2
   103242  40.282650 -124.469865    20.454     2040.8     -499.3     -665.0    141.9    222.6    212.1 2022  1  6 15  3 53.600  0.00   2
   103246  40.283203 -124.469051    20.627     2110.0     -437.8     -491.4    146.9    208.5    181.1 2022  1  9 14 28 34.400  0.00   2
   103250  40.282796 -124.470369    20.375     1997.9     -483.0     -744.1    133.0    211.1    205.1 2022  1 12  6 38 12.400  0.00   2
   103252  40.282418 -124.470524    20.322     1984.8     -525.0     -796.6    138.3    221.6    206.0 2022  1 15 11  2 22.680  0.00   2
   103253  40.282841 -124.469938    20.356     2034.6     -478.0     -763.1    157.7    213.9    242.1 2022  1 15 11  7 24.280  0.00   2
   103254  40.283289 -124.469881    20.470     2039.4     -428.3     -649.0    143.9    230.4    177.3 2022  1 15 23 42 27.860  0.00   2
   103255  40.282564 -124.470158    20.414     2015.9     -508.8     -705.2    157.5    203.6    207.2 2022  1 20 23 35 26.640  0.00   2
   103256  40.283720 -124.469653    20.478     2058.8     -380.4     -641.2    141.0    225.4    176.5 2022  1 20  3 44 25.400  0.00   2
   103257  40.282853 -124.470142    20.457     2017.3     -476.7     -662.0    160.9    205.0    228.0 2022  1 21  4 17 37.100  0.00   2
   103258  40.285921 -124.469295    20.497     2089.2     -136.0     -621.9    142.1    280.9    193.1 2022  1 21  4 17  1.760  0.00   2
   103261  40.282646 -124.469865    20.444     2040.8     -499.7     -675.4    135.8    200.2    181.9 2022  1 30  5 20 41.160  0.00   2
   103262  40.282768 -124.469621    20.487     2061.6     -486.2     -631.8    141.0    200.5    220.6 2022  1 30 18 14 11.380  0.00   2
   103263  40.282926 -124.469873    20.398     2040.1     -468.5     -720.4    139.8    199.9    200.1 2022  2  6 18 14 29.480  0.00   2
   103264  40.285144 -124.469417    20.512     2078.9     -222.3     -606.8    148.1    258.4    198.4 2022  2 15  3  8 21.340  0.00   2
   103265  40.282690 -124.470353    20.414     1999.3     -494.7     -704.8    142.9    207.7    217.3 2022  2 24 22 57  5.460  0.00   2
   103266  40.282711 -124.470361    20.384     1998.6     -492.5     -734.5    137.0    199.6    183.9 2022  2 24  2  6 53.360  0.00   2
   103267  40.283622 -124.470418    20.299     1993.8     -391.3     -819.4    179.3    248.4    297.2 2022  2 24 18  1 21.640  0.00   2
   103269  40.282674 -124.469906    20.427     2037.4     -496.6     -691.5    136.4    211.9    194.5 2022  3 29 10 35 52.340  0.00   2
   103270  40.283879 -124.469987    20.398     2030.4     -362.8     -721.0    144.8    244.7    184.3 2022  3 29 19 58  7.480  0.00   2
   103271  40.282694 -124.470728    20.314     1967.5     -494.3     -804.9    188.2    256.2    320.2 2022  3 31 14 40 40.040  0.00   2
   103272  40.282804 -124.469800    20.429     2046.4     -482.1     -690.3    137.8    212.2    185.8 2022  4  3 21  3 27.520  0.00   2
   103273  40.281962 -124.470329    20.380     2001.4     -575.6     -739.4    140.4    202.6    200.6 2022  4 10 13  3 18.560  0.00   2
   103274  40.286051 -124.469767    20.572     2049.1     -121.5     -547.1    137.5    237.5    193.8 2022  4 10 20 53 45.920  0.00   2
   103277  40.283081 -124.469873    20.465     2040.1     -451.4     -653.9    142.6    203.9    205.9 2022  4 19 18 43 36.400  0.00   2
   103279  40.283264 -124.469979    20.355     2031.1     -431.0     -764.3    142.1    243.2    199.6 2022  5 12 18 20 44.500  0.00   2
   103281  40.283061 -124.470549    20.424     1982.7     -453.6     -695.1    161.1    261.6    230.0 2022  6  9 20  8 46.080  0.00   2
   103283  40.282694 -124.469686    20.422     2056.1     -494.3     -696.4    166.8    275.4    251.3 2022  6 12  6 17 47.260  0.00   2
   103284  40.282939 -124.469759    20.477     2049.8     -467.2     -641.5    146.8    201.7    201.7 2022  6 20  3  5 25.720  0.00   2
   103285  40.282764 -124.470207    20.469     2011.8     -486.6     -649.5    147.1    201.8    201.7 2022  7  4  4 24 56.900  0.00   2
   103286  40.282666 -124.469971    20.420     2031.8     -497.5     -699.0    135.8    199.7    199.8 2022  8 12  8 24  9.100  0.00   2
   103288  40.282300 -124.470182    20.409     2013.8     -538.1     -709.4    146.9    202.8    247.4 2022  8 16  4  0 36.260  0.00   2
   103291  40.283024 -124.469792    20.449     2047.1     -457.7     -669.8    136.7    227.9    202.9 2022  9  6 14 16 14.840  0.00   2
   103292  40.282572 -124.469979    20.453     2031.1     -507.9     -665.9    143.9    226.6    218.3 2022  9  8 13 25 43.220  0.00   2
   103293  40.282275 -124.470280    20.385     2005.5     -540.8     -734.3    139.4    206.8    195.9 2022  9 12  9 10 21.960  0.00   2
   103294  40.284367 -124.469946    20.425     2033.9     -308.6     -693.8    139.1    227.7    199.0 2022  9 13 19 13 50.120  0.00   2
   103295  40.282751 -124.469889    20.422     2038.8     -488.0     -697.1    153.8    237.8    235.6 2022 10  9 14 38 43.840  0.00   2
   103297  40.282194 -124.470426    20.330     1993.1     -549.9     -789.2    171.0    256.3    301.6 2022 11 10  3 49 21.340  0.00   2
   104536  40.274434 -124.515877    21.464    -1872.1    -1411.5      345.5    165.7    246.6    216.2 2020  1 23  2 46 22.320  0.00   2
   104538  40.274451 -124.516357    21.456    -1912.9    -1409.7      336.8    173.1    234.7    255.5 2020  1 24 12 58 18.420  0.00   2
   104539  40.275350 -124.516374    21.465    -1914.3    -1309.8      345.7    184.5    281.2    263.0 2020  3 15  0 55 54.180  0.00   2
   104540  40.276786 -124.518107    21.644    -2061.7    -1150.3      525.1    182.7    469.0    229.6 2020  3 19 13  2 23.120  0.00   2
   104541  40.274516 -124.516463    21.453    -1921.9    -1402.5      333.9    165.0    268.6    266.0 2020  4  4 12 55 14.960  0.00   2
   104542  40.286898 -124.520296    22.628    -2247.7      -27.6     1509.4    193.0    391.4    253.9 2020  8  9  3 24  1.340  0.00   2
   104543  40.274019 -124.513224    21.513    -1646.5    -1457.6      394.1    177.3    429.4    330.6 2020  8  9  0  0 42.000  0.00   2
   104544  40.276029 -124.522428    21.930    -2429.2    -1234.4      811.4    320.7    666.3    631.3 2020  9  6 19 15 19.420  0.00   2
   104545  40.277502 -124.512793    21.839    -1609.7    -1070.8      720.6    172.1    350.8    293.6 2020 11 20 23  5 37.000  0.00   2
   104546  40.274898 -124.515365    21.473    -1828.5    -1360.0      353.6    192.4    348.6    343.6 2020 12  8 19 50 59.440  0.00   2
   104547  40.274011 -124.515389    21.438    -1830.6    -1458.5      319.3    193.0    320.0    260.2 2021  1 13 20 27 55.860  0.00   2
   104548  40.274292 -124.515495    21.443    -1839.6    -1427.3      323.8    177.1    295.7    274.5 2021  1 23 18  7 58.980  0.00   2
   104549  40.273816 -124.515430    21.377    -1834.0    -1480.2      257.7    167.1    240.3    277.2 2021  2  4  8  4  6.380  0.00   2
   104550  40.274109 -124.516121    21.415    -1892.8    -1447.6      295.6    199.3    358.1    400.5 2021  2  8 10 42 43.860  0.00   2
   104552  40.281238 -124.515926    21.015    -1876.1     -656.0     -103.8    164.1    256.7    238.3 2021  4 28  9 56 53.160  0.00   2
   104555  40.275944 -124.515812    21.448    -1866.5    -1243.9      329.6    180.0    306.2    283.6 2021  8 13  3  3 14.280  0.00   2
   104557  40.274093 -124.516016    21.458    -1883.9    -1449.5      339.1    165.6    301.0    258.4 2021 10 13  0 11 57.860  0.00   2
   104558  40.279224 -124.513387    21.223    -1660.2     -879.7      104.1    124.9    297.1    218.8 2021 10 15 23 36  0.100  0.00   2
   104561  40.275008 -124.515088    21.405    -1804.9    -1347.8      286.1    173.8    255.7    252.8 2021 12 21  4 11 42.460  0.00   2
   104562  40.280636 -124.514022    21.245    -1714.2     -722.9      126.6    173.0    398.3    304.9 2021 12 21  5 27 13.340  0.00   2
   104563  40.274573 -124.515145    21.477    -1809.8    -1396.1      357.9    171.9    320.7    249.9 2021 12 21  9 54 44.140  0.00   2
   104565  40.275745 -124.515120    21.501    -1807.7    -1266.0      381.9    177.4    372.2    276.3 2021 12 21 14 32 11.280  0.00   2
   104566  40.275203 -124.515186    21.420    -1813.2    -1326.1      301.1    311.8    681.1    477.2 2021 12 21  7 49 38.600  0.00   2
   104567  40.285628 -124.515975    21.602    -1880.2     -168.5      483.2    173.6    521.8    294.0 2021 12 21  0 33 29.320  0.00   2
   104568  40.273263 -124.516024    21.503    -1884.6    -1541.6      383.8    198.0    394.0    255.1 2021 12 21  1 47 47.320  0.00   2
   104570  40.281396 -124.514079    21.202    -1719.0     -638.4       83.3    148.9    290.9    264.6 2021 12 30 17  2 59.560  0.00   2
   104571  40.275741 -124.514364    21.443    -1743.3    -1266.5      324.3    176.2    362.7    282.3 2022  5  5 19 58 40.140  0.00   2
   104572  40.276188 -124.515942    21.417    -1877.6    -1216.8      297.9    175.0    316.9    257.4 2022  8  5 21  2 56.680  0.00   2
   104573  40.273979 -124.516105    21.461    -1891.5    -1462.1      342.6    170.7    309.3    311.7 2022  8 29  3 47 27.200  0.00   2
   105449  40.291248 -124.436930    21.062     4841.2      455.4      -56.6    184.1    172.4    219.2 2021  3 17 15 57 54.480  0.00   2
   105451  40.303499 -124.436190    21.376     4903.7     1815.9      257.1    175.8    267.8    220.0 2021  5 17  6 50 19.300  0.00   2
   105452  40.292993 -124.437199    21.299     4818.3      649.3      179.9    146.3    255.2    215.4 2021  7  2 13 42 25.360  0.00   2
   105453  40.297620 -124.435661    21.540     4948.9     1163.0      421.2    160.0    294.3    230.0 2021 12  8  7 47 53.400  0.00   2
   105454  40.296822 -124.435124    21.427     4994.6     1074.4      308.3    154.1    262.2    211.3 2021 12 29  6  3 35.020  0.00   2
   105457  40.293180 -124.435856    21.225     4932.5      670.1      105.7    143.1    234.8    220.1 2022  1 23 11 56  1.960  0.00   2
   105458  40.290649 -124.437500    21.161     4792.8      389.0       41.9    178.4    235.5    215.9 2022  3  9  3 33  6.440  0.00   2
   106476  40.291728 -124.407674    19.108     7328.9      508.8    -2010.7    209.4    279.0    269.3 2020  7 19 19 36 15.700  0.00   2
   106480  40.285604 -124.406502    19.304     7428.9     -171.2    -1815.2    247.2    291.0    252.7 2021 12 23 18  0 27.860  0.00   2
   106481  40.282182 -124.407869    19.052     7312.8     -551.2    -2066.5    229.6    304.4    226.7 2021 12 25 23 44  7.480  0.00   2
   106485  40.287052 -124.406950    19.260     7390.8      -10.4    -1859.3    212.2    253.6    254.1 2022  9 22 22 11 56.160  0.00   2
   106486  40.289945 -124.406974    19.254     7388.5      310.9    -1865.3    252.6    396.9    234.0 2022 10 11  2 56 24.700  0.00   2
   106878  40.282271 -124.507357    20.183    -1147.4     -541.3     -935.5    330.7    386.8    467.7 2020  2 26 13  0  8.000  0.00   2
   106879  40.303389 -124.504793    20.768     -929.3     1803.7     -351.3    235.6    465.4    239.6 2020  4 14 23 52 17.340  0.00   2
   106880  40.280310 -124.507243    19.674    -1137.7     -759.1    -1445.2    226.9    344.1    388.3 2020  4 17 10 28 54.000  0.00   2
   106881  40.299447 -124.499715    20.349     -497.5     1365.9     -770.0    158.4    237.1    189.4 2020  4 18 16 38 46.580  0.00   2
   106883  40.272965 -124.506608    20.341    -1083.8    -1574.6     -777.6    220.2    423.0    299.3 2021 10 23  3 13 39.120  0.00   2
   106884  40.283317 -124.509847    19.576    -1359.2     -425.2    -1542.9    280.7    297.7    301.9 2021 11 22 21 22  8.420  0.00   2
   106885  40.315641 -124.507853    20.562    -1189.3     3164.1     -556.6    276.8    606.0    348.0 2021 11 23  2  3 16.160  0.00   2
   106886  40.277413 -124.506413    19.606    -1067.2    -1080.8    -1512.9    235.9    313.6    361.8 2021 12 21  9  4 49.080  0.00   2
   106889  40.282186 -124.504500    20.663     -904.5     -550.8     -456.2    237.7    290.7    568.9 2022  2  8 11  1 45.260  0.00   2
   106892  40.298336 -124.507210    19.750    -1134.8     1242.5    -1368.8    262.0    557.5    454.9 2022  8  6 16 32 20.620  0.00   2
   107666  40.298783 -124.439974    19.216     4582.2     1292.2    -1903.0    239.0    391.5    257.4 2021  5 17  9 39 49.060  0.00   2
   107667  40.303996 -124.439551    19.123     4618.0     1871.0    -1995.8    311.8    640.5    390.4 2021  5 19 23 39 44.980  0.00   2
   107671  40.312272 -124.437728    19.813     4772.7     2790.0    -1306.3    437.9    854.9    453.6 2021 11 28 16 37 45.460  0.00   2
   107935  40.296118 -124.376652    20.085     9966.5      996.3    -1033.8    272.4    428.1    299.0 2021  3 29  4  0 27.680  0.00   2
   107939  40.295890 -124.375545    20.208    10060.6      971.0     -910.9    280.2    491.4    276.8 2021  9 18  8 35 54.260  0.00   2
   107941  40.290442 -124.376497    19.978     9980.0      366.0    -1140.5    255.8    305.5    281.2 2021 12 20 21 56 11.700  0.00   2
   107943  40.291243 -124.376253    19.997    10000.7      455.0    -1121.4    227.5    294.3    265.0 2021 12 21  0 26 54.420  0.00   2
   107951  40.293152 -124.375146    20.135    10094.7      666.9     -984.3    211.4    231.4    242.7 2022  1  3 23 35 36.380  0.00   2
   107952  40.290999 -124.375838    20.043    10036.0      427.9    -1076.0    223.8    309.5    252.3 2022  1 25  7 55 31.740  0.00   2
   107954  40.290263 -124.374186    20.174    10176.6      346.1     -945.0    214.7    295.0    246.3 2022  2  4 17 40 38.160  0.00   2
   107961  40.286112 -124.373494    20.181    10235.7     -114.8     -937.4    270.9    463.0    258.6 2022 10 29  4 15 37.520  0.00   2
   108411  40.329887 -124.467993    20.546     2199.2     4746.0     -573.3    183.1    380.1    239.7 2021  9  6  2 58 10.280  0.00   2
   108899  40.301599 -124.448120    19.072     3889.4     1604.9    -2047.0    301.7    565.4    387.9 2021 10 16 11  8 25.980  0.00   2
   109574  40.284269 -124.380347    19.052     9653.2     -319.4    -2067.3    274.9    462.6    303.2 2021 12 21 22  0 51.880  0.00   2
   109576  40.284359 -124.380526    19.017     9637.9     -309.5    -2101.8    261.1    407.8    282.5 2021 12 26 21 14 32.380  0.00   2
   109582  40.276676 -124.377799    19.023     9870.3    -1162.5    -2095.6    317.8    521.2    318.8 2022 11 22 14 25 33.480  0.00   2
   110137  40.239095 -124.449487    19.168     3774.9    -5335.6    -1951.0    218.9    480.0    418.3 2021 12 20 23 20 49.260  0.00   2
   110139  40.230383 -124.453076    18.166     3469.8    -6302.9    -2952.9    275.6    503.9    402.6 2021 12 21 15  1  2.380  0.00   2
   110141  40.249906 -124.453556    18.499     3428.5    -4135.1    -2619.7    373.3    556.4    423.0 2021 12 21  4 59 28.660  0.00   2
   110142  40.274121 -124.441317    21.855     4468.8    -1446.3      735.9    297.6    469.3    618.5 2021 12 22 19 22  7.720  0.00   2
   110143  40.277246 -124.441235    21.693     4475.6    -1099.3      574.5    305.9    469.4    587.6 2021 12 23 20 38  9.420  0.00   2
   110147  40.296887 -124.446598    22.870     4019.0     1081.7     1751.2    392.6    449.2    613.2 2022  1  5 17 45 31.500  0.00   2
   110148  40.307170 -124.431893    22.596     5268.9     2223.4     1477.3    444.9    629.6    433.5 2022  5  3  8 37 19.960  0.00   2
   110300  40.293831 -124.481543    25.851     1047.7      742.3     4732.5    310.5    327.4    401.8 2023  3  9 12 50 51.480  1.40   2
   110304  40.294263 -124.551383    23.115    -4890.9      790.2     1995.7    155.9    267.9    180.1 2022 12 25 19 40 29.680  3.05   2
   110318  40.282633 -124.469824    20.398     2044.3     -501.1     -721.4    146.2    205.4    212.0 2023  2 20 13 18  3.960  1.48   2
   110345  40.274601 -124.516162    21.467    -1896.3    -1393.0      348.6    174.7    257.0    234.3 2023  5 22  8 39 15.920  1.61   2
   110372  40.296098 -124.434969    21.260     5007.8      994.0      141.3    180.8    228.2    225.2 2023  4  3 12 14 40.520  1.28   2
   110403  40.286340 -124.407463    19.161     7347.2      -89.5    -1957.9    238.1    316.4    253.3 2023  4  4 17 32 14.460  1.08   2
   110420  40.279386 -124.506909    19.881    -1109.4     -861.6    -1237.8    228.4    253.5    243.1 2023  2 17 14 36 10.720  2.81   2
   110446  40.314095 -124.432170    19.092     5245.1     2992.4    -2026.8    169.8    317.4    270.9 2023  5 13  1 27 17.920  1.13   2
   110461  40.297904 -124.472087    20.977     1851.7     1194.6     -142.0    190.7    211.3    299.4 2023  4  9 11 53 23.790  0.91   2
   110465  40.291553 -124.375928    20.061    10028.4      489.3    -1057.5    219.8    286.2    249.3 2022 12 20  3  6 59.620  0.86   2
   110500  40.308537 -124.478857    19.816     1275.9     2375.2    -1302.7    203.8    424.0    400.3 2023  4  9 13 30 46.380  0.65   2
   110565  40.306946 -124.444930    19.602     4160.5     2198.6    -1517.0    295.6    417.9    316.8 2023  4  9 10 26 54.540  2.63   2
   110648  40.283769 -124.379240    19.121     9747.3     -375.0    -1997.8    267.6    385.0    294.5 2023  3 14 15 58 42.040  1.17   2
   110734  40.295272 -124.435701    23.233     4945.6      902.3     2113.8    379.5    511.9    537.9 2023  3 12 13 22 24.330  1.69   2
   110741  40.303927 -124.449194    19.802     3798.0     1863.3    -1316.8    170.0    231.2    200.4 2023  3 13 12 14 24.190  0.90   2
   110742  40.305591 -124.527279    24.109    -2841.0     2048.1     2990.0    416.3    496.4    715.9 2023  3 22 16  0 16.820  1.31   2
