   106728  40.457605 -124.270866    25.338       37.3       84.5      378.7      2.0      1.6      2.0 2020  3 18 22 39 56.960  0.00  17
   106731  40.457703 -124.270882    25.336       35.9       95.3      376.1      0.9      1.1      1.2 2020  4 28 22 46 41.280  0.00  17
   106736  40.457694 -124.270817    25.333       41.4       94.4      373.2      2.2      2.0      2.1 2020  9 13 12 45 25.840  0.00  17
   106739  40.457642 -124.270923    25.335       32.4       88.6      375.0      1.4      1.4      1.6 2021  3 17  1 49 22.520  0.00  17
   106742  40.457654 -124.270923    25.336       32.4       89.9      376.5      1.2      1.2      1.1 2021  6  9 13 49 49.100  0.00  17
   106743  40.457707 -124.270768    25.336       45.6       95.8      376.4      2.8      1.9      2.2 2021  6 10 16 57 49.660  0.00  17
   106745  40.457609 -124.270817    25.343       41.4       84.9      383.5      2.0      1.4      1.7 2021  7 18 16 42 41.440  0.00  17
   106753  40.457719 -124.270850    25.334       38.7       97.1      374.8      1.8      1.4      1.9 2021 12 20 20 16 29.340  0.00  17
   106754  40.457690 -124.270882    25.333       35.9       94.0      373.7      1.3      1.2      1.4 2021 12 21  2 26  2.820  0.00  17
   106755  40.457731 -124.269295    25.306      170.5       98.5      346.0      4.2      2.2      2.6 2021 12 21  3 30 46.600  0.00  17
   106756  40.457658 -124.270972    25.335       28.3       90.4      375.5      1.8      1.3      1.4 2021 12 21 19  5 18.040  0.00  17
   106757  40.457552 -124.271110    25.338       16.6       78.6      378.7      3.1      2.0      1.9 2021 12 21  1 43 20.320  0.00  17
   106758  40.457658 -124.270475    25.335       70.4       90.4      375.6      3.0      1.0      1.5 2021 12 21 21 41 57.480  0.00  17
   106760  40.457589 -124.271021    25.336       24.2       82.7      376.3      1.8      1.3      1.4 2021 12 21 23 39 48.460  0.00  17
   106761  40.457715 -124.270703    25.335       51.1       96.7      375.5      1.5      0.7      0.9 2021 12 21  6 12 22.560  0.00  17
   106762  40.457690 -124.270410    25.329       75.9       94.0      369.7      2.8      1.0      1.4 2021 12 21 13 12 47.980  0.00  17
   106765  40.457328 -124.271248    25.327        4.8       53.8      367.1      2.1      2.8      1.6 2021 12 21  4 45 19.380  0.00  17
   106768  40.457690 -124.269474    25.328      155.3       94.0      368.5      3.6      1.4      1.8 2021 12 21  1 42  0.360  0.00  17
   106770  40.457353 -124.271208    25.327        8.3       56.5      366.9      3.2      2.7      2.4 2021 12 21 20  6 12.260  0.00  17
   106771  40.457625 -124.270459    25.333       71.8       86.8      373.6      1.9      1.5      1.3 2021 12 21  9 13 30.740  0.00  17
   106772  40.457715 -124.270703    25.335       51.1       96.7      375.6      1.5      0.7      0.9 2021 12 21  7  6 27.260  0.00  17
   106774  40.457585 -124.270972    25.337       28.3       82.2      377.7      2.2      1.8      1.4 2021 12 21  8  1 41.180  0.00  17
   106775  40.457670 -124.270882    25.336       35.9       91.7      376.1      0.9      1.4      1.2 2021 12 22 11 57 26.320  0.00  17
   106776  40.457694 -124.270833    25.331       40.0       94.4      371.7      1.7      1.8      1.9 2021 12 22 20 17 58.960  0.00  17
   106778  40.457638 -124.270939    25.335       31.1       88.1      375.0      1.5      1.2      1.4 2021 12 23  3 20 39.960  0.00  17
   106780  40.457703 -124.270866    25.334       37.3       95.3      374.4      2.2      2.0      2.5 2021 12 26 10  1 21.900  0.00  17
   106781  40.457703 -124.270882    25.334       35.9       95.3      374.2      1.4      1.5      1.8 2021 12 26 23 20 59.320  0.00  17
   106783  40.457690 -124.270833    25.331       40.0       94.0      371.9      1.7      1.8      1.9 2021 12 27  1  9 16.580  0.00  17
   106787  40.457536 -124.271012    25.333       24.9       76.8      373.3      1.6      1.6      2.0 2022  1  2 22  0  9.380  0.00  17
   106789  40.457625 -124.270858    25.336       38.0       86.8      376.3      1.7      1.4      1.5 2022  1  2  4 53 31.180  0.00  17
   106790  40.457621 -124.270939    25.337       31.1       86.3      377.3      1.9      1.4      1.8 2022  1  2  8 17  5.880  0.00  17
   106793  40.457585 -124.271053    25.343       21.4       82.2      383.0      1.9      1.8      2.1 2022  1 13 13 37 23.880  0.00  17
   106795  40.457739 -124.269458    25.337      156.7       99.4      377.7      4.0      0.9      1.6 2022  1 15 16 20  8.480  0.00  17
   106796  40.457694 -124.270793    25.336       43.5       94.4      376.2      2.5      2.0      1.9 2022  1 18  1  5 22.860  0.00  17
   106798  40.457576 -124.270435    25.330       73.9       81.3      369.9      2.0      1.8      1.9 2022  1 29 10 59 48.560  0.00  17
   106799  40.457674 -124.270882    25.337       35.9       92.2      377.2      1.5      1.9      1.8 2022  1 30 22 25  8.500  0.00  17
   106801  40.457686 -124.270825    25.331       40.7       93.5      371.4      1.0      1.1      1.1 2022  2 25  4  3 34.000  0.00  17
   106803  40.457625 -124.270703    25.333       51.1       86.8      373.7      1.5      1.2      1.4 2022  4 12  0 54 20.500  0.00  17
   106804  40.457666 -124.270907    25.335       33.8       91.3      374.9      1.4      1.2      0.9 2022  4 15  9 43 42.080  0.00  17
   106807  40.457703 -124.270915    25.338       33.1       95.3      377.9      2.0      1.4      1.7 2022  8 27  0 17 55.680  0.00  17
   106808  40.457699 -124.270532    25.336       65.6       94.9      376.7      2.9      1.8      1.9 2022  9 12 11 16 51.400  0.00  17
   106809  40.457690 -124.270858    25.337       38.0       94.0      376.9      1.2      1.3      1.4 2022 11  3 19 20 57.480  0.00  17
   106810  40.457825 -124.268888    25.348      205.0      108.9      388.6      4.9      1.5      2.3 2022 11 17 18 30  3.780  0.00  17
   110130  40.457304 -124.272266    25.390      -81.5       51.1      430.6      3.0      2.6      2.7 2021 12 20 21 19 35.360  0.00  17
   110131  40.457239 -124.272713    25.387     -119.4       43.8      427.3      3.4      2.5      3.2 2021 12 20 23 14 29.400  0.00  17
   110133  40.457357 -124.272144    25.394      -71.1       56.9      434.0      1.9      2.5      2.8 2021 12 23 18 20 46.720  0.00  17
   110134  40.457495 -124.272184    25.392      -74.6       72.3      432.5      2.2      2.3      2.4 2022  3  4 15 40 56.400  0.00  17
   110169  40.450700 -124.284359    21.950    -1107.3     -682.3    -3009.8      3.0      1.6      2.1 2021 12 21 17 40 43.880  0.00  17
   110170  40.450130 -124.278931    21.892     -646.8     -745.5    -3067.6      8.7      4.5      3.8 2021 12 21 17 46 54.000  0.00  17
   110171  40.450696 -124.284432    21.944    -1113.5     -682.7    -3015.2      3.6      2.3      2.4 2021 12 21  0 56 54.660  0.00  17
   110172  40.450163 -124.280127    21.862     -748.3     -741.9    -3098.0     12.4      3.4      3.2 2021 12 21  9 29 42.380  0.00  17
   110173  40.450545 -124.283512    21.862    -1035.5     -699.4    -3097.1     25.8      4.0      3.7 2021 12 31  7 54 22.740  0.00  17
   110414  40.457638 -124.270687    25.326       52.5       88.1      366.2      1.6      1.3      1.3 2023  4 18  6 30 20.240  1.21  17
   110732  40.457556 -124.272233    25.390      -78.7       79.1      430.8      2.1      2.4      2.7 2023  4 20  6 34 58.960  0.73  17
   110744  40.450960 -124.289535    21.893    -1546.3     -653.4    -3066.6      5.3      2.7      3.1 2022 12  6 14 13  7.240  1.22  17
