   102182  40.446281 -124.654321    25.091       -4.1      -49.3     -128.6      3.5      5.3     12.2 2020  1 15 17 42 30.720  0.00  10
   102184  40.448828 -124.652881    25.330      118.1      233.6      110.4      9.2     15.1     31.0 2020  1 17  0 45  9.680  0.00  10
   102188  40.446151 -124.654150    25.428       10.4      -63.7      207.9      4.3      7.5     14.0 2020  1 21  4 20 43.480  0.00  10
   102200  40.450012 -124.651196    22.501      261.0      365.1    -2719.3     14.7     20.5     18.6 2020  3 19  5 35 45.780  0.00  10
   102205  40.446566 -124.654272    25.457        0.0      -17.6      236.6      3.1      7.4     16.2 2020  3 30 12 52 56.680  0.00  10
   102210  40.448149 -124.653402    25.299       73.9      158.1       79.3      8.0     11.6     28.6 2020  4 19 20 24 43.340  0.00  10
   102212  40.454199 -124.650936    23.786      283.0      830.0    -1434.3      5.8     17.3      7.4 2020  4 23 16 58 36.620  0.00  10
   102228  40.447009 -124.654183    25.516        7.6       31.6      295.7      4.5      5.7     17.1 2020  6  6 17 33 56.240  0.00  10
   102230  40.444621 -124.654850    25.367      -49.0     -233.6      147.0      6.9     10.9     17.2 2020  6  8  6 32 15.660  0.00  10
   102234  40.457015 -124.650130    20.721      351.4     1142.7    -4498.8      5.3      7.3    134.2 2020  6 17 14 55 44.060  0.00  10
   102238  40.445333 -124.654655    25.358      -32.4     -154.5      138.0      6.2      9.9     19.6 2020  6 26 15 28 13.260  0.00  10
   102242  40.434025 -124.657715    26.156     -292.1    -1410.2      935.8      8.6     12.4     24.2 2020  7  2  9 45 28.780  0.00  10
   102243  40.450700 -124.652824    25.592      122.9      441.4      371.5     12.2     18.6     35.3 2020  7  4 10 27 11.180  0.00  10
   102245  40.446708 -124.654175    25.432        8.3       -1.8      212.0      3.3      5.1     13.4 2020  7 15 14 48 38.640  0.00  10
   102246  40.444202 -124.654687    25.389      -35.2     -280.1      169.5      6.8     17.9     17.2 2020  7 15  6 44  5.980  0.00  10
   102248  40.448246 -124.653898    25.024       31.8      169.0     -195.6      4.2      9.2     15.5 2020  7 19 18 15 35.580  0.00  10
   102251  40.448035 -124.654053    25.183       18.6      145.5      -36.7      6.9      9.5     15.3 2020  7 24 17 25 56.900  0.00  10
   102255  40.444556 -124.655070    25.276      -67.7     -240.8       55.9      8.4     12.6     24.2 2020  8  9  8 20 35.060  0.00  10
   102264  40.449650 -124.653239    25.190       87.7      324.9      -29.6      6.6     16.3     13.9 2020  8 30  7 38 46.020  0.00  10
   102266  40.446549 -124.654069    25.418       17.3      -19.4      198.2      3.9      5.3     14.2 2020  9  9 23 36 32.240  0.00  10
   102267  40.446891 -124.654118    25.409       13.1       18.5      188.6      3.7      5.8     13.8 2020  9 10  0 16 17.420  0.00  10
   102268  40.444202 -124.654744    25.237      -40.0     -280.1       17.5      6.1     17.8     13.9 2020  9 10  3 19 24.240  0.00  10
   102270  40.446533 -124.654207    25.000        5.5      -21.2     -220.0      4.4      6.6     20.9 2020  9 18  0 58 33.740  0.00  10
   102277  40.444006 -124.655176    25.272      -76.6     -301.8       51.5     10.9     16.4     25.1 2020 10 12 19 25 13.660  0.00  10
   102279  40.452852 -124.652295    25.125      167.8      680.5      -94.7      7.2     14.1     22.9 2020 10 14  1 51 41.000  0.00  10
   102282  40.448063 -124.653524    25.346       63.5      148.7      125.6      6.7     11.2     24.3 2020 10 21  8 40 43.180  0.00  10
   102283  40.445353 -124.655396    25.318      -95.3     -152.3       98.1     10.9     14.4     31.0 2020 10 24 23  4 54.880  0.00  10
   102285  40.446322 -124.654150    25.317       10.4      -44.7       97.4      4.9      9.9     16.2 2020 11  1 13 18 54.340  0.00  10
   102294  40.444454 -124.654867    25.744      -50.4     -252.1      524.2      6.6     16.9     14.3 2020 11 14  6 37 54.500  0.00  10
   102301  40.449105 -124.653231    25.239       88.4      264.3       19.4      8.7     14.5     28.8 2020 12  1 22 12 47.360  0.00  10
   102303  40.446065 -124.654142    24.853       11.0      -73.2     -367.3      4.9     10.0     21.5 2020 12  5 11 45  1.180  0.00  10
   102322  40.444153 -124.656600    26.786     -197.5     -285.6     1565.8     18.3     26.0     45.8 2021  3 12  0 34 57.040  0.00  10
   102324  40.443823 -124.654386    24.852       -9.7     -322.2     -368.3     12.7     18.7     48.2 2021  3 12  1 21 53.360  0.00  10
   102333  40.447139 -124.654321    25.116       -4.1       46.1     -103.7      3.5      5.2     17.1 2021  4  2 13 31 56.200  0.00  10
   102336  40.445361 -124.654956    25.211      -58.0     -151.4       -9.2      6.7     10.7     24.3 2021  4 10 16 40 38.080  0.00  10
   102338  40.446236 -124.654370    25.125       -8.3      -54.2      -95.1      3.6      6.5     17.1 2021  4 16  5 33 23.300  0.00  10
   102340  40.445801 -124.654395    25.184      -10.4     -102.6      -36.3      3.6      7.1     14.6 2021  4 16  5 35 19.500  0.00  10
   102344  40.445068 -124.655192    25.474      -78.0     -183.9      254.5      9.7     15.1     25.5 2021  5  4 21 50 51.440  0.00  10
   102345  40.443233 -124.655802    26.108     -129.8     -387.7      887.5     14.8     25.7     41.9 2021  5  4 21 38 56.240  0.00  10
   102355  40.446277 -124.654085    25.471       15.9      -49.7      251.4      6.0      6.6     13.1 2021  5 30  0 32 40.240  0.00  10
   102360  40.448783 -124.650578    23.346      313.4      228.6    -1873.9      9.6     14.4     11.8 2021  6 12 12 22 59.900  0.00  10
   102362  40.450033 -124.653353    25.036       78.0      367.3     -184.0      6.7     15.0     22.5 2021  6 24 19 30 18.060  0.00  10
   102371  40.447229 -124.654199    25.400        6.2       56.0      179.6      4.6      6.4     17.0 2021  7 21 12 26  5.200  0.00  10
   102372  40.447160 -124.654256    25.425        1.4       48.3      205.4      3.5      5.6     12.2 2021  7 21 11 22 14.200  0.00  10
   102373  40.445166 -124.653882    25.149       33.1     -173.1      -71.1      4.4      7.9     25.0 2021  7 21 11 54 55.820  0.00  10
   102384  40.447937 -124.654305    25.550       -2.8      134.6      330.5      4.5      9.4     13.0 2021  9  8  2 16  1.420  0.00  10
   102385  40.445662 -124.654435    25.083      -13.8     -117.9     -137.0      4.8      7.8     17.8 2021  9  9 12 37 57.360  0.00  10
   102387  40.446415 -124.654321    25.097       -4.1      -34.3     -122.7      4.0      5.2     17.1 2021  9 10  1  1 31.200  0.00  10
   102388  40.447249 -124.654272    25.352        0.0       58.3      132.3      4.0      5.8     12.2 2021  9 15  6 30 53.620  0.00  10
   102390  40.445426 -124.654663    25.229      -33.1     -144.1        9.5      7.0      9.9     22.0 2021 10  4  4 32 17.280  0.00  10
   102392  40.446798 -124.654321    25.543       -4.1        8.1      323.1      3.5      5.3     13.8 2021 10 18  2 39 39.300  0.00  10
   102393  40.446053 -124.654346    25.052       -6.2      -74.6     -168.3      5.1      6.7     19.0 2021 10 23 14 44 14.460  0.00  10
   102399  40.448344 -124.653760    25.384       43.5      179.8      164.1      5.8     10.4     20.1 2021 11 10  9 26 40.460  0.00  10
   102404  40.449060 -124.649984    23.216      363.8      259.4    -2004.2     11.1     16.7     13.5 2021 11 13  7 46 30.500  0.00  10
   102408  40.446370 -124.654175    25.073        8.3      -39.3     -147.0      4.8      5.4     16.0 2021 11 30  5 12 25.660  0.00  10
   102410  40.447180 -124.654061    25.124       18.0       50.6      -96.4      3.9      6.3     12.2 2021 12  1 15  9 27.140  0.00  10
   102414  40.446513 -124.654370    24.991       -8.3      -23.5     -229.3      5.0      5.8     24.1 2021 12 11 10  9 36.640  0.00  10
   102418  40.446289 -124.654240    25.211        2.8      -48.3       -9.0      4.7     10.5     13.7 2022  1  6 20 31  6.480  0.00  10
   102422  40.446265 -124.654175    25.087        8.3      -51.1     -133.0      4.8      5.3     16.7 2022  1 16 20  3 25.640  0.00  10
   102423  40.446761 -124.654175    24.828        8.3        4.1     -391.6      4.0      4.9     20.3 2022  1 16 23 26 59.440  0.00  10
   102424  40.446273 -124.654281    24.916       -0.7      -50.2     -304.2      5.1      7.1     21.1 2022  1 16 23 21 31.880  0.00  10
   102425  40.446257 -124.654329    25.115       -4.8      -52.0     -105.1      6.0      7.1     19.1 2022  1 16 23 34 44.500  0.00  10
   102429  40.448145 -124.653874    25.407       33.8      157.7      186.7      4.5      9.2     14.7 2022  2 11  7 42  4.820  0.00  10
   102437  40.446574 -124.654264    25.345        0.7      -16.7      125.4      4.9      5.3     13.4 2022  3 26  2  8 37.740  0.00  10
   102439  40.447616 -124.654118    25.479       13.1       99.0      258.7      5.1      7.8     17.4 2022  3 26  3 20 55.020  0.00  10
   102441  40.449076 -124.652173    25.047      178.1      261.2     -173.0     11.3     16.2     42.1 2022  3 27  9  2  0.020  0.00  10
   102452  40.439766 -124.656120    25.147     -156.7     -772.6      -72.9     10.4     16.7     31.1 2022  5 19  4 59 54.560  0.00  10
   102456  40.445854 -124.654362    25.434       -7.6      -96.7      213.6      3.8      7.1     13.4 2022  5 26 14 46 51.040  0.00  10
   102460  40.447294 -124.654053    25.199       18.6       63.3      -20.8      6.0      7.5     18.5 2022  6  4 18 39 40.820  0.00  10
   102461  40.447396 -124.654102    25.503       14.5       74.6      282.6      6.3      7.8     20.7 2022  6  4 18 37 39.740  0.00  10
   102462  40.446566 -124.654159    24.720        9.7      -17.6     -500.4      4.9      7.8     27.7 2022  6  7  7 42  2.260  0.00  10
   102467  40.447046 -124.654175    25.008        8.3       35.7     -211.9      4.6      6.9     15.9 2022  6 29 15 43 49.420  0.00  10
   102478  40.453223 -124.652661    25.276      136.7      721.6       56.3     10.2     13.6     37.3 2022  7 28  0 49 37.560  0.00  10
   102479  40.445129 -124.655070    24.832      -67.7     -177.1     -388.1      8.0     13.5     33.4 2022  8  1 11 26 14.540  0.00  10
   102480  40.445268 -124.654907    24.631      -53.9     -161.8     -588.6      8.0     12.6     39.8 2022  8  1 11 14 15.880  0.00  10
   102484  40.447481 -124.654020    25.206       21.4       84.0      -13.5      4.8      7.8     13.3 2022  9  2 22 28 11.020  0.00  10
   102487  40.446285 -124.654272    24.866        0.0      -48.8     -354.0      4.2      6.5     22.2 2022  9 13 10 25 13.400  0.00  10
   102488  40.446838 -124.654167    25.342        9.0       12.7      122.1      3.7      5.9     12.7 2022  9 15 10 27 10.840  0.00  10
   102495  40.447559 -124.654126    25.460       12.4       92.6      239.7      5.6      7.9     17.8 2022 10  2 19 19 28.360  0.00  10
   102497  40.445866 -124.654679    25.395      -34.5      -95.3      174.5      7.1     11.2     20.9 2022 10  7 21 58 55.180  0.00  10
   102498  40.448006 -124.653418    25.165       72.5      142.3      -55.0      9.1     12.5     27.9 2022 10  8 23 33 52.300  0.00  10
   102502  40.445817 -124.654142    25.170       11.0     -100.8      -50.2      4.5     12.3     17.2 2022 10 22  7  6 12.100  0.00  10
   102504  40.446501 -124.654175    25.418        8.3      -24.9      198.5      6.2      7.3     14.5 2022 11  8  8 25 11.960  0.00  10
   102510  40.449044 -124.652645    23.900      138.1      257.5    -1319.9      8.6     15.2     11.0 2022 11 22 13 37 11.000  0.00  10
   110301  40.446586 -124.654289    25.279       -1.4      -15.4       58.8      3.2      5.4     10.5 2023  5 20  8 26 59.420  1.66  10
