   103037  40.494897 -124.703491    25.879      -28.3      -11.3      248.8     45.1     80.7    154.4 2020  1  9  2 28 46.420  0.00  21
   103039  40.495707 -124.702865    25.471       24.8       78.6     -159.0     41.8     85.5    137.2 2020  2 13  3 49 16.980  0.00  21
   103041  40.495813 -124.702767    25.407       33.1       90.4     -223.5     45.2     87.9    158.3 2020  2 13  4 46  3.640  0.00  21
   103047  40.494564 -124.703548    25.981      -33.1      -48.3      350.7    105.3    138.7    370.2 2020  3 24  7 13 13.600  0.00  21
   103049  40.494491 -124.703361    25.700      -17.2      -56.5       69.9     39.5     90.8    162.6 2020  4  2  6 14 42.300  0.00  21
   103050  40.494474 -124.703377    25.693      -18.6      -58.3       63.1     54.5     96.8    214.0 2020  4  2  9 24  2.020  0.00  21
   103052  40.495353 -124.703743    26.210      -49.7       39.3      580.2     53.2     69.4    184.7 2020  5  2 14 30  4.400  0.00  21
   103053  40.494462 -124.703434    25.739      -23.5      -59.6      109.5     47.7    103.1    177.4 2020  5 26 13 46 53.380  0.00  21
   103054  40.494950 -124.703369    25.763      -17.9       -5.4      133.5     49.9     76.5    161.9 2020  5 27 14 13 23.920  0.00  21
   103056  40.497583 -124.701790    24.906      115.9      286.9     -724.0     85.7    158.5    321.5 2020  6  3  7 51 45.780  0.00  21
   103059  40.496387 -124.702433    25.026       61.4      154.1     -604.1     56.4    118.4    186.7 2020  6 26  3 47 36.160  0.00  21
   103060  40.496513 -124.702384    25.302       65.5      168.1     -328.3     63.0    133.5    165.8 2020  7  3  9 58 33.980  0.00  21
   103061  40.496289 -124.702474    25.317       58.0      143.2     -313.1     61.9     97.1    244.7 2020  7  8 14  3 32.400  0.00  21
   103063  40.494604 -124.703475    25.866      -26.9      -43.8      236.4     42.8     85.0    160.5 2020  9  7  3 44 39.520  0.00  21
   103068  40.496452 -124.702637    25.363       44.2      161.3     -266.5     47.2    107.6    141.0 2020 10  2  7 32  2.120  0.00  21
   103070  40.496452 -124.702515    25.266       54.5      161.3     -363.8     51.9    119.1    185.8 2020 10 18  5 17 38.540  0.00  21
   103071  40.496094 -124.701904    24.683      106.2      121.5     -947.2     76.9    105.6    364.7 2020 10 27 13 47 40.740  0.00  21
   103073  40.496338 -124.702531    24.879       53.1      148.7     -751.5     62.7     79.5    266.5 2020 11  6  4 14 13.540  0.00  21
   103074  40.496517 -124.701986    24.570       99.3      168.5    -1060.2     71.8     85.9    289.7 2020 11 15 10  1 52.660  0.00  21
   103075  40.495520 -124.701799    24.901      115.2       57.8     -729.2     72.7    115.4    392.2 2020 12  2  4 36 19.100  0.00  21
   103076  40.494686 -124.703377    25.843      -18.6      -34.8      213.1     39.4     84.9    157.1 2020 12 17  6 44 45.740  0.00  21
   103077  40.494999 -124.701855    24.249      110.4        0.0    -1381.5    117.9    175.8    534.3 2021  1 12  2  8 19.400  0.00  21
   103078  40.495789 -124.702140    24.514       86.2       87.7    -1115.8     72.4     79.8    259.2 2021  1 19 17 42 49.980  0.00  21
   103079  40.497241 -124.702303    24.643       72.4      249.0     -987.2     66.2    129.3    287.8 2021  1 19 18  1 13.300  0.00  21
   103083  40.495264 -124.703621    26.010      -39.3       29.4      380.3     51.1     70.7    172.1 2021  2  1  4 12  8.800  0.00  21
   103084  40.495011 -124.703442    25.893      -24.1        1.4      263.5     43.9     79.2    165.9 2021  3 23  9 45 54.260  0.00  21
   103085  40.496313 -124.701742    24.140      120.0      145.9    -1490.4     81.3    134.4    334.8 2021  4  6 11 19 12.540  0.00  21
   103086  40.496908 -124.702197    24.667       81.4      211.9     -962.9     70.6    103.1    282.7 2021  4 26  7  2 45.300  0.00  21
   103089  40.495715 -124.701668    23.574      126.2       79.5    -2056.5     75.9     86.6    327.8 2021  6 15 10 46 43.260  0.00  21
   103090  40.495760 -124.704777    27.870     -137.3       84.5     2240.0    111.4    195.7    504.3 2021  7  4  0  5 36.200  0.00  21
   103091  40.494958 -124.703345    25.776      -15.9       -4.5      146.5     50.2     76.6    190.6 2021  7 13 21 59  0.800  0.00  21
   103092  40.494637 -124.703426    25.832      -22.8      -40.2      202.5     46.1     91.2    176.4 2021  7 18  2  1  4.540  0.00  21
   103093  40.494674 -124.703483    25.946      -27.6      -36.1      315.8     91.9    119.7    328.4 2021  7 21 10 36 48.460  0.00  21
   103097  40.494417 -124.703516    25.867      -30.4      -64.6      237.5     46.2    100.6    168.5 2021 11 22  2 25 23.060  0.00  21
   103098  40.494474 -124.703337    25.715      -15.2      -58.3       85.1     42.3     99.9    152.9 2021 11 22  1 57 48.440  0.00  21
   103099  40.495105 -124.703263    25.670       -9.0       11.7       39.6     69.2     95.1    237.0 2021 11 22 21 23 58.880  0.00  21
   103100  40.501522 -124.698153    23.865      424.3      724.3    -1764.9     79.2    112.4     99.3 2021 11 27 13 33 29.400  0.00  21
   103104  40.495992 -124.701978    24.791      100.0      110.2     -839.2     69.6    112.3    300.1 2022  1 16 23  2 24.140  0.00  21
   103105  40.494694 -124.703451    25.882      -24.8      -33.9      251.6     42.1     86.5    155.3 2022  2 16 13 34 40.600  0.00  21
   103107  40.496533 -124.702620    25.376       45.5      170.3     -254.0     55.0    120.8    184.9 2022  3 12  7 11 15.140  0.00  21
   103108  40.494421 -124.703459    25.784      -25.5      -64.2      154.4     43.6    105.6    204.1 2022  4  4 11 35  9.120  0.00  21
   103110  40.496431 -124.702425    25.020       62.1      159.0     -609.5     59.9    109.9    241.9 2022  4  9 17 16  5.540  0.00  21
   103112  40.494592 -124.703385    25.771      -19.3      -45.2      141.5     41.1     87.5    151.2 2022  5 30 13 48 37.440  0.00  21
   103113  40.494714 -124.703410    25.791      -21.4      -31.6      161.0     43.0     89.6    167.1 2022  5 30 13 30 56.840  0.00  21
   103114  40.494568 -124.703353    25.739      -16.6      -47.9      109.2     42.0     98.5    155.5 2022  5 30 13 39 35.600  0.00  21
   103116  40.496537 -124.704321    26.567      -98.7      170.8      937.2     73.3    165.4    287.7 2022  6 14  6 34  6.200  0.00  21
   103117  40.494755 -124.703320    25.709      -13.8      -27.1       79.1     51.0     80.5    165.7 2022  6 23 22 54 39.680  0.00  21
   103120  40.494934 -124.703394    25.845      -20.0       -7.2      214.5     41.2     82.2    183.8 2022  9 22  3 48 37.700  0.00  21
   110315  40.493819 -124.703654    25.781      -42.1     -131.0      150.7     37.9     65.7    130.1 2023  5 17 16 10 52.790  2.77  21
