   109669  40.400521 -124.278328    26.868      -26.9      -19.9        8.4      4.7      4.3      2.8 2021  6 30  4  7 16.980  0.00  49
   109670  40.400692 -124.278068    26.863       -4.8       -0.9        2.8      1.8      1.8      2.0 2021 12 20 21 33 53.800  0.00  49
   109671  40.400684 -124.277938    26.855        6.2       -1.8       -5.3      2.0      2.5      2.3 2021 12 20 20 16  2.340  0.00  49
   109672  40.400765 -124.277946    26.861        5.5        7.2        1.5      2.3      3.1      1.9 2021 12 20 21  4  2.560  0.00  49
   109674  40.400745 -124.277922    26.861        7.6        5.0        1.2      2.6      2.7      1.8 2021 12 20 22  5 33.080  0.00  49
   109675  40.400769 -124.277938    26.864        6.2        7.7        4.0      3.0      3.1      2.2 2021 12 20 20 38 16.520  0.00  49
   109676  40.400317 -124.277865    26.843       12.4      -42.5      -17.2      3.7      5.0      4.0 2021 12 20 23 18 45.760  0.00  49
   109678  40.400749 -124.278052    26.862       -3.5        5.4        1.7      2.4      2.4      2.9 2021 12 20 20 28  8.320  0.00  49
   109680  40.401160 -124.277808    26.841       17.3       51.1      -18.7      7.1      6.7      3.3 2021 12 20 22 40  4.140  0.00  49
   109681  40.400529 -124.278133    26.854      -10.4      -19.0       -6.3      3.4      3.6      2.0 2021 12 20 21 16 57.840  0.00  49
   109682  40.400736 -124.277930    26.866        6.9        4.1        5.5      3.1      2.5      2.9 2021 12 21  0 35 38.260  0.00  49
   109683  40.400675 -124.278011    26.860        0.0       -2.7        0.2      2.2      2.7      1.9 2021 12 21  1 29  1.520  0.00  49
   109684  40.400403 -124.278280    26.859      -22.8      -33.0       -1.3      5.3      5.5      2.5 2021 12 21 10 32 44.960  0.00  49
   109686  40.400732 -124.277954    26.858        4.8        3.6       -1.7      1.7      2.6      1.6 2021 12 21  9 35 39.700  0.00  49
   109688  40.400684 -124.278003    26.861        0.7       -1.8        1.4      1.7      1.9      1.1 2021 12 22 16 42 51.760  0.00  49
   109689  40.400358 -124.277922    26.843        7.6      -38.0      -16.6      3.7      4.7      3.4 2021 12 22 21 49  0.120  0.00  49
   109690  40.400696 -124.277995    26.862        1.4       -0.5        1.5      2.4      2.2      1.2 2021 12 23 19 18 59.440  0.00  49
   109691  40.400720 -124.279093    26.953      -91.9        2.3       93.1      8.6      5.8      8.2 2021 12 24 18 30 16.400  0.00  49
   109692  40.400708 -124.277995    26.860        1.4        0.9        0.1      1.7      2.0      1.5 2021 12 28 12 16  7.460  0.00  49
   109693  40.400675 -124.278068    26.861       -4.8       -2.7        0.7      2.5      2.2      2.1 2022  1  2  4  3 22.780  0.00  49
   109697  40.400590 -124.278247    26.872      -20.0      -12.2       11.9      4.0      4.3      3.0 2022  4  7 18 43 56.160  0.00  49
   110670  40.400724 -124.277970    26.860        3.5        2.7       -0.1      1.6      2.2      1.1 2022 12 14  8 39 12.430  2.11  49
