   105485  40.699097 -124.201123    17.510      -27.5        4.1       27.3     45.2     28.0     38.6 2020  2  5  5 58 25.560  0.00  53
   105486  40.699443 -124.196061    17.114      400.3       42.5     -369.0     63.1     67.8     64.6 2020  3 17 12 51 45.720  0.00  53
   105487  40.698853 -124.200724    17.401        6.2      -23.0      -81.8     60.1     37.2     32.8 2020  4 15  7 17 47.580  0.00  53
   105489  40.699349 -124.200757    17.513        3.4       32.1       30.4     41.9     29.7     43.9 2020  9  1  3 23  1.060  0.00  53
   105491  40.699992 -124.195451    17.088      451.9      103.5     -394.9     61.6     30.9     52.4 2022  6 26  6 12 19.280  0.00  53
   105492  40.699418 -124.199821    17.376       82.5       39.8     -106.7     30.3     17.1     30.8 2022  9 22  6  0 32.400  0.00  53
   105493  40.699459 -124.199878    17.397       77.7       44.3      -85.7     19.3     14.8     18.6 2022  9 22  6  2 18.960  0.00  53
   105494  40.699581 -124.199919    17.389       74.3       57.8      -93.2     21.3     12.6     16.5 2022  9 22  7 21 46.180  0.00  53
   105495  40.699772 -124.199593    17.422      101.8       79.1      -60.4     20.9     14.4     24.6 2022  9 22 15 52 11.740  0.00  53
   105496  40.699528 -124.200049    17.385       63.3       52.0      -98.0     16.5     14.2     17.2 2022  9 23  7 36 42.680  0.00  53
   105498  40.699471 -124.200098    17.395       59.2       45.6      -87.6     19.5     11.0     11.1 2022  9 25 11 10 14.460  0.00  53
   105501  40.699516 -124.200195    17.358       50.9       50.6     -125.1     18.4     13.0     13.7 2022 10 26 12 52 38.720  0.00  53
   105502  40.699483 -124.199821    17.385       82.5       47.0      -98.0     15.3     11.1     15.0 2022 10 28 19 52 59.400  0.00  53
   105503  40.699508 -124.200171    17.375       53.0       49.7     -107.7     18.8     13.8     17.0 2022 10 28 19 54 10.800  0.00  53
   108832  40.721855 -124.232170    16.944    -2651.0     2531.3     -539.0     72.1     43.6     77.3 2020  6 27  1 38 36.220  0.00  53
   108833  40.723214 -124.236930    17.121    -3053.3     2682.2     -361.9     61.7     30.3     51.3 2020  7  7 22 53  4.560  0.00  53
   108870  40.673478 -124.176237    17.838     2076.2    -2840.8      355.4     91.8     44.6     82.5 2021  3 19  7  6 30.900  0.00  53
   108873  40.674508 -124.165015    18.600     3024.8    -2726.5     1117.6    101.3     37.8     99.7 2022  9 22 18 46  5.320  0.00  53
   110375  40.699312 -124.199601    17.432      101.1       28.0      -50.4     17.7     10.1     11.7 2023  4 18 21 27 56.500  2.49  53
   110555  40.722941 -124.234505    17.649    -2848.4     2651.9      166.7     37.7     29.6     39.1 2023  5  5 10 40  9.930  1.00  53
   110562  40.671973 -124.175033    18.939     2178.0    -3008.0     1456.7     85.1     37.2     76.9 2023  2  1  1 28 26.490  1.31  53
   110714  40.704102 -124.194702    17.894      515.1      559.9      411.5     15.3     14.4     19.4 2023  1  6 12 27 19.440  3.44  53
