   101493  40.325793 -124.367147    18.814      -56.0       11.3       23.6    264.5    388.6    264.9 2020  2 11  9 19 30.880  0.00  64
   101495  40.325757 -124.366561    18.759       -6.2        7.2      -30.8    291.5    404.2    268.4 2020  5  8 14 19  3.300  0.00  64
   101497  40.325623 -124.366447    18.785        3.5       -7.7       -5.5    212.3    307.1    229.2 2020  8 31 23 45 31.400  0.00  64
   101498  40.326383 -124.366895    18.814      -34.6       76.8       24.2    227.7    319.0    248.0 2020 10  2 17  4  0.640  0.00  64
   101499  40.325627 -124.366675    18.801      -15.9       -7.2       11.1    149.9    228.8    194.7 2021  1 10 20 29 48.820  0.00  64
   101502  40.325883 -124.366846    18.807      -30.4       21.2       17.4    197.1    288.8    204.8 2021  7  7  8 30 52.060  0.00  64
   101505  40.325899 -124.366781    18.800      -24.9       23.0       10.2    182.9    228.7    201.4 2021  9 16  6 39 23.680  0.00  64
   101507  40.326196 -124.367074    18.807      -49.8       56.0       17.4    253.2    317.7    271.0 2021 10  5  5  0 45.320  0.00  64
   101545  40.325671 -124.366634    18.795      -12.4       -2.3        4.8    177.8    221.6    174.1 2022  4 17 22 59 31.240  0.00  64
   101547  40.329374 -124.367424    18.806      -79.5      408.9       15.8    270.8    990.6    227.8 2022  5 16 11 54 22.560  0.00  64
   101549  40.326074 -124.366732    18.807      -20.7       42.5       16.8    199.8    284.8    171.4 2022  6 20  5 49 12.560  0.00  64
   101556  40.327201 -124.367122    18.812      -53.9      167.6       21.9    182.1    514.3    193.6 2022  9  1 16 52 14.460  0.00  64
   101559  40.324748 -124.366056    18.771       36.7     -104.8      -18.7    363.1    549.5    340.2 2022  9 17 21 37 56.320  0.00  64
   101560  40.324988 -124.366162    18.776       27.7      -78.2      -14.3    359.0    525.4    344.6 2022  9 17 20 44 21.300  0.00  64
   101563  40.326274 -124.366756    18.798      -22.8       64.6        8.4    195.4    325.1    221.5 2022  9 23  1  2 28.580  0.00  64
   110297  40.325553 -124.366276    18.784       18.0      -15.4       -6.3    170.3    229.8    183.9 2023  1  2 14 24 18.160  1.18  64
