   104602  40.401668 -124.568750    27.559       30.4      -26.7      -70.7    347.6    677.6    599.6 2021  4  9  2 44 10.240  0.00  56
   104608  40.401933 -124.569124    27.634       -1.4        2.7        3.7    135.9    216.7    213.7 2021  6 16 21 28 14.920  0.00  56
   104609  40.401929 -124.569116    27.634       -0.7        2.3        3.6    120.8    167.0    225.7 2021  7 17 13 58 12.280  0.00  56
   104610  40.401945 -124.569092    27.629        1.4        4.1       -1.2     93.8    212.5    188.8 2021  7 17 16 51 33.280  0.00  56
   104611  40.401860 -124.569076    27.625        2.8       -5.4       -4.9    146.5    226.9    225.8 2021  7 18 17 30 30.400  0.00  56
   104614  40.401835 -124.569108    27.624        0.0       -8.1       -6.4    154.2    291.6    262.7 2021  7 21  6 38  0.500  0.00  56
   104616  40.402067 -124.569173    27.645       -5.5       17.6       14.6    235.9    333.5    392.3 2021  7 26 15  6 34.040  0.00  56
   104617  40.401896 -124.569100    27.628        0.7       -1.4       -1.8    138.0    224.3    223.5 2021  7 27 18 17 36.420  0.00  56
   104624  40.401969 -124.569092    27.629        1.4        6.8       -1.2     86.9    261.0    192.0 2021 10 15  0 32 56.840  0.00  56
   104626  40.401815 -124.569116    27.633       -0.7      -10.4        2.6    171.1    312.8    261.0 2021 11 22  6 32 57.800  0.00  56
   104627  40.401876 -124.569092    27.624        1.4       -3.6       -5.5    142.0    225.8    234.5 2021 12  4  6 54 31.440  0.00  56
   104629  40.401872 -124.569084    27.628        2.1       -4.1       -1.8    141.8    227.1    221.3 2021 12  7  1 37 44.380  0.00  56
   104631  40.401892 -124.569100    27.628        0.7       -1.8       -1.9    139.3    221.9    223.3 2022  1 16  7 10  3.240  0.00  56
   104633  40.401917 -124.569108    27.630        0.0        0.9        0.0    137.7    217.9    220.4 2022  2 15 16  0  9.380  0.00  56
   104641  40.401912 -124.569108    27.629        0.0        0.5       -0.6    139.6    216.8    219.2 2022  6 14 18 33 26.960  0.00  56
   104647  40.401937 -124.569124    27.634       -1.4        3.2        3.7    136.1    218.5    212.2 2022  9 14 19 39 58.380  0.00  56
   104651  40.401839 -124.569092    27.624        1.4       -7.7       -6.1    142.0    239.1    231.8 2022 10 25  1  1  6.660  0.00  56
   104652  40.401847 -124.569084    27.623        2.1       -6.8       -6.7    152.0    247.8    236.8 2022 10 25  1 46 12.000  0.00  56
   110347  40.401896 -124.569100    27.632        0.7       -1.4        1.9    127.7    193.3    217.0 2023  5  9 16 44 27.070  1.07  56
