   103864  40.297388 -124.345671     9.250       48.4       12.7     -150.4     19.3     20.6     23.9 2020  1 15  6 50 38.220  0.00  24
   103866  40.298690 -124.347062     9.365      -69.9      157.2      -35.0     12.7     16.7     14.4 2020  1 24 22  3 41.740  0.00  24
   103867  40.296920 -124.346672     9.287      -36.7      -39.3     -112.9     10.9     18.3     15.3 2020  1 24 15 30 20.360  0.00  24
   103868  40.297892 -124.346981     9.376      -63.0       68.7      -23.7     10.5     12.7     13.0 2020  1 24 21  4  2.500  0.00  24
   103869  40.297225 -124.346484     9.250      -20.8       -5.4     -149.9     11.5     14.6     14.7 2020  1 24 15 55 59.700  0.00  24
   103870  40.296842 -124.346615     9.249      -31.8      -47.9     -151.1     11.6     11.8     16.2 2020  1 24 15 22 48.080  0.00  24
   103871  40.298910 -124.347209     9.365      -82.3      181.6      -35.4     13.6     18.2     15.4 2020  1 24 22 54  7.460  0.00  24
   103872  40.297001 -124.346680     9.277      -37.4      -30.3     -122.6     13.1     12.4     17.9 2020  1 24 15 25 13.420  0.00  24
   103873  40.296696 -124.346761     9.251      -44.3      -64.2     -149.1     15.5     16.0     17.9 2020  1 24 15 26 23.140  0.00  24
   103874  40.297892 -124.346932     9.389      -58.8       68.7      -11.3     10.8     13.2     12.6 2020  1 24 20  3  2.500  0.00  24
   103876  40.298905 -124.347103     9.387      -73.3      181.2      -12.7     13.5     18.1     14.6 2020  1 24 23 20 24.980  0.00  24
   103880  40.293860 -124.347274     9.095      -87.9     -379.1     -304.5     20.2     38.4     20.4 2020  1 25  3 13 59.340  0.00  24
   103882  40.296126 -124.346248     9.293       -0.7     -127.4     -106.6      9.9     13.6     12.8 2020  1 25  3 14 28.680  0.00  24
   103883  40.297571 -124.345972     9.337       22.8       33.0      -62.8     13.7     14.9     13.9 2020  1 25  3  9  6.220  0.00  24
   103890  40.297583 -124.345907     9.255       28.4       34.3     -144.7     11.7     14.2     18.7 2020  1 27 19  4 35.860  0.00  24
   103891  40.296257 -124.346403     9.277      -13.8     -113.0     -123.1     13.5     21.5     10.8 2020  1 27 17 36 12.020  0.00  24
   103892  40.297083 -124.346322     9.369       -6.9      -21.2      -31.1     13.5     14.9     16.7 2020  1 27 16 23 44.480  0.00  24
   103895  40.297603 -124.345337     9.149       76.8       36.6     -250.8     19.2     15.3     22.0 2020  3 13  2 39 50.580  0.00  24
   103896  40.296143 -124.346110     9.012       11.1     -125.6     -387.6     10.5     27.0     15.8 2020  3 13  2 37 37.340  0.00  24
   103897  40.299817 -124.346639     9.272      -33.9      282.4     -128.4     24.3     31.7     21.7 2020  3 13  5 10 12.960  0.00  24
   103898  40.298857 -124.346330     9.278       -7.6      175.8     -122.3      9.6     16.7     14.4 2020  4  7 16 50 56.420  0.00  24
   103901  40.302336 -124.348600     9.409     -200.6      562.1        8.7     17.9     25.4     23.4 2020  5 10  3 40 47.520  0.00  24
   103902  40.296594 -124.346273     9.523       -2.8      -75.5      123.2     12.0     17.1     15.9 2020  7 16 14 40 26.160  0.00  24
   103904  40.296444 -124.345459     8.708       66.4      -92.2     -692.3     23.0     40.0     38.1 2020 11  9  2 11  9.620  0.00  24
   103906  40.296334 -124.346151     9.380        7.6     -104.4      -19.8     20.8     21.3     29.4 2021  2  6 20 40 14.680  0.00  24
   103908  40.297347 -124.346663     9.502      -36.0        8.1      102.4      9.2     11.0     17.8 2021  3 13 11 25  2.260  0.00  24
   103909  40.295658 -124.346598     9.246      -30.4     -179.4     -153.7     10.9     22.5     17.7 2021  4  5 17 17  0.360  0.00  24
   103912  40.297990 -124.346663     9.446      -36.0       79.5       46.3      9.9     14.3     12.8 2021  4 17 12 56  1.300  0.00  24
   103913  40.297624 -124.346785     9.437      -46.4       38.9       36.6     10.3     17.1     14.3 2021  4 17 13 40 53.640  0.00  24
   103915  40.296680 -124.346704     9.457      -39.4      -66.0       56.9     11.5     14.0     16.3 2021  7 28 21 11  2.380  0.00  24
   103916  40.296635 -124.346590     9.460      -29.8      -70.9       60.0     11.0     15.1     15.4 2021  7 28 21 33 36.020  0.00  24
   103918  40.297941 -124.346908     9.356      -56.7       74.1      -44.1     12.1     12.7     13.8 2021  9  7 19 40  5.860  0.00  24
   103919  40.295829 -124.350041     9.350     -323.1     -160.4      -49.9     17.7     22.9     19.0 2021 11 25 16 28 40.160  0.00  24
   103921  40.297347 -124.346704     9.378      -39.4        8.1      -22.5     11.4     17.1     10.4 2021 12 21  3 38 51.940  0.00  24
   103922  40.297115 -124.347160     9.299      -78.2      -17.6     -100.6      8.9     19.5     13.1 2022  3 23 22 42 10.720  0.00  24
   103924  40.296651 -124.346899     9.293      -56.0      -69.1     -107.2     15.4     17.6     16.4 2022  5 29 21 13 23.800  0.00  24
   103926  40.297290 -124.346761     9.271      -44.3        1.8     -129.3     16.4     16.5     15.9 2022  5 29 19 36  5.420  0.00  24
   103927  40.297766 -124.346623     9.319      -32.5       54.7      -80.7     10.8     16.3     10.3 2022  5 29 19 11 27.880  0.00  24
   103929  40.296871 -124.346305     9.347       -5.5      -44.7      -52.9     12.7     14.5     14.8 2022  5 30  4 10  9.060  0.00  24
   103930  40.297465 -124.346452     9.359      -18.0       21.2      -41.4     12.5     14.6     13.4 2022  5 30  1 51 30.580  0.00  24
   103932  40.298352 -124.346965     9.365      -61.6      119.7      -34.5     11.8     16.7     12.7 2022  5 30  3 12  8.820  0.00  24
   103933  40.297327 -124.346517     9.376      -23.5        5.9      -24.1     11.3     15.4     13.6 2022  5 30  9 43 48.840  0.00  24
   103934  40.297567 -124.346533     9.319      -24.9       32.5      -81.3     12.9     12.7     15.5 2022  5 30  6 35  3.560  0.00  24
   103935  40.296627 -124.346948     9.204      -60.2      -71.8     -195.9     13.5     17.7     20.4 2022  5 30  6 42 38.800  0.00  24
   103937  40.298116 -124.346419     9.320      -15.2       93.5      -79.9     11.4     15.3     11.0 2022  5 30  4  6 28.560  0.00  24
   110328  40.296134 -124.345858     9.583       32.5     -126.5      183.4      9.4     10.5     10.9 2022 12 23 23 23  4.120  1.11  24
