   100000  40.759066 -124.246297    17.015       -9.6       30.3       -5.1     35.9     62.4     37.4 2020  1  1  4 18 17.380  0.00  52
   100001  40.758777 -124.246200    17.018       -1.4       -1.8       -2.5     31.3     24.4     27.2 2020  1  3 12  6 10.660  0.00  52
   100002  40.758960 -124.246265    17.011       -6.9       18.5       -8.6     38.8     37.8     36.4 2020  1 10  5 38 39.760  0.00  52
   100003  40.758907 -124.245801    16.961       32.3       12.7      -58.9     51.8     38.7     73.5 2020  7  2 10 37 18.320  0.00  52
   100006  40.758858 -124.245825    16.973       30.2        7.2      -46.5     54.1     19.7     66.8 2020  8 26 17  5  7.560  0.00  52
   100008  40.759049 -124.246224    17.008       -3.4       28.5      -12.0     35.7     50.2     46.2 2021  2 26 17 10 55.880  0.00  52
   100009  40.758944 -124.246281    17.012       -8.2       16.7       -7.9     33.2     35.5     43.4 2021  8  4 13  4 50.340  0.00  52
   100010  40.757332 -124.245736    16.941       37.8     -162.2      -79.4     57.2     94.5     74.0 2021  8 31  4 21  7.080  0.00  52
   100012  40.757121 -124.245719    16.927       39.2     -185.7      -93.0     55.8     92.0     72.2 2021 10 14  9 39 56.740  0.00  52
   100017  40.758826 -124.246200    17.013       -1.4        3.6       -7.3     32.6     21.3     31.5 2022  7 21  0 22 10.260  0.00  52
   100018  40.758822 -124.246248    17.023       -5.5        3.2        3.0     23.1     18.7     35.9 2022  8  5 18 16 27.220  0.00  52
   100021  40.758834 -124.246257    17.022       -6.2        4.5        2.4     26.1     20.3     24.1 2022  8 21  7 16 43.100  0.00  52
   100022  40.758809 -124.246191    17.019       -0.7        1.8       -1.2     20.6     16.2     36.9 2022  8 24  0 39 13.140  0.00  52
   100023  40.758850 -124.246224    17.020       -3.4        6.3       -0.4     17.4     31.0     23.1 2022  8 26 13 46 28.200  0.00  52
   100028  40.758809 -124.246167    17.015        1.4        1.8       -4.7     28.4     16.9     29.7 2022  9 18  2 25 38.720  0.00  52
   100029  40.758834 -124.246232    17.020       -4.1        4.5       -0.3     19.1     19.6     30.6 2022  9 24  0 15 43.900  0.00  52
   100030  40.758818 -124.246183    17.016        0.0        2.7       -3.9     25.1     16.1     34.9 2022 10  1  3  9  7.860  0.00  52
   100031  40.758801 -124.246208    17.018       -2.1        0.9       -2.0     28.2     18.0     25.1 2022 10 16 12  4 20.320  0.00  52
   100032  40.758818 -124.246183    17.016        0.0        2.7       -4.0     25.1     16.1     35.1 2022 10 18  3 13  8.320  0.00  52
   100034  40.758850 -124.246257    17.023       -6.2        6.3        2.6     21.9     25.3     20.0 2022 10 25 11 16 30.760  0.00  52
   100036  40.758834 -124.246362    17.022      -15.1        4.5        2.4     40.6     29.2     23.9 2022 11 30 15  7  3.540  0.00  52
   110286  40.758805 -124.246240    17.034       -4.8        1.4       13.9     26.6     20.8     27.8 2023  5 27 14 43 32.110  1.31  52
