   107464  40.380603 -124.528320    27.666       13.8      -24.4      -73.6     46.7     76.8     72.0 2020  3 18 22 14 12.440  0.00  25
   107467  40.381938 -124.528613    27.736      -11.1      123.8       -4.3     49.6     79.1     78.8 2020  3 18 22 40  6.880  0.00  25
   107472  40.379390 -124.527523    27.325       81.5     -159.0     -414.8     56.3    110.8    127.5 2020  5 10 13 14  2.440  0.00  25
   107473  40.377559 -124.529232    27.555      -63.6     -362.4     -184.9     67.9    179.0    126.9 2020  5 16 23  7 35.120  0.00  25
   107476  40.381234 -124.528442    27.720        3.5       45.6      -19.7     36.6     84.6     64.0 2020  7  2  4  6 42.660  0.00  25
   107481  40.381152 -124.528979    27.822      -42.2       36.6       82.4     50.1     83.0     71.5 2020  7 20 23 54 26.140  0.00  25
   107482  40.380660 -124.528451    27.759        2.8      -18.1       19.0     34.6     80.8     70.1 2020  8  4  9 35 27.100  0.00  25
   107484  40.379948 -124.529069    27.799      -49.8      -97.1       59.0     57.2    132.5     84.3 2020  8 22  1  0 17.680  0.00  25
   107487  40.380615 -124.528312    27.711       14.5      -23.0      -28.5     48.4     80.5     74.8 2020 10 27 18 56  9.260  0.00  25
   107488  40.380562 -124.528369    27.717        9.7      -28.9      -23.0     43.8     76.0     66.0 2020 10 29 16 48 21.620  0.00  25
   107491  40.380758 -124.528426    27.722        4.8       -7.2      -17.6     42.2     78.9     64.7 2020 11 15  6 10 39.440  0.00  25
   107492  40.380900 -124.528564    27.749       -6.9        8.6        8.5     31.7     73.0     44.4 2020 11 15  4 31  1.960  0.00  25
   107494  40.380542 -124.528475    27.737        0.7      -31.2       -3.0     35.9     70.2     60.2 2020 12 21  0 56 26.380  0.00  25
   107496  40.380583 -124.528914    27.758      -36.6      -26.7       18.1     45.8     98.3     58.5 2020 12 26 18 49 37.200  0.00  25
   107497  40.380843 -124.528727    27.768      -20.7        2.3       27.8     32.4     61.6     51.5 2021  3 13 10 10  5.340  0.00  25
   107498  40.381787 -124.528223    27.687       22.1      107.1      -52.6     59.9    102.6    100.4 2021  4  8 21 40 58.200  0.00  25
   107506  40.381925 -124.527490    27.684       84.3      122.4      -55.7     82.0    156.5    113.9 2021  6  2  5  7 25.060  0.00  25
   107507  40.380819 -124.528507    27.731       -2.1       -0.5       -8.9     38.6     61.7     52.7 2021  6  8 16 30  4.700  0.00  25
   107514  40.380371 -124.528687    27.759      -17.3      -50.2       19.2     42.2     82.5     62.9 2021 10 23  4 40  5.460  0.00  25
   107515  40.380351 -124.529264    27.842      -66.3      -52.4      101.7     66.7    129.6     90.4 2021 10 29 15 30 15.320  0.00  25
   107516  40.380554 -124.529240    27.836      -64.3      -29.8       95.8     56.0    121.2     88.7 2021 10 29 14 41 45.020  0.00  25
   107518  40.380554 -124.528328    27.700       13.1      -29.8      -40.4     54.0     81.3     72.8 2021 10 31 14 53 45.320  0.00  25
   107519  40.380208 -124.528320    27.684       13.8      -68.2      -55.7     43.9     73.6     65.0 2021 10 31 14 28 41.000  0.00  25
   107524  40.380603 -124.528394    27.724        7.6      -24.4      -16.2     36.1     61.0     57.5 2021 11 22  7 24 49.740  0.00  25
   107525  40.380827 -124.528467    27.741        1.4        0.5        1.3     36.1     61.6     56.1 2021 11 22  4  0 43.140  0.00  25
   107526  40.380705 -124.528402    27.743        6.9      -13.1        2.5     40.8     65.1     65.0 2021 11 29 14  6 53.300  0.00  25
   107527  40.380750 -124.529346    27.819      -73.3       -8.1       78.8     57.1    118.2     80.6 2021 12  3  5 48 40.960  0.00  25
   107528  40.380762 -124.529069    27.817      -49.8       -6.8       77.0     49.2    102.5     77.9 2021 12 13 23 35 57.160  0.00  25
   107533  40.381010 -124.528507    27.742       -2.1       20.8        1.8     29.1     82.9     41.2 2022  2  8 12 54 35.300  0.00  25
   107538  40.380762 -124.528475    27.733        0.7       -6.8       -7.4     40.6     61.4     54.3 2022  3 19 23 26 39.880  0.00  25
   107539  40.380758 -124.528426    27.738        4.8       -7.2       -2.0     40.4     66.6     56.4 2022  3 20 13 12 27.460  0.00  25
   107541  40.379484 -124.529012    27.762      -44.9     -148.7       22.2     36.1     72.1     49.0 2022  4  5  0 55 37.240  0.00  25
   107544  40.381250 -124.528158    27.725       27.6       47.4      -14.9     46.6     86.3     62.3 2022  5 10 16 59 43.560  0.00  25
   107545  40.381278 -124.528149    27.724       28.3       50.6      -16.5     49.3     94.2     65.9 2022  5 10 16 14 58.500  0.00  25
   107546  40.380607 -124.528882    27.786      -33.9      -23.9       45.8     40.3     88.1     63.4 2022  5 13 23 15  7.460  0.00  25
   107547  40.380143 -124.528133    27.680       29.7      -75.5      -60.4     66.4    109.6     79.6 2022  5 22 20 33 55.540  0.00  25
   107548  40.379610 -124.528955    27.738      -40.1     -134.6       -1.8     49.2    125.1     56.0 2022  5 30  1 43 50.600  0.00  25
   107556  40.380701 -124.528947    27.775      -39.4      -13.6       34.7     40.3     84.6     58.0 2022  8 11 16 19 20.340  0.00  25
   107557  40.380632 -124.528768    27.768      -24.2      -21.2       27.5     34.6     75.3     55.9 2022  8 12 23 24 23.280  0.00  25
   107558  40.380904 -124.528564    27.733       -6.9        9.0       -7.5     29.9     81.4     43.5 2022  8 14 12 51 42.480  0.00  25
   107559  40.381087 -124.528402    27.714        6.9       29.4      -26.4     48.0     83.7     61.5 2022  9 21 13 36 27.500  0.00  25
   107560  40.380770 -124.528459    27.741        2.1       -5.9        1.0     40.0     62.1     54.8 2022  9 26 23 50 11.680  0.00  25
   107567  40.380737 -124.529484    27.829      -85.0       -9.5       88.6     62.1    127.7     87.7 2022  9 26 23  9 34.060  0.00  25
   107571  40.380965 -124.529460    27.835      -82.9       15.8       95.1     62.2    122.8     87.5 2022 11 14 17  2 42.680  0.00  25
   110438  40.380945 -124.528385    27.742        8.3       13.6        1.9     28.8     54.1     45.6 2023  3  4 21 15 32.500  1.55  25
