   102900  40.394055 -124.512354    21.040     1048.8     -264.3     1287.1    150.7    256.0    179.2 2020  1  7 21 14 24.860  0.00  68
   102901  40.396944 -124.513070    21.179      988.0       56.5     1426.6    223.5    282.4    211.9 2020  2  9 15 30  9.720  0.00  68
   102903  40.394621 -124.512728    21.132     1017.0     -201.5     1379.4    145.2    316.6    186.9 2020  4 20 21 58  8.780  0.00  68
   102904  40.394722 -124.512061    20.974     1073.7     -190.2     1220.7    163.1    218.3    245.6 2021 11 29 10 14 46.380  0.00  68
   104441  40.399670 -124.523747    18.295       81.5      359.2    -1457.6    284.7    385.1    653.2 2020  5 12 17 39 10.980  0.00  68
   104442  40.402824 -124.525684    18.466      -82.9      709.4    -1286.8    214.0    310.2    331.4 2020  5 17 18 32 25.060  0.00  68
   104451  40.402006 -124.525138    18.303      -36.6      618.6    -1449.5    181.6    248.8    336.0 2021  8  3  7  2 26.040  0.00  68
   104471  40.402307 -124.525895    19.043     -100.9      652.0     -709.7    219.7    425.6    447.6 2022  7  3 15 13  0.180  0.00  68
   109737  40.396977 -124.538135    18.323    -1140.0       60.1    -1429.6    116.7    183.3    194.1 2021 11 29 18 57 25.040  0.00  68
   109738  40.397144 -124.538330    18.308    -1156.6       78.6    -1444.7    124.8    195.3    191.5 2022  9 22  8 38  4.380  0.00  68
   110310  40.393917 -124.511873    20.985     1089.6     -279.7     1231.8    114.3    197.6    136.3 2022 12 24  5 13  7.020  2.60  68
   110339  40.401554 -124.524471    18.183       20.0      568.4    -1570.2    162.2    264.7    306.6 2023  1 30 19 45 47.760  1.21  68
   110684  40.397921 -124.538721    18.302    -1189.7      164.9    -1451.3    115.8    182.1    185.9 2023  3 16 11 19 56.420  1.21  68
