   102900  40.394438 -124.512419    21.058     1043.3     -221.8     1304.8    159.8    271.1    189.0 2020  1  7 21 14 24.860  0.00  68
   102901  40.396362 -124.513045    21.160      990.1       -8.1     1407.2    239.5    311.7    231.4 2020  2  9 15 30  9.720  0.00  68
   102903  40.394678 -124.512614    21.110     1026.7     -195.2     1357.0    147.4    330.2    189.4 2020  4 20 21 58  8.780  0.00  68
   102904  40.394938 -124.512256    21.003     1057.1     -166.3     1249.9    171.8    219.3    255.6 2021 11 29 10 14 46.380  0.00  68
   104441  40.400387 -124.524259    18.461       38.0      438.7    -1291.4    301.3    407.0    658.3 2020  5 12 17 39 10.980  0.00  68
   104442  40.402580 -124.525488    18.392      -66.3      682.3    -1361.1    230.5    336.0    361.6 2020  5 17 18 32 25.060  0.00  68
   104451  40.401827 -124.525049    18.301      -29.0      598.7    -1452.0    200.7    275.4    366.1 2021  8  3  7  2 26.040  0.00  68
   104471  40.402311 -124.525439    18.940      -62.2      652.4     -812.9    236.5    446.2    488.8 2022  7  3 15 13  0.180  0.00  68
   109737  40.397021 -124.538192    18.331    -1144.8       65.1    -1422.0    127.5    197.6    208.2 2021 11 29 18 57 25.040  0.00  68
   109738  40.397046 -124.538281    18.303    -1152.4       67.8    -1449.4    136.4    212.4    207.4 2022  9 22  8 38  4.380  0.00  68
   110310  40.393807 -124.511833    20.987     1093.0     -291.9     1234.1    100.2    188.6     80.2 2022 12 24  5 13  7.020  2.60  68
   110339  40.401461 -124.524544    18.208       13.8      558.0    -1544.6    183.9    288.3    337.2 2023  1 30 19 45 47.760  1.21  68
   110684  40.397925 -124.538704    18.299    -1188.3      165.4    -1453.7    124.8    194.5    197.3 2023  3 16 11 19 56.420  1.21  68
