   104947  40.376440 -124.586410    27.432       46.3      269.3      -77.7     31.2     59.3     46.7 2020  1 27  3 33 37.900  0.00  23
   104948  40.374504 -124.587085    27.545      -11.1       54.2       35.3     23.5     41.3     36.5 2020  3 15 11  8 54.480  0.00  23
   104949  40.374878 -124.587386    27.762      -36.6       95.8      252.2     39.2     55.8     65.8 2020  3 15 10 40 25.300  0.00  23
   104950  40.375549 -124.586214    27.465       62.9      170.3      -45.0     34.2     58.8     42.6 2020  3 24 22 40 56.940  0.00  23
   104951  40.374361 -124.587020    27.509       -5.5       38.4       -1.1     26.2     32.7     45.5 2020  3 29 19 50 48.940  0.00  23
   104952  40.375362 -124.586377    27.444       49.1      149.6      -66.2     32.0     54.1     52.7 2020  5 20 21 10 40.540  0.00  23
   104953  40.374048 -124.586947    27.564        0.7        3.6       53.8     36.1     51.2     53.8 2020  5 28  3 30 49.200  0.00  23
   104954  40.375313 -124.586458    27.492       42.2      144.1      -17.7     31.1     57.5     46.3 2020  6 11  3 50 51.180  0.00  23
   104955  40.372461 -124.589372    28.285     -205.3     -172.6      775.2     94.4    124.5    147.6 2020  6 14  8 41  4.880  0.00  23
   104956  40.374988 -124.586410    27.430       46.3      108.0      -80.3     30.9     47.5     51.0 2020  7 14  7 25 47.800  0.00  23
   104958  40.375907 -124.588745    27.991     -152.0      210.1      481.1     39.5     82.1     96.1 2020  9 10  2  4 47.040  0.00  23
   104959  40.375175 -124.586361    27.463       50.5      128.8      -46.7     32.6     58.6     55.3 2020  9 12 10 40  0.480  0.00  23
   104960  40.373527 -124.587004    27.485       -4.1      -54.2      -25.3     27.7     65.7     55.3 2020  9 19  0 33 31.640  0.00  23
   104961  40.374837 -124.587850    27.729      -76.0       91.3      219.0     29.7     50.0     80.2 2020  9 23  9 31 47.320  0.00  23
   104962  40.374410 -124.587834    27.761      -74.6       43.8      250.5     32.2     60.3     72.4 2020  9 29  9 57 55.960  0.00  23
   104964  40.375761 -124.588713    27.843     -149.3      193.8      332.8     32.0     60.5     90.7 2020 12  8 16 42 53.280  0.00  23
   104965  40.374064 -124.587142    27.522      -15.9        5.4       11.8     23.5     39.0     53.3 2020 12 10 19 49 14.260  0.00  23
   104966  40.376038 -124.586051    27.358       76.7      224.6     -151.9     38.7     61.7     64.3 2020 12 22 14 35 10.320  0.00  23
   104967  40.374837 -124.586589    27.395       31.1       91.3     -115.2     51.5     91.5     98.3 2021  3  6 12 54 27.660  0.00  23
   104969  40.376489 -124.585620    27.341      113.3      274.7     -169.0     41.4     78.3     84.9 2021  5 20  0 50 18.180  0.00  23
   104972  40.374866 -124.587752    27.782      -67.7       94.4      272.0     33.8     54.4     79.8 2021  6 11  8 31 33.560  0.00  23
   104973  40.376115 -124.588900    28.301     -165.2      233.1      791.2     44.7     90.3     96.7 2021  6 20  1 41 22.180  0.00  23
   104974  40.373950 -124.586947    27.502        0.7       -7.2       -8.2     29.0     47.7     45.8 2021  7 20 15  5 21.760  0.00  23
   104975  40.372681 -124.587069    27.480       -9.7     -148.2      -30.0     26.4     65.0     57.7 2021  8 28 19 21 44.180  0.00  23
   104976  40.373881 -124.587118    27.578      -13.8      -14.9       68.5     30.3     27.6     57.6 2021  9 27  1  3 32.360  0.00  23
   104977  40.373360 -124.586841    27.490        9.7      -72.7      -20.2     28.2     48.8     43.0 2021 10  6 22  3 24.840  0.00  23
   104978  40.376237 -124.589469    28.160     -213.6      246.7      649.6     62.6    133.1    102.3 2021 11  1  3 56 53.200  0.00  23
   104980  40.372180 -124.587386    27.597      -36.6     -203.8       87.3     33.9     65.6     32.2 2022  2  6 21 50 37.360  0.00  23
   104981  40.374532 -124.587109    27.593      -13.1       57.4       83.2     24.3     45.6     51.6 2022  3 11  9 43 29.740  0.00  23
   104982  40.375151 -124.586125    27.419       70.5      126.1      -91.5     34.8     54.9     68.9 2022  4  3  8 24 39.320  0.00  23
   104983  40.376054 -124.586304    27.500       55.3      226.4       -9.7     29.9     62.6     64.3 2022  4 19 22 16 25.080  0.00  23
   104984  40.368734 -124.586011    27.078       80.2     -586.5     -432.3     69.1    139.9    143.1 2022  5  9 21 52  8.060  0.00  23
   104987  40.373910 -124.586922    27.484        2.8      -11.7      -25.9     25.8     40.7     43.2 2022  6 17 10 22 17.000  0.00  23
   104988  40.373946 -124.586898    27.481        4.8       -7.7      -29.4     26.8     38.5     44.9 2022  6 17 10 46 26.820  0.00  23
   104990  40.375468 -124.586304    27.417       55.3      161.3      -93.5     33.6     55.5     56.9 2022  6 24  5  4 53.800  0.00  23
   104991  40.374703 -124.587931    27.624      -82.9       76.4      113.6     59.0     60.3    106.7 2022  7 27  4 54 13.900  0.00  23
   104993  40.372347 -124.588802    27.698     -156.9     -185.3      188.2     53.4    120.3     88.5 2022  8 11  4 39 15.140  0.00  23
   104994  40.375505 -124.586157    27.437       67.7      165.4      -73.0     34.6     57.5     61.5 2022  8 17  8 25 46.520  0.00  23
   104995  40.374007 -124.587020    27.512       -5.5       -0.9        2.1     27.7     51.6     44.9 2022  8 30 23 11 16.520  0.00  23
   104996  40.374955 -124.588159    27.912     -102.3      104.4      402.3     28.3     64.8     79.8 2022 10 11 17 23 22.920  0.00  23
   104997  40.374784 -124.586735    27.476       18.7       85.4      -34.0     28.1     44.1     43.7 2022 10 11 14  2 49.700  0.00  23
   104998  40.376949 -124.586255    27.347       59.4      325.8     -163.0     23.6     73.9     68.5 2022 10 11 17 30 39.280  0.00  23
   104999  40.373698 -124.587036    27.515       -6.9      -35.2        4.9     28.9     65.2     58.0 2022 10 24 20  5 38.420  0.00  23
   105000  40.376095 -124.585889    27.352       90.5      230.9     -158.3     41.7     66.1     72.4 2022 11 14  0 17 50.340  0.00  23
   105001  40.373971 -124.587028    27.554       -6.2       -5.0       43.6     30.9     39.5     52.6 2022 11 20 20 20 39.340  0.00  23
   105002  40.372253 -124.587614    27.644      -56.0     -195.6      133.5     33.8     60.0     45.2 2022 11 27  4  0 20.280  0.00  23
   110356  40.373352 -124.587004    27.481       -4.1      -73.6      -28.5     24.4     37.1     41.6 2023  5 27  0 55 22.180  2.59  23
