   102177  40.291785 -124.483122    26.435      913.4      515.1     5316.0     27.9     60.0     32.6 2020  4  1 11 46 58.040  0.00   2
   102179  40.292448 -124.491268    25.697      220.7      588.7     4578.3     19.2     68.3     24.0 2022  4 28 10 58 15.600  0.00   2
   102611  40.294035 -124.551449    23.151    -4896.5      764.9     2032.5     12.6     21.8     16.2 2020  1 28  5 11 32.240  0.00   2
   102614  40.298079 -124.552987    23.139    -5027.1     1214.1     2020.2     20.0     31.0     25.7 2020  2 19  4 37 44.400  0.00   2
   102615  40.295341 -124.551587    23.086    -4908.2      910.0     1967.0      9.1     24.2     17.3 2020  3  2 21 56 10.200  0.00   2
   102616  40.293616 -124.550716    23.126    -4834.2      718.4     2007.0     15.5     14.8      9.0 2020  3 12 13 19 53.560  0.00   2
   102617  40.287553 -124.553475    23.063    -5069.0       45.2     1943.7     11.4     31.9     15.5 2020  3 19  2  9 47.580  0.00   2
   102618  40.294824 -124.551294    23.087    -4883.3      852.6     1968.1      8.5     12.0     11.2 2020  3 24  8  3 36.860  0.00   2
   102619  40.293070 -124.551261    22.984    -4880.6      657.9     1864.7     24.9     27.2     22.5 2020  5  3 14  1 39.440  0.00   2
   102620  40.302421 -124.551196    22.689    -4874.7     1696.1     1570.0     13.5     30.2     24.8 2020  5  8  2 59 28.200  0.00   2
   102621  40.297823 -124.550505    22.734    -4816.1     1185.6     1615.4     14.0     43.7     30.4 2020  5 20  5 59 56.040  0.00   2
   102622  40.294076 -124.551864    23.149    -4931.8      769.5     2029.8      5.5     11.9      8.8 2020  5 25 11 34 11.100  0.00   2
   102623  40.293738 -124.551823    23.182    -4928.3      732.0     2063.2      7.5     13.2     10.1 2020  6 17  9 38  2.760  0.00   2
   102626  40.293014 -124.551644    23.200    -4913.1      651.5     2081.4      5.6     18.5     12.2 2020  7 30 14 15 55.420  0.00   2
   102627  40.293323 -124.551449    23.204    -4896.5      685.9     2085.3      6.4     18.5     13.6 2020  8  6  9 43  0.900  0.00   2
   102628  40.294604 -124.552344    23.129    -4972.6      828.2     2010.2     14.2     17.7     15.1 2020  8 12  9 16 12.860  0.00   2
   102629  40.295048 -124.552531    23.204    -4988.5      877.4     2084.7     15.2     15.3     10.6 2020  8 30 19 11 39.340  0.00   2
   102630  40.294661 -124.550773    23.147    -4839.0      834.5     2028.5     22.6     31.0     20.3 2020  9  4 12  2 45.620  0.00   2
   102631  40.294405 -124.552417    23.200    -4978.8      806.1     2081.2     20.7     84.6     53.5 2020  9 14  2 37 30.160  0.00   2
   102632  40.293624 -124.551685    23.189    -4916.6      719.3     2070.6      8.3     21.4     13.3 2020 10 22  1 28 26.760  0.00   2
   102633  40.294840 -124.551872    23.139    -4932.4      854.4     2020.5     10.5     15.7     10.8 2020 10 29  4 23 31.560  0.00   2
   102636  40.292985 -124.551921    23.190    -4936.6      648.4     2071.3      7.5     18.9     13.7 2020 11 12  0 59 20.320  0.00   2
   102637  40.294788 -124.552799    23.151    -5011.3      848.5     2031.9     11.9     17.2     14.6 2020 11 22  4 28 11.800  0.00   2
   102638  40.294027 -124.551449    23.147    -4896.5      764.0     2028.2      8.1     16.7     12.1 2020 11 24  4 43  2.220  0.00   2
   102640  40.289962 -124.551693    23.353    -4917.4      312.7     2233.6      9.7     19.5     13.3 2020 12 20 20 43  7.720  0.00   2
   102643  40.298645 -124.554126    23.109    -5124.0     1276.9     1989.7     24.8     29.1     20.2 2021  4  2  8 21 40.740  0.00   2
   102644  40.294312 -124.552458    23.049    -4982.3      795.7     1929.7     10.6      9.4     20.5 2021  4  2 10  4 11.960  0.00   2
   102645  40.295516 -124.553092    23.107    -5036.2      929.4     1988.2     15.9     20.7     13.4 2021  4  2  8 33 31.360  0.00   2
   102646  40.294218 -124.552360    23.121    -4974.0      785.3     2002.3      8.8     17.7     12.1 2021  4  3  8 46 31.580  0.00   2
   102648  40.292993 -124.551725    23.203    -4920.0      649.3     2084.4      5.8     18.1     12.3 2021  4  4 22 47 31.720  0.00   2
   102649  40.293783 -124.551595    23.172    -4908.9      736.9     2053.2     20.2     33.1     20.7 2021  4  6 18 44  3.960  0.00   2
   102650  40.294259 -124.551855    23.160    -4931.1      789.8     2041.0      6.8     13.7     11.9 2021  4 16  7 34 37.420  0.00   2
   102652  40.300814 -124.553076    23.263    -5034.6     1517.7     2144.1     30.2     49.1     34.9 2021  4 24 10 54 59.700  0.00   2
   102653  40.294307 -124.552946    23.110    -5023.8      795.2     1990.9     10.7     25.2     17.0 2021  5 11 10 53 45.640  0.00   2
   102654  40.294690 -124.552596    23.137    -4994.0      837.7     2017.6     10.9     15.3     15.2 2021  5 18  7  9  4.920  0.00   2
   102655  40.294625 -124.552051    23.114    -4947.7      830.5     1995.0      9.2     14.9     10.5 2021  6  5 23 47 43.440  0.00   2
   102656  40.293762 -124.552083    23.141    -4950.5      734.7     2022.4      7.1     10.1     10.6 2021  7 10 10 32  6.000  0.00   2
   102657  40.294100 -124.551799    23.138    -4926.2      772.2     2019.6      7.5     10.1     10.2 2021  7 10 10 35 55.320  0.00   2
   102658  40.294413 -124.551831    23.130    -4929.0      807.0     2010.9      5.0     13.7     10.2 2021  7 10 10 44 51.580  0.00   2
   102659  40.294088 -124.551904    23.153    -4935.2      770.8     2034.3      7.0     14.4     10.2 2021  7 10 11 32 17.980  0.00   2
   102660  40.295072 -124.551847    23.154    -4930.3      880.2     2034.7      5.7     14.2     11.0 2021  7 10 12 22  8.220  0.00   2
   102661  40.294470 -124.551758    23.164    -4922.8      813.3     2045.1      8.2     14.2      9.0 2021  7 11  0 11 56.640  0.00   2
   102662  40.292733 -124.551563    23.222    -4906.2      620.4     2103.2     22.2     27.7     21.1 2021  8 14  7 32 23.840  0.00   2
   102663  40.294478 -124.551864    23.119    -4931.7      814.2     1999.7     11.5     14.2     11.0 2021  8 17  5  4 32.220  0.00   2
   102664  40.293852 -124.552743    23.136    -5006.5      744.6     2017.3      6.0     14.1      9.0 2021 10 17 20 33  5.600  0.00   2
   102665  40.294275 -124.551432    23.161    -4895.1      791.6     2042.2      5.1     11.2      9.7 2021 11  4  7 34 53.420  0.00   2
   102666  40.293791 -124.551245    23.132    -4879.2      737.8     2013.0      9.7     11.7     10.3 2021 11 17  7 26 36.100  0.00   2
   102667  40.293901 -124.551611    23.157    -4910.3      750.0     2038.5      5.5     10.9      9.3 2021 12  3 14  3  8.220  0.00   2
   102669  40.293343 -124.551034    23.202    -4861.2      688.1     2083.6      8.1     16.6     13.8 2021 12 20 23 12 47.680  0.00   2
   102670  40.294686 -124.552189    23.098    -4959.4      837.2     1979.1      7.2     17.6     10.7 2021 12 21 19 14 52.560  0.00   2
   102671  40.289156 -124.552148    23.176    -4956.2      223.2     2057.2     10.1     36.0     23.6 2021 12 21  0  6 44.760  0.00   2
   102673  40.294649 -124.551668    23.244    -4915.1      833.2     2125.5     16.9     32.6     19.2 2021 12 26  0 58 31.020  0.00   2
   102674  40.293827 -124.552433    23.171    -4980.2      741.9     2052.0      6.8     12.9      9.3 2021 12 27 21 23 56.940  0.00   2
   102675  40.294637 -124.552588    23.242    -4993.3      831.8     2122.7     15.1     24.9     17.7 2021 12 28 23 42 32.980  0.00   2
   102677  40.294145 -124.552214    23.159    -4961.5      777.1     2040.3      6.2     10.7     10.1 2021 12 30 21 50 15.320  0.00   2
   102678  40.282780 -124.552848    23.099    -5015.9     -484.8     1980.2     17.9     54.5     30.9 2021 12 31 23 44 46.660  0.00   2
   102679  40.293962 -124.551685    23.169    -4916.5      756.8     2050.6      6.8     15.7     11.2 2022  1  6 21 51 26.240  0.00   2
   102684  40.294438 -124.552035    23.091    -4946.3      809.7     1971.9     10.6     16.9     12.7 2022  2 12 18 43 42.940  0.00   2
   102685  40.293669 -124.551790    23.150    -4925.5      724.3     2030.8      6.6     14.7     11.5 2022  3  2 23 19 59.800  0.00   2
   102686  40.292598 -124.551066    23.191    -4864.0      605.4     2071.9     23.6     35.1     21.9 2022  3  2 16  8  3.180  0.00   2
   102687  40.298022 -124.552523    23.306    -4987.7     1207.7     2186.9     33.9     50.4     27.1 2022  3  9 13 42 16.640  0.00   2
   102691  40.293795 -124.551750    23.170    -4922.1      738.3     2051.6      6.5     15.1     11.7 2022  5 18 18  7 36.080  0.00   2
   102692  40.294255 -124.552458    23.113    -4982.3      789.3     1994.1      8.1     12.0      8.4 2022  5 21 20  6 56.040  0.00   2
   102693  40.295276 -124.552417    23.084    -4978.8      902.7     1965.1     12.3     16.7     15.6 2022  6 20  7 39 31.020  0.00   2
   102694  40.295085 -124.551896    23.114    -4934.5      881.5     1995.2      8.0     17.5     13.4 2022  6 27  7 43 34.160  0.00   2
   102695  40.295972 -124.551196    23.133    -4874.9      980.0     2013.9     14.8     28.4     16.1 2022  7 18  1 42 42.840  0.00   2
   102696  40.295642 -124.552743    23.090    -5006.4      943.4     1971.6     13.7     29.7     19.5 2022  7 28  7 20 33.000  0.00   2
   102697  40.294356 -124.551750    23.163    -4922.1      800.6     2044.5      7.0     14.6     11.5 2022  8  2  3 23 52.420  0.00   2
   102698  40.294145 -124.552327    23.053    -4971.2      777.1     1934.4     11.9     15.7     21.6 2022  8 16 18 15 25.220  0.00   2
   102699  40.295011 -124.551823    23.135    -4928.3      873.4     2015.8      9.2     21.6     13.1 2022  9 16  6  1  5.000  0.00   2
   102700  40.294938 -124.552482    23.104    -4984.3      865.2     1984.9     10.8     18.4     11.4 2022  9 19  4 54 39.760  0.00   2
   102702  40.293534 -124.551693    23.102    -4917.2      709.4     1983.5      8.6     13.3     12.4 2022 10  5  5 11 18.160  0.00   2
   102705  40.294421 -124.551986    23.151    -4942.1      807.9     2032.3      6.4     10.0      8.4 2022 11  1  9 40 50.800  0.00   2
   102706  40.294775 -124.551099    23.193    -4866.7      847.2     2074.0     22.3     30.4     24.0 2022 11 27 18  0 57.680  0.00   2
   103181  40.281128 -124.470020    20.550     2027.7     -668.2     -568.6     18.3     26.2     16.5 2020  1 11  1 31 54.420  0.00   2
   103185  40.280591 -124.469458    20.375     2075.5     -727.9     -743.7     20.2     23.5     25.1 2020  3 20  0 26 38.040  0.00   2
   103189  40.287948 -124.467855    20.609     2211.7       89.0     -509.7     13.6     29.8     18.1 2020  5 27  2 48 16.160  0.00   2
   103193  40.283830 -124.469523    20.395     2069.9     -368.2     -723.5      8.5     20.6     14.1 2020  7 17 21 44  7.800  0.00   2
   103194  40.282418 -124.469368    20.343     2083.0     -525.0     -775.7     11.9     15.4     24.7 2020  8 11  2 18 34.020  0.00   2
   103195  40.282739 -124.469661    20.373     2058.1     -489.3     -745.4     10.1      9.9     12.3 2020  9  3 21 10 12.920  0.00   2
   103196  40.283545 -124.470215    20.340     2011.1     -399.9     -779.2     10.8     13.9     17.5 2020  9 30 18 18  5.760  0.00   2
   103197  40.283211 -124.470207    20.333     2011.8     -436.9     -785.6     10.6     12.6     20.3 2020 10 13 14 33 43.200  0.00   2
   103199  40.275850 -124.470076    20.888     2022.9    -1254.3     -231.2     25.8     43.6     44.0 2020 11 26  8 19 30.520  0.00   2
   103201  40.285299 -124.469385    20.444     2081.6     -205.1     -675.0     17.4     31.0     44.0 2020 12 24  9 22 40.660  0.00   2
   103203  40.290063 -124.468197    20.516     2182.6      324.0     -602.8     11.2     27.7     22.8 2021  2 24 19 37  0.500  0.00   2
   103204  40.281091 -124.470402    20.216     1995.2     -672.3     -902.9     16.7     29.4     32.1 2021  3 22 10 31  8.140  0.00   2
   103206  40.281734 -124.470369    20.197     1997.9     -600.9     -921.9     15.7     22.0     31.1 2021  4 24  6 17 31.180  0.00   2
   103207  40.282125 -124.470174    20.477     2014.5     -557.6     -641.7      7.8     12.3     12.5 2021  5  2  8  9 31.120  0.00   2
   103210  40.283480 -124.469946    20.307     2033.9     -407.1     -812.0     11.7     16.3     18.5 2021  8  5 10 16 23.100  0.00   2
   103211  40.282487 -124.470117    20.190     2019.4     -517.3     -929.0     17.5     16.3     35.2 2021  9  5 23  3 58.160  0.00   2
   103213  40.282686 -124.468734    20.479     2137.0     -495.2     -639.7     12.3     26.2     15.5 2021 10  6  9  9 39.160  0.00   2
   103214  40.269995 -124.466203    20.660     2352.5    -1904.4     -459.3     16.7     21.4     19.9 2021 10 12 11 29  9.760  0.00   2
   103216  40.281942 -124.469686    20.353     2056.1     -577.9     -765.9     12.1     13.0     14.7 2021 11  1 12 14 16.760  0.00   2
   103218  40.285510 -124.464486    21.018     2498.2     -181.6     -100.6     30.1     37.8     48.7 2021 12 20 23 42 18.160  0.00   2
   103219  40.285262 -124.468701    20.489     2139.7     -209.2     -629.6      7.4     25.9     12.7 2021 12 21 19 53 20.860  0.00   2
   103220  40.283610 -124.470394    20.475     1995.8     -392.6     -643.8     22.0     37.7     25.5 2021 12 21  3 25  2.140  0.00   2
   103221  40.283280 -124.470329    20.389     2001.4     -429.2     -730.2     11.5     20.0     16.4 2021 12 22 23 56  7.680  0.00   2
   103222  40.283655 -124.470239    20.426     2009.0     -387.7     -693.0     14.8     16.2     21.5 2021 12 22 22 10  3.600  0.00   2
   103225  40.284676 -124.469141    20.290     2102.4     -274.3     -828.6     12.4     46.1     25.9 2021 12 22 13 50  2.900  0.00   2
   103227  40.281962 -124.469596    20.498     2063.7     -575.6     -621.3      8.9     20.8     11.2 2021 12 22  6 22 18.920  0.00   2
   103229  40.283126 -124.469442    20.452     2076.8     -446.4     -666.6     12.4     24.8     19.5 2021 12 23 10 36 56.360  0.00   2
   103232  40.283329 -124.470076    20.357     2022.8     -423.8     -761.7     11.9     14.0     21.3 2021 12 25  4 27 30.000  0.00   2
   103233  40.283252 -124.469897    20.222     2038.1     -432.4     -896.8     13.9     22.8     30.9 2021 12 25 13  7 17.660  0.00   2
   103235  40.282361 -124.469637    20.361     2060.2     -531.3     -758.1     13.6     14.2     18.1 2021 12 26 18 24 14.980  0.00   2
   103237  40.282760 -124.470239    20.292     2009.0     -487.1     -827.2      9.6     14.4     17.1 2021 12 27  3 19 14.140  0.00   2
   103238  40.277568 -124.470630    20.372     1975.8    -1063.6     -746.9     19.2     35.0     16.6 2021 12 28 10 25 14.240  0.00   2
   103239  40.283378 -124.470215    20.350     2011.1     -418.4     -768.5     11.6     14.7     22.2 2021 12 29  5 39  1.000  0.00   2
   103241  40.281893 -124.469735    20.367     2051.9     -583.3     -752.2      8.8     16.1     13.9 2021 12 31 10 16 23.220  0.00   2
   103242  40.283268 -124.469987    20.204     2030.4     -430.6     -914.8     14.2     26.5     32.7 2022  1  6 15  3 53.600  0.00   2
   103246  40.279793 -124.468937    20.507     2119.8     -816.4     -612.2     22.5     26.9     28.4 2022  1  9 14 28 34.400  0.00   2
   103250  40.282996 -124.470003    20.356     2029.1     -460.9     -763.2     11.4     12.3     17.6 2022  1 12  6 38 12.400  0.00   2
   103252  40.283655 -124.470369    20.392     1997.9     -387.7     -727.3     12.6     16.6     21.7 2022  1 15 11  2 22.680  0.00   2
   103253  40.284021 -124.469344    20.391     2085.1     -347.0     -727.4     12.0     26.0     13.6 2022  1 15 11  7 24.280  0.00   2
   103254  40.277234 -124.470524    20.296     1984.9    -1100.6     -822.9     18.4     36.5     14.3 2022  1 15 23 42 27.860  0.00   2
   103255  40.283228 -124.470060    20.248     2024.2     -435.1     -870.6     13.3     17.5     20.7 2022  1 20 23 35 26.640  0.00   2
   103256  40.281942 -124.469670    20.472     2057.4     -577.9     -646.9     10.8     22.3      9.6 2022  1 20  3 44 25.400  0.00   2
   103257  40.282532 -124.470101    20.188     2020.8     -512.4     -930.8     15.4     10.7     31.4 2022  1 21  4 17 37.100  0.00   2
   103258  40.283260 -124.469263    20.516     2092.0     -431.5     -602.6      8.0     25.4     11.4 2022  1 21  4 17  1.760  0.00   2
   103261  40.282576 -124.469328    20.358     2086.5     -507.4     -761.1     13.6     13.3     15.2 2022  1 30  5 20 41.160  0.00   2
   103262  40.282857 -124.469385    20.370     2081.7     -476.2     -749.1     11.7     12.7     18.3 2022  1 30 18 14 11.380  0.00   2
   103263  40.283195 -124.470410    20.452     1994.5     -438.7     -667.3     20.0     19.1     29.3 2022  2  6 18 14 29.480  0.00   2
   103264  40.283537 -124.469157    20.482     2101.0     -400.8     -636.4     10.6     27.4     14.1 2022  2 15  3  8 21.340  0.00   2
   103265  40.283276 -124.470443    20.287     1991.7     -429.7     -831.4     11.8     14.3     19.3 2022  2 24 22 57  5.460  0.00   2
   103266  40.283484 -124.470728    20.346     1967.5     -406.6     -772.4     12.4     14.8     19.3 2022  2 24  2  6 53.360  0.00   2
   103267  40.280176 -124.470003    20.257     2029.1     -774.0     -861.4     16.2     24.6     24.7 2022  2 24 18  1 21.640  0.00   2
   103269  40.283984 -124.470451    20.414     1991.0     -351.1     -704.6     12.7     16.3     18.0 2022  3 29 10 35 52.340  0.00   2
   103270  40.281978 -124.470101    20.404     2020.8     -573.8     -714.9     10.1     20.7      9.6 2022  3 29 19 58  7.480  0.00   2
   103271  40.282450 -124.470117    20.315     2019.4     -521.4     -803.8     13.5     13.9     20.6 2022  3 31 14 40 40.040  0.00   2
   103272  40.282926 -124.469759    20.375     2049.8     -468.5     -743.8      8.2     22.3     15.5 2022  4  3 21  3 27.520  0.00   2
   103273  40.281913 -124.469694    20.276     2055.4     -581.0     -843.1     15.8     19.2     18.3 2022  4 10 13  3 18.560  0.00   2
   103274  40.284359 -124.469141    20.467     2102.4     -309.5     -651.8     12.1     31.0     17.1 2022  4 10 20 53 45.920  0.00   2
   103277  40.283016 -124.469889    20.300     2038.7     -458.6     -819.3     11.4     10.4     17.4 2022  4 19 18 43 36.400  0.00   2
   103279  40.281791 -124.470353    20.354     1999.3     -594.6     -764.6     10.4     23.5      9.9 2022  5 12 18 20 44.500  0.00   2
   103281  40.282454 -124.470093    20.393     2021.5     -521.0     -725.7      9.1     20.1     12.6 2022  6  9 20  8 46.080  0.00   2
   103283  40.282764 -124.469564    20.437     2066.4     -486.6     -681.5     13.0     17.8     21.9 2022  6 12  6 17 47.260  0.00   2
   103284  40.282715 -124.469482    20.362     2073.4     -492.0     -756.7     13.2      8.3     15.1 2022  6 20  3  5 25.720  0.00   2
   103285  40.283447 -124.470402    20.161     1995.1     -410.7     -958.1     16.1     23.1     34.4 2022  7  4  4 24 56.900  0.00   2
   103286  40.283663 -124.470923    20.487     1950.8     -386.8     -632.4     14.2     18.0     23.2 2022  8 12  8 24  9.100  0.00   2
   103288  40.283346 -124.470158    20.325     2015.9     -422.0     -793.6     12.2     13.3     22.1 2022  8 16  4  0 36.260  0.00   2
   103291  40.283382 -124.470003    20.378     2029.1     -417.9     -740.7     10.3     29.1     15.0 2022  9  6 14 16 14.840  0.00   2
   103292  40.282817 -124.470215    20.245     2011.1     -480.7     -873.7     12.2     19.1     25.1 2022  9  8 13 25 43.220  0.00   2
   103293  40.282125 -124.470150    20.316     2016.6     -557.6     -803.3     11.7     17.6     20.8 2022  9 12  9 10 21.960  0.00   2
   103294  40.280440 -124.469775    20.395     2048.5     -744.6     -723.7      8.8     24.8     15.2 2022  9 13 19 13 50.120  0.00   2
   103295  40.283427 -124.469987    20.165     2030.4     -413.0     -953.5     15.4     30.0     35.8 2022 10  9 14 38 43.840  0.00   2
   103297  40.282145 -124.470207    20.361     2011.8     -555.3     -757.9     13.1     16.7     18.4 2022 11 10  3 49 21.340  0.00   2
   104536  40.274150 -124.515413    21.493    -1832.6    -1443.1      374.5      7.9     11.8     12.6 2020  1 23  2 46 22.320  0.00   2
   104538  40.274198 -124.515633    21.495    -1851.3    -1437.7      375.7     10.0     13.2     12.4 2020  1 24 12 58 18.420  0.00   2
   104539  40.274630 -124.515853    21.471    -1870.0    -1389.8      352.0      8.0     11.9     12.0 2020  3 15  0 55 54.180  0.00   2
   104540  40.275183 -124.515137    21.363    -1809.1    -1328.4      244.0     11.6     24.2     15.0 2020  3 19 13  2 23.120  0.00   2
   104541  40.274988 -124.516284    21.458    -1906.7    -1350.1      338.9      9.7     12.8     12.5 2020  4  4 12 55 14.960  0.00   2
   104542  40.271155 -124.514307    21.668    -1738.6    -1775.7      548.7     25.6     60.8     50.3 2020  8  9  3 24  1.340  0.00   2
   104543  40.275228 -124.514884    21.146    -1787.6    -1323.4       26.8     14.6     38.7     26.0 2020  8  9  0  0 42.000  0.00   2
   104544  40.280343 -124.514355    22.061    -1742.6     -755.5      942.5     10.8     16.2     16.9 2020  9  6 19 15 19.420  0.00   2
   104545  40.257902 -124.513110    21.756    -1637.0    -3247.3      637.3     31.8     71.1     32.1 2020 11 20 23  5 37.000  0.00   2
   104546  40.274434 -124.515039    21.464    -1800.8    -1411.5      345.0      9.2     11.7     11.7 2020 12  8 19 50 59.440  0.00   2
   104547  40.275741 -124.515910    21.439    -1874.8    -1266.5      320.3      8.7     17.9     15.9 2021  1 13 20 27 55.860  0.00   2
   104548  40.275224 -124.515674    21.442    -1854.8    -1323.8      323.4      8.8     15.3     13.1 2021  1 23 18  7 58.980  0.00   2
   104549  40.268457 -124.518734    20.783    -2115.1    -2075.2     -335.6     32.3     47.0     76.3 2021  2  4  8  4  6.380  0.00   2
   104550  40.272514 -124.515487    21.406    -1838.9    -1624.8      287.0     27.0     24.3     11.1 2021  2  8 10 42 43.860  0.00   2
   104552  40.270699 -124.517285    21.942    -1991.9    -1826.3      822.7     13.1     46.7     36.3 2021  4 28  9 56 53.160  0.00   2
   104555  40.272770 -124.515584    21.712    -1847.2    -1596.3      592.8     13.8     23.2     27.5 2021  8 13  3  3 14.280  0.00   2
   104557  40.275500 -124.516309    21.372    -1908.7    -1293.1      253.3     11.1     23.7     20.1 2021 10 13  0 11 57.860  0.00   2
   104558  40.270785 -124.514535    21.442    -1757.9    -1816.8      322.8     17.7     35.8     31.1 2021 10 15 23 36  0.100  0.00   2
   104561  40.273071 -124.514852    21.513    -1784.9    -1562.9      394.5      9.9     23.2     18.9 2021 12 21  4 11 42.460  0.00   2
   104562  40.275293 -124.514925    21.389    -1791.1    -1316.2      270.0     11.8     38.4     22.7 2021 12 21  5 27 13.340  0.00   2
   104563  40.273657 -124.514771    21.521    -1778.0    -1497.8      402.1     10.7     17.9     16.8 2021 12 21  9 54 44.140  0.00   2
   104565  40.270492 -124.515926    21.317    -1876.3    -1849.3      198.1     24.1     38.1     40.6 2021 12 21 14 32 11.280  0.00   2
   104566  40.267131 -124.514884    21.795    -1787.7    -2222.5      676.4     25.2     64.0     37.2 2021 12 21  7 49 38.600  0.00   2
   104567  40.264872 -124.511263    21.246    -1479.8    -2473.3      126.9     25.0     32.3     24.9 2021 12 21  0 33 29.320  0.00   2
   104568  40.281779 -124.519279    21.354    -2161.3     -596.0      235.5     17.7     53.4     33.6 2021 12 21  1 47 47.320  0.00   2
   104570  40.274744 -124.515039    21.375    -1800.8    -1377.2      255.7     10.8     53.8     15.4 2021 12 30 17  2 59.560  0.00   2
   104571  40.272481 -124.515869    21.448    -1871.4    -1628.4      328.8     14.4     21.1     19.1 2022  5  5 19 58 40.140  0.00   2
   104572  40.273612 -124.515723    21.483    -1858.9    -1502.8      364.1      9.3     20.7     13.5 2022  8  5 21  2 56.680  0.00   2
   104573  40.275045 -124.516260    21.439    -1904.6    -1343.7      319.7      9.5     15.6     13.2 2022  8 29  3 47 27.200  0.00   2
   105449  40.296208 -124.436442    21.469     4882.6     1006.2      350.6     13.1     38.9     32.9 2021  3 17 15 57 54.480  0.00   2
   105451  40.296749 -124.437402    21.287     4800.9     1066.3      168.5     13.7     43.6     20.7 2021  5 17  6 50 19.300  0.00   2
   105452  40.293994 -124.436743    21.287     4857.0      760.4      167.7      9.2     17.2      8.4 2021  7  2 13 42 25.360  0.00   2
   105453  40.295597 -124.436418    21.360     4884.7      938.4      241.1     16.8     21.2     22.7 2021 12  8  7 47 53.400  0.00   2
   105454  40.294157 -124.435799    21.360     4937.3      778.5      241.0      8.7     18.7     15.4 2021 12 29  6  3 35.020  0.00   2
   105457  40.292159 -124.435099    21.280     4996.9      556.6      161.6     10.7     21.7     13.4 2022  1 23 11 56  1.960  0.00   2
   105458  40.294906 -124.437264    21.326     4812.7      861.6      206.9     10.0     28.9     19.2 2022  3  9  3 33  6.440  0.00   2
   106476  40.283199 -124.407471    19.025     7346.7     -438.3    -2093.9     16.6     50.6     23.0 2020  7 19 19 36 15.700  0.00   2
   106480  40.301233 -124.403402    19.904     7691.7     1564.2    -1215.1     32.3     63.6     37.5 2021 12 23 18  0 27.860  0.00   2
   106481  40.274634 -124.406152    19.057     7459.3    -1389.4    -2061.8     24.4     67.1     20.6 2021 12 25 23 44  7.480  0.00   2
   106485  40.284831 -124.407552    19.161     7339.7     -257.1    -1958.3     17.5     49.7     22.8 2022  9 22 22 11 56.160  0.00   2
   106486  40.285075 -124.406746    19.160     7408.2     -230.0    -1958.5     21.1     42.1     22.6 2022 10 11  2 56 24.700  0.00   2
   106878  40.281962 -124.505273    19.948     -970.2     -575.6    -1170.5     16.5     28.3     37.5 2020  2 26 13  0  8.000  0.00   2
   106879  40.305326 -124.504159    20.490     -875.3     2018.8     -628.4     18.2     44.4     24.8 2020  4 14 23 52 17.340  0.00   2
   106880  40.280188 -124.507406    19.532    -1151.6     -772.6    -1586.8     16.2     16.1     16.2 2020  4 17 10 28 54.000  0.00   2
   106881  40.284017 -124.502360    19.635     -722.5     -347.5    -1483.7     27.3     61.5     38.2 2020  4 18 16 38 46.580  0.00   2
   106883  40.280493 -124.507585    19.930    -1166.8     -738.7    -1189.0     23.6     73.3     57.9 2021 10 23  3 13 39.120  0.00   2
   106884  40.281356 -124.507056    19.790    -1121.8     -642.9    -1329.1     23.4     26.4     26.7 2021 11 22 21 22  8.420  0.00   2
   106885  40.280697 -124.503092    19.961     -784.8     -716.1    -1158.3     16.5     29.2     19.9 2021 11 23  2  3 16.160  0.00   2
   106886  40.281441 -124.506999    19.867    -1117.0     -633.5    -1252.3     16.0     34.6     26.3 2021 12 21  9  4 49.080  0.00   2
   106889  40.281991 -124.503800    19.617     -845.0     -572.5    -1501.6     18.3     21.0     23.4 2022  2  8 11  1 45.260  0.00   2
   106892  40.282686 -124.502287    19.803     -716.3     -495.2    -1316.1     15.1     26.3     19.9 2022  8  6 16 32 20.620  0.00   2
   107666  40.315397 -124.440584    19.206     4529.7     3137.0    -1913.2     22.8     54.5     33.5 2021  5 17  9 39 49.060  0.00   2
   107667  40.305318 -124.439103    19.314     4656.0     2017.8    -1804.8     25.2     48.3     26.1 2021  5 19 23 39 44.980  0.00   2
   107671  40.322021 -124.429875    19.835     5439.9     3872.6    -1283.9     25.6     42.9     24.4 2021 11 28 16 37 45.460  0.00   2
   107935  40.291821 -124.377555    20.066     9890.0      519.1    -1053.4     27.7     53.4     32.2 2021  3 29  4  0 27.680  0.00   2
   107939  40.283826 -124.359106    20.288    11459.4     -368.7     -831.0     62.1     82.3     34.2 2021  9 18  8 35 54.260  0.00   2
   107941  40.287488 -124.373486    20.064    10236.3       38.0    -1054.6     27.8     36.6     23.3 2021 12 20 21 56 11.700  0.00   2
   107943  40.292594 -124.377132    20.040     9925.9      605.0    -1079.0     22.4     27.5     20.2 2021 12 21  0 26 54.420  0.00   2
   107951  40.291927 -124.375952    20.040    10026.3      530.9    -1078.5     19.4     28.8     19.8 2022  1  3 23 35 36.380  0.00   2
   107952  40.291667 -124.375773    20.092    10041.5      502.0    -1026.9     19.3     27.8     19.1 2022  1 25  7 55 31.740  0.00   2
   107954  40.289954 -124.375130    20.242    10096.3      311.8     -877.0     20.6     35.9     21.0 2022  2  4 17 40 38.160  0.00   2
   107961  40.281421 -124.378475    20.150     9812.5     -635.7     -968.5     31.8     47.9     27.1 2022 10 29  4 15 37.520  0.00   2
   108411  40.316797 -124.469385    20.735     2081.1     3292.4     -383.8     19.9     28.5     24.8 2021  9  6  2 58 10.280  0.00   2
   108899  40.302893 -124.435506    18.831     4961.9     1748.6    -2287.8     13.7     16.5     17.6 2021 10 16 11  8 25.980  0.00   2
   109574  40.291296 -124.381632    19.223     9543.3      460.9    -1895.8     27.2     44.3     25.9 2021 12 21 22  0 51.880  0.00   2
   109576  40.284273 -124.382666    19.005     9455.9     -319.0    -2114.2     31.7     40.2     25.0 2021 12 26 21 14 32.380  0.00   2
   109582  40.274626 -124.376034    19.233    10020.6    -1390.3    -1886.0     28.9     40.2     28.2 2022 11 22 14 25 33.480  0.00   2
   110142  40.288542 -124.437427    22.247     4799.1      155.0     1128.0     27.8     59.1     28.4 2021 12 22 19 22  7.720  0.00   2
   110143  40.293864 -124.438916    22.294     4672.3      746.0     1174.8     31.4     80.8     25.1 2021 12 23 20 38  9.420  0.00   2
   110147  40.284009 -124.447103    21.828     3976.4     -348.4      709.3     32.1     47.4     24.8 2022  1  5 17 45 31.500  0.00   2
   110148  40.299202 -124.428971    22.536     5517.7     1338.8     1416.7     27.7     51.4     24.5 2022  5  3  8 37 19.960  0.00   2
   110300  40.293803 -124.479826    25.951     1193.7      739.2     4832.1     18.9     33.5     17.7 2023  3  9 12 50 51.480  1.40   2
   110304  40.293722 -124.551538    23.178    -4904.1      730.1     2059.5      4.7      8.4      8.1 2022 12 25 19 40 29.680  3.05   2
   110318  40.282747 -124.469897    20.474     2038.1     -488.4     -644.8     10.2      9.8     16.1 2023  2 20 13 18  3.960  1.48   2
   110345  40.274910 -124.515934    21.453    -1876.9    -1358.6      334.6      8.5     12.0     10.6 2023  5 22  8 39 15.920  1.61   2
   110372  40.294495 -124.434896    21.252     5014.1      816.0      133.6      6.4     14.2      6.6 2023  4  3 12 14 40.520  1.28   2
   110403  40.284603 -124.407878    19.063     7312.0     -282.4    -2055.8     18.0     32.8     21.2 2023  4  4 17 32 14.460  1.08   2
   110420  40.280078 -124.507609    19.811    -1168.9     -784.8    -1307.4     14.2     16.4     16.2 2023  2 17 14 36 10.720  2.81   2
   110446  40.307190 -124.432951    19.015     5179.0     2225.7    -2103.7     21.2     41.9     23.2 2023  5 13  1 27 17.920  1.13   2
   110461  40.292712 -124.471484    21.109     1903.0      618.1       -9.9      8.6     21.3     13.1 2023  4  9 11 53 23.790  0.91   2
   110465  40.292460 -124.376408    20.039     9987.5      590.1    -1079.8     19.5     26.6     16.9 2022 12 20  3  6 59.620  0.86   2
   110500  40.306755 -124.478337    19.711     1320.2     2177.3    -1407.4     19.4     22.4     24.8 2023  4  9 13 30 46.380  0.65   2
   110565  40.303788 -124.445003    19.475     4154.4     1848.0    -1643.9     13.5     17.9     16.8 2023  4  9 10 26 54.540  2.63   2
   110648  40.282605 -124.379264    18.963     9745.3     -504.2    -2155.9     23.5     36.4     22.2 2023  3 14 15 58 42.040  1.17   2
   110734  40.292834 -124.438582    23.069     4700.7      631.7     1950.6     25.3     33.4     24.8 2023  3 12 13 22 24.330  1.69   2
   110741  40.299089 -124.449666    19.731     3758.0     1326.1    -1387.9     19.6     38.4     19.3 2023  3 13 12 14 24.190  0.90   2
   110742  40.307288 -124.527563    25.247    -2865.2     2236.5     4128.1     11.6     54.3     24.1 2023  3 22 16  0 16.820  1.31   2
