   109669  40.400403 -124.278532    26.873      -44.2      -33.0       13.3      4.4      4.1      2.5 2021  6 30  4  7 16.980  0.00  49
   109670  40.400692 -124.278109    26.864       -8.3       -0.9        4.3      1.7      1.7      1.8 2021 12 20 21 33 53.800  0.00  49
   109671  40.400675 -124.277905    26.852        9.0       -2.7       -8.3      1.8      2.3      2.1 2021 12 20 20 16  2.340  0.00  49
   109672  40.400810 -124.277905    26.862        9.0       12.2        2.4      2.1      2.9      1.7 2021 12 20 21  4  2.560  0.00  49
   109674  40.400773 -124.277873    26.862       11.7        8.1        1.9      2.4      2.6      1.6 2021 12 20 22  5 33.080  0.00  49
   109675  40.400814 -124.277897    26.866        9.7       12.7        6.5      2.8      2.9      2.0 2021 12 20 20 38 16.520  0.00  49
   109676  40.400085 -124.277791    26.833       18.7      -68.2      -27.0      3.5      4.7      3.8 2021 12 20 23 18 45.760  0.00  49
   109678  40.400777 -124.278076    26.862       -5.5        8.6        2.5      2.1      2.2      2.7 2021 12 20 20 28  8.320  0.00  49
   109680  40.401457 -124.277710    26.830       25.6       84.0      -29.8      6.8      6.3      3.1 2021 12 20 22 40  4.140  0.00  49
   109681  40.400423 -124.278215    26.850      -17.3      -30.7      -10.1      3.2      3.4      1.9 2021 12 20 21 16 57.840  0.00  49
   109682  40.400757 -124.277881    26.869       11.1        6.3        9.1      3.0      2.3      2.8 2021 12 21  0 35 38.260  0.00  49
   109683  40.400663 -124.278019    26.860       -0.7       -4.1        0.4      2.1      2.5      1.7 2021 12 21  1 29  1.520  0.00  49
   109684  40.400216 -124.278451    26.858      -37.3      -53.8       -1.8      5.1      5.2      2.4 2021 12 21 10 32 44.960  0.00  49
   109686  40.400757 -124.277930    26.857        6.9        6.3       -2.7      1.5      2.4      1.4 2021 12 21  9 35 39.700  0.00  49
   109688  40.400671 -124.278003    26.862        0.7       -3.2        2.3      1.5      1.8      1.1 2021 12 22 16 42 51.760  0.00  49
   109689  40.400155 -124.277889    26.834       10.4      -60.5      -26.3      3.5      4.4      3.2 2021 12 22 21 49  0.120  0.00  49
   109690  40.400692 -124.277987    26.862        2.1       -0.9        2.5      2.2      2.0      1.0 2021 12 23 19 18 59.440  0.00  49
   109691  40.400749 -124.279720    27.008     -145.1        5.4      148.5      8.0      5.4      7.7 2021 12 24 18 30 16.400  0.00  49
   109692  40.400716 -124.277995    26.860        1.4        1.8        0.2      1.4      1.9      1.3 2021 12 28 12 16  7.460  0.00  49
   109693  40.400663 -124.278109    26.861       -8.3       -4.1        1.2      2.3      1.9      1.9 2022  1  2  4  3 22.780  0.00  49
   109697  40.400517 -124.278394    26.879      -32.5      -20.3       18.7      3.8      4.0      2.8 2022  4  7 18 43 56.160  0.00  49
   110670  40.400732 -124.277954    26.860        4.8        3.6       -0.2      1.5      2.0      1.0 2022 12 14  8 39 12.430  2.11  49
