   100761  40.434102 -124.281095    27.250        0.7        0.5        0.0      0.2      0.2      0.2 2020  3 19  0 21  8.520  0.00  58
   100762  40.434102 -124.281095    27.250        0.7        0.5       -0.0      0.2      0.3      0.3 2020  5 26 11 54 20.560  0.00  58
   100770  40.434102 -124.281095    27.250        0.7        0.5        0.0      0.2      0.2      0.2 2021 12 20 20 40 27.840  0.00  58
   100771  40.434102 -124.281095    27.250        0.7        0.5        0.0      0.2      0.3      0.2 2021 12 20 21 13 37.940  0.00  58
   100772  40.434102 -124.281095    27.250        0.7        0.5        0.0      0.3      0.2      0.2 2021 12 20 21 49  2.160  0.00  58
   100775  40.434102 -124.281095    27.250        0.7        0.5        0.0      0.3      0.3      0.3 2021 12 20 21 41 38.040  0.00  58
   100783  40.434102 -124.281095    27.250        0.7        0.5       -0.0      0.4      0.3      0.3 2021 12 21  1 55  6.020  0.00  58
   100784  40.434102 -124.281095    27.250        0.7        0.5       -0.0      0.3      0.2      0.2 2021 12 21  9 44 18.020  0.00  58
   100786  40.434102 -124.281095    27.250        0.7        0.5        0.0      0.3      0.2      0.2 2021 12 21 11 41 19.660  0.00  58
   100797  40.434102 -124.281095    27.250        0.7        0.5        0.0      0.3      0.4      0.3 2021 12 21  2 14 36.240  0.00  58
   100798  40.434102 -124.281095    27.250        0.7        0.5       -0.0      0.4      0.3      0.3 2021 12 21  6 23 58.200  0.00  58
   100800  40.434102 -124.281095    27.250        0.7        0.5       -0.0      0.4      0.4      0.3 2021 12 22  8 41  9.420  0.00  58
   100805  40.434102 -124.281095    27.250        0.7        0.5       -0.0      0.1      0.2      0.1 2021 12 25 22 32 13.020  0.00  58
   100813  40.434102 -124.281095    27.250        0.7        0.5        0.0      0.3      0.3      0.3 2022  1  2 19 41 12.580  0.00  58
   100814  40.434102 -124.281095    27.250        0.7        0.5        0.0      0.3      0.3      0.3 2022  1  3 19 57 17.080  0.00  58
   100815  40.434102 -124.281095    27.250        0.7        0.5        0.0      0.2      0.2      0.2 2022  1  6  4  5  9.040  0.00  58
   100818  40.434102 -124.281095    27.250        0.7        0.5       -0.0      0.4      0.3      0.3 2022  1 17 14  7  8.520  0.00  58
   100819  40.434102 -124.281095    27.250        0.7        0.5       -0.0      0.6      0.5      0.4 2022  2 18  6 57  8.340  0.00  58
   110291  40.434102 -124.281095    27.250        0.7        0.5       -0.0      0.3      0.3      0.3 2023  3  8 12 49 37.420  0.96  58
