   104838  40.291679 -124.389339    21.356       11.1       -3.2      -14.4      8.6      6.4     10.9 2020  1 25 14 20 47.820  0.00  34
   104839  40.291687 -124.389347    21.358       10.4       -2.3      -11.9      8.5      6.0      9.9 2020  1 25 14 22 23.940  0.00  34
   104842  40.291675 -124.389274    21.350       16.6       -3.6      -20.3      9.2      7.5     12.0 2020  3 13 13 44 40.320  0.00  34
   104843  40.292118 -124.389396    21.362        6.2       45.6       -8.2      7.7     17.3      6.3 2020  5 23 16 19  5.400  0.00  34
   104844  40.292476 -124.389388    21.361        6.9       85.4       -9.2      9.8     25.8      6.5 2020  5 24 12  7 13.140  0.00  34
   104845  40.291659 -124.389502    21.370       -2.8       -5.4        0.2      4.4      8.0      3.6 2020  6  5 12  0 20.420  0.00  34
   104848  40.291679 -124.389299    21.352       14.5       -3.2      -17.5      9.0      7.1     12.1 2020 12 25 11 55 38.020  0.00  34
   104849  40.291687 -124.389299    21.353       14.5       -2.3      -16.9      8.7      6.9     11.9 2020 12 25 14 25 57.040  0.00  34
   104850  40.291671 -124.389315    21.353       13.1       -4.1      -16.9      8.1      6.6     14.7 2021  1 13 10  0 21.440  0.00  34
   104851  40.291695 -124.389486    21.368       -1.4       -1.4       -2.1      4.0      6.8      4.7 2021  2  5 11 24  9.360  0.00  34
   104854  40.291626 -124.389486    21.369       -1.4       -9.0       -0.6      4.2      8.7      3.9 2021  9 17  3 49 29.860  0.00  34
   104855  40.291654 -124.389543    21.372       -6.2       -5.9        2.0      6.9      9.4      5.5 2021 10 23 10 36 54.840  0.00  34
   104857  40.291618 -124.389486    21.369       -1.4       -9.9       -0.5      4.5      9.3      3.8 2021 11 10 22 12  7.100  0.00  34
   104858  40.291858 -124.389502    21.369       -2.8       16.7       -1.4      4.9     10.4      4.5 2021 11 17 11 58 34.440  0.00  34
   104859  40.291744 -124.389526    21.370       -4.8        4.1        0.1      5.4      8.7      4.4 2021 12 20 22 16 24.420  0.00  34
   104862  40.291695 -124.389510    21.370       -3.5       -1.4        0.0      4.5      7.3      3.7 2021 12 21  0  0 44.500  0.00  34
   104863  40.291691 -124.389518    21.371       -4.2       -1.8        0.6      4.8      6.3      3.6 2021 12 21  7 32  7.940  0.00  34
   104864  40.291679 -124.389510    21.370       -3.5       -3.2        0.5      5.2      6.5      4.1 2021 12 21  7 32 38.440  0.00  34
   104866  40.291691 -124.389494    21.370       -2.1       -1.8       -0.3      4.4      7.7      3.6 2021 12 21 13 12 35.900  0.00  34
   104868  40.291687 -124.389518    21.371       -4.2       -2.3        1.0      4.7      8.2      3.9 2021 12 21  7 35 40.760  0.00  34
   104869  40.291748 -124.389502    21.370       -2.8        4.5       -0.1      4.4      7.5      3.7 2021 12 21  5 59 26.840  0.00  34
   104870  40.291659 -124.389494    21.369       -2.1       -5.4       -0.6      4.6      8.1      3.7 2021 12 21  2 41 56.780  0.00  34
   104872  40.291711 -124.389681    21.382      -18.0        0.5       11.9      9.3      8.0      7.6 2021 12 21  5 35 36.300  0.00  34
   104874  40.291744 -124.389445    21.367        2.1        4.1       -3.1      5.5      7.5      5.1 2021 12 21 13 40 27.300  0.00  34
   104875  40.291638 -124.389502    21.371       -2.8       -7.7        1.1      4.2      9.2      4.3 2021 12 22  2 25 36.120  0.00  34
   104876  40.291646 -124.389510    21.371       -3.5       -6.8        0.8      4.9      8.4      4.1 2021 12 22  4 43 41.600  0.00  34
   104878  40.291671 -124.389510    21.371       -3.5       -4.1        0.7      4.9      8.1      4.6 2021 12 23 13 23  2.200  0.00  34
   104881  40.291711 -124.389494    21.370       -2.1        0.5       -0.3      4.1      7.2      3.9 2021 12 31 17  4  4.900  0.00  34
   104884  40.291691 -124.389502    21.370       -2.8       -1.8        0.1      4.1      7.5      3.7 2022  1 28 17 21 49.780  0.00  34
   104885  40.291715 -124.389502    21.370       -2.8        0.9        0.3      4.6      8.3      4.0 2022  1 28 15 57 19.160  0.00  34
   104886  40.291736 -124.389486    21.370       -1.4        3.2       -0.3      4.3      6.3      3.7 2022  1 28 15 48 35.980  0.00  34
   104888  40.291667 -124.389518    21.370       -4.2       -4.5        0.5      5.1      7.6      3.8 2022  2 22  1 59 45.720  0.00  34
   104889  40.291740 -124.389510    21.370       -3.5        3.6       -0.3      4.6      7.5      3.9 2022  9  2 17 28 49.180  0.00  34
   110352  40.291707 -124.389526    21.371       -4.8        0.0        0.7      4.3      4.8      3.9 2023  3 28  2 26 28.480  2.85  34
