   103444  40.381193 -124.310319    30.036      124.4      231.3       75.6    463.6    484.0    213.9 2020  1 13 20  0 48.700  0.00  35
   103445  40.378857 -124.311117    29.954       56.7      -28.0       -5.7    290.7    221.1    140.7 2020  1 17  9  4 28.060  0.00  35
   103446  40.383374 -124.312646    30.153      -73.3      473.5      193.0    339.6    550.0    289.3 2020  2 15 13 19 42.000  0.00  35
   103448  40.379289 -124.314933    30.006     -267.4       19.9       46.1    428.6    212.7    186.9 2020  3  9  6 29 22.020  0.00  35
   103449  40.379590 -124.310962    29.944       69.8       53.3      -16.3    262.6    282.8    142.7 2020  3 18 23 28 44.420  0.00  35
   103450  40.380457 -124.314486    30.027     -229.4      149.6       67.3    338.1    239.0    214.2 2020  3 19  0 16 10.640  0.00  35
   103451  40.378918 -124.311450    29.942       28.3      -21.2      -18.1    170.3    177.9    141.7 2020  3 19  2 22 37.140  0.00  35
   103456  40.377502 -124.309302    29.845      210.8     -178.5     -115.1    404.7    356.5    281.4 2020  9 20 22 11 49.360  0.00  35
   103458  40.379708 -124.310319    29.941      124.4       66.4      -19.2    298.2    276.3    145.5 2021  5 23 13 43 10.780  0.00  35
   103459  40.379399 -124.311662    29.961       10.4       32.1        1.0    162.2    182.9    118.8 2021  5 28  2  1 24.580  0.00  35
   103460  40.379586 -124.311930    29.990      -12.4       52.9       30.4    140.9    175.9    126.1 2021  5 29  0 44  3.080  0.00  35
   103462  40.379846 -124.312109    30.015      -27.6       81.8       55.3    238.8    264.6    147.1 2021  7 28  6 52 50.280  0.00  35
   103463  40.379883 -124.313013    30.009     -104.4       85.8       49.4    259.3    221.8    154.8 2021  7 28  6 55  0.800  0.00  35
   103464  40.379997 -124.310229    29.950      132.0       98.5       -9.8    238.8    184.4    119.0 2021  8  5  8  0 52.700  0.00  35
   103465  40.377913 -124.311182    29.885       51.1     -132.8      -75.2    331.5    275.5    197.1 2021  9 21 10 44 24.620  0.00  35
   103466  40.378959 -124.311694    29.958        7.6      -16.7       -1.8    153.6    173.7    125.9 2021 10 12 19 30 52.540  0.00  35
   103467  40.378959 -124.311686    29.964        8.3      -16.7        4.0    141.4    181.4    133.5 2021 11  1 23 30 58.980  0.00  35
   103468  40.378898 -124.311833    29.952       -4.1      -23.5       -8.4    186.1    180.9    127.7 2021 12 20 21 35  3.460  0.00  35
   103469  40.379122 -124.311629    29.961       13.1        1.4        0.8    141.2    156.4    129.1 2021 12 20 20 41 52.700  0.00  35
   103476  40.379215 -124.311678    29.966        9.0       11.7        6.4    150.3    162.1    121.6 2021 12 21  7 34 40.340  0.00  35
   103478  40.379749 -124.311987    30.002      -17.3       70.9       41.6    236.4    249.8    141.0 2021 12 21  2 24 30.100  0.00  35
   103481  40.379224 -124.310270    29.929      128.5       12.7      -31.0    288.0    277.3    160.0 2021 12 21 13 38 46.280  0.00  35
   103483  40.379472 -124.308586    29.875      271.6       40.2      -85.5    413.4    314.9    206.0 2021 12 21 18  6 14.020  0.00  35
   103485  40.378845 -124.311662    29.958       10.4      -29.4       -1.9    198.6    300.4    192.6 2021 12 21 12 55 44.420  0.00  35
   103487  40.380355 -124.312435    29.995      -55.3      138.3       34.8    231.4    293.1    215.0 2021 12 22 20 10 26.700  0.00  35
   103488  40.379622 -124.312524    29.994      -62.9       56.9       34.2    274.5    210.4    133.2 2021 12 24  1  7 26.940  0.00  35
   103490  40.378988 -124.311800    29.953       -1.4      -13.6       -6.5    152.9    154.4    123.5 2021 12 25 22 20 25.620  0.00  35
   103491  40.379354 -124.312280    29.998      -42.2       27.1       37.7    214.0    238.9    150.8 2022  1  1  8 26 24.020  0.00  35
   103494  40.379976 -124.313517    30.003     -147.2       96.2       43.1    320.7    252.7    159.6 2022  1  9 11 44 48.340  0.00  35
   103495  40.379675 -124.312484    30.009      -59.4       62.8       49.0    326.2    233.5    157.1 2022  1 15  9 42 46.520  0.00  35
   103496  40.381238 -124.308317    29.899      294.4      236.3      -60.6    275.5    214.4    143.2 2022  1 23 12 56  0.000  0.00  35
   103498  40.379097 -124.311995    29.963      -18.0       -1.4        2.8    152.9    169.5    112.6 2022  4  8 14 16 31.500  0.00  35
   103499  40.379415 -124.311914    29.972      -11.1       33.9       12.4    129.5    173.9    125.4 2022  5 22  8  2 34.980  0.00  35
   110322  40.378748 -124.311971    29.951      -15.9      -40.2       -9.4    155.4    168.2    116.4 2023  4 30  3 17 51.430  0.24  35
