   102889  40.365853 -124.141699    33.248    -5990.3    -6342.4     7890.2     10.7      8.6      5.8 2021  4  4  8 10 32.760  0.00   7
   102890  40.366048 -124.143815    33.252    -6169.9    -6320.7     7893.7      9.5      8.6      5.8 2021  4  4  3 35 44.280  0.00   7
   102891  40.366162 -124.143929    33.256    -6179.6    -6308.1     7898.0      8.7      8.5      5.9 2021  4  4 18 25 54.640  0.00   7
   102894  40.367542 -124.144116    33.267    -6195.4    -6154.9     7909.5     13.1     12.8      7.0 2021  7 19 15 24 44.800  0.00   7
   102896  40.371554 -124.146753    33.383    -6419.1    -5709.4     8025.2     20.7     12.1      8.5 2021 12 20 21 22 32.640  0.00   7
   103941  40.488757 -123.982259    29.911     7539.4     7305.3     4553.0     10.0     10.1      9.3 2020  3 22 17 12 28.000  0.00   7
   103945  40.479557 -123.990845    29.717     6811.6     6283.7     4359.1     10.8      9.3     12.0 2022  5 17 10 23 27.700  0.00   7
   103946  40.483630 -123.982633    30.066     7507.9     6736.0     4708.4     10.5     10.5      8.8 2022  9 14  8 41 34.640  0.00   7
   104013  40.412382 -124.116528    21.476    -3851.9    -1175.7    -3881.8     20.9     13.7     13.6 2020  1 18 21  9  0.700  0.00   7
   104015  40.414107 -124.118669    21.657    -4033.5     -984.1    -3700.7     11.8      8.8      9.2 2020  4  2 13  1 52.880  0.00   7
   104024  40.410946 -124.115186    21.486    -3738.0    -1335.2    -3871.6      8.0      6.1      6.3 2021  1 18  2 38 58.800  0.00   7
   104025  40.409725 -124.116943    21.554    -3887.2    -1470.7    -3804.1     10.5      7.4      7.6 2021 10  6  6 27 37.560  0.00   7
   104028  40.424670 -124.115934    21.022    -3801.2      188.9    -4335.9     17.7     48.5     13.9 2021 12 20 23  8 40.760  0.00   7
   105276  40.398515 -124.096134    21.707    -2121.3    -2715.5    -3651.1      6.0      6.5      2.9 2020  1 29  0  2 55.980  0.00   7
   105277  40.399158 -124.095557    21.672    -2072.3    -2644.1    -3686.3      4.0      3.3      1.8 2020  1 30 21 48 49.880  0.00   7
   105278  40.399357 -124.096956    21.740    -2191.1    -2622.0    -3618.2      5.2      5.4      4.4 2020  3  5 21  0 42.600  0.00   7
   105279  40.399988 -124.096257    21.700    -2131.6    -2552.0    -3657.5      2.9      2.6      2.2 2020 12 23 12 13 31.360  0.00   7
   105280  40.399988 -124.094678    21.711    -1997.6    -2552.0    -3646.5      5.7      4.1      3.9 2021  1  1 12 27 47.320  0.00   7
   105281  40.399357 -124.096566    21.709    -2157.9    -2622.0    -3648.8      4.6      4.4      3.0 2021  5 10 19 32 46.180  0.00   7
   105282  40.398393 -124.095426    21.741    -2061.2    -2729.1    -3617.3      6.2      5.2      3.6 2021  5 20 10 18 33.860  0.00   7
   105285  40.398551 -124.095150    21.692    -2037.7    -2711.5    -3665.5      6.5      5.5      4.6 2021 10  4 20 34 35.760  0.00   7
   105286  40.398698 -124.096484    21.708    -2151.0    -2695.2    -3650.3      4.0      5.4      2.3 2021 10 31 14 32 48.000  0.00   7
   105287  40.401290 -124.095898    21.665    -2101.2    -2407.4    -3692.6      5.9      5.3      5.0 2021 10 31 15  9 13.180  0.00   7
   105289  40.398612 -124.094238    21.691    -1960.4    -2704.7    -3667.1      7.7      8.5      2.6 2021 11 28  4 35 26.220  0.00   7
   105290  40.401090 -124.094189    21.571    -1956.2    -2429.5    -3786.5      6.7      6.6      4.3 2022  2 13 11 43  3.040  0.00   7
   105291  40.398486 -124.095817    21.710    -2094.4    -2718.7    -3648.3      6.4      7.2      2.8 2022  4  5  1 19 10.660  0.00   7
   105292  40.398649 -124.096436    21.668    -2146.9    -2700.6    -3690.0      4.3      4.7      2.1 2022  5 29 17 19 38.600  0.00   7
   105293  40.398596 -124.096419    21.706    -2145.5    -2706.5    -3651.7      3.8      5.1      2.3 2022  7 28  6 53 34.280  0.00   7
   105295  40.398751 -124.095923    21.727    -2103.3    -2689.3    -3630.8      3.5      4.7      3.7 2022  8 22  4 34 43.360  0.00   7
   105296  40.399076 -124.096118    21.711    -2119.9    -2653.2    -3647.2      2.8      4.3      2.5 2022 11  4 22 38  7.100  0.00   7
   106489  40.434049 -123.982202    25.105     7547.3     1230.3     -252.5      8.7      9.5     10.0 2020  2 18 22 54 46.760  0.00   7
   106490  40.439600 -123.981803    25.416     7580.8     1846.6       57.8     16.8     12.8     14.0 2021  6 26 10 12  6.320  0.00   7
   106491  40.441394 -123.974829    25.447     8172.5     2045.9       89.0      7.7      9.1     10.9 2021  7 10 12 28 45.800  0.00   7
   106872  40.394385 -124.058838    30.548     1044.5    -3174.1     5189.6     17.2      7.6     15.2 2020  2 25 11 51 37.820  0.00   7
   106873  40.407284 -124.052336    29.842     1596.2    -1741.8     4484.5      9.9     11.9      8.1 2020  3 19 10 36 36.040  0.00   7
   106875  40.408830 -124.063550    29.878      644.4    -1570.1     4520.4     14.4      8.7      9.4 2021 12 21  0 10  7.280  0.00   7
   107831  40.465369 -124.035978    22.657     2983.3     4708.1    -2700.6     15.0     10.8     15.2 2022 10 19  0 15 29.200  0.00   7
   107832  40.380025 -124.133081    33.007    -5258.1    -4768.7     7649.5     15.4     12.4     10.5 2020  3 18 22 26 34.000  0.00   7
   107841  40.372884 -124.135994    32.852    -5505.7    -5561.6     7494.0     12.6     13.3      7.7 2021  8  4  3 22  9.320  0.00   7
   108026  40.433655 -123.976807    30.592     8005.2     1186.5     5234.5      7.2      9.4      7.7 2020  3 19  6  4 27.540  0.00   7
   108027  40.417517 -123.981429    30.679     7613.8     -605.5     5321.0     12.6     20.5     13.8 2020  4  5  7 40 43.480  0.00   7
   108029  40.432487 -123.978947    30.690     7823.6     1056.8     5332.3     11.6     11.3      8.2 2021 12 29  8 57 56.420  0.00   7
   108443  40.452295 -124.037891    26.088     2821.3     3256.4      729.7     23.9     19.1     18.5 2020  4 15  2  5 45.300  0.00   7
   108444  40.441243 -124.037964    25.563     2815.3     2029.2      205.1     11.6     10.5      6.6 2020  9 13 11 44 12.660  0.00   7
   108445  40.445292 -124.035653    25.497     3011.3     2478.8      139.5      8.6      8.6      9.0 2021  4  5 21 32  1.320  0.00   7
   108446  40.449146 -124.040177    24.776     2627.3     2906.7     -581.7      8.8      9.5      9.9 2021  6 28 16 28  2.920  0.00   7
   108619  40.448022 -124.026847    26.113     3758.4     2781.9      755.3     10.3     10.4     10.2 2020  5 30 15  6  2.180  0.00   7
   108621  40.458134 -124.018791    26.228     4441.7     3904.8      870.4     10.3      9.5     12.3 2021 10 15 19 10  7.840  0.00   7
   108875  40.359924 -124.103499    23.206    -2747.2    -7000.7    -2151.7     11.3      9.5      7.3 2021  6 17 12 35 13.960  0.00   7
   108883  40.370020 -124.104875    23.346    -2863.8    -5879.7    -2012.2      8.7     10.7      9.4 2021 12 16  2 34 44.300  0.00   7
   108968  40.463859 -123.992562    22.952     6666.7     4540.5    -2405.9     14.6     16.1     16.8 2020  8 24 14 37 42.000  0.00   7
   108969  40.455306 -123.982202    23.128     7546.1     3590.7    -2229.6     52.0     39.8     13.5 2020  9 30  6 44 49.540  0.00   7
   109100  40.371240 -124.160531    30.963    -7588.8    -5744.2     5604.6     11.0     15.5      9.8 2020 10  4 21 32 36.540  0.00   7
   109102  40.367029 -124.172493    30.559    -8604.7    -6211.8     5200.9      7.2     10.4      5.7 2021 10 19  7 26 57.180  0.00   7
   109104  40.365649 -124.171948    30.564    -8558.5    -6365.0     5206.2      9.9     10.7      8.4 2021 12 20 20 51 53.600  0.00   7
   109499  40.465963 -123.974504    22.469     8198.6     4774.1    -2889.4     16.3     20.6     10.9 2021  2 19 20 48 55.420  0.00   7
   109500  40.467362 -123.979655    22.047     7761.5     4929.5    -3310.6      9.7      8.3      8.3 2021  6 14 21 41 19.180  0.00   7
   109503  40.468722 -123.979801    22.132     7749.0     5080.4    -3225.6      8.9     13.2      7.5 2021  6 14 21 42 47.200  0.00   7
   109505  40.465710 -123.978597    21.987     7851.4     4746.1    -3371.1      5.7      6.2      7.0 2021  6 14 22 44 53.320  0.00   7
   109506  40.468510 -123.979940    22.132     7737.3     5056.9    -3225.7      8.7     13.2      7.7 2021  6 14 21 51  5.400  0.00   7
   109507  40.466235 -123.979500    21.989     7774.7     4804.4    -3369.0      9.7      9.1      7.4 2021  6 14 22 52  3.640  0.00   7
   109508  40.467456 -123.978190    22.049     7885.8     4939.9    -3309.1      8.7     11.8      6.3 2021  6 14 15  0 25.220  0.00   7
   109510  40.466361 -123.978589    22.035     7852.0     4818.4    -3322.5      6.1      7.0      7.2 2021  6 15  9 40 32.620  0.00   7
   109511  40.466984 -123.980200    22.003     7715.3     4887.5    -3354.8      9.9      8.2      7.8 2021  6 15  6 13 15.620  0.00   7
   109513  40.466366 -123.979378    21.985     7785.1     4818.8    -3372.6      8.0      6.9      7.1 2021  6 15  5 24 54.660  0.00   7
   109514  40.468628 -123.979704    22.113     7757.3     5070.0    -3245.2      7.8     13.4      8.4 2021  6 15  3 58 23.420  0.00   7
   109515  40.466606 -123.978931    21.969     7823.0     4845.5    -3388.6      8.1      7.3      7.9 2021  6 15  3 24 41.680  0.00   7
   109516  40.466777 -123.978678    22.037     7844.4     4864.5    -3321.0     10.2      7.9      7.9 2021  6 15  7  5 48.180  0.00   7
   109517  40.466211 -123.978638    21.986     7847.9     4801.6    -3371.7      8.8      7.9      7.6 2021  6 15  3 27 10.880  0.00   7
   109518  40.466345 -123.978353    22.008     7872.1     4816.6    -3350.1      6.9      7.3      8.6 2021  6 15  7 40  9.320  0.00   7
   109519  40.466134 -123.978125    21.980     7891.4     4793.1    -3377.9      6.2      6.0      6.7 2021  6 15  6 46 13.080  0.00   7
   109520  40.466252 -123.978857    22.024     7829.3     4806.2    -3333.9      7.3      7.0      6.6 2021  6 15  0  0 36.560  0.00   7
   109522  40.468909 -123.979175    22.043     7802.2     5101.2    -3315.3      6.9     10.0      7.9 2021  6 15  5  2 36.180  0.00   7
   109523  40.466284 -123.978581    22.081     7852.7     4809.8    -3276.6      5.9      6.4      6.9 2021  6 15  4 42  5.060  0.00   7
   109524  40.466455 -123.978532    22.030     7856.9     4828.8    -3328.1      5.7      5.8      7.2 2021  6 15 10 19 32.620  0.00   7
   109525  40.466073 -123.978141    21.990     7890.0     4786.3    -3367.7      5.3      6.2      6.9 2021  6 15  6 28  1.200  0.00   7
   109526  40.465824 -123.978516    21.989     7858.3     4758.7    -3368.9      5.7      5.9      6.5 2021  6 16  1 29  3.400  0.00   7
   109527  40.468424 -123.978711    22.081     7841.6     5047.4    -3277.4      6.4     12.0      8.2 2021  6 24 14 55 33.640  0.00   7
   109529  40.460701 -123.978206    22.131     7884.8     4189.9    -3227.3      8.3      4.2      7.8 2022  8 12  1 20 23.680  0.00   7
   109530  40.464384 -123.980819    22.021     7663.0     4598.8    -3337.1      7.3      6.6      7.5 2022  8 23 13 40  9.980  0.00   7
   109531  40.441626 -124.008073    28.322     5351.7     2071.7     2964.5     10.5      7.6      8.7 2021  2 20  0 31  6.820  0.00   7
   109532  40.435079 -124.010156    28.657     5175.1     1344.7     3299.1      7.8      8.9      3.9 2021  5 25  1 57 35.200  0.00   7
   109662  40.390328 -124.039315    29.492     2701.7    -3624.6     4134.0     13.3     15.5      8.6 2021  6 28 12 31 10.080  0.00   7
   109806  40.384717 -124.249740    26.879   -15160.9    -4247.7     1521.0      8.3     13.5     10.4 2021 11  9 19 48 34.540  0.00   7
   109807  40.388684 -124.247225    26.868   -14947.0    -3807.2     1510.0      7.6      7.1      4.9 2021 12 20 21 53 50.200  0.00   7
   109812  40.388456 -124.240991    26.788   -14417.8    -3832.5     1430.3     10.5      6.2      4.9 2021 12 21 17 56 14.380  0.00   7
   109813  40.387138 -124.246712    27.099   -14903.6    -3978.9     1740.7      6.2     11.7      5.3 2021 12 21 10 42 55.620  0.00   7
   109814  40.388383 -124.241089    26.792   -14426.1    -3840.6     1433.7      9.6      6.2      5.0 2021 12 21  0 36 47.480  0.00   7
   109816  40.388269 -124.269124    26.952   -16806.0    -3853.2     1593.8     13.9     11.3      5.6 2021 12 21  6 47 31.940  0.00   7
   109819  40.390523 -124.238477    26.558   -14204.1    -3602.9     1199.6     17.2      5.9      7.4 2021 12 21  5 34  4.380  0.00   7
   109820  40.393799 -124.247282    26.827   -14951.2    -3239.2     1469.4     19.5     13.0      9.6 2021 12 21  1 42 43.340  0.00   7
   109822  40.387260 -124.239616    26.786   -14301.2    -3965.3     1427.7     15.6      7.3      4.6 2021 12 21  0  6 22.480  0.00   7
   109824  40.375936 -124.248812    25.988   -15083.1    -5222.8      629.8     12.3     21.5      8.9 2021 12 21  3 26 33.380  0.00   7
   109825  40.386845 -124.267863    27.020   -16699.1    -4011.4     1662.5      8.9     12.8      9.7 2021 12 21  6 26 47.400  0.00   7
   109827  40.382764 -124.250407    26.946   -15217.7    -4464.6     1587.7     21.6     11.0     12.4 2021 12 24 12 46 23.800  0.00   7
   109829  40.394560 -124.262777    27.020   -16266.4    -3154.7     1662.1     27.9     15.0     12.5 2021 12 26  9 14 12.100  0.00   7
   109831  40.384460 -124.241545    26.436   -14465.2    -4276.2     1078.4     18.6     10.4     11.0 2022  1  8 17  8 29.240  0.00   7
   109832  40.388456 -124.243001    26.733   -14588.4    -3832.5     1374.8     12.2      8.6      5.3 2022  1 25 11 31 58.500  0.00   7
   109835  40.373429 -124.257804    27.039   -15846.8    -5501.1     1680.6     13.2     26.6     13.2 2022 10 19 20 59 36.440  0.00   7
   110135  40.399597 -124.147062    21.642    -6444.0    -2595.3    -3715.7     10.0     10.7      3.5 2021 12 20 22 59 59.900  0.00   7
   110284  40.465641 -124.019556    26.349     4376.5     4738.4      991.1     13.4     14.7     17.8 2022 11 23  5 59 44.720  0.00   7
   110309  40.365361 -124.141406    33.268    -5965.4    -6397.1     7909.8     10.0      8.8      5.9 2023  1 19  5  8  4.700  1.05   7
   110329  40.482788 -123.986532    29.578     7177.3     6642.4     4219.9      7.7      8.2      6.8 2023  1  2  1 54 21.740  1.00   7
   110333  40.411064 -124.119352    21.445    -4091.7    -1322.1    -3912.9      8.7      6.3      6.5 2022 12 23  0 32  6.750  0.86   7
   110358  40.447746 -124.017399    26.314     4560.1     2751.2      955.6      6.4      7.1      6.3 2023  1  1 18 46 17.900  1.73   7
   110363  40.399150 -124.096313    21.684    -2136.5    -2645.0    -3673.9      3.2      2.9      2.4 2022 12 14 10 39 54.760  1.83   7
   110389  40.455668 -124.017725    27.145     4532.2     3630.9     1787.5      8.5      8.6      8.5 2023  1 17  6 16 20.570  0.99   7
   110405  40.433980 -123.983065    25.492     7474.1     1222.7      133.8      6.0      6.5      8.9 2023  1 14  2 18  4.460  1.07   7
   110419  40.401514 -124.054508    29.981     1411.9    -2382.5     4623.1      9.3      6.5      7.5 2023  3 11 22  2  2.000  2.25   7
   110456  40.464152 -124.036808    21.990     2912.9     4573.0    -3367.7     14.9     10.7     16.1 2023  1  1 23 43 15.800  0.87   7
   110457  40.372909 -124.138623    32.938    -5728.8    -5558.9     7580.1     12.1     11.6      7.5 2023  1 18 23 33 23.240  1.29   7
   110472  40.427820 -123.975643    30.678     8104.3      538.6     5320.4      7.1      9.9      6.5 2023  2  1 13  7  8.630  2.17   7
   110493  40.437931 -123.997119    29.434     6281.3     1661.4     4075.9     10.5     12.6     10.7 2023  1  1 20 39 27.200  0.90   7
   110503  40.443266 -124.035067    25.565     3061.1     2253.8      207.4      6.6      6.7      5.8 2023  1  2  5 55 55.720  1.08   7
   110536  40.447636 -124.020182    26.145     4323.9     2739.0      787.5      8.8      8.8      9.3 2023  1  1 19  9 40.500  1.03   7
   110563  40.365348 -124.109294    23.126    -3239.1    -6398.4    -2231.8      8.5      8.5      7.6 2023  3 13  6 22 55.270  1.07   7
   110576  40.456527 -123.999390    23.377     6087.8     3726.3    -1980.8     14.9     16.1     11.8 2023  1  1 19 17 41.680  1.12   7
   110601  40.363757 -124.170890    30.442    -8468.8    -6575.1     5084.5      5.7      5.4      4.5 2022 12 21 11 23 41.660  0.93   7
   110606  40.449683 -124.001375    28.162     5919.6     2966.3     2804.0     11.7     12.6     12.6 2023  1  1 19 51  1.960  0.91   7
   110616  40.440938 -124.037313    25.838     2870.6     1995.3      480.1      5.7      5.5      5.6 2023  4 19  4 14 25.130  0.93   7
   110639  40.461304 -123.979199    22.138     7800.5     4256.7    -3220.1      6.3      7.2      6.3 2023  1  1 20 22 17.380  1.37   7
   110640  40.436475 -124.014046    29.039     4845.0     1499.6     3681.2      8.8      7.1      4.3 2023  1  1 18 55 10.060  2.21   7
   110668  40.395793 -124.045256    29.493     2197.3    -3017.8     4135.1     13.9     14.9      8.5 2023  1  1 19 18 40.760  1.27   7
   110693  40.459692 -124.041016    25.423     2556.0     4077.8       65.1      8.1      7.6      8.4 2023  1  1 19  3 59.640  1.01   7
   110701  40.456193 -124.022078    24.890     4162.8     3689.2     -467.7      7.3      7.0      7.4 2023  1  2 23 43  1.560  1.21   7
   110704  40.476860 -124.046468    23.788     2093.2     5984.1    -1570.0     15.9     12.4     14.9 2022 12 29 13 14 49.800  1.45   7
   110709  40.387093 -124.246102    26.786   -14851.8    -3983.8     1428.2      5.4      5.5      4.1 2023  4 18 21  0 30.040  1.34   7
   110733  40.412211 -124.129321    22.019    -4937.7    -1194.7    -3338.8     17.6     20.0      3.5 2023  1 17  1 49  9.700  2.75   7
   110764  40.424601 -123.980697    24.667     7675.6      181.2     -691.1      5.0      7.0      9.7 2023  1  1 19 14 27.920  2.17   7
   110775  40.427441 -124.063477    27.496      650.6      496.6     2137.6      6.4      6.0      6.4 2023  1 25 22  4 46.680  1.02   7
   110792  40.435620 -124.028345    24.132     3631.7     1404.8    -1225.6      7.5      7.2      8.5 2023  2  2  4 36 49.580  0.83   7
   110811  40.462231 -124.030933    27.740     3411.4     4359.8     2381.6     13.8     15.0     15.9 2023  1  1 20 19 37.080  1.15   7
