   102900  40.394238 -124.512378    21.048     1046.7     -244.0     1295.1    159.6    273.5    186.7 2020  1  7 21 14 24.860  0.00  68
   102901  40.396672 -124.513070    21.171      988.0       26.2     1418.1    245.9    317.1    236.9 2020  2  9 15 30  9.720  0.00  68
   102903  40.394649 -124.512671    21.121     1021.9     -198.4     1368.2    142.8    332.8    179.2 2020  4 20 21 58  8.780  0.00  68
   102904  40.394824 -124.512150    20.987     1066.1     -178.9     1233.9    171.2    221.5    256.2 2021 11 29 10 14 46.380  0.00  68
   104441  40.400024 -124.523999    18.381       60.1      398.5    -1371.8    309.8    418.7    701.7 2020  5 12 17 39 10.980  0.00  68
   104442  40.402718 -124.525602    18.432      -76.0      697.6    -1321.0    239.3    343.3    373.2 2020  5 17 18 32 25.060  0.00  68
   104451  40.401929 -124.525106    18.304      -33.9      610.0    -1448.7    207.8    285.3    377.9 2021  8  3  7  2 26.040  0.00  68
   104471  40.402332 -124.525684    18.996      -82.9      654.7     -756.7    248.3    466.2    508.0 2022  7  3 15 13  0.180  0.00  68
   109737  40.396993 -124.538159    18.326    -1142.1       61.9    -1426.6    114.8    183.2    190.4 2021 11 29 18 57 25.040  0.00  68
   109738  40.397095 -124.538306    18.306    -1154.5       73.2    -1447.0    124.7    195.9    189.5 2022  9 22  8 38  4.380  0.00  68
   110310  40.393864 -124.511857    20.986     1091.0     -285.6     1233.1    108.3    194.7    104.5 2022 12 24  5 13  7.020  2.60  68
   110339  40.401497 -124.524495    18.193       18.0      562.1    -1559.9    191.7    300.0    354.6 2023  1 30 19 45 47.760  1.21  68
   110684  40.397925 -124.538713    18.301    -1189.0      165.4    -1452.1    111.6    179.0    177.3 2023  3 16 11 19 56.420  1.21  68
