   105726  40.376567 -124.250708    26.399      322.0     -502.4     -902.6     82.4    119.5     74.0 2020  4  8  8 21 58.120  0.00  14
   105730  40.376526 -124.250887    26.407      306.8     -507.0     -894.0     75.6     77.7     62.1 2020  8 18 23 54 39.920  0.00  14
   105732  40.376562 -124.250846    26.405      310.3     -502.9     -895.7    109.7    147.3     95.3 2020 12 18 23 41 26.600  0.00  14
   105733  40.376550 -124.250871    26.406      308.2     -504.2     -895.1     83.4    122.1     77.4 2021  3 13  9 16 42.120  0.00  14
   105734  40.376514 -124.250846    26.405      310.3     -508.3     -896.6    104.2     72.6     83.5 2021  3 28 18 51 39.620  0.00  14
   105739  40.376489 -124.250846    26.402      310.3     -511.0     -899.3     90.2     95.8     66.8 2021  8 26  7 46  5.300  0.00  14
   105740  40.376481 -124.250895    26.405      306.1     -511.9     -896.2     84.7     91.6     68.8 2021 11  3  0 24 55.500  0.00  14
   105742  40.376534 -124.250871    26.407      308.2     -506.1     -894.0     82.6     95.1     67.0 2021 11  3  0 56  1.640  0.00  14
   105743  40.376660 -124.250594    26.398      331.7     -492.0     -902.8    104.0    134.5     84.9 2021 11  3  7 36 58.280  0.00  14
   105744  40.376408 -124.250887    26.404      306.8     -520.1     -897.5    108.4    113.2     96.1 2021 11  3  4 55 54.820  0.00  14
   105745  40.376518 -124.250871    26.406      308.2     -507.9     -895.6     97.5    100.8     65.0 2021 11  3  3 50 44.720  0.00  14
   105747  40.376444 -124.250781    26.402      315.8     -516.0     -899.6    172.4    135.1    113.8 2021 11  3  2 39 53.560  0.00  14
   105749  40.376489 -124.250822    26.404      312.4     -511.0     -897.5     96.3     87.8     79.9 2021 11  3  2 37 16.800  0.00  14
   105750  40.376558 -124.250871    26.406      308.2     -503.3     -895.6     66.1    102.6     56.8 2021 11  3  0 41 54.400  0.00  14
   105751  40.376542 -124.250871    26.407      308.2     -505.1     -894.2     68.7     76.4     51.4 2021 11  3  0 39 12.580  0.00  14
   105752  40.376501 -124.250838    26.406      311.0     -509.7     -895.6    106.4     90.4     77.0 2021 11  3  0 34 13.400  0.00  14
   105754  40.376457 -124.250863    26.402      308.9     -514.6     -898.8    120.2    109.3     83.6 2021 11  3  0 32  6.680  0.00  14
   105757  40.376530 -124.250879    26.407      307.5     -506.5     -893.9     72.1     74.7     59.9 2021 11  4  7 12  1.600  0.00  14
   105762  40.376416 -124.250838    26.402      311.0     -519.2     -898.9    119.8    112.9     86.2 2021 11 11 13 42 18.820  0.00  14
   105763  40.376449 -124.250895    26.402      306.1     -515.5     -898.9     79.4     87.5     61.3 2021 12 20 22  5 44.360  0.00  14
   105764  40.376493 -124.250887    26.405      306.8     -510.6     -896.0     91.5     75.2     79.7 2021 12 20 21 35 24.780  0.00  14
   105765  40.376383 -124.250830    26.398      311.7     -522.8     -902.8    167.5    131.2    106.6 2021 12 20 20 32  9.520  0.00  14
   105768  40.376506 -124.250871    26.405      308.2     -509.2     -896.4     90.2    108.1     77.7 2021 12 21  6 11 58.360  0.00  14
   105769  40.376583 -124.250871    26.406      308.2     -500.6     -894.8    105.7    144.5     94.8 2021 12 21  7 56 43.800  0.00  14
   105772  40.376506 -124.250871    26.403      308.2     -509.2     -897.8    117.3    116.7    112.6 2021 12 21  0 19 42.020  0.00  14
   105774  40.376404 -124.250895    26.401      306.1     -520.5     -899.7    133.8    123.3    115.9 2021 12 21 20 50 48.500  0.00  14
   105775  40.376510 -124.250846    26.405      310.3     -508.8     -896.5     89.2     93.7     67.4 2021 12 22  3 33 33.340  0.00  14
   105777  40.376526 -124.250863    26.405      308.9     -507.0     -895.9     65.6     95.5     55.6 2021 12 22 18 39 56.880  0.00  14
   105778  40.376465 -124.250863    26.401      308.9     -513.7     -900.4    118.7    115.2     98.4 2021 12 22  3  7 48.260  0.00  14
   105780  40.376392 -124.251318    26.392      270.2     -521.9     -908.8    100.3     82.9     81.6 2021 12 24  3 24 30.240  0.00  14
   105782  40.376514 -124.250871    26.405      308.2     -508.3     -896.6     73.6     98.2     66.4 2021 12 24 10 12  5.420  0.00  14
   105784  40.376493 -124.250887    26.406      306.8     -510.6     -895.1     82.4     74.9     71.9 2021 12 25 17 31 35.020  0.00  14
   105787  40.376489 -124.250887    26.405      306.8     -511.0     -896.1     88.6     74.9     77.9 2021 12 26 19 40 33.940  0.00  14
   105789  40.376510 -124.250871    26.405      308.2     -508.8     -895.8    112.8    170.2    110.9 2021 12 29 23 58 51.860  0.00  14
   105791  40.376506 -124.250863    26.405      308.9     -509.2     -896.6     70.7     84.0     60.5 2022  1  4 13 16 11.840  0.00  14
   105793  40.376383 -124.251278    26.391      273.7     -522.8     -910.2     92.5     79.4     76.2 2022  1  9  0 23 57.200  0.00  14
   105794  40.376501 -124.250838    26.406      311.0     -509.7     -895.6    110.3     91.3     79.9 2022  1  9  0 25 32.700  0.00  14
   105796  40.376245 -124.251310    26.385      270.9     -538.1     -916.6    111.4     82.2     88.5 2022  1 26 19 43 31.500  0.00  14
   105798  40.376538 -124.250863    26.406      308.9     -505.6     -895.3    117.3    162.0    104.0 2022  2  6 19 27 40.580  0.00  14
   105802  40.376506 -124.250789    26.401      315.1     -509.2     -899.9     83.5     83.0     74.0 2022  3 23  1 53 21.540  0.00  14
   107897  40.396578 -124.261825    28.185     -621.9     1719.7      883.7    199.4    162.6    144.0 2020  6 13 20  4 41.920  0.00  14
   107899  40.396200 -124.262256    28.192     -658.5     1677.7      890.5    145.8    115.3     88.2 2021 11  3 20 34 30.060  0.00  14
   107900  40.396200 -124.262256    28.191     -658.5     1677.7      890.1    146.3    118.9     87.9 2021 11  3  5 51 50.700  0.00  14
   107907  40.396195 -124.262264    28.192     -659.2     1677.2      890.4    147.7    116.7     88.6 2021 12 21  5  6 47.280  0.00  14
   107910  40.396452 -124.262036    28.189     -639.8     1705.7      887.4    216.3    160.2    130.9 2021 12 27  0 40 32.520  0.00  14
   107911  40.397856 -124.261678    28.193     -609.4     1861.5      891.7    178.2    157.5    110.6 2021 12 29 17 56  6.640  0.00  14
   107912  40.396741 -124.261857    28.184     -624.6     1737.7      882.6    243.6    177.9    222.0 2022  1  4  6 25 11.060  0.00  14
   107914  40.395833 -124.262085    28.159     -644.0     1637.0      857.9    129.3    129.7    115.8 2022  1 18  8 29 53.180  0.00  14
   107915  40.396098 -124.263460    28.204     -760.8     1666.4      902.4    201.2    138.4    113.4 2022  1 20 19 35 45.720  0.00  14
   107916  40.397087 -124.261995    28.192     -636.4     1776.2      891.0    142.5    161.3    141.0 2022  3 10 19 43 36.080  0.00  14
   107917  40.396509 -124.261296    28.193     -577.0     1712.0      891.5    340.6    211.1    173.9 2022  3 21 15 45 36.680  0.00  14
   107919  40.396281 -124.261637    28.183     -606.0     1686.7      882.3    157.6    113.2    101.0 2022  4 28 16 18 59.900  0.00  14
   107920  40.396183 -124.262223    28.189     -655.7     1675.8      887.5    138.2    130.0    102.5 2022  4 30 20 33  4.260  0.00  14
   107922  40.396529 -124.261865    28.193     -625.3     1714.2      891.5    242.0    174.2    126.4 2022  7  3 16 44 36.540  0.00  14
   107924  40.396513 -124.261344    28.191     -581.1     1712.4      890.2    285.2    172.3    123.4 2022  7 19  9 28  3.620  0.00  14
   107925  40.396200 -124.262256    28.192     -658.5     1677.7      890.4    145.0    114.5     88.8 2022  8 20 18 57 36.780  0.00  14
   108010  40.369560 -124.256608    30.011     -179.0    -1280.5     2709.7    260.4    165.2    142.2 2020  4  7 16 19 13.760  0.00  14
   108011  40.371729 -124.255225    30.070      -61.5    -1039.7     2768.7    253.7    216.5    134.8 2021  5 20  8  1 14.180  0.00  14
   108012  40.373621 -124.252840    30.128      141.0     -829.6     2826.7    216.4    245.5    141.7 2021  6  9 14 43 15.220  0.00  14
   108013  40.370321 -124.255298    30.116      -67.7    -1196.0     2814.7    243.9    179.5    121.2 2021  7 19  0 53 28.240  0.00  14
   108019  40.370199 -124.254362    30.115       11.7    -1209.6     2813.9    229.3    186.3    118.5 2021 11  3  6 42 52.940  0.00  14
   108021  40.371875 -124.256421    30.017     -163.1    -1023.4     2715.7    385.0    348.6    182.6 2021 12 21  2 47 39.000  0.00  14
   108024  40.372835 -124.255509    30.019      -85.7     -916.8     2718.3    366.3    264.2    188.3 2022  1  7  2 30  4.920  0.00  14
   110380  40.376286 -124.251188    26.389      281.3     -533.6     -912.0     97.8     97.3     74.6 2022 12 26  3 17 37.280  0.86  14
   110463  40.397754 -124.262126    28.193     -647.4     1850.3      892.0    160.1    145.3    102.7 2023  5 18 12 50 14.940  1.05  14
   110471  40.369604 -124.255998    30.055     -127.2    -1275.5     2753.7    232.7    167.4    109.7 2023  3 30 14 41 33.470  1.24  14
