   104399  40.352242 -124.280436    23.925     1050.1     -948.8    -3063.0     13.9     24.1      7.4 2021  6 15  4 44 44.800  0.00  26
   104401  40.354032 -124.279460    23.877     1133.0     -750.0    -3111.3     10.0     19.3      6.8 2021  8 29  1 56 52.440  0.00  26
   104403  40.355880 -124.278581    23.849     1207.7     -544.9    -3139.3     16.0      9.7      6.2 2021 12 20 21  4 59.220  0.00  26
   104405  40.353031 -124.279622    23.871     1119.2     -861.2    -3117.7      6.2     13.9     10.8 2021 12 20 20 53 33.680  0.00  26
   104406  40.354716 -124.274422    24.001     1560.9     -674.1    -2987.0     38.4     18.4     21.9 2021 12 20 20 26 28.100  0.00  26
   104407  40.354313 -124.277441    23.858     1304.5     -718.9    -3130.0     18.8     23.0      8.6 2021 12 20 21 31 11.760  0.00  26
   104410  40.354228 -124.278963    23.894     1175.2     -728.3    -3094.6     11.2     13.9      8.7 2021 12 21  0  8 11.860  0.00  26
   104411  40.355933 -124.277873    23.861     1267.8     -539.0    -3127.3     12.0      8.9      9.1 2021 12 21 19 31 39.840  0.00  26
   104412  40.356250 -124.276017    23.897     1425.4     -503.8    -3091.3     16.4      7.3      7.5 2021 12 21 11 59  9.720  0.00  26
   104413  40.353585 -124.279199    23.841     1155.2     -799.7    -3147.0     12.2     14.1      9.4 2021 12 22  8  8 37.840  0.00  26
   104420  40.354569 -124.279126    23.907     1161.4     -690.4    -3081.3     10.0     21.5      8.9 2022  1 14  0 17 25.780  0.00  26
   104421  40.354386 -124.277913    23.776     1264.4     -710.7    -3212.9     13.2      8.4     10.8 2022  1 14  4 26 58.700  0.00  26
   104423  40.357267 -124.282227    23.936      898.0     -390.8    -3052.2     24.7     32.3     17.6 2022  1 26 22 58 55.500  0.00  26
   104426  40.355208 -124.279329    23.845     1144.1     -619.5    -3143.7     11.9     11.7      7.1 2022 11 19 20 44  5.320  0.00  26
   107213  40.340112 -124.296012    27.654     -273.1    -2295.7      665.3     18.8     21.0     15.6 2020  3 23  6 34  8.940  0.00  26
   107215  40.342521 -124.293384    27.587      -49.8    -2028.3      598.1     21.7     20.6     12.0 2021 12  1  3 23 46.460  0.00  26
   107219  40.335494 -124.298771    27.649     -507.5    -2808.6      660.6     30.4     30.2     14.1 2021 12 24 22 23 25.560  0.00  26
   107222  40.335445 -124.300260    27.795     -634.0    -2814.0      806.1     23.1     31.2     18.8 2022  1  1 10 24 30.560  0.00  26
   107224  40.351953 -124.296842    27.754     -343.6     -980.9      765.3     21.3     28.5     16.6 2022  1 17  7 33 11.240  0.00  26
   107232  40.372302 -124.307747    29.433    -1269.7     1278.7     2445.0      9.6     10.3      4.9 2021  3 11 20  6  4.280  0.00  26
   107235  40.372392 -124.308529    29.421    -1336.1     1288.6     2432.8     11.6     11.3      5.8 2021 11  3  5 58  4.920  0.00  26
   107243  40.371720 -124.308138    29.433    -1302.9     1214.1     2444.1     11.5     14.1      6.9 2021 12 20 23 27 36.080  0.00  26
   107244  40.371863 -124.308187    29.429    -1307.1     1229.9     2440.3     10.3     11.5      5.1 2021 12 20 20 50 16.880  0.00  26
   107245  40.372668 -124.307243    29.432    -1226.9     1319.3     2443.1     13.1     15.4      5.0 2021 12 20 23 41 45.320  0.00  26
   107246  40.372856 -124.308398    29.437    -1325.0     1340.1     2448.2     12.0     12.7      8.8 2021 12 20 20 17 10.900  0.00  26
   107247  40.372660 -124.308773    29.439    -1356.8     1318.4     2450.9     14.9     15.6      7.6 2021 12 20 21 11 30.880  0.00  26
   107254  40.371969 -124.308504    29.427    -1334.0     1241.6     2439.0     10.1      7.9      5.9 2021 12 21 18  1 23.800  0.00  26
   107256  40.373413 -124.306820    29.402    -1190.9     1402.0     2413.8     13.5     22.1     10.2 2021 12 21  7 25 52.440  0.00  26
   107257  40.371720 -124.311825    29.672    -1616.1     1214.1     2683.2     25.3     26.7     16.4 2021 12 21  2 34 43.280  0.00  26
   107258  40.373706 -124.306396    29.413    -1155.0     1434.6     2424.7     21.6     16.1     10.2 2021 12 21 13  6 14.120  0.00  26
   107260  40.372404 -124.308415    29.438    -1326.4     1290.0     2450.1     12.6     11.4      4.4 2021 12 23 19 15  5.580  0.00  26
   107262  40.371883 -124.308586    29.438    -1340.9     1232.1     2449.4      9.6     12.4      5.8 2021 12 24 12 38 47.180  0.00  26
   107267  40.373844 -124.308203    29.477    -1308.4     1449.9     2489.1     12.0     18.1     14.1 2021 12 26  2 14 54.480  0.00  26
   107272  40.372937 -124.306527    29.404    -1166.1     1349.2     2415.6     14.5     22.1      8.7 2022  1  2 13 57 49.500  0.00  26
   107274  40.372420 -124.309570    29.520    -1424.6     1291.8     2531.5     17.3     18.3     19.2 2022  1 15 12 26  6.380  0.00  26
   107277  40.371981 -124.308317    29.436    -1318.1     1243.0     2447.3     10.5      7.5      4.2 2022  7  1  1 40 55.500  0.00  26
   107280  40.371842 -124.308089    29.427    -1298.8     1227.6     2438.3     11.7      8.2      4.6 2022  7 16 23 34 14.380  0.00  26
   109841  40.364791 -124.269507    25.760     1978.3      444.6    -1228.8     61.7     20.7     31.0 2021 12 21  1 16 23.360  0.00  26
   109842  40.360950 -124.268823    25.826     2036.5       18.1    -1161.9     27.2     17.1     23.9 2021 12 23  3 36 15.740  0.00  26
   109843  40.359184 -124.263387    25.733     2498.3     -178.0    -1255.6     15.3     14.2     16.4 2021 12 31 10  3  5.180  0.00  26
   110338  40.353304 -124.279460    23.829     1133.0     -830.9    -3159.3      6.4     10.1      6.0 2022 12 19 23 29  6.160  1.05  26
   110427  40.340381 -124.293506    27.661      -60.1    -2265.9      672.7     17.8     13.0     12.8 2022 12 25  7 31 55.070  0.83  26
   110428  40.371488 -124.308431    29.434    -1327.8     1188.3     2446.1      7.9      9.0      5.2 2023  4 29  3  1 22.660  0.62  26
   110713  40.359196 -124.265365    25.779     2330.3     -176.7    -1209.2     16.1     15.9     15.8 2022 12 12  1  4 54.750  2.37  26
