   109139  40.455180 -124.291593    27.487       -9.0       -2.3       -2.5     23.9     15.3     15.7 2021 12 20 23 49  2.700  0.00  54
   109140  40.455896 -124.290153    27.442      113.2       77.3      -48.1     61.6     36.4     42.3 2021 12 20 20 27  8.300  0.00  54
   109141  40.455021 -124.290682    27.423       68.3      -19.9      -67.2     64.9     66.1     60.6 2021 12 20 20 14 54.440  0.00  54
   109143  40.453642 -124.288062    27.296      290.6     -173.1     -193.9     65.5     58.3     54.3 2021 12 21  4 34 24.360  0.00  54
   109146  40.455111 -124.291300    27.485       15.9       -9.9       -5.2     22.4     17.0     25.8 2021 12 23  1 13 24.040  0.00  54
   109148  40.455278 -124.291341    27.471       12.4        8.6      -19.4     25.8     27.1     22.2 2021 12 26 17 36 29.900  0.00  54
   109149  40.455278 -124.291471    27.495        1.4        8.6        5.4     23.5     19.5     18.4 2021 12 27 14 12 20.840  0.00  54
   109151  40.455253 -124.291553    27.494       -5.5        5.9        3.8     20.4     18.9     19.1 2022  1  4  3 37 23.060  0.00  54
   109152  40.455269 -124.291455    27.503        2.8        7.7       12.9     30.4     21.2     21.7 2022  1  5 20 20 38.220  0.00  54
   109153  40.455188 -124.291797    27.486      -26.2       -1.4       -3.8     37.1     23.9     18.7 2022  1  5 15 37  2.560  0.00  54
   109154  40.455200 -124.291390    27.458        8.3        0.0      -32.2     21.9     25.3     19.3 2022  1  6  4 31 33.680  0.00  54
   109155  40.455790 -124.295426    27.539     -334.1       65.5       49.0    155.6     20.2     37.8 2022  1 12 15  0 18.900  0.00  54
   109158  40.455229 -124.291903    27.502      -35.2        3.2       11.8     31.7     26.3     21.9 2022  1 27 16 44 23.740  0.00  54
   109160  40.454667 -124.293473    27.479     -168.4      -59.2      -11.0     32.1     21.2     21.2 2022  2  4 23 36 57.940  0.00  54
   109163  40.455200 -124.292334    27.520      -71.8        0.0       29.7     50.7     29.9     33.1 2022  2 28 23  1 31.800  0.00  54
   109165  40.454899 -124.291659    27.477      -14.5      -33.4      -13.0     29.8     35.4     20.8 2022  3 25  7 29 24.500  0.00  54
   109166  40.455147 -124.291748    27.485      -22.1       -5.9       -5.0     35.4     17.3     17.5 2022  4  3 17 21 51.500  0.00  54
   109168  40.455245 -124.291455    27.494        2.8        5.0        4.1     19.4     17.4     17.3 2022  4 16  9 26 42.300  0.00  54
   109169  40.455192 -124.291813    27.484      -27.6       -0.9       -5.5     44.4     17.0     19.3 2022  6 15  2 52 15.320  0.00  54
   109170  40.455314 -124.291496    27.500       -0.7       12.7        9.8     19.9     20.1     18.8 2022  8 16 10 40 30.580  0.00  54
   110610  40.455225 -124.291447    27.495        3.5        2.7        4.9     17.1     14.5     16.6 2023  3 18 18 52 34.560  2.06  54
