   105726  40.376115 -124.251978    26.349      214.2     -552.6     -951.7     25.4     29.7     15.8 2020  4  8  8 21 58.120  0.00  14
   105730  40.376648 -124.250936    26.406      302.7     -493.4     -894.9     15.2     16.1     13.2 2020  8 18 23 54 39.920  0.00  14
   105732  40.386031 -124.253068    26.642      121.6      548.5     -658.8     18.3     68.0     22.9 2020 12 18 23 41 26.600  0.00  14
   105733  40.382361 -124.246810    26.246      653.0      141.0    -1054.8     53.6     64.7     26.9 2021  3 13  9 16 42.120  0.00  14
   105734  40.385209 -124.248429    26.442      515.5      457.3     -859.1     25.6     40.1     22.1 2021  3 28 18 51 39.620  0.00  14
   105739  40.371631 -124.258634    26.490     -351.1    -1050.5     -810.9     31.2     38.6     16.8 2021  8 26  7 46  5.300  0.00  14
   105740  40.376485 -124.250643    26.438      327.6     -511.5     -863.4     20.8     22.5     14.6 2021 11  3  0 24 55.500  0.00  14
   105742  40.376656 -124.249951    26.390      386.3     -492.5     -911.6     15.7     18.8     19.5 2021 11  3  0 56  1.640  0.00  14
   105743  40.378467 -124.247428    26.339      600.5     -291.4     -962.6     25.7     25.3     17.8 2021 11  3  7 36 58.280  0.00  14
   105744  40.363737 -124.252205    26.128      194.9    -1927.1    -1173.3     24.1     50.8     24.9 2021 11  3  4 55 54.820  0.00  14
   105745  40.377262 -124.250358    26.341      351.8     -425.2     -960.1     25.3     28.2     17.9 2021 11  3  3 50 44.720  0.00  14
   105747  40.376656 -124.248047    26.266      548.0     -492.5    -1034.9     41.9     33.6     17.1 2021 11  3  2 39 53.560  0.00  14
   105749  40.380127 -124.240820    26.111     1161.7     -107.1    -1190.6     36.5     39.4     29.9 2021 11  3  2 37 16.800  0.00  14
   105750  40.375594 -124.250456    26.451      343.5     -610.4     -849.8     22.5     24.8     19.2 2021 11  3  0 41 54.400  0.00  14
   105751  40.376689 -124.250399    26.390      348.3     -488.9     -911.1     15.7     16.5     16.9 2021 11  3  0 39 12.580  0.00  14
   105752  40.379028 -124.251099    26.408      288.9     -229.1     -893.3     33.3     35.3     24.1 2021 11  3  0 34 13.400  0.00  14
   105754  40.376904 -124.249284    26.384      443.0     -464.9     -917.4     21.5     18.9     12.2 2021 11  3  0 32  6.680  0.00  14
   105757  40.376286 -124.250570    26.416      333.8     -533.6     -885.0     18.9     17.8     15.8 2021 11  4  7 12  1.600  0.00  14
   105762  40.378198 -124.250269    26.585      359.4     -321.3     -715.8     31.4     31.2     27.5 2021 11 11 13 42 18.820  0.00  14
   105763  40.377197 -124.252791    26.327      145.1     -432.4     -974.1     33.0     36.0     25.6 2021 12 20 22  5 44.360  0.00  14
   105764  40.370247 -124.257983    26.609     -295.8    -1204.1     -691.8     27.5     42.1     16.5 2021 12 20 21 35 24.780  0.00  14
   105765  40.372587 -124.254704    26.221      -17.3     -944.3    -1080.5     30.2     25.4     18.3 2021 12 20 20 32  9.520  0.00  14
   105768  40.376465 -124.246484    26.292      680.7     -513.7    -1009.5     21.1     25.8     29.7 2021 12 21  6 11 58.360  0.00  14
   105769  40.376457 -124.248340    25.973      523.1     -514.6    -1328.3     34.3     59.3     29.4 2021 12 21  7 56 43.800  0.00  14
   105772  40.380302 -124.253044    26.562      123.7      -87.7     -738.7     28.0     42.6     23.7 2021 12 21  0 19 42.020  0.00  14
   105774  40.388224 -124.255078    26.880      -49.1      792.1     -421.0     32.0     36.8     33.4 2021 12 21 20 50 48.500  0.00  14
   105775  40.379976 -124.244059    26.238      886.6     -123.8    -1062.9     25.3     38.2     20.3 2021 12 22  3 33 33.340  0.00  14
   105777  40.382092 -124.250358    26.351      351.7      111.2     -950.0     26.9     32.3     23.1 2021 12 22 18 39 56.880  0.00  14
   105778  40.379850 -124.253125    26.425      116.8     -137.8     -876.2     27.0     52.2     36.9 2021 12 22  3  7 48.260  0.00  14
   105780  40.375972 -124.252181    26.382      197.0     -568.4     -919.0     16.3     16.0     12.4 2021 12 24  3 24 30.240  0.00  14
   105782  40.386316 -124.251571    26.562      248.8      580.2     -739.2     30.6     50.6     30.2 2021 12 24 10 12  5.420  0.00  14
   105784  40.370846 -124.251685    26.297      239.1    -1137.7    -1004.0     22.2     39.9     19.9 2021 12 25 17 31 35.020  0.00  14
   105787  40.372168 -124.256307    26.540     -153.4     -990.9     -761.5     23.7     35.3     15.4 2021 12 26 19 40 33.940  0.00  14
   105789  40.375187 -124.250130    26.227      371.1     -655.6    -1073.7     35.2     80.7     27.8 2021 12 29 23 58 51.860  0.00  14
   105791  40.371025 -124.253589    26.305       77.4    -1117.8     -995.8     27.4     37.6     22.3 2022  1  4 13 16 11.840  0.00  14
   105793  40.376184 -124.252043    26.394      208.7     -544.9     -907.0     15.7     15.7     12.5 2022  1  9  0 23 57.200  0.00  14
   105794  40.375924 -124.251571    26.415      248.8     -573.8     -886.1     20.1     20.9     14.5 2022  1  9  0 25 32.700  0.00  14
   105796  40.376221 -124.252279    26.391      188.7     -540.8     -909.8     15.5     15.3     12.6 2022  1 26 19 43 31.500  0.00  14
   105798  40.372978 -124.251839    26.482      226.0     -901.0     -819.5     18.3     32.6     20.6 2022  2  6 19 27 40.580  0.00  14
   105802  40.371395 -124.256234    26.581     -147.2    -1076.7     -720.0     22.5     37.3     21.1 2022  3 23  1 53 21.540  0.00  14
   107897  40.400037 -124.266154    28.463     -989.5     2103.7     1161.9     57.2     34.5     34.2 2020  6 13 20  4 41.920  0.00  14
   107899  40.396558 -124.261548    28.185     -598.4     1717.4      884.2     20.4     19.5     17.2 2021 11  3 20 34 30.060  0.00  14
   107900  40.396574 -124.260791    28.183     -534.1     1719.2      882.0     21.9     19.1     17.8 2021 11  3  5 51 50.700  0.00  14
   107907  40.397339 -124.261239    28.225     -572.1     1804.2      923.6     24.5     21.3     26.7 2021 12 21  5  6 47.280  0.00  14
   107910  40.397135 -124.261605    28.225     -603.2     1781.6      923.8     25.7     18.8     20.8 2021 12 27  0 40 32.520  0.00  14
   107911  40.397396 -124.263916    28.215     -799.5     1810.5      913.4     26.0     20.0     19.8 2021 12 29 17 56  6.640  0.00  14
   107912  40.401160 -124.263118    28.289     -731.7     2228.4      988.0     48.1     27.9     30.4 2022  1  4  6 25 11.060  0.00  14
   107914  40.396822 -124.261475    28.168     -592.2     1746.8      866.8     22.6     23.0     17.8 2022  1 18  8 29 53.180  0.00  14
   107915  40.396895 -124.276131    28.436    -1836.6     1754.9     1135.2     66.5     44.7     34.3 2022  1 20 19 35 45.720  0.00  14
   107916  40.395878 -124.264062    28.179     -811.9     1642.0      878.0     34.9     25.0     17.7 2022  3 10 19 43 36.080  0.00  14
   107917  40.397449 -124.259570    28.147     -430.5     1816.4      845.9     32.1     18.7     15.9 2022  3 21 15 45 36.680  0.00  14
   107919  40.397677 -124.261466    28.155     -591.5     1841.7      853.8     28.2     28.6     18.1 2022  4 28 16 18 59.900  0.00  14
   107920  40.396887 -124.261117    28.177     -561.8     1754.0      875.4     21.4     20.2     16.3 2022  4 30 20 33  4.260  0.00  14
   107922  40.398014 -124.261117    28.204     -561.8     1879.2      903.2     31.5     14.8     13.9 2022  7  3 16 44 36.540  0.00  14
   107924  40.397888 -124.260295    28.215     -492.0     1865.2      913.9     28.2     14.2     14.6 2022  7 19  9 28  3.620  0.00  14
   107925  40.396436 -124.261605    28.178     -603.2     1703.9      877.1     20.6     20.4     16.4 2022  8 20 18 57 36.780  0.00  14
   108010  40.368372 -124.255037    29.977      -45.6    -1412.4     2676.1     25.5     18.1     18.5 2020  4  7 16 19 13.760  0.00  14
   108011  40.369548 -124.258854    30.213     -369.7    -1281.8     2911.6     27.1     25.0     22.5 2021  5 20  8  1 14.180  0.00  14
   108012  40.367383 -124.254980    30.216      -40.8    -1522.2     2915.1     45.4     39.5     20.9 2021  6  9 14 43 15.220  0.00  14
   108013  40.370199 -124.252523    30.156      167.9    -1209.6     2854.4     51.6     26.7     21.2 2021  7 19  0 53 28.240  0.00  14
   108019  40.367350 -124.254427    30.110        6.2    -1525.8     2808.9     29.3     23.1     19.7 2021 11  3  6 42 52.940  0.00  14
   108021  40.375940 -124.261084    30.163     -559.1     -572.0     2861.9     30.2     45.9     22.8 2021 12 21  2 47 39.000  0.00  14
   108024  40.375684 -124.271558    30.104    -1448.5     -600.5     2803.3     66.3     47.6     32.5 2022  1  7  2 30  4.920  0.00  14
   110380  40.375956 -124.251473    26.392      257.1     -570.2     -909.1     15.6     14.8     13.0 2022 12 26  3 17 37.280  0.86  14
   110463  40.398885 -124.261841    28.184     -623.3     1975.9      882.3     19.7     13.4     15.6 2023  5 18 12 50 14.940  1.05  14
   110471  40.367074 -124.251888    30.104      221.9    -1556.6     2803.1     24.6     19.8     19.7 2023  3 30 14 41 33.470  1.24  14
