   107464  40.381490 -124.528581    27.671       -8.3       74.1      -69.1      5.0      8.5      7.9 2020  3 18 22 14 12.440  0.00  25
   107467  40.382312 -124.527791    27.601       58.7      165.4     -139.5      6.7     13.7      7.0 2020  3 18 22 40  6.880  0.00  25
   107472  40.382454 -124.528524    27.522       -3.5      181.2     -218.0      6.9     12.6     10.1 2020  5 10 13 14  2.440  0.00  25
   107473  40.375020 -124.530941    27.553     -208.7     -644.3     -186.6     12.7     24.4     19.5 2020  5 16 23  7 35.120  0.00  25
   107476  40.382222 -124.528410    27.682        6.2      155.4      -58.4      4.2     10.4      8.5 2020  7  2  4  6 42.660  0.00  25
   107481  40.380566 -124.529492    27.884      -85.7      -28.5      143.8     10.6     16.6     15.6 2020  7 20 23 54 26.140  0.00  25
   107482  40.380623 -124.528239    27.837       20.7      -22.1       96.8      5.6      8.4     13.0 2020  8  4  9 35 27.100  0.00  25
   107484  40.376648 -124.529801    27.786     -112.0     -463.6       45.9      8.6     23.0     10.6 2020  8 22  1  0 17.680  0.00  25
   107487  40.381059 -124.528149    27.720       28.3       26.2      -20.3      4.8     10.5      8.9 2020 10 27 18 56  9.260  0.00  25
   107488  40.380709 -124.528304    27.717       15.2      -12.7      -22.9      5.0      8.2      7.0 2020 10 29 16 48 21.620  0.00  25
   107491  40.380920 -124.528328    27.701       13.1       10.8      -38.9      3.7      6.3      5.8 2020 11 15  6 10 39.440  0.00  25
   107492  40.381213 -124.528540    27.733       -4.8       43.4       -7.3      3.6      6.6      7.0 2020 11 15  4 31  1.960  0.00  25
   107494  40.380229 -124.528394    27.744        7.6      -66.0        4.0      4.5      7.1      7.1 2020 12 21  0 56 26.380  0.00  25
   107496  40.378585 -124.529281    27.684      -67.7     -248.5      -56.2      7.8     19.1     10.5 2020 12 26 18 49 37.200  0.00  25
   107497  40.380042 -124.528898    27.750      -35.2      -86.8       10.1      4.4     12.1      8.1 2021  3 13 10 10  5.340  0.00  25
   107498  40.383736 -124.527922    27.640       47.7      323.5      -99.6      5.9     14.9      8.7 2021  4  8 21 40 58.200  0.00  25
   107506  40.383630 -124.527393    27.786       92.6      311.8       46.0      6.8      9.9     10.6 2021  6  2  5  7 25.060  0.00  25
   107507  40.380998 -124.528581    27.707       -8.3       19.4      -32.9      4.8      7.3      7.4 2021  6  8 16 30  4.700  0.00  25
   107514  40.379675 -124.528776    27.742      -24.9     -127.4        2.1      4.3     10.3      7.3 2021 10 23  4 40  5.460  0.00  25
   107515  40.377490 -124.529069    27.703      -49.8     -370.1      -37.3      6.3     10.5      9.6 2021 10 29 15 30 15.320  0.00  25
   107516  40.378479 -124.528678    27.694      -16.6     -260.3      -46.2      5.9      9.2      8.7 2021 10 29 14 41 45.020  0.00  25
   107518  40.380697 -124.528280    27.645       17.3      -14.0      -94.8      4.5      8.0      8.8 2021 10 31 14 53 45.320  0.00  25
   107519  40.379818 -124.528385    27.626        8.3     -111.6     -113.6      4.8      8.1      8.9 2021 10 31 14 28 41.000  0.00  25
   107524  40.380676 -124.528296    27.730       15.9      -16.3       -9.9      4.6      7.3      7.1 2021 11 22  7 24 49.740  0.00  25
   107525  40.381144 -124.528402    27.764        6.9       35.7       24.4      4.6      8.9      8.0 2021 11 22  4  0 43.140  0.00  25
   107526  40.380815 -124.528231    27.784       21.4       -0.9       44.2      4.9      7.7     10.4 2021 11 29 14  6 53.300  0.00  25
   107527  40.378410 -124.528988    27.755      -42.8     -267.9       14.5      7.0     12.1     10.4 2021 12  3  5 48 40.960  0.00  25
   107528  40.379045 -124.528727    27.714      -20.7     -197.5      -25.9      7.9     12.3     11.7 2021 12 13 23 35 57.160  0.00  25
   107533  40.381596 -124.528459    27.737        2.1       85.8       -2.9      4.0      7.7      5.4 2022  2  8 12 54 35.300  0.00  25
   107538  40.380750 -124.528459    27.719        2.1       -8.1      -20.9      4.3      6.5      6.3 2022  3 19 23 26 39.880  0.00  25
   107539  40.381006 -124.528296    27.760       15.9       20.3       19.9      4.9      8.4      7.8 2022  3 20 13 12 27.460  0.00  25
   107541  40.378137 -124.529264    27.767      -66.3     -298.2       26.6      5.2     11.8      6.5 2022  4  5  0 55 37.240  0.00  25
   107544  40.382263 -124.527905    27.752       49.1      159.9       12.2      6.2      9.7      8.6 2022  5 10 16 59 43.560  0.00  25
   107545  40.382812 -124.527661    27.750       69.8      220.9        9.9      6.9     13.1      7.9 2022  5 10 16 14 58.500  0.00  25
   107546  40.379122 -124.528605    27.709      -10.4     -188.9      -31.0      7.6     11.8     11.2 2022  5 13 23 15  7.460  0.00  25
   107547  40.380709 -124.528304    27.668       15.2      -12.7      -72.4      5.8      9.2      8.6 2022  5 22 20 33 55.540  0.00  25
   107548  40.378369 -124.528931    27.667      -38.0     -272.5      -72.9      4.3      9.2      6.5 2022  5 30  1 43 50.600  0.00  25
   107556  40.378650 -124.529370    27.728      -75.3     -241.3      -11.9      6.2     17.7      9.4 2022  8 11 16 19 20.340  0.00  25
   107557  40.379159 -124.528792    27.706      -26.3     -184.8      -33.8      8.4     13.7     13.3 2022  8 12 23 24 23.280  0.00  25
   107558  40.381335 -124.528638    27.683      -13.1       56.9      -57.0      4.3      6.4      9.2 2022  8 14 12 51 42.480  0.00  25
   107559  40.382092 -124.528369    27.667        9.7      141.0      -73.3      7.2     12.5      7.5 2022  9 21 13 36 27.500  0.00  25
   107560  40.380847 -124.528369    27.759        9.7        2.7       18.6      4.8      7.2      7.4 2022  9 26 23 50 11.680  0.00  25
   107567  40.378324 -124.529012    27.756      -44.9     -277.4       16.2      6.5     11.4     10.0 2022  9 26 23  9 34.060  0.00  25
   107571  40.378866 -124.529126    27.781      -54.6     -217.3       41.3      6.5     11.5      9.9 2022 11 14 17  2 42.680  0.00  25
   110438  40.381152 -124.528369    27.759        9.7       36.6       19.3      3.6      5.3      5.4 2023  3  4 21 15 32.500  1.55  25
