   103313  40.387081 -124.285229    30.592       20.0        9.0       -7.7      7.3      5.0      4.7 2020  2 15 13  9 35.880  0.00  41
   103314  40.387081 -124.285229    30.592       20.0        9.0       -8.2      7.3      5.0      4.8 2020  2 15 12 12 19.360  0.00  41
   103315  40.387101 -124.285335    30.606       11.1       11.3        6.4      6.9      4.6      3.3 2020  3 18 22 35 28.520  0.00  41
   103318  40.386987 -124.285571    30.599       -9.0       -1.4       -1.4      4.7      4.6      3.5 2021  3 24  9 30 55.440  0.00  41
   103319  40.386991 -124.285449    30.597        1.4       -0.9       -3.0      4.1      3.3      3.3 2021  8 17  5 27  3.920  0.00  41
   103320  40.386841 -124.284937    30.594       44.9      -17.6       -6.1      8.4      7.0      3.7 2021  9 14  9 59 47.740  0.00  41
   103322  40.386320 -124.284163    30.573      110.6      -75.5      -26.5     11.8      8.8      6.6 2021 11  3  0 28 20.280  0.00  41
   103323  40.386991 -124.285628    30.596      -13.8       -0.9       -3.6      5.7      4.7      3.3 2021 11  3  6 31 54.860  0.00  41
   103325  40.386576 -124.283781    30.589      143.0      -47.0      -10.7     13.2      7.3      4.8 2021 11 13  5 33 46.340  0.00  41
   103327  40.387162 -124.285465    30.609        0.0       18.1        9.2      5.8      8.0      4.2 2021 12 20 21 25  6.680  0.00  41
   103328  40.387032 -124.285474    30.602       -0.7        3.6        2.1      5.3      5.9      3.9 2021 12 20 20 24 46.540  0.00  41
   103329  40.387264 -124.286483    30.614      -86.4       29.4       13.8     11.5      5.8      4.2 2021 12 20 20 56 50.100  0.00  41
   103330  40.386621 -124.286410    30.585      -80.2      -42.0      -15.2     12.4      9.2      5.2 2021 12 20 22 41  8.120  0.00  41
   103331  40.386975 -124.285506    30.598       -3.5       -2.7       -2.2      4.9      4.9      3.4 2021 12 21 20 23 41.540  0.00  41
   103332  40.386995 -124.285449    30.600        1.4       -0.5       -0.1      4.8      4.5      3.3 2021 12 21  0  9 50.600  0.00  41
   103333  40.386983 -124.285360    30.590        9.0       -1.8      -10.0      9.2      3.9      4.1 2021 12 21  2 46  7.160  0.00  41
   103337  40.387126 -124.285604    30.605      -11.7       14.0        5.3     10.0      5.7      3.4 2021 12 21  4 41 45.900  0.00  41
   103341  40.387288 -124.286084    30.610      -52.5       32.1       10.1      6.8      6.0      4.4 2021 12 21  1 59 38.600  0.00  41
   103345  40.386678 -124.285457    30.590        0.7      -35.7      -10.2      5.9      7.0      3.8 2021 12 22 12  3 31.780  0.00  41
   103348  40.387195 -124.285929    30.607      -39.4       21.7        7.5      6.2      5.6      3.8 2021 12 25 13  9 17.400  0.00  41
   103349  40.388721 -124.289909    30.679     -377.3      191.1       78.8     18.6     13.6      9.7 2021 12 25  2 19 30.600  0.00  41
   103350  40.386979 -124.285482    30.601       -1.4       -2.3        0.8      4.1      3.3      3.0 2021 12 26  4 29 53.280  0.00  41
   103353  40.387118 -124.285832    30.603      -31.1       13.1        3.3      7.1      4.8      3.0 2022  1  1 16 21 37.340  0.00  41
   103354  40.387219 -124.286540    30.604      -91.2       24.4        4.2     11.9      4.9      3.7 2022  1  7  0 16 26.240  0.00  41
   103356  40.387012 -124.285409    30.600        4.8        1.4        0.5      4.8      3.3      3.0 2022  1 20  8 13 37.120  0.00  41
   103361  40.387048 -124.285441    30.603        2.1        5.4        2.7      4.6      4.4      2.8 2022  4 25 14 43 53.920  0.00  41
   103363  40.387085 -124.285465    30.609        0.0        9.5        8.7      4.5      8.5      4.1 2022  5 15  0 24 23.100  0.00  41
   103366  40.386971 -124.285474    30.599       -0.7       -3.2       -1.1      4.1      4.5      3.1 2022  6 29 19 18 19.300  0.00  41
   103367  40.387240 -124.284017    30.602      123.0       26.7        2.0     15.0      8.2      2.5 2022  8  2 13 46 54.320  0.00  41
   103369  40.387000 -124.285620    30.599      -13.1        0.0       -0.8      5.4      4.4      3.0 2022  9  1 22 17 11.240  0.00  41
   103370  40.387288 -124.286165    30.591      -59.4       32.1       -8.8     10.4      7.6      4.3 2022 10 13  6  5 38.260  0.00  41
   110320  40.386963 -124.285474    30.600       -0.7       -4.1       -0.1      4.2      3.7      2.9 2023  5  3 16 44 54.560  1.67  41
