   105726  40.375952 -124.251245    26.362      276.4     -570.7     -938.9     74.8     89.9     45.3 2020  4  8  8 21 58.120  0.00  14
   105730  40.376489 -124.250911    26.404      304.8     -511.0     -897.6     53.7     49.6     44.9 2020  8 18 23 54 39.920  0.00  14
   105732  40.379749 -124.252287    26.531      188.0     -149.1     -769.9     81.5    228.8     80.0 2020 12 18 23 41 26.600  0.00  14
   105733  40.379712 -124.248494    26.258      510.0     -153.2    -1042.9    103.5    115.2    107.6 2021  3 13  9 16 42.120  0.00  14
   105734  40.380717 -124.249406    26.406      432.6      -41.6     -895.0     69.8    150.5     66.7 2021  3 28 18 51 39.620  0.00  14
   105739  40.374365 -124.255233    26.465      -62.2     -746.9     -835.8    109.3    127.3     71.8 2021  8 26  7 46  5.300  0.00  14
   105740  40.376465 -124.250895    26.416      306.1     -513.7     -885.2     62.8     59.5     45.1 2021 11  3  0 24 55.500  0.00  14
   105742  40.376412 -124.250285    26.383      358.0     -519.6     -918.6     53.9     53.7     53.4 2021 11  3  0 56  1.640  0.00  14
   105743  40.377344 -124.248918    26.347      474.1     -416.1     -953.7     88.3     89.7     60.8 2021 11  3  7 36 58.280  0.00  14
   105744  40.369657 -124.251221    26.228      278.5    -1269.6    -1072.8    112.5    194.9     84.5 2021 11  3  4 55 54.820  0.00  14
   105745  40.376603 -124.250439    26.367      344.8     -498.4     -933.8     69.6     78.7     50.2 2021 11  3  3 50 44.720  0.00  14
   105747  40.375944 -124.248739    26.307      489.3     -571.6     -993.7    117.5     95.5     60.7 2021 11  3  2 39 53.560  0.00  14
   105749  40.377816 -124.244930    26.196      812.7     -363.7    -1105.6    117.6    136.7     94.6 2021 11  3  2 37 16.800  0.00  14
   105750  40.375916 -124.250814    26.425      313.1     -574.7     -875.8     66.4     79.2     71.1 2021 11  3  0 41 54.400  0.00  14
   105751  40.376493 -124.250496    26.385      340.0     -510.6     -915.8     53.8     50.3     48.9 2021 11  3  0 39 12.580  0.00  14
   105752  40.378129 -124.251383    26.432      264.7     -328.9     -869.4    108.3    111.2     68.1 2021 11  3  0 34 13.400  0.00  14
   105754  40.376554 -124.250179    26.385      367.0     -503.8     -916.3     64.5     59.5     41.8 2021 11  3  0 32  6.680  0.00  14
   105757  40.376335 -124.250741    26.404      319.3     -528.2     -897.3     57.5     50.2     47.4 2021 11  4  7 12  1.600  0.00  14
   105762  40.377547 -124.251066    26.492      291.6     -393.5     -809.1     98.3    123.9     78.1 2021 11 11 13 42 18.820  0.00  14
   105763  40.376363 -124.251847    26.359      225.3     -525.0     -941.8     81.1     91.2     82.9 2021 12 20 22  5 44.360  0.00  14
   105764  40.373657 -124.255062    26.543      -47.7     -825.5     -757.9    101.1    137.2     77.4 2021 12 20 21 35 24.780  0.00  14
   105765  40.374040 -124.252295    26.287      187.3     -783.0    -1014.5    116.1    105.1     62.4 2021 12 20 20 32  9.520  0.00  14
   105768  40.376139 -124.248039    26.296      548.7     -549.9    -1005.0     99.9    104.2     94.9 2021 12 21  6 11 58.360  0.00  14
   105769  40.377946 -124.248779    26.150      485.8     -349.3    -1151.3    123.6    245.6    110.9 2021 12 21  7 56 43.800  0.00  14
   105772  40.377942 -124.252059    26.498      207.3     -349.7     -803.0     76.4    133.0     77.5 2021 12 21  0 19 42.020  0.00  14
   105774  40.382922 -124.254077    26.719       35.9      203.3     -581.9    143.0    147.3    113.7 2021 12 21 20 50 48.500  0.00  14
   105775  40.377832 -124.246859    26.275      648.9     -361.9    -1025.8     95.2    124.3     74.6 2021 12 22  3 33 33.340  0.00  14
   105777  40.379102 -124.250358    26.371      351.8     -220.9     -929.7     72.9    114.9     60.7 2021 12 22 18 39 56.880  0.00  14
   105778  40.378487 -124.252165    26.449      198.3     -289.2     -851.9    111.7    111.9     79.7 2021 12 22  3  7 48.260  0.00  14
   105780  40.376237 -124.251880    26.380      222.5     -539.0     -921.1     63.3     54.4     42.5 2021 12 24  3 24 30.240  0.00  14
   105782  40.380892 -124.251213    26.496      279.2      -22.1     -805.3     85.2    165.0     87.1 2021 12 24 10 12  5.420  0.00  14
   105784  40.373324 -124.251131    26.338      286.1     -862.5     -963.3     60.5    130.7     50.4 2021 12 25 17 31 35.020  0.00  14
   105787  40.374471 -124.254012    26.499       41.5     -735.1     -801.9     87.3    117.0     69.4 2021 12 26 19 40 33.940  0.00  14
   105789  40.375427 -124.250456    26.302      343.5     -628.9     -999.6     94.5    178.8     72.0 2021 12 29 23 58 51.860  0.00  14
   105791  40.373564 -124.252173    26.359      197.7     -835.9     -941.7     76.4    125.2     61.9 2022  1  4 13 16 11.840  0.00  14
   105793  40.376371 -124.251855    26.387      224.6     -524.1     -913.8     56.4     48.1     42.8 2022  1  9  0 23 57.200  0.00  14
   105794  40.376188 -124.251204    26.409      279.9     -544.5     -892.1     71.9     72.7     50.3 2022  1  9  0 25 32.700  0.00  14
   105796  40.376367 -124.252035    26.385      209.4     -524.6     -916.2     57.4     49.5     43.5 2022  1 26 19 43 31.500  0.00  14
   105798  40.374491 -124.251546    26.448      250.9     -732.9     -853.3     70.8    118.0     67.2 2022  2  6 19 27 40.580  0.00  14
   105802  40.374137 -124.254150    26.533       29.7     -772.2     -768.4     92.5    123.2     80.7 2022  3 23  1 53 21.540  0.00  14
   107897  40.398596 -124.264616    28.379     -858.9     1943.8     1077.4    159.9     86.4     85.5 2020  6 13 20  4 41.920  0.00  14
   107899  40.396493 -124.261727    28.195     -613.6     1710.2      894.1     64.7     70.0     60.4 2021 11  3 20 34 30.060  0.00  14
   107900  40.396521 -124.261401    28.194     -586.0     1713.3      892.7     73.4     72.0     63.1 2021 11  3  5 51 50.700  0.00  14
   107907  40.397172 -124.261930    28.241     -630.9     1785.6      940.3     80.7     74.3     74.0 2021 12 21  5  6 47.280  0.00  14
   107910  40.397229 -124.261768    28.222     -617.0     1792.0      920.6     71.7     47.6     54.7 2021 12 27  0 40 32.520  0.00  14
   107911  40.398206 -124.263558    28.223     -769.1     1900.4      921.8     78.1     61.5     60.0 2021 12 29 17 56  6.640  0.00  14
   107912  40.399536 -124.262166    28.269     -650.9     2048.2      968.1    124.4     97.7     90.9 2022  1  4  6 25 11.060  0.00  14
   107914  40.396407 -124.261922    28.170     -630.2     1700.7      868.7     85.8     85.8     70.6 2022  1 18  8 29 53.180  0.00  14
   107915  40.397042 -124.269987    28.358    -1314.9     1771.2     1057.2    196.2    148.7    101.4 2022  1 20 19 35 45.720  0.00  14
   107916  40.396944 -124.263485    28.197     -762.8     1760.3      895.7    107.4     85.4     64.8 2022  3 10 19 43 36.080  0.00  14
   107917  40.397286 -124.259757    28.170     -446.4     1798.3      869.0     86.4     58.2     59.6 2022  3 21 15 45 36.680  0.00  14
   107919  40.397168 -124.261369    28.173     -583.2     1785.2      871.8     77.6     83.0     61.5 2022  4 28 16 18 59.900  0.00  14
   107920  40.396627 -124.261491    28.189     -593.6     1725.1      887.9     68.9     73.8     61.8 2022  4 30 20 33  4.260  0.00  14
   107922  40.397673 -124.261157    28.206     -565.2     1841.2      905.0     91.9     48.1     53.7 2022  7  3 16 44 36.540  0.00  14
   107924  40.397571 -124.260482    28.215     -507.9     1829.9      913.4    107.5     57.9     47.9 2022  7 19  9 28  3.620  0.00  14
   107925  40.396395 -124.261711    28.188     -612.2     1699.3      887.1     64.0     71.5     61.0 2022  8 20 18 57 36.780  0.00  14
   108010  40.368136 -124.255168    29.995      -56.7    -1438.6     2693.6     77.3     66.3     58.6 2020  4  7 16 19 13.760  0.00  14
   108011  40.370003 -124.257039    30.196     -215.6    -1231.2     2894.9    128.1     85.1     88.8 2021  5 20  8  1 14.180  0.00  14
   108012  40.370032 -124.253304    30.209      101.6    -1228.1     2907.5    148.4    113.2     75.9 2021  6  9 14 43 15.220  0.00  14
   108013  40.369088 -124.252352    30.174      182.5    -1332.9     2873.1    148.6     74.1     72.6 2021  7 19  0 53 28.240  0.00  14
   108019  40.367680 -124.253166    30.147      113.3    -1489.2     2845.8    101.4     84.0     65.5 2021 11  3  6 42 52.940  0.00  14
   108021  40.373820 -124.259294    30.155     -407.1     -807.4     2854.2    131.4    150.4     84.4 2021 12 21  2 47 39.000  0.00  14
   108024  40.375281 -124.264689    30.120     -865.2     -645.2     2818.4    211.4    127.5     95.3 2022  1  7  2 30  4.920  0.00  14
   110380  40.376160 -124.251603    26.391      246.0     -547.6     -910.4     55.5     44.0     44.3 2022 12 26  3 17 37.280  0.86  14
   110463  40.398901 -124.262093    28.181     -644.7     1977.7      879.9     64.2     47.2     56.7 2023  5 18 12 50 14.940  1.05  14
   110471  40.367306 -124.253060    30.095      122.3    -1530.8     2793.4     95.5     61.8     61.9 2023  3 30 14 41 33.470  1.24  14
