   102177  40.303312 -124.478752    26.776     1284.9     1795.1     5657.2    296.1    959.2    380.0 2020  4  1 11 46 58.040  0.00   2
   102179  40.280005 -124.489307    25.597      387.6     -793.0     4477.9    318.5    737.3    416.8 2022  4 28 10 58 15.600  0.00   2
   102611  40.294340 -124.554110    23.356    -5122.7      798.8     2236.8    204.9    395.7    278.6 2020  1 28  5 11 32.240  0.00   2
   102614  40.294238 -124.554020    23.365    -5115.1      787.5     2246.0    195.1    353.0    279.3 2020  2 19  4 37 44.400  0.00   2
   102615  40.293591 -124.554028    23.213    -5115.8      715.7     2094.0    185.6    336.9    224.8 2020  3  2 21 56 10.200  0.00   2
   102616  40.294299 -124.553979    23.274    -5111.7      794.3     2155.2    192.9    356.3    263.8 2020  3 12 13 19 53.560  0.00   2
   102617  40.284416 -124.554956    23.143    -5195.1     -303.2     2024.1    213.3    554.6    322.8 2020  3 19  2  9 47.580  0.00   2
   102618  40.294360 -124.553963    23.259    -5110.3      801.1     2139.9    188.2    302.1    232.0 2020  3 24  8  3 36.860  0.00   2
   102619  40.295455 -124.553809    23.291    -5097.1      922.6     2172.2    208.5    238.2    209.8 2020  5  3 14  1 39.440  0.00   2
   102620  40.293571 -124.554069    23.233    -5119.3      713.4     2114.6    186.6    348.6    240.7 2020  5  8  2 59 28.200  0.00   2
   102621  40.294043 -124.553955    23.271    -5109.6      765.8     2152.3    192.4    371.6    269.3 2020  5 20  5 59 56.040  0.00   2
   102622  40.294051 -124.553890    23.241    -5104.1      766.7     2122.2    190.8    298.3    217.3 2020  5 25 11 34 11.100  0.00   2
   102623  40.293538 -124.553792    23.306    -5095.8      709.8     2186.7    202.4    329.1    257.7 2020  6 17  9 38  2.760  0.00   2
   102626  40.293302 -124.553833    23.282    -5099.2      683.6     2162.8    190.4    337.2    237.7 2020  7 30 14 15 55.420  0.00   2
   102627  40.293962 -124.553052    23.178    -5032.8      756.8     2059.6    187.8    357.4    216.6 2020  8  6  9 43  0.900  0.00   2
   102628  40.293384 -124.553564    23.270    -5076.4      692.6     2151.6    189.7    354.0    234.8 2020  8 12  9 16 12.860  0.00   2
   102629  40.293872 -124.553963    23.337    -5110.3      746.9     2217.9    200.7    391.6    283.9 2020  8 30 19 11 39.340  0.00   2
   102630  40.293717 -124.553288    23.215    -5052.9      729.7     2096.6    198.2    407.0    274.8 2020  9  4 12  2 45.620  0.00   2
   102631  40.293884 -124.553792    23.271    -5095.8      748.2     2151.9    189.9    366.3    248.5 2020  9 14  2 37 30.160  0.00   2
   102632  40.293840 -124.554093    23.196    -5121.4      743.3     2077.2    183.0    353.6    254.8 2020 10 22  1 28 26.760  0.00   2
   102633  40.293502 -124.554061    23.297    -5118.6      705.7     2178.1    193.7    355.8    252.2 2020 10 29  4 23 31.560  0.00   2
   102636  40.293429 -124.553882    23.277    -5103.4      697.6     2158.4    196.8    422.4    252.8 2020 11 12  0 59 20.320  0.00   2
   102637  40.294259 -124.553809    23.284    -5097.1      789.8     2165.3    196.7    303.2    231.6 2020 11 22  4 28 11.800  0.00   2
   102638  40.293730 -124.553971    23.346    -5111.0      731.1     2227.1    189.3    340.8    263.5 2020 11 24  4 43  2.220  0.00   2
   102640  40.291435 -124.554150    23.344    -5126.3      476.2     2224.6    209.8    340.0    258.3 2020 12 20 20 43  7.720  0.00   2
   102643  40.293579 -124.554036    23.304    -5116.5      714.3     2185.4    200.9    311.4    223.3 2021  4  2  8 21 40.740  0.00   2
   102644  40.293502 -124.553874    23.305    -5102.7      705.7     2186.1    198.8    342.6    222.9 2021  4  2 10  4 11.960  0.00   2
   102645  40.293241 -124.554264    23.316    -5135.9      676.8     2197.0    226.0    406.1    322.8 2021  4  2  8 33 31.360  0.00   2
   102646  40.292794 -124.553516    23.181    -5072.3      627.1     2061.9    179.9    275.1    239.2 2021  4  3  8 46 31.580  0.00   2
   102648  40.294189 -124.553931    23.272    -5107.5      782.1     2153.1    190.2    306.5    218.7 2021  4  4 22 47 31.720  0.00   2
   102649  40.293628 -124.553833    23.288    -5099.2      719.8     2168.8    186.6    320.1    236.5 2021  4  6 18 44  3.960  0.00   2
   102650  40.293388 -124.553719    23.244    -5089.6      693.1     2125.5    188.1    313.3    246.5 2021  4 16  7 34 37.420  0.00   2
   102652  40.293795 -124.553906    23.341    -5105.5      738.3     2222.6    201.4    351.2    267.4 2021  4 24 10 54 59.700  0.00   2
   102653  40.293070 -124.554492    23.313    -5155.3      657.9     2194.2    209.2    359.0    298.1 2021  5 11 10 53 45.640  0.00   2
   102654  40.293681 -124.553833    23.295    -5099.2      725.6     2176.5    192.1    309.8    257.2 2021  5 18  7  9  4.920  0.00   2
   102655  40.293286 -124.553979    23.161    -5111.7      681.8     2042.5    189.4    319.1    232.8 2021  6  5 23 47 43.440  0.00   2
   102656  40.293477 -124.553711    23.154    -5088.9      703.0     2035.0    192.6    427.9    304.6 2021  7 10 10 32  6.000  0.00   2
   102657  40.293315 -124.553280    23.163    -5052.2      685.0     2044.2    194.4    302.9    231.9 2021  7 10 10 35 55.320  0.00   2
   102658  40.293799 -124.553890    23.273    -5104.1      738.7     2154.0    192.7    350.7    226.7 2021  7 10 10 44 51.580  0.00   2
   102659  40.294523 -124.554061    23.216    -5118.6      819.2     2097.3    185.9    376.9    270.9 2021  7 10 11 32 17.980  0.00   2
   102660  40.294950 -124.553988    23.195    -5112.3      866.6     2075.8    197.8    370.2    262.3 2021  7 10 12 22  8.220  0.00   2
   102661  40.293795 -124.553923    23.279    -5106.8      738.3     2159.7    194.1    337.2    224.8 2021  7 11  0 11 56.640  0.00   2
   102662  40.294568 -124.552979    23.353    -5026.5      824.1     2234.5    249.8    584.9    346.1 2021  8 14  7 32 23.840  0.00   2
   102663  40.293872 -124.553955    23.259    -5109.6      746.9     2139.8    191.4    443.8    298.0 2021  8 17  5  4 32.220  0.00   2
   102664  40.293091 -124.554232    23.259    -5133.2      660.1     2140.1    204.7    483.0    282.3 2021 10 17 20 33  5.600  0.00   2
   102665  40.293852 -124.553337    23.208    -5057.0      744.6     2089.2    189.4    317.7    223.4 2021 11  4  7 34 53.420  0.00   2
   102666  40.294031 -124.552930    23.207    -5022.4      764.5     2088.5    199.9    340.2    242.7 2021 11 17  7 26 36.100  0.00   2
   102667  40.294246 -124.552962    23.196    -5025.2      788.4     2077.1    180.6    338.0    221.2 2021 12  3 14  3  8.220  0.00   2
   102669  40.294470 -124.552848    23.268    -5015.5      813.3     2149.5    204.9    402.7    291.0 2021 12 20 23 12 47.680  0.00   2
   102670  40.293490 -124.554020    23.282    -5115.2      704.4     2163.2    201.2    380.5    248.0 2021 12 21 19 14 52.560  0.00   2
   102671  40.293555 -124.553857    23.255    -5101.3      711.6     2136.2    186.0    442.5    266.2 2021 12 21  0  6 44.760  0.00   2
   102673  40.293868 -124.553841    23.290    -5099.9      746.4     2170.8    199.0    379.5    266.1 2021 12 26  0 58 31.020  0.00   2
   102674  40.294218 -124.554321    23.213    -5140.7      785.3     2094.0    185.9    336.9    261.1 2021 12 27 21 23 56.940  0.00   2
   102675  40.293962 -124.554028    23.269    -5115.8      756.8     2149.8    197.6    325.5    244.2 2021 12 28 23 42 32.980  0.00   2
   102677  40.293644 -124.553459    23.144    -5067.4      721.6     2025.0    176.6    413.2    268.7 2021 12 30 21 50 15.320  0.00   2
   102678  40.293872 -124.553784    23.267    -5095.1      746.9     2147.9    211.2    338.8    224.5 2021 12 31 23 44 46.660  0.00   2
   102679  40.293726 -124.553890    23.292    -5104.1      730.6     2173.2    188.7    332.2    236.0 2022  1  6 21 51 26.240  0.00   2
   102684  40.292586 -124.553312    23.166    -5055.0      604.1     2047.4    185.6    461.1    319.9 2022  2 12 18 43 42.940  0.00   2
   102685  40.293424 -124.553947    23.326    -5108.9      697.2     2207.5    191.5    358.8    262.3 2022  3  2 23 19 59.800  0.00   2
   102686  40.292794 -124.554004    23.365    -5113.8      627.1     2245.6    210.6    282.3    244.4 2022  3  2 16  8  3.180  0.00   2
   102687  40.294076 -124.553825    23.295    -5098.5      769.5     2176.4    194.6    325.4    236.4 2022  3  9 13 42 16.640  0.00   2
   102691  40.293868 -124.553101    23.131    -5036.9      746.4     2012.3    205.5    599.4    397.9 2022  5 18 18  7 36.080  0.00   2
   102692  40.293441 -124.553442    23.122    -5066.0      699.0     2002.8    180.4    291.2    213.0 2022  5 21 20  6 56.040  0.00   2
   102693  40.294039 -124.554045    23.276    -5117.2      765.4     2156.8    195.7    339.5    237.8 2022  6 20  7 39 31.020  0.00   2
   102694  40.294360 -124.553792    23.263    -5095.7      801.1     2143.9    194.0    362.7    238.1 2022  6 27  7 43 34.160  0.00   2
   102695  40.291410 -124.554102    23.195    -5122.2      473.5     2076.6    186.4    340.6    274.0 2022  7 18  1 42 42.840  0.00   2
   102696  40.294348 -124.553931    23.333    -5107.5      799.7     2213.7    196.8    349.8    238.2 2022  7 28  7 20 33.000  0.00   2
   102697  40.294059 -124.553597    23.215    -5079.2      767.6     2096.1    183.7    337.1    233.7 2022  8  2  3 23 52.420  0.00   2
   102698  40.293701 -124.553776    23.285    -5094.4      727.9     2166.5    203.6    362.8    229.8 2022  8 16 18 15 25.220  0.00   2
   102699  40.293856 -124.553914    23.265    -5106.1      745.1     2145.8    191.8    298.6    215.7 2022  9 16  6  1  5.000  0.00   2
   102700  40.293807 -124.553833    23.297    -5099.2      739.6     2177.7    194.7    303.0    233.4 2022  9 19  4 54 39.760  0.00   2
   102702  40.294324 -124.554061    23.282    -5118.6      797.0     2163.5    199.9    305.5    221.9 2022 10  5  5 11 18.160  0.00   2
   102705  40.293420 -124.553882    23.276    -5103.4      696.7     2156.8    188.5    505.7    312.7 2022 11  1  9 40 50.800  0.00   2
   102706  40.293937 -124.553841    23.303    -5099.9      754.1     2183.8    191.2    322.0    224.8 2022 11 27 18  0 57.680  0.00   2
   103181  40.286145 -124.468416    20.377     2164.0     -111.1     -742.0    192.1    383.5    274.1 2020  1 11  1 31 54.420  0.00   2
   103185  40.284188 -124.468701    20.320     2139.8     -328.5     -798.5    179.4    261.9    269.7 2020  3 20  0 26 38.040  0.00   2
   103189  40.290255 -124.467830    20.396     2213.7      345.2     -723.1    214.4    543.8    360.5 2020  5 27  2 48 16.160  0.00   2
   103193  40.284501 -124.468571    20.364     2150.8     -293.7     -754.6    182.5    323.0    247.8 2020  7 17 21 44  7.800  0.00   2
   103194  40.283476 -124.468677    20.354     2141.9     -407.5     -764.5    177.3    260.9    265.5 2020  8 11  2 18 34.020  0.00   2
   103195  40.283679 -124.468856    20.328     2126.6     -385.0     -790.4    172.7    292.4    254.0 2020  9  3 21 10 12.920  0.00   2
   103196  40.283891 -124.468758    20.371     2134.9     -361.5     -748.3    191.0    255.5    275.0 2020  9 30 18 18  5.760  0.00   2
   103197  40.283769 -124.468831    20.333     2128.7     -375.0     -786.0    176.6    252.9    259.6 2020 10 13 14 33 43.200  0.00   2
   103199  40.284985 -124.468758    20.332     2134.9     -239.9     -786.8    174.8    293.1    265.7 2020 11 26  8 19 30.520  0.00   2
   103201  40.284066 -124.468506    20.655     2156.4     -342.0     -463.7    187.7    286.6    396.8 2020 12 24  9 22 40.660  0.00   2
   103203  40.290422 -124.467814    20.401     2215.1      363.7     -717.8    232.2    533.8    396.5 2021  2 24 19 37  0.500  0.00   2
   103204  40.284094 -124.468717    20.353     2138.4     -338.9     -766.3    174.5    296.6    251.7 2021  3 22 10 31  8.140  0.00   2
   103206  40.283919 -124.469271    20.205     2091.3     -358.3     -913.9    210.8    279.9    383.5 2021  4 24  6 17 31.180  0.00   2
   103207  40.284106 -124.468970    20.421     2116.9     -337.5     -698.3    195.9    321.9    269.8 2021  5  2  8  9 31.120  0.00   2
   103210  40.283557 -124.469556    20.134     2067.1     -398.5     -985.2    217.9    362.2    388.1 2021  8  5 10 16 23.100  0.00   2
   103211  40.283769 -124.468905    20.262     2122.5     -375.0     -856.7    177.5    288.1    259.4 2021  9  5 23  3 58.160  0.00   2
   103213  40.286837 -124.468384    20.357     2166.7      -34.3     -761.9    162.5    320.0    247.3 2021 10  6  9  9 39.160  0.00   2
   103214  40.296086 -124.475741    21.310     1541.0      992.7      191.0    287.5    451.9    290.2 2021 10 12 11 29  9.760  0.00   2
   103216  40.284143 -124.468742    20.321     2136.3     -333.4     -797.9    180.2    254.1    226.1 2021 11  1 12 14 16.760  0.00   2
   103218  40.285042 -124.469189    20.452     2098.2     -233.6     -667.2    191.3    293.7    242.3 2021 12 20 23 42 18.160  0.00   2
   103219  40.286430 -124.468164    20.406     2185.4      -79.5     -712.9    179.7    335.3    269.0 2021 12 21 19 53 20.860  0.00   2
   103220  40.286621 -124.468270    20.410     2176.4      -58.3     -708.8    201.6    340.2    292.9 2021 12 21  3 25  2.140  0.00   2
   103221  40.284538 -124.469108    20.290     2105.2     -289.6     -828.6    182.7    288.8    263.4 2021 12 22 23 56  7.680  0.00   2
   103222  40.284127 -124.468880    20.345     2124.5     -335.3     -774.2    168.2    240.4    234.4 2021 12 22 22 10  3.600  0.00   2
   103225  40.286023 -124.468465    20.376     2159.8     -124.7     -743.0    200.4    303.2    269.6 2021 12 22 13 50  2.900  0.00   2
   103227  40.285229 -124.468880    20.366     2124.5     -212.8     -753.3    205.0    396.0    263.6 2021 12 22  6 22 18.920  0.00   2
   103229  40.283488 -124.468660    20.258     2143.2     -406.2     -860.9    192.7    282.4    264.1 2021 12 23 10 36 56.360  0.00   2
   103232  40.283545 -124.468888    20.274     2123.9     -399.9     -845.1    179.1    246.5    268.0 2021 12 25  4 27 30.000  0.00   2
   103233  40.283927 -124.468840    20.298     2128.0     -357.4     -821.2    199.0    307.0    325.0 2021 12 25 13  7 17.660  0.00   2
   103235  40.283553 -124.468937    20.294     2119.7     -399.0     -824.4    164.5    244.8    245.0 2021 12 26 18 24 14.980  0.00   2
   103237  40.283065 -124.469198    20.259     2097.6     -453.2     -859.6    188.5    327.2    278.1 2021 12 27  3 19 14.140  0.00   2
   103238  40.284583 -124.468896    20.249     2123.2     -284.6     -870.1    199.3    373.3    281.3 2021 12 28 10 25 14.240  0.00   2
   103239  40.283000 -124.469596    20.075     2063.7     -460.4    -1043.4    231.6    382.6    414.4 2021 12 29  5 39  1.000  0.00   2
   103241  40.284294 -124.468750    20.231     2135.6     -316.7     -888.3    181.0    298.2    287.8 2021 12 31 10 16 23.220  0.00   2
   103242  40.283870 -124.468742    20.330     2136.3     -363.7     -789.2    170.8    261.4    246.7 2022  1  6 15  3 53.600  0.00   2
   103246  40.284456 -124.468237    20.496     2179.2     -298.7     -623.2    175.6    286.4    234.2 2022  1  9 14 28 34.400  0.00   2
   103250  40.283899 -124.469165    20.256     2100.3     -360.6     -863.0    169.4    257.5    257.5 2022  1 12  6 38 12.400  0.00   2
   103252  40.283537 -124.469279    20.202     2090.6     -400.8     -917.2    173.4    254.1    260.6 2022  1 15 11  2 22.680  0.00   2
   103253  40.284196 -124.468823    20.225     2129.4     -327.6     -893.8    188.3    336.5    304.5 2022  1 15 11  7 24.280  0.00   2
   103254  40.284481 -124.468742    20.338     2136.3     -295.9     -780.6    197.7    290.6    257.3 2022  1 15 23 42 27.860  0.00   2
   103255  40.283740 -124.468953    20.290     2118.3     -378.2     -828.8    200.2    292.6    269.6 2022  1 20 23 35 26.640  0.00   2
   103256  40.284705 -124.468604    20.336     2148.1     -271.1     -783.3    197.3    325.9    253.8 2022  1 20  3 44 25.400  0.00   2
   103257  40.284078 -124.468880    20.334     2124.5     -340.7     -784.6    221.2    249.5    323.2 2022  1 21  4 17 37.100  0.00   2
   103258  40.287472 -124.468351    20.328     2169.5       36.1     -791.3    212.6    525.7    289.2 2022  1 21  4 17  1.760  0.00   2
   103261  40.283769 -124.468807    20.317     2130.8     -375.0     -801.5    178.3    247.5    239.6 2022  1 30  5 20 41.160  0.00   2
   103262  40.284005 -124.468620    20.377     2146.7     -348.8     -742.0    177.2    260.4    265.8 2022  1 30 18 14 11.380  0.00   2
   103263  40.284245 -124.468774    20.273     2133.5     -322.2     -845.7    170.7    244.6    253.2 2022  2  6 18 14 29.480  0.00   2
   103264  40.286051 -124.468433    20.351     2162.6     -121.5     -768.2    179.0    302.8    241.9 2022  2 15  3  8 21.340  0.00   2
   103265  40.283785 -124.469116    20.295     2104.5     -373.2     -823.8    178.4    253.7    264.0 2022  2 24 22 57  5.460  0.00   2
   103266  40.283834 -124.469141    20.263     2102.4     -367.8     -855.6    187.1    255.4    258.2 2022  2 24  2  6 53.360  0.00   2
   103267  40.284794 -124.469263    20.148     2092.0     -261.2     -970.5    218.1    362.4    376.6 2022  2 24 18  1 21.640  0.00   2
   103269  40.283875 -124.468807    20.302     2130.8     -363.3     -817.2    190.6    287.1    270.9 2022  3 29 10 35 52.340  0.00   2
   103270  40.285120 -124.468815    20.271     2130.1     -225.0     -847.9    194.5    313.9    252.2 2022  3 29 19 58  7.480  0.00   2
   103271  40.283875 -124.469653    20.134     2058.8     -363.3     -984.9    257.9    334.5    477.5 2022  3 31 14 40 40.040  0.00   2
   103272  40.284078 -124.468726    20.301     2137.7     -340.7     -817.6    170.9    254.4    227.6 2022  4  3 21  3 27.520  0.00   2
   103273  40.283142 -124.469124    20.264     2103.8     -444.6     -854.6    186.6    275.6    266.5 2022  4 10 13  3 18.560  0.00   2
   103274  40.286348 -124.468660    20.393     2143.2      -88.6     -725.7    200.5    333.1    268.8 2022  4 10 20 53 45.920  0.00   2
   103277  40.284294 -124.468864    20.332     2125.9     -316.7     -786.6    180.7    250.1    263.9 2022  4 19 18 43 36.400  0.00   2
   103279  40.284867 -124.468823    20.230     2129.4     -253.0     -888.6    191.4    385.9    269.5 2022  5 12 18 20 44.500  0.00   2
   103281  40.284229 -124.469198    20.306     2097.6     -324.0     -812.5    182.3    361.5    249.3 2022  6  9 20  8 46.080  0.00   2
   103283  40.283923 -124.468636    20.303     2145.3     -357.8     -816.2    237.4    363.4    340.2 2022  6 12  6 17 47.260  0.00   2
   103284  40.284143 -124.468717    20.354     2138.4     -333.4     -764.6    172.3    232.9    226.6 2022  6 20  3  5 25.720  0.00   2
   103285  40.283931 -124.468929    20.346     2120.4     -356.9     -773.2    189.3    271.2    267.6 2022  7  4  4 24 56.900  0.00   2
   103286  40.283907 -124.468856    20.293     2126.6     -359.7     -825.5    203.7    274.1    296.3 2022  8 12  8 24  9.100  0.00   2
   103288  40.283537 -124.468929    20.302     2120.4     -400.8     -816.8    191.4    289.4    298.7 2022  8 16  4  0 36.260  0.00   2
   103291  40.284245 -124.468685    20.325     2141.1     -322.2     -794.2    179.7    285.7    252.5 2022  9  6 14 16 14.840  0.00   2
   103292  40.283785 -124.468807    20.334     2130.8     -373.2     -784.5    189.8    278.2    286.3 2022  9  8 13 25 43.220  0.00   2
   103293  40.283431 -124.469092    20.266     2106.6     -412.5     -852.9    187.0    279.8    267.8 2022  9 12  9 10 21.960  0.00   2
   103294  40.285649 -124.468774    20.281     2133.5     -166.3     -838.2    189.7    345.1    266.9 2022  9 13 19 13 50.120  0.00   2
   103295  40.283964 -124.468783    20.296     2132.8     -353.3     -822.8    203.3    301.0    326.5 2022 10  9 14 38 43.840  0.00   2
   103297  40.283130 -124.469523    20.149     2069.9     -446.0     -969.7    236.4    365.6    459.8 2022 11 10  3 49 21.340  0.00   2
   104536  40.274618 -124.514608    21.230    -1764.1    -1391.2      111.2    204.4    249.1    312.3 2020  1 23  2 46 22.320  0.00   2
   104538  40.274585 -124.514730    21.252    -1774.5    -1394.8      132.7    210.0    280.5    386.5 2020  1 24 12 58 18.420  0.00   2
   104539  40.275541 -124.514933    21.243    -1791.8    -1288.6      124.4    201.6    265.3    318.1 2020  3 15  0 55 54.180  0.00   2
   104540  40.276135 -124.517928    21.402    -2046.5    -1222.6      282.8    277.0    682.1    336.1 2020  3 19 13  2 23.120  0.00   2
   104541  40.274630 -124.514844    21.235    -1784.2    -1389.8      116.5    208.3    274.3    374.1 2020  4  4 12 55 14.960  0.00   2
   104542  40.285958 -124.520402    22.548    -2256.7     -131.9     1429.4    287.7    620.6    362.6 2020  8  9  3 24  1.340  0.00   2
   104543  40.275989 -124.511865    21.461    -1530.9    -1238.9      341.6    179.5    325.3    386.6 2020  8  9  0  0 42.000  0.00   2
   104544  40.274556 -124.522738    22.141    -2455.5    -1397.9     1022.1    477.2    884.8    937.8 2020  9  6 19 15 19.420  0.00   2
   104545  40.277730 -124.512410    21.477    -1577.2    -1045.5      358.4    257.3    422.9    415.3 2020 11 20 23  5 37.000  0.00   2
   104546  40.274972 -124.514144    21.255    -1724.7    -1351.9      136.3    206.8    382.7    357.9 2020 12  8 19 50 59.440  0.00   2
   104547  40.274320 -124.513940    21.228    -1707.4    -1424.2      108.9    204.4    336.7    404.2 2021  1 13 20 27 55.860  0.00   2
   104548  40.274377 -124.514209    21.223    -1730.2    -1417.8      104.3    204.2    275.4    316.6 2021  1 23 18  7 58.980  0.00   2
   104549  40.273857 -124.513826    21.259    -1697.7    -1475.7      140.2    259.6    362.3    437.7 2021  2  4  8  4  6.380  0.00   2
   104550  40.274109 -124.514355    21.292    -1742.7    -1447.6      173.4    210.5    344.0    491.2 2021  2  8 10 42 43.860  0.00   2
   104552  40.281962 -124.514486    20.847    -1753.6     -575.6     -272.0    198.5    396.2    279.0 2021  4 28  9 56 53.160  0.00   2
   104555  40.276127 -124.514502    21.152    -1755.1    -1223.5       32.8    242.7    406.5    363.2 2021  8 13  3  3 14.280  0.00   2
   104557  40.274162 -124.514551    21.260    -1759.3    -1441.8      141.1    209.0    321.8    345.2 2021 10 13  0 11 57.860  0.00   2
   104558  40.279744 -124.512720    21.046    -1603.5     -821.9      -73.1    209.1    364.9    377.6 2021 10 15 23 36  0.100  0.00   2
   104561  40.275635 -124.514087    21.131    -1719.8    -1278.2       12.6    210.4    356.7    315.9 2021 12 21  4 11 42.460  0.00   2
   104562  40.279447 -124.513306    21.009    -1653.3     -854.9     -109.6    205.4    541.7    389.4 2021 12 21  5 27 13.340  0.00   2
   104563  40.274760 -124.514103    21.198    -1721.2    -1375.4       79.1    205.6    410.3    328.5 2021 12 21  9 54 44.140  0.00   2
   104565  40.275928 -124.514014    21.224    -1713.6    -1245.7      105.3    208.1    363.8    338.9 2021 12 21 14 32 11.280  0.00   2
   104566  40.274931 -124.513989    21.168    -1711.5    -1356.4       48.8    211.3    373.2    369.8 2021 12 21  7 49 38.600  0.00   2
   104567  40.289417 -124.515560    21.346    -1844.9      252.1      227.2    226.6    896.8    478.4 2021 12 21  0 33 29.320  0.00   2
   104568  40.275020 -124.514331    21.332    -1740.6    -1346.4      212.6    200.4    363.1    413.1 2021 12 21  1 47 47.320  0.00   2
   104570  40.282487 -124.513167    20.977    -1641.5     -517.3     -142.1    185.9    378.7    345.7 2021 12 30 17  2 59.560  0.00   2
   104571  40.276668 -124.513411    21.180    -1662.4    -1163.4       61.3    207.9    443.8    379.5 2022  5  5 19 58 40.140  0.00   2
   104572  40.275871 -124.514502    21.203    -1755.1    -1252.0       84.1    203.3    426.1    346.5 2022  8  5 21  2 56.680  0.00   2
   104573  40.274251 -124.514583    21.269    -1762.0    -1431.8      149.8    200.2    310.4    382.2 2022  8 29  3 47 27.200  0.00   2
   105449  40.292700 -124.436271    20.853     4897.2      616.7     -265.7    204.2    274.8    279.8 2021  3 17 15 57 54.480  0.00   2
   105451  40.304146 -124.435140    21.088     4993.0     1887.7      -30.4    215.7    410.8    289.9 2021  5 17  6 50 19.300  0.00   2
   105452  40.292757 -124.436499    21.028     4877.8      623.1      -91.3    188.1    360.9    277.5 2021  7  2 13 42 25.360  0.00   2
   105453  40.297542 -124.435205    21.218     4987.7     1154.4       99.2    234.7    397.4    308.9 2021 12  8  7 47 53.400  0.00   2
   105454  40.297420 -124.434912    21.145     5012.6     1140.9       26.5    199.0    349.5    275.2 2021 12 29  6  3 35.020  0.00   2
   105457  40.293608 -124.435669    20.981     4948.4      717.5     -137.9    210.3    306.8    283.4 2022  1 23 11 56  1.960  0.00   2
   105458  40.291357 -124.436654    20.944     4864.7      467.6     -174.9    207.0    338.7    254.1 2022  3  9  3 33  6.440  0.00   2
   106476  40.292106 -124.406551    18.922     7424.4      550.8    -2197.0    265.3    411.4    345.7 2020  7 19 19 36 15.700  0.00   2
   106480  40.286035 -124.405298    19.083     7531.3     -123.3    -2036.3    299.7    374.5    310.6 2021 12 23 18  0 27.860  0.00   2
   106481  40.282410 -124.406445    18.896     7433.9     -525.9    -2222.8    267.6    408.9    268.8 2021 12 25 23 44  7.480  0.00   2
   106485  40.286682 -124.405868    19.019     7482.8      -51.5    -2100.0    253.3    323.7    309.7 2022  9 22 22 11 56.160  0.00   2
   106486  40.289685 -124.406128    19.043     7460.5      281.9    -2075.9    286.0    459.5    285.3 2022 10 11  2 56 24.700  0.00   2
   106878  40.282308 -124.505444    19.982     -984.8     -537.2    -1137.1    383.1    553.4    516.9 2020  2 26 13  0  8.000  0.00   2
   106879  40.298922 -124.501302    20.618     -632.4     1307.6     -500.9    294.6    634.6    309.8 2020  4 14 23 52 17.340  0.00   2
   106880  40.279785 -124.504028    19.587     -864.4     -817.4    -1531.9    272.7    334.4    388.0 2020  4 17 10 28 54.000  0.00   2
   106881  40.299638 -124.497982    20.395     -350.1     1387.1     -723.4    218.6    459.5    329.4 2020  4 18 16 38 46.580  0.00   2
   106883  40.270357 -124.503084    20.272     -784.2    -1864.2     -847.1    271.7    487.1    391.1 2021 10 23  3 13 39.120  0.00   2
   106884  40.282271 -124.505786    19.579    -1013.8     -541.3    -1540.2    351.0    386.9    448.8 2021 11 22 21 22  8.420  0.00   2
   106885  40.316032 -124.506543    20.780    -1077.9     3207.5     -339.3    344.8    840.0    480.7 2021 11 23  2  3 16.160  0.00   2
   106886  40.276855 -124.503003    19.553     -777.2    -1142.7    -1565.6    272.5    329.3    303.2 2021 12 21  9  4 49.080  0.00   2
   106889  40.281982 -124.503149    21.072     -789.6     -573.4      -46.9    235.3    352.2    543.4 2022  2  8 11  1 45.260  0.00   2
   106892  40.293294 -124.505786    19.869    -1013.8      682.7    -1249.7    337.3    611.3    521.5 2022  8  6 16 32 20.620  0.00   2
   107666  40.295349 -124.438354    19.055     4720.0      910.9    -2063.5    336.1    653.2    387.2 2021  5 17  9 39 49.060  0.00   2
   107667  40.305872 -124.437467    18.981     4795.0     2079.3    -2137.4    411.8    846.3    475.4 2021  5 19 23 39 44.980  0.00   2
   107671  40.310229 -124.437305    19.790     4808.7     2563.2    -1328.8    568.4   1200.3    573.1 2021 11 28 16 37 45.460  0.00   2
   107935  40.295565 -124.375903    19.890    10030.2      934.8    -1228.7    309.6    573.1    361.0 2021  3 29  4  0 27.680  0.00   2
   107939  40.296000 -124.375228    19.996    10087.6      983.2    -1123.1    341.3    602.8    331.4 2021  9 18  8 35 54.260  0.00   2
   107941  40.290670 -124.375911    19.826    10029.8      391.3    -1292.6    294.4    361.8    336.8 2021 12 20 21 56 11.700  0.00   2
   107943  40.291146 -124.375716    19.839    10046.4      444.1    -1279.6    270.7    388.5    315.2 2021 12 21  0 26 54.420  0.00   2
   107951  40.293152 -124.375155    19.930    10094.0      666.9    -1188.7    263.0    351.0    299.2 2022  1  3 23 35 36.380  0.00   2
   107952  40.291093 -124.375423    19.865    10071.3      438.3    -1253.4    274.1    393.0    312.5 2022  1 25  7 55 31.740  0.00   2
   107954  40.290397 -124.374007    19.959    10191.8      361.0    -1160.1    271.1    361.8    304.3 2022  2  4 17 40 38.160  0.00   2
   107961  40.289494 -124.373608    19.998    10225.8      260.7    -1120.9    331.1    604.8    312.2 2022 10 29  4 15 37.520  0.00   2
   108411  40.330151 -124.468579    20.652     2149.4     4775.3     -466.8    237.9    631.3    381.4 2021  9  6  2 58 10.280  0.00   2
   108899  40.303341 -124.449186    18.930     3798.7     1798.3    -2188.8    425.9    873.0    532.1 2021 10 16 11  8 25.980  0.00   2
   109574  40.284302 -124.379574    18.888     9718.9     -315.8    -2230.9    332.5    583.0    361.2 2021 12 21 22  0 51.880  0.00   2
   109576  40.284469 -124.379736    18.874     9705.0     -297.3    -2244.4    312.7    513.7    346.2 2021 12 26 21 14 32.380  0.00   2
   109582  40.278971 -124.377547    18.887     9891.6     -907.7    -2232.4    310.5    523.1    318.0 2022 11 22 14 25 33.480  0.00   2
   110137  40.239648 -124.449772    18.692     3750.7    -5274.1    -2426.5    318.5    746.3    466.3 2021 12 20 23 20 49.260  0.00   2
   110139  40.233443 -124.451245    17.824     3625.5    -5963.2    -3295.3    303.4    753.9    423.1 2021 12 21 15  1  2.380  0.00   2
   110141  40.254765 -124.452214    18.262     3542.6    -3595.6    -2857.2    455.6    722.5    511.6 2021 12 21  4 59 28.660  0.00   2
   110142  40.272176 -124.443490    20.501     4284.1    -1662.3     -618.1    335.6    708.2    767.6 2021 12 22 19 22  7.720  0.00   2
   110143  40.275655 -124.443465    20.347     4286.0    -1276.0     -772.1    341.2    669.0    736.1 2021 12 23 20 38  9.420  0.00   2
   110147  40.296765 -124.450122    21.953     3719.3     1068.1      834.1    409.9    701.6    654.0 2022  1  5 17 45 31.500  0.00   2
   110148  40.312032 -124.436377    21.775     4887.5     2763.4      656.4    530.4   1117.6    547.0 2022  5  3  8 37 19.960  0.00   2
   110300  40.290104 -124.483569    26.045      875.4      328.5     4926.2    380.4    530.9    497.6 2023  3  9 12 50 51.480  1.40   2
   110304  40.294010 -124.553353    23.214    -5058.4      762.2     2095.6    204.7    381.0    310.7 2022 12 25 19 40 29.680  3.05   2
   110318  40.283809 -124.468848    20.269     2127.3     -370.5     -850.1    179.4    251.5    267.7 2023  2 20 13 18  3.960  1.48   2
   110345  40.274780 -124.514811    21.239    -1781.4    -1373.1      120.3    218.2    290.0    319.5 2023  5 22  8 39 15.920  1.61   2
   110372  40.296769 -124.434969    21.041     5007.8     1068.6      -78.2    223.0    339.3    284.7 2023  4  3 12 14 40.520  1.28   2
   110403  40.286328 -124.406396    18.953     7437.9      -90.8    -2165.8    285.0    407.8    316.3 2023  4  4 17 32 14.460  1.08   2
   110420  40.278882 -124.503231    19.813     -796.6     -917.7    -1306.0    289.9    301.4    329.0 2023  2 17 14 36 10.720  2.81   2
   110446  40.312634 -124.433049    19.142     5170.5     2830.2    -1976.4    257.6    447.0    341.2 2023  5 13  1 27 17.920  1.13   2
   110461  40.298812 -124.470744    20.877     1965.9     1295.4     -241.6    258.5    426.8    385.7 2023  4  9 11 53 23.790  0.91   2
   110465  40.291618 -124.375496    19.879    10065.1      496.6    -1239.8    265.1    370.1    306.2 2022 12 20  3  6 59.620  0.86   2
   110500  40.307007 -124.476636    20.110     1464.8     2205.4    -1009.0    255.6    438.3    460.8 2023  4  9 13 30 46.380  0.65   2
   110565  40.309855 -124.441089    19.013     4487.0     2521.6    -2106.2    379.8    632.7    454.6 2023  4  9 10 26 54.540  2.63   2
   110648  40.283887 -124.378760    18.941     9788.1     -361.9    -2177.5    317.4    488.1    375.8 2023  3 14 15 58 42.040  1.17   2
   110734  40.296525 -124.438298    22.116     4724.8     1041.5      996.8    465.1    727.2    678.9 2023  3 12 13 22 24.330  1.69   2
   110741  40.304179 -124.448039    19.675     3896.3     1891.3    -1444.3    231.8    367.3    266.6 2023  3 13 12 14 24.190  0.90   2
   110742  40.306734 -124.534188    23.841    -3428.5     2175.1     2722.5    466.4    665.4   1325.6 2023  3 22 16  0 16.820  1.31   2
