   102927  40.321639 -124.623934    11.473    -5718.5     3247.7    -1952.8     19.2     41.1     40.3 2020  1  9 16 12 46.120  0.00   5
   102930  40.328638 -124.623796     9.836    -5706.5     4024.9    -3589.7     13.0     19.2     21.4 2020  7 10 11 40 51.780  0.00   5
   102931  40.328638 -124.623242     9.843    -5659.5     4024.9    -3582.6     11.4     16.5     19.6 2020 10  2  5 29 51.580  0.00   5
   102932  40.328805 -124.623226     9.665    -5658.1     4043.4    -3760.6     12.3     17.1     20.9 2020 12 29 18 56 53.340  0.00   5
   102933  40.326164 -124.619995     9.235    -5383.5     3750.1    -4190.7     16.5     51.3     33.5 2021  2 19 14 49 13.520  0.00   5
   102934  40.346708 -124.623649     8.789    -5693.3     6031.4    -4637.0     21.8     83.0     31.0 2021  8 23 20 46 18.340  0.00   5
   102935  40.329224 -124.622192     9.256    -5570.2     4089.9    -4169.6     13.9     26.4     23.5 2021 10 19  7 54 31.220  0.00   5
   102936  40.328955 -124.623307     9.659    -5665.0     4060.1    -3767.0     12.8     19.1     21.3 2021 11  9 11 28 29.120  0.00   5
   102937  40.329325 -124.623657     9.939    -5694.7     4101.2    -3487.2     11.3     18.6     20.0 2021 11 28 21 38 37.840  0.00   5
   102939  40.329016 -124.623185     9.638    -5654.6     4066.9    -3787.7     12.7     19.3     21.4 2021 12 21 23 30 13.180  0.00   5
   102940  40.321000 -124.621859    11.140    -5542.2     3176.8    -2286.1     11.5     37.7     32.9 2021 12 23  8 43 26.880  0.00   5
   102944  40.328381 -124.621785     9.979    -5535.6     3996.4    -3446.7     10.5     13.8     27.7 2022  1 19  8 10 37.440  0.00   5
   102946  40.329106 -124.623096     9.397    -5647.0     4076.8    -4028.7     12.4     19.1     23.2 2022  4 11  4  4 28.440  0.00   5
   102948  40.330440 -124.622339     9.904    -5582.6     4225.0    -3522.4     32.6     36.4     38.4 2022  4 19  9 28 33.920  0.00   5
   102949  40.327108 -124.623877    10.292    -5713.5     3855.0    -3134.2     11.9     15.8     25.5 2022  5  2 22 28 32.800  0.00   5
   102950  40.329675 -124.622925     8.940    -5632.4     4140.1    -4486.2     16.1     24.5     25.9 2022  6 24  0 54  1.540  0.00   5
   102951  40.327881 -124.626221     9.940    -5912.7     3940.8    -3486.2     15.5     15.5     19.0 2022  7 14 16 54 29.000  0.00   5
   102952  40.328170 -124.624430     9.935    -5760.5     3972.9    -3491.4     12.9     17.4     20.6 2022  7 22 12 35 35.500  0.00   5
   102953  40.336308 -124.620133     8.639    -5394.9     4876.5    -4787.3     18.6     58.7     28.5 2022  9 19  8 27  9.760  0.00   5
   102955  40.332450 -124.622217     9.360    -5572.1     4448.2    -4066.4     30.8     57.9     50.3 2022 10  7  7 29 37.760  0.00   5
   102957  40.301115 -124.556925    14.729      -22.1      968.7     1303.5     17.8     56.7     64.2 2020  1  9  0 25 18.340  0.00   5
   102958  40.296541 -124.558122    15.041     -123.9      460.9     1614.9     13.3     21.2     26.0 2020  1  9  5 40 55.020  0.00   5
   102959  40.304891 -124.555282    15.246      117.6     1388.0     1820.4     27.8     55.1     46.7 2020  1 10 16 19 54.400  0.00   5
   102961  40.297144 -124.556974    14.757      -26.3      527.7     1331.1     18.8     20.0     21.0 2020  5 11  5 18  3.180  0.00   5
   102962  40.255229 -124.559196    13.466     -215.3    -4126.5       39.6      3.3     13.2      7.8 2020  5 21 20 27  9.960  0.00   5
   102963  40.295325 -124.556820    16.783      -13.1      325.8     3356.6     16.0     27.8     67.3 2020  6 26 12 41 46.880  0.00   5
   102966  40.295561 -124.557422    14.903      -64.4      352.0     1477.2     12.8     20.0     24.6 2020  9 15 23 23  4.260  0.00   5
   102967  40.295610 -124.557479    14.260      -69.2      357.4      834.0     17.3     24.1     57.9 2020  9 26 13 45 23.380  0.00   5
   102968  40.299312 -124.558724    13.218     -175.1      768.6     -208.4     17.3     22.0     47.0 2020 10  7 23 57 11.980  0.00   5
   102969  40.297453 -124.557056    13.582      -33.2      562.1      156.4     27.9     39.2     42.9 2021  3 21  4 39 28.380  0.00   5
   102970  40.295793 -124.557536    14.828      -74.0      377.7     1401.5     13.6     20.2     24.5 2021  5 26  0 52 22.700  0.00   5
   102971  40.289571 -124.559367    13.985     -229.7     -313.1      558.7     11.7     25.1     17.5 2021  6  7  3 30 47.660  0.00   5
   102972  40.297343 -124.558203    13.900     -130.8      549.9      474.5     16.2     24.0     32.8 2021  6 26 19 49 41.240  0.00   5
   102974  40.254980 -124.559204    13.457     -216.0    -4154.1       31.5      1.6      9.8      4.8 2021  8 18  7 53 43.320  0.00   5
   102976  40.295841 -124.557780    14.644      -94.8      383.1     1217.7     14.1     25.0     32.4 2021 10 14 12 29 46.820  0.00   5
   102977  40.254631 -124.559196    13.444     -215.3    -4192.9       18.4      3.2     11.7      8.0 2021 12  9 17 52 24.880  0.00   5
   102978  40.294641 -124.557568    15.151      -76.8      249.9     1724.8     16.4     32.0     37.6 2021 12 20 14 26 22.420  0.00   5
   102979  40.295976 -124.556551    14.842        9.7      398.1     1416.0     14.7     21.0     24.1 2022  1  5 13 58 42.900  0.00   5
   102981  40.291166 -124.557780    14.639      -94.8     -136.0     1213.3     15.1     37.1     37.7 2022  2 19 22 27 17.340  0.00   5
   102982  40.295687 -124.557243    15.178      -49.1      366.0     1752.5     14.1     26.0     38.2 2022  4 22 22 11  8.700  0.00   5
   102983  40.299137 -124.557072    15.245      -34.6      749.1     1818.6     20.3     33.4     42.0 2022  5 14  6  2 12.840  0.00   5
   102984  40.294808 -124.556974    14.856      -26.3      268.4     1429.9     23.6     32.8     35.3 2022  5 27 21 21 41.400  0.00   5
   102986  40.300256 -124.558293    13.226     -138.4      873.4     -199.5     14.7     22.3     47.0 2022  6 10  0 40 50.580  0.00   5
   102987  40.295939 -124.557894    14.860     -104.5      394.0     1434.3     14.4     24.9     28.3 2022  6 11  1 51  4.680  0.00   5
   102988  40.295549 -124.557340    14.983      -57.4      350.6     1557.0     14.3     26.3     30.8 2022  7 24 10  6 19.260  0.00   5
   102989  40.296212 -124.557178    14.912      -43.6      424.3     1486.5     13.2     19.8     21.2 2022  8 12  8 51 14.040  0.00   5
   102990  40.294299 -124.558594    14.803     -164.0      211.9     1377.1     13.1     30.9     29.8 2022  8 26  5 13 30.220  0.00   5
   105011  40.291772 -124.534912    16.070     1849.6      -68.7     2644.3     18.0     82.7     44.9 2021  9 14 19 33 56.900  0.00   5
   105019  40.290027 -124.534342    16.111     1898.1     -262.5     2684.9     18.3     64.3     37.1 2021 12 17 16 25 12.180  0.00   5
   105020  40.290308 -124.533097    16.272     2004.0     -231.3     2845.6     17.9     54.6     49.8 2021 12 21  3 42 22.440  0.00   5
   105021  40.290837 -124.533211    16.339     1994.3     -172.6     2912.5     17.5     59.8     45.9 2021 12 21  3 24 24.160  0.00   5
   105023  40.289250 -124.533854    16.100     1939.6     -348.8     2673.8     15.0     64.2     38.5 2021 12 21 14 59  6.880  0.00   5
   105029  40.283423 -124.534871    16.137     1853.2     -995.8     2711.2     14.8     48.8     35.6 2021 12 21 16 17 37.440  0.00   5
   105030  40.269352 -124.529036    17.125     2349.6    -2558.2     3698.7     18.5     40.2     54.9 2021 12 21  5  0 54.580  0.00   5
   105031  40.277523 -124.533154    15.135     1999.3    -1651.0     1709.1     23.6     75.8     46.2 2021 12 21 12 38 45.420  0.00   5
   105033  40.286108 -124.533496    16.578     1970.1     -697.6     3151.8     13.3     47.8     28.5 2021 12 21  9 13 54.680  0.00   5
   105038  40.284131 -124.533569    16.881     1963.9     -917.2     3455.4     15.6     37.7     38.7 2021 12 26  7 58 23.160  0.00   5
   105039  40.285274 -124.531681    16.553     2124.4     -790.2     3127.1     17.3     60.3     45.1 2021 12 27  5 43 54.680  0.00   5
   105041  40.284757 -124.534814    16.212     1858.0     -847.6     2785.7     18.3     53.2     35.1 2022  2 11 20 35 36.260  0.00   5
   105043  40.281685 -124.531453    16.578     2143.9    -1188.8     3152.0     11.0     51.2     30.8 2022  4 21  0 49 10.600  0.00   5
   105368  40.289115 -124.539925    10.997     1423.4     -363.7    -2428.7     15.5     27.4     37.4 2020  2  1  1 58 46.340  0.00   5
   105369  40.293473 -124.537899     7.863     1595.7      120.2    -5563.0     22.7     56.9     52.7 2020  4 19 18  7 57.940  0.00   5
   105370  40.273063 -124.534725    15.730     1865.8    -2146.2     2304.5     19.6     29.0     50.7 2020  8 14 11 27 29.760  0.00   5
   105371  40.279915 -124.538208    12.269     1569.5    -1385.3    -1156.8     16.6     45.8     52.8 2020  9 12 12 44  3.120  0.00   5
   105374  40.282552 -124.539421    12.972     1466.4    -1092.5     -453.9     18.2     25.5     47.4 2021  9 13 23  5 20.040  0.00   5
   105376  40.287036 -124.538428    11.225     1550.8     -594.6    -2201.1     14.8     24.5     36.4 2021 10 28 10 57 51.840  0.00   5
   105377  40.288684 -124.539339    10.937     1473.2     -411.6    -2488.7     11.8     20.2     29.3 2021 11 15  6 11 30.560  0.00   5
   105379  40.289913 -124.539331    10.833     1473.9     -275.2    -2592.6     12.3     25.1     32.1 2022  1 31 19  7 30.320  0.00   5
   105380  40.290979 -124.538078    10.944     1580.5     -156.8    -2482.1     20.1     34.4     39.6 2022  5  7 21  0 16.060  0.00   5
   105381  40.287130 -124.538403    11.076     1552.8     -584.2    -2350.1     17.9     42.0     64.0 2022  6  7  9 50 42.720  0.00   5
   105383  40.287146 -124.538949    11.165     1506.5     -582.4    -2261.3     23.8     31.5     34.8 2022  8 18 13 36  2.300  0.00   5
   106680  40.274459 -124.556852    17.620      -15.9    -1991.2     4193.7      9.6     20.7     12.0 2020  2 22 19  6 52.320  0.00   5
   106684  40.274060 -124.557129    17.605      -39.4    -2035.5     4179.5     10.0     22.1     22.2 2020  7 11  9 46  0.560  0.00   5
   106685  40.274504 -124.557121    17.583      -38.8    -1986.2     4157.5      8.6     21.9     20.0 2020  7 24 16 55 42.900  0.00   5
   106687  40.277677 -124.557487    17.656      -69.9    -1633.8     4229.8     21.6     34.8     28.6 2020 10  2  4 24 47.100  0.00   5
   106695  40.275387 -124.557479    17.662      -69.2    -1888.2     4235.9     16.6     15.8     16.4 2021  7 16  7  9  5.340  0.00   5
   106696  40.278206 -124.557650    17.784      -83.7    -1575.1     4358.2     20.1     31.0     31.6 2021  7 18  4 33 15.200  0.00   5
   106697  40.274858 -124.557463    17.584      -67.8    -1946.9     4158.3      6.9     21.9     17.5 2021  7 27 10 19 27.640  0.00   5
   106700  40.281348 -124.558114    16.790     -123.2    -1226.3     3364.4      9.5     28.8     58.1 2021  8 24 13 36 31.660  0.00   5
   106702  40.267533 -124.557764     9.348      -93.4    -2760.2    -4077.8     16.0     66.9    420.4 2021 10 21 19  2  0.520  0.00   5
   106706  40.274084 -124.556673    17.582       -0.7    -2032.8     4156.3      8.4     19.4     14.2 2021 12 21  0 21 19.000  0.00   5
   106710  40.275008 -124.557194    17.485      -45.0    -1930.2     4058.6      9.3     18.0     15.2 2022  1  6 21 12 58.500  0.00   5
   106711  40.273743 -124.557633    17.658      -82.4    -2070.7     4232.4     11.7     20.6     17.7 2022  1 23 11 45  1.040  0.00   5
   106713  40.273299 -124.558179    17.502     -128.7    -2120.0     4076.3     11.3     18.3     16.8 2022  3  7 10 52 39.260  0.00   5
   106714  40.275260 -124.557633    17.638      -82.4    -1902.2     4211.9     15.4     22.8     36.5 2022  4  6 12 30 20.240  0.00   5
   106716  40.270190 -124.555656    18.004       85.8    -2465.2     4578.5      7.2     20.2     18.6 2022  6  3  4 32 25.640  0.00   5
   106718  40.274992 -124.558195    17.200     -130.1    -1932.0     3773.8     10.7     26.8     23.4 2022  6 15 20 50 14.340  0.00   5
   106719  40.274752 -124.556388    18.754       23.5    -1958.7     5328.1     17.1     40.1     60.4 2022  8  6  0 50 42.000  0.00   5
   106720  40.277755 -124.557812    17.518      -97.6    -1625.2     4091.8     19.9     26.5     23.9 2022  8 11  6 16 43.060  0.00   5
   106721  40.280965 -124.558154    16.923     -126.6    -1268.7     3497.0     15.2     33.8     35.8 2022  8 21 10 39 36.560  0.00   5
   106722  40.274674 -124.557218    17.532      -47.1    -1967.2     4105.8      7.5     22.1     22.1 2022  9 18 22 30 39.860  0.00   5
   106724  40.276786 -124.556925    17.767      -22.1    -1732.7     4340.9     12.5     15.8     18.5 2022 11 23 23 40 19.840  0.00   5
   107850  40.302730 -124.541732    18.794     1269.7     1148.1     5368.2     23.0     59.7     36.1 2020  3 18 10 33 16.280  0.00   5
   107851  40.297668 -124.543408    19.647     1127.2      586.0     6221.5     11.1     30.0     24.5 2020  7 23  7 57 52.860  0.00   5
   107854  40.302726 -124.544694    18.602     1017.8     1147.6     5175.7     13.4     23.3     22.2 2021  2 23 21 22 50.460  0.00   5
   107855  40.306576 -124.544157    18.330     1063.4     1575.1     4904.5     14.8     29.9     39.5 2021  3  1 21 39  8.000  0.00   5
   107856  40.295133 -124.551082    18.397      474.7      304.5     4971.4     42.9     65.9     76.4 2021  5 30 21 13 23.020  0.00   5
   107857  40.303784 -124.545426    18.262      955.5     1265.1     4836.1     11.3     31.3     31.1 2021  8 10 16 52 12.400  0.00   5
   107858  40.305379 -124.545117    18.334      981.8     1442.2     4907.6     13.4     28.0     30.7 2021 10 30 23 24 21.000  0.00   5
   107859  40.303752 -124.544963    18.673      995.0     1261.5     5247.5      9.8     22.7     22.2 2021 10 31  0  6 14.000  0.00   5
   107860  40.304976 -124.545426    18.411      955.5     1397.5     4985.3     15.1     30.1     30.7 2021 11  1  0  2 32.120  0.00   5
   107863  40.303483 -124.544556    18.366     1029.6     1231.7     4939.7     14.3     25.9     28.3 2021 12 11 17 33  8.300  0.00   5
   107867  40.301827 -124.546322    18.358      879.4     1047.8     4932.4     15.0     28.7     31.2 2022  8 11  3 22 48.620  0.00   5
   107868  40.303223 -124.545182    18.636      976.3     1202.8     5210.0     13.5     22.3     18.4 2022 10  5 10 28  0.800  0.00   5
   107869  40.303658 -124.542749    18.469     1183.2     1251.1     5043.1     12.9     19.7     35.3 2022 10 29  1 50 33.240  0.00   5
   108328  40.357723 -124.569425     4.811    -1084.5     7254.5    -8615.3     17.9     45.5     91.4 2020  4  5  1 31 54.900  0.00   5
   108329  40.330082 -124.568123     3.020     -974.0     4185.3   -10405.8      6.5     18.4      8.8 2020 12 28 14 19 23.260  0.00   5
   108330  40.332515 -124.569409     4.074    -1083.3     4455.4    -9352.1      8.9     46.0     18.7 2021  2  8 21 55 39.180  0.00   5
   108331  40.327991 -124.568799     3.080    -1031.4     3953.0   -10346.3     12.8     29.9     12.6 2021  5 31 14 18  8.300  0.00   5
   108334  40.334416 -124.567578     3.102     -927.6     4666.4   -10324.0     15.0     39.6     19.2 2022  1 23  9 42 53.580  0.00   5
   108336  40.330046 -124.567985     2.984     -962.3     4181.2   -10442.3      7.0     20.0      8.5 2022  8 25  9 19 46.880  0.00   5
   108337  40.329757 -124.568091     3.042     -971.3     4149.1   -10383.6     10.2     44.2     15.0 2022  8 30 16 15 52.160  0.00   5
   108338  40.333138 -124.568856     3.775    -1036.3     4524.6    -9651.3     11.9     52.8     19.6 2022  8 31 20 32 49.120  0.00   5
   108522  40.292057 -124.519425     9.230     3166.4      -37.0    -4196.3     16.9     29.3     30.9 2020  8 27  8 48 36.060  0.00   5
   108523  40.296077 -124.518758     7.507     3223.1      409.4    -5919.4     32.8     73.0     60.7 2020 11 19  0  1 55.140  0.00   5
   108525  40.300793 -124.518384     7.370     3254.8      933.0    -6056.4     22.2     57.1     54.9 2020 12 22 13 56 55.800  0.00   5
   108526  40.294808 -124.519523     7.372     3158.1      268.4    -6054.3     16.3     34.3     31.5 2020 12 22  2 31 25.280  0.00   5
   108527  40.294548 -124.519824     7.970     3132.5      239.5    -5456.4     15.6     37.2     28.8 2021  3  6  5 49 50.980  0.00   5
   108528  40.287227 -124.519189     9.539     3186.6     -573.4    -3887.4     20.7     68.5     59.8 2021  3  7  9 29 35.160  0.00   5
   108529  40.297489 -124.518734     7.515     3225.1      566.1    -5911.4     24.3     50.4     41.6 2021  3 22 14 28 21.180  0.00   5
   108530  40.298633 -124.519637     6.011     3148.3      693.1    -7414.8     20.6     51.6    267.8 2021  3 22 16 43  7.420  0.00   5
   108531  40.298397 -124.519718     7.968     3141.4      666.9    -5458.2     27.2     60.5     50.6 2021  3 22 15 19 46.300  0.00   5
   108532  40.277271 -124.520215     5.245     3099.7    -1679.0    -8180.8     22.0     75.4     49.0 2021  3 27 20 11 40.180  0.00   5
   108533  40.298962 -124.518758     7.501     3223.0      729.7    -5925.4     17.4     32.8     30.3 2021  3 28  8 38 14.200  0.00   5
   108534  40.288440 -124.519230     8.909     3183.1     -438.7    -4517.3     17.7     42.2     78.5 2021  3 28  5 19 46.660  0.00   5
   108537  40.290479 -124.517936     4.624     3293.1     -212.4    -8802.4     20.0     38.0     56.4 2021  5 23 16 14  8.300  0.00   5
   108542  40.298592 -124.518628     7.443     3234.1      688.6    -5982.8     19.7     37.0     30.8 2022  1  7 18 16 14.140  0.00   5
   108546  40.292224 -124.519515     7.814     3158.8      -18.5    -5611.7     22.2     41.6     33.5 2022  8  3 22 11 41.100  0.00   5
   108547  40.300285 -124.519279     7.858     3178.7      876.5    -5568.2     21.1     44.4     36.7 2022  9 28  8 42 51.820  0.00   5
   108548  40.301160 -124.519588     7.928     3152.4      973.7    -5497.8     19.6     54.1     91.6 2022  9 28  8 39 11.060  0.00   5
   108549  40.300566 -124.518652     7.687     3232.0      907.7    -5738.5     15.6     46.2     26.6 2022 10  9  8 23  0.040  0.00   5
   108551  40.303251 -124.519832     8.256     3131.6     1205.9    -5169.9     24.1     61.1     64.0 2022 10 27 19 46 36.020  0.00   5
   108552  40.294307 -124.519377     7.453     3170.5      212.8    -5972.8     18.0     44.0     35.6 2022 11 21 18 13 32.080  0.00   5
   108553  40.294556 -124.519051     7.527     3198.2      240.4    -5899.3     17.8     48.8     44.0 2022 11 22  5 12  0.300  0.00   5
   108554  40.297876 -124.519181     7.761     3187.1      609.1    -5665.4     14.9     51.4     37.2 2022 11 22  5 12 34.720  0.00   5
   108762  40.295882 -124.552547    10.997      350.1      387.7    -2429.4      8.9     10.7     13.7 2020  6 18 16  6 43.080  0.00   5
   108763  40.294360 -124.555135    10.860      130.1      218.7    -2566.1     14.7     42.3     54.0 2021 11 11 11 57 34.060  0.00   5
   108764  40.303133 -124.554224     9.942      207.6     1192.8    -3483.6     19.9     22.3     20.0 2022  1  9  2 48 12.520  0.00   5
   108765  40.302738 -124.555981    10.129       58.1     1149.0    -3296.8     11.0     31.8     28.6 2022  5 12  9 11 34.360  0.00   5
   108766  40.292839 -124.553573    11.035      262.9       49.7    -2391.4     14.3     15.6     21.9 2022  6  7  9 49  1.260  0.00   5
   109011  40.303756 -124.574040    13.880    -1477.2     1261.9      454.1     22.6     55.1     35.7 2021  7 14 15 14  4.960  0.00   5
   109012  40.319071 -124.570923    17.956    -1212.1     2962.6     4529.7     24.4     66.8     47.2 2022  5 15 19 18 57.920  0.00   5
   109014  40.307247 -124.574886    14.344    -1549.1     1649.6      918.5     23.0     52.3    105.1 2022  7 23 23  7 35.680  0.00   5
   110256  40.322083 -124.565934    11.675     -788.0     3297.0    -1750.8     27.9     64.7     63.9 2022  8  2 21 55 39.100  0.00   5
   110258  40.335404 -124.562581    11.979     -502.9     4776.2    -1447.0     26.5     58.8     62.6 2022  8  2 21 44 11.520  0.00   5
   110264  40.336711 -124.561385    13.662     -401.2     4921.3      236.3     28.9     58.3     72.0 2022  8  7 15 10 49.300  0.00   5
   110312  40.328251 -124.624276     9.994    -5747.3     3981.9    -3431.7     11.8     15.9     20.1 2022 12 19 12 20 31.700  1.28   5
   110313  40.296029 -124.557658    14.845      -84.4      403.9     1418.9     12.6     12.8     18.7 2023  2  9  8  8 42.800  2.99   5
   110357  40.293514 -124.535360    16.706     1811.5      124.7     3280.2     10.4     40.3     24.8 2023  4 23 16  9  0.470  1.48   5
   110366  40.288464 -124.538826    10.770     1516.8     -436.0    -2656.0     13.3     20.2     26.5 2023  2 15  9 40 37.830  1.30   5
   110413  40.274630 -124.558057    17.588     -118.3    -1972.2     4161.9      8.8     14.7     11.4 2023  3 25 19 24 32.400  1.25   5
   110459  40.304016 -124.544922    18.509      998.4     1290.9     5083.1     10.1     15.5     24.4 2023  2 23  1 16  2.860  1.71   5
   110492  40.330351 -124.567529     2.952     -923.5     4215.1   -10474.2      5.7     11.8      6.8 2023  4 17  9 13 51.230  2.06   5
   110520  40.294100 -124.519596     7.455     3151.9      189.8    -5970.8     14.1     28.8     25.7 2023  1 16  3 19  0.680  1.26   5
   110550  40.295341 -124.553182    10.912      296.2      327.6    -2514.3      6.9      8.0     10.9 2023  3 30 19 31 15.280  1.92   5
   110583  40.311759 -124.573063    14.996    -1394.1     2150.7     1570.4     22.8     51.2     70.6 2023  2  7 18 35 28.040  1.14   5
   110795  40.335649 -124.560335    12.937     -312.0     4803.3     -489.3     23.6     49.3     58.9 2023  2 25 22 37 46.280  1.26   5
