   105485  40.698934 -124.201424    17.566      -53.0      -14.0       83.6      9.6      5.5      8.2 2020  2  5  5 58 25.560  0.00  53
   105487  40.699162 -124.200496    17.411       25.4       11.3      -71.8      9.6      5.9      5.0 2020  4 15  7 17 47.580  0.00  53
   105489  40.699304 -124.200195    17.465       50.9       27.1      -17.8      8.0      4.9      9.5 2020  9  1  3 23  1.060  0.00  53
   105491  40.699923 -124.196436    17.021      368.7       95.8     -461.5     11.2      3.7      8.6 2022  6 26  6 12 19.280  0.00  53
   105492  40.699443 -124.199910    17.382       75.0       42.5     -100.2      4.0      2.2      3.3 2022  9 22  6  0 32.400  0.00  53
   105493  40.699430 -124.199919    17.401       74.3       41.1      -81.7      3.9      2.4      3.5 2022  9 22  6  2 18.960  0.00  53
   105494  40.699552 -124.199967    17.392       70.2       54.7      -90.8      4.0      2.4      4.2 2022  9 22  7 21 46.180  0.00  53
   105495  40.699731 -124.199658    17.421       96.3       74.6      -62.0      3.9      3.9      5.7 2022  9 22 15 52 11.740  0.00  53
   105496  40.699556 -124.200065    17.376       61.9       55.1     -106.3      4.4      3.5      3.8 2022  9 23  7 36 42.680  0.00  53
   105498  40.699479 -124.200073    17.397       61.2       46.5      -86.0      4.1      1.8      3.4 2022  9 25 11 10 14.460  0.00  53
   105501  40.699520 -124.200220    17.355       48.8       51.1     -127.5      4.0      2.8      4.2 2022 10 26 12 52 38.720  0.00  53
   105502  40.699483 -124.199748    17.384       88.7       47.0      -98.5      4.8      2.3      3.2 2022 10 28 19 52 59.400  0.00  53
   105503  40.699479 -124.200244    17.381       46.8       46.5     -102.1      4.2      2.5      4.0 2022 10 28 19 54 10.800  0.00  53
   108833  40.723336 -124.236564    17.069    -3022.3     2695.8     -414.1     22.0      6.0     11.7 2020  7  7 22 53  4.560  0.00  53
   108870  40.673523 -124.176294    17.810     2071.4    -2835.9      326.9     15.0      4.6      9.5 2021  3 19  7  6 30.900  0.00  53
   108873  40.674394 -124.167293    18.629     2832.2    -2739.2     1146.4     17.7      5.3     12.2 2022  9 22 18 46  5.320  0.00  53
   110375  40.699308 -124.199585    17.430      102.5       27.6      -52.6      4.0      2.5      3.2 2023  4 18 21 27 56.500  2.49  53
   110555  40.722819 -124.235002    17.702    -2890.3     2638.4      218.9     22.5      6.0     11.7 2023  5  5 10 40  9.930  1.00  53
   110562  40.672038 -124.173560    18.932     2302.5    -3000.8     1449.0     14.5      4.7     10.7 2023  2  1  1 28 26.490  1.31  53
   110714  40.704114 -124.194629    17.898      521.3      561.2      415.3      4.3      3.4      4.0 2023  1  6 12 27 19.440  3.44  53
