   103864  40.297457 -124.345638     9.258       51.2       20.3     -141.8     20.7     23.4     25.9 2020  1 15  6 50 38.220  0.00  24
   103866  40.298490 -124.346932     9.376      -58.8      135.1      -24.2     15.6     22.9     17.7 2020  1 24 22  3 41.740  0.00  24
   103867  40.296944 -124.346533     9.302      -24.9      -36.6      -97.6     14.8     23.6     18.5 2020  1 24 15 30 20.360  0.00  24
   103868  40.297799 -124.346883     9.385      -54.7       58.3      -14.9     13.1     14.6     16.1 2020  1 24 21  4  2.500  0.00  24
   103869  40.297245 -124.346313     9.259       -6.2       -3.2     -141.2     13.7     18.5     19.0 2020  1 24 15 55 59.700  0.00  24
   103870  40.296859 -124.346460     9.264      -18.7      -46.1     -135.5     14.8     15.3     20.5 2020  1 24 15 22 48.080  0.00  24
   103871  40.298690 -124.347054     9.376      -69.2      157.2      -23.8     16.7     25.0     18.7 2020  1 24 22 54  7.460  0.00  24
   103872  40.297038 -124.346509     9.293      -22.8      -26.2     -106.7     15.2     12.3     20.6 2020  1 24 15 25 13.420  0.00  24
   103873  40.296798 -124.346549     9.270      -26.3      -52.9     -130.1     18.1     20.2     20.9 2020  1 24 15 26 23.140  0.00  24
   103874  40.297839 -124.346834     9.396      -50.5       62.8       -4.4     12.8     16.0     14.7 2020  1 24 20  3  2.500  0.00  24
   103876  40.298678 -124.346973     9.395      -62.3      155.9       -5.4     16.7     24.4     17.8 2020  1 24 23 20 24.980  0.00  24
   103880  40.294377 -124.347095     9.130      -72.7     -321.7     -269.8     20.2     39.9     22.8 2020  1 25  3 13 59.340  0.00  24
   103882  40.296216 -124.346151     9.296        7.6     -117.5     -103.7     12.5     17.7     16.3 2020  1 25  3 14 28.680  0.00  24
   103883  40.297559 -124.345882     9.332       30.4       31.6      -68.4     16.5     16.2     19.0 2020  1 25  3  9  6.220  0.00  24
   103890  40.297485 -124.345817     9.271       36.0       23.5     -129.4     14.1     17.9     22.5 2020  1 27 19  4 35.860  0.00  24
   103891  40.296383 -124.346216     9.285        2.1      -98.9     -114.6     15.8     25.3     14.7 2020  1 27 17 36 12.020  0.00  24
   103892  40.297131 -124.346191     9.360        4.2      -15.8      -40.0     15.6     16.3     22.0 2020  1 27 16 23 44.480  0.00  24
   103895  40.297603 -124.345353     9.178       75.4       36.6     -222.5     23.3     19.4     28.7 2020  3 13  2 39 50.580  0.00  24
   103896  40.296493 -124.346037     9.022       17.3      -86.8     -378.1     12.9     28.9     19.1 2020  3 13  2 37 37.340  0.00  24
   103897  40.300309 -124.346452     9.277      -18.0      337.1     -122.5     21.3     27.1     15.5 2020  3 13  5 10 12.960  0.00  24
   103898  40.298739 -124.346297     9.293       -4.8      162.7     -107.3     12.5     26.3     17.3 2020  4  7 16 50 56.420  0.00  24
   103901  40.302494 -124.348348     9.374     -179.2      579.7      -26.2     24.8     34.7     33.1 2020  5 10  3 40 47.520  0.00  24
   103902  40.296712 -124.346346     9.506       -9.0      -62.4      106.0     13.8     19.9     17.9 2020  7 16 14 40 26.160  0.00  24
   103904  40.296631 -124.345565     8.776       57.4      -71.4     -623.8     27.6     47.9     47.7 2020 11  9  2 11  9.620  0.00  24
   103906  40.296533 -124.346086     9.374       13.1      -82.2      -26.0     21.7     23.5     30.7 2021  2  6 20 40 14.680  0.00  24
   103908  40.297388 -124.346663     9.490      -36.0       12.7       89.7     11.9     13.5     21.1 2021  3 13 11 25  2.260  0.00  24
   103909  40.295732 -124.346460     9.260      -18.7     -171.2     -140.4     14.2     28.8     20.8 2021  4  5 17 17  0.360  0.00  24
   103912  40.297909 -124.346639     9.445      -33.9       70.5       44.7     11.9     16.7     14.6 2021  4 17 12 56  1.300  0.00  24
   103913  40.297620 -124.346761     9.439      -44.3       38.4       38.9     11.9     20.1     16.3 2021  4 17 13 40 53.640  0.00  24
   103915  40.296765 -124.346737     9.452      -42.2      -56.5       52.3     15.0     19.5     20.2 2021  7 28 21 11  2.380  0.00  24
   103916  40.296745 -124.346623     9.452      -32.5      -58.7       52.3     13.8     20.5     18.2 2021  7 28 21 33 36.020  0.00  24
   103918  40.297835 -124.346794     9.365      -47.0       62.4      -34.8     14.9     16.7     17.1 2021  9  7 19 40  5.860  0.00  24
   103919  40.295935 -124.349943     9.394     -314.8     -148.7       -6.4     24.2     27.9     25.8 2021 11 25 16 28 40.160  0.00  24
   103921  40.297392 -124.346639     9.382      -33.9       13.1      -18.5     13.8     22.5     13.1 2021 12 21  3 38 51.940  0.00  24
   103922  40.297314 -124.347087     9.311      -72.0        4.5      -89.0     11.3     24.4     15.4 2022  3 23 22 42 10.720  0.00  24
   103924  40.296773 -124.346729     9.310      -41.5      -55.6      -89.9     17.9     22.1     18.9 2022  5 29 21 13 23.800  0.00  24
   103926  40.297282 -124.346566     9.289      -27.7        0.9     -111.0     18.7     21.6     18.3 2022  5 29 19 36  5.420  0.00  24
   103927  40.297656 -124.346493     9.326      -21.4       42.5      -73.8     12.4     20.5     14.8 2022  5 29 19 11 27.880  0.00  24
   103929  40.296895 -124.346200     9.342        3.5      -42.0      -58.2     15.2     17.4     19.0 2022  5 30  4 10  9.060  0.00  24
   103930  40.297441 -124.346322     9.356       -6.9       18.5      -44.1     14.6     17.2     18.4 2022  5 30  1 51 30.580  0.00  24
   103932  40.298173 -124.346851     9.375      -51.9       99.9      -24.9     14.5     21.3     15.8 2022  5 30  3 12  8.820  0.00  24
   103933  40.297323 -124.346403     9.371      -13.8        5.4      -28.9     13.1     18.4     17.9 2022  5 30  9 43 48.840  0.00  24
   103934  40.297526 -124.346395     9.322      -13.1       28.0      -78.5     15.0     15.9     20.9 2022  5 30  6 35  3.560  0.00  24
   103935  40.296651 -124.346737     9.231      -42.2      -69.1     -168.8     16.7     23.6     25.2 2022  5 30  6 42 38.800  0.00  24
   103937  40.297965 -124.346313     9.329       -6.2       76.8      -71.0     13.6     18.8     13.3 2022  5 30  4  6 28.560  0.00  24
   110328  40.296139 -124.345955     9.578       24.2     -126.1      177.6     11.5     12.6     13.8 2022 12 23 23 23  4.120  1.11  24
