   104725  40.729911 -124.224089    20.729      -50.9        2.3       -0.9     38.3     15.8     22.9 2021  8  1 17 14 21.960  0.00  18
   104728  40.729814 -124.222819    20.706       56.4       -8.6      -23.6     23.1     13.3     22.5 2021  8 12  1  5 10.400  0.00  18
   104729  40.729797 -124.222803    20.708       57.7      -10.4      -22.1     23.0     13.1     21.2 2021  8 12  1  0 35.920  0.00  18
   104730  40.729789 -124.222754    20.683       61.9      -11.3      -47.1     32.7     17.5     32.5 2021  8 12  4  6 13.180  0.00  18
   104731  40.729928 -124.223299    20.705       15.8        4.1      -25.2     22.1     12.4     19.0 2021  8 12  1 11 44.700  0.00  18
   104732  40.729899 -124.223250    20.717       19.9        0.9      -13.2     26.2     15.2     17.1 2021  8 12  4 31 21.500  0.00  18
   104736  40.729834 -124.222778    20.692       59.8       -6.3      -38.5     31.5     17.2     30.5 2021  8 12  4 26 21.340  0.00  18
   104738  40.729944 -124.223258    20.700       19.2        5.9      -29.9     23.1     12.9     18.5 2021  8 12  1 38 51.820  0.00  18
   104739  40.729842 -124.222900    20.730       49.5       -5.4       -0.3     27.5     16.0     24.3 2021  8 12  1 40 19.140  0.00  18
   104743  40.729875 -124.222689    20.723       67.4       -1.8       -6.9     32.6     16.8     30.6 2021  8 12  2  8 24.840  0.00  18
   104746  40.729940 -124.223039    20.720       37.8        5.4      -10.2     25.4     18.3     28.8 2021  8 12  1 17 20.740  0.00  18
   104751  40.729952 -124.223201    20.717       24.1        6.8      -13.1     19.2     14.6     18.1 2021  9 25 19 29 33.640  0.00  18
   104752  40.729862 -124.222868    20.724       52.2       -3.2       -6.3     25.5     15.1     17.7 2021  9 25 19 41 25.880  0.00  18
   104753  40.729830 -124.222965    20.719       44.0       -6.8      -11.4     25.2     13.6     17.2 2021  9 25 20  4 29.320  0.00  18
   104754  40.729940 -124.222974    20.694       43.3        5.4      -35.9     24.4     14.9     25.9 2021  9 25 19 41 55.140  0.00  18
   104755  40.729928 -124.223299    20.692       15.8        4.1      -38.2     25.4     14.7     21.9 2021  9 25 21 31 36.900  0.00  18
   104756  40.729858 -124.222852    20.703       53.6       -3.6      -27.1     22.6     13.2     30.1 2021  9 25 19 57 59.400  0.00  18
   104757  40.729806 -124.222909    20.705       48.8       -9.5      -24.8     27.2     16.0     19.3 2021  9 25 19 21 20.700  0.00  18
   104758  40.729915 -124.223315    20.730       14.4        2.7       -0.3     19.2     15.0     22.3 2021  9 25 21 50 47.040  0.00  18
   104759  40.729850 -124.222835    20.724       55.0       -4.5       -6.2     26.9     17.1     14.9 2021  9 25 19 42 14.420  0.00  18
   104760  40.729968 -124.223193    20.735       24.7        8.6        4.7     27.2     20.2     26.0 2021  9 25 19 30 41.020  0.00  18
   104765  40.729964 -124.223112    20.720       31.6        8.1       -9.7     19.2     13.1     21.6 2021  9 26  0 23 57.940  0.00  18
   104766  40.729899 -124.223079    20.702       34.4        0.9      -28.0     22.9     14.5     21.7 2021  9 26  4 48 58.440  0.00  18
   104767  40.729936 -124.223267    20.695       18.6        5.0      -34.5     22.5     13.8     23.5 2021  9 26  4 47 56.220  0.00  18
   104768  40.729911 -124.223169    20.706       26.8        2.3      -23.6     21.7     13.8     18.5 2021  9 26  4 58 59.300  0.00  18
   104769  40.729773 -124.222917    20.712       48.1      -13.1      -18.1     27.1     13.0     18.1 2021  9 26  3  8  4.900  0.00  18
   104770  40.729891 -124.223267    20.716       18.6        0.0      -14.5     21.9     12.7     17.5 2021  9 26  6 47  1.820  0.00  18
   104778  40.729692 -124.223022    20.725       39.2      -22.1       -4.7     34.5     22.2     32.1 2021  9 26  4 52 20.080  0.00  18
   104779  40.729891 -124.222803    20.702       57.7        0.0      -28.5     24.2     16.1     21.8 2021  9 27  3 38 24.020  0.00  18
   104780  40.729850 -124.223201    20.730       24.1       -4.5        0.4     33.4     13.9     14.3 2021 10  2 13 58 43.600  0.00  18
   104782  40.729834 -124.222746    20.705       62.6       -6.3      -24.8     25.1     13.1     24.7 2021 10  2 16  3 32.660  0.00  18
   104785  40.729871 -124.223885    20.729      -33.7       -2.3       -1.5     38.7     15.4     23.0 2021 10 10  8 36 52.560  0.00  18
   104787  40.729867 -124.224105    20.748      -52.2       -2.7       18.4     42.1     15.0     27.0 2021 10 10  9 56 51.320  0.00  18
   104791  40.729879 -124.223079    20.691       34.4       -1.4      -39.1     33.5     19.4     26.2 2021 10 18  5  9 10.720  0.00  18
   104793  40.730001 -124.223177    20.676       26.1       12.2      -53.7     34.7     19.8     29.4 2021 10 18  5  9 57.000  0.00  18
   104794  40.729850 -124.223006    20.723       40.6       -4.5       -7.3     20.3     12.6     18.0 2021 10 30 10 59 31.620  0.00  18
   104797  40.729952 -124.223958    20.717      -39.9        6.8      -12.5     35.8     14.4     20.7 2021 11  7 19 48  6.500  0.00  18
   104800  40.729940 -124.222974    20.661       43.3        5.4      -69.3     35.3     14.1     36.5 2022  3 25 13 28 32.140  0.00  18
   104801  40.729907 -124.222835    20.701       55.0        1.8      -29.0     35.0     15.4     27.6 2022  3 25 22  6 11.360  0.00  18
   104803  40.729964 -124.223022    20.643       39.2        8.1      -86.5     36.7     16.2     37.4 2022  3 25 14  8 59.840  0.00  18
   104804  40.729989 -124.223120    20.670       30.9       10.8      -59.8     37.6     16.8     31.2 2022  3 25 13 50 50.600  0.00  18
   104805  40.729838 -124.222786    20.665       59.1       -5.9      -64.8     27.4     11.5     32.0 2022  3 25  8 23 32.880  0.00  18
   104806  40.729980 -124.223031    20.651       38.5        9.9      -79.0     36.4     16.5     36.2 2022  3 25 14 20 37.640  0.00  18
   104808  40.729915 -124.222746    20.649       62.6        2.7      -81.0     39.6     14.7     37.8 2022  3 25 15 24 24.460  0.00  18
   104809  40.729989 -124.223104    20.666       32.3       10.8      -63.9     37.7     17.0     32.1 2022  3 25  9 31 23.220  0.00  18
   104810  40.729985 -124.223079    20.649       34.4       10.4      -80.6     37.9     17.1     33.5 2022  3 25 12 25 14.960  0.00  18
   104811  40.729952 -124.222852    20.662       53.6        6.8      -68.0     40.6     16.6     32.4 2022  3 25  8  9 50.540  0.00  18
   104814  40.729993 -124.223039    20.633       37.8       11.3      -97.4     39.0     17.6     34.5 2022  3 25 11 52 42.820  0.00  18
   104825  40.729867 -124.222567    20.693       77.7       -2.7      -36.9     36.4     15.4     26.0 2022  3 27  3 21 36.620  0.00  18
   104826  40.729883 -124.222925    20.657       47.4       -0.9      -73.3     27.0     15.7     36.2 2022  6  6  6 54 28.160  0.00  18
   104829  40.729826 -124.223145    20.724       28.9       -7.2       -5.7     28.2     12.4     15.3 2022  6 27 15 18 26.760  0.00  18
   104831  40.729903 -124.224121    20.746      -53.6        1.4       16.1     49.1     18.7     27.5 2022  6 27 15 19 54.380  0.00  18
   104834  40.729806 -124.223820    20.679      -28.2       -9.5      -50.5     31.6     17.8     22.6 2022  9 22  6  7 32.900  0.00  18
   104836  40.729993 -124.223714    20.631      -19.2       11.3      -98.7     25.2     16.0     47.7 2022 11 19 14 19 54.200  0.00  18
   110351  40.729907 -124.223690    20.757      -17.2        1.8       27.0     18.8     11.7     19.8 2023  1  6 12 32 56.510  1.36  18
