   102927  40.322245 -124.624235    11.648    -5744.1     3315.0    -1778.3     25.2     52.6     52.2 2020  1  9 16 12 46.120  0.00   5
   102930  40.328670 -124.623739     9.847    -5701.6     4028.5    -3578.6     16.7     24.8     27.4 2020  7 10 11 40 51.780  0.00   5
   102931  40.328743 -124.623218     9.854    -5657.4     4036.6    -3572.3     14.6     21.5     24.8 2020 10  2  5 29 51.580  0.00   5
   102932  40.328837 -124.623201     9.674    -5656.0     4047.0    -3751.6     15.7     22.1     26.7 2020 12 29 18 56 53.340  0.00   5
   102933  40.327376 -124.620020     9.276    -5385.6     3884.8    -4150.4     24.0     69.4     46.9 2021  2 19 14 49 13.520  0.00   5
   102934  40.351168 -124.623999     8.707    -5722.8     6526.6    -4719.2     26.9    104.9     39.8 2021  8 23 20 46 18.340  0.00   5
   102935  40.328975 -124.622111     9.262    -5563.3     4062.4    -4164.5     18.4     35.0     30.7 2021 10 19  7 54 31.220  0.00   5
   102936  40.328923 -124.623242     9.674    -5659.4     4056.5    -3751.7     16.7     25.1     27.8 2021 11  9 11 28 29.120  0.00   5
   102937  40.329264 -124.623674     9.948    -5696.1     4094.4    -3477.6     14.7     24.3     25.9 2021 11 28 21 38 37.840  0.00   5
   102939  40.328967 -124.623112     9.656    -5648.4     4061.5    -3770.4     16.2     25.4     27.4 2021 12 21 23 30 13.180  0.00   5
   102940  40.320300 -124.621965    11.234    -5551.2     3099.1    -2191.9     14.8     46.4     40.1 2021 12 23  8 43 26.880  0.00   5
   102944  40.328528 -124.621810    10.033    -5537.7     4012.7    -3393.2     13.7     18.1     36.3 2022  1 19  8 10 37.440  0.00   5
   102946  40.329045 -124.623071     9.426    -5644.9     4070.0    -4000.4     16.4     25.4     29.5 2022  4 11  4  4 28.440  0.00   5
   102948  40.329602 -124.621525     9.906    -5513.4     4131.9    -3520.4     45.2     55.3     65.4 2022  4 19  9 28 33.920  0.00   5
   102949  40.327165 -124.623820    10.311    -5708.6     3861.3    -3114.6     15.1     20.5     32.6 2022  5  2 22 28 32.800  0.00   5
   102950  40.329346 -124.622713     8.972    -5614.5     4103.5    -4453.7     20.1     30.9     32.3 2022  6 24  0 54  1.540  0.00   5
   102951  40.327869 -124.626343     9.951    -5923.1     3939.5    -3474.5     19.2     20.7     24.2 2022  7 14 16 54 29.000  0.00   5
   102952  40.328324 -124.624463     9.947    -5763.2     3990.1    -3479.1     16.3     22.8     26.6 2022  7 22 12 35 35.500  0.00   5
   102953  40.338733 -124.620426     8.640    -5419.7     5145.8    -4785.8     24.6     79.1     38.0 2022  9 19  8 27  9.760  0.00   5
   102955  40.330249 -124.621460     9.526    -5507.9     4203.8    -3899.5     42.0     73.8     69.0 2022 10  7  7 29 37.760  0.00   5
   102957  40.299284 -124.557007    14.534      -29.1      765.4     1107.6     21.2     76.0     93.4 2020  1  9  0 25 18.340  0.00   5
   102958  40.296916 -124.558114    15.029     -123.2      502.4     1603.3     18.9     27.5     37.1 2020  1  9  5 40 55.020  0.00   5
   102959  40.303182 -124.555282    15.168      117.6     1198.2     1742.1     37.3     71.8     63.6 2020  1 10 16 19 54.400  0.00   5
   102961  40.297026 -124.556779    14.782       -9.7      514.6     1355.9     23.3     27.6     30.1 2020  5 11  5 18  3.180  0.00   5
   102962  40.255269 -124.559188    13.469     -214.6    -4122.0       43.5      2.4     14.8      7.6 2020  5 21 20 27  9.960  0.00   5
   102963  40.295024 -124.556852    17.155      -15.9      292.3     3728.7     23.1     41.4     71.0 2020  6 26 12 41 46.880  0.00   5
   102966  40.295313 -124.557324    14.933      -56.0      324.4     1507.5     17.9     30.0     30.1 2020  9 15 23 23  4.260  0.00   5
   102967  40.295874 -124.557365    14.265      -59.5      386.8      839.1     21.4     32.2     65.3 2020  9 26 13 45 23.380  0.00   5
   102968  40.299467 -124.558813    13.106     -182.7      785.7     -320.5     23.1     31.4     69.2 2020 10  7 23 57 11.980  0.00   5
   102969  40.296273 -124.557088    13.623      -36.0      431.0      196.6     31.2     30.1     99.6 2021  3 21  4 39 28.380  0.00   5
   102970  40.295589 -124.557463    14.861      -67.8      355.1     1434.6     18.8     25.1     34.9 2021  5 26  0 52 22.700  0.00   5
   102971  40.289408 -124.559342    13.983     -227.7     -331.2      557.0     17.9     33.4     14.2 2021  6  7  3 30 47.660  0.00   5
   102972  40.297412 -124.558130    13.825     -124.5      557.6      399.0     20.2     36.6     32.4 2021  6 26 19 49 41.240  0.00   5
   102974  40.254952 -124.559196    13.458     -215.3    -4157.2       32.3      2.0     10.3      5.7 2021  8 18  7 53 43.320  0.00   5
   102976  40.295475 -124.557780    14.621      -94.8      342.5     1194.8     20.4     34.6     46.4 2021 10 14 12 29 46.820  0.00   5
   102977  40.254521 -124.559204    13.442     -216.0    -4205.1       16.0      2.8     13.5      8.5 2021 12  9 17 52 24.880  0.00   5
   102978  40.294906 -124.557495    15.060      -70.6      279.2     1634.0     21.0     41.0     46.3 2021 12 20 14 26 22.420  0.00   5
   102979  40.296277 -124.556689    14.831       -2.1      431.5     1405.3     19.4     25.7     32.4 2022  1  5 13 58 42.900  0.00   5
   102981  40.291451 -124.557715    14.536      -89.3     -104.4     1110.5     19.1     47.7     53.4 2022  2 19 22 27 17.340  0.00   5
   102982  40.295382 -124.557210    15.274      -46.4      332.1     1847.6     20.3     32.3     50.6 2022  4 22 22 11  8.700  0.00   5
   102983  40.298832 -124.556950    15.125      -24.2      715.2     1698.7     24.9     41.8     55.2 2022  5 14  6  2 12.840  0.00   5
   102984  40.294918 -124.556812    14.814      -12.5      280.6     1388.1     29.5     41.9     44.4 2022  5 27 21 21 41.400  0.00   5
   102986  40.299959 -124.558341    13.077     -142.5      840.4     -349.4     20.4     30.5     69.0 2022  6 10  0 40 50.580  0.00   5
   102987  40.295630 -124.557788    14.914      -95.5      359.7     1488.0     20.8     35.2     35.3 2022  6 11  1 51  4.680  0.00   5
   102988  40.295841 -124.557227    14.939      -47.7      383.1     1512.7     17.6     33.2     39.3 2022  7 24 10  6 19.260  0.00   5
   102989  40.296118 -124.557088    14.908      -36.0      413.9     1482.4     19.3     30.6     28.8 2022  8 12  8 51 14.040  0.00   5
   102990  40.293917 -124.558537    14.804     -159.2      169.4     1378.4     19.3     38.5     41.5 2022  8 26  5 13 30.220  0.00   5
   105011  40.289738 -124.534904    16.115     1850.3     -294.6     2688.9     26.1    117.2     57.4 2021  9 14 19 33 56.900  0.00   5
   105019  40.288472 -124.534391    16.032     1894.0     -435.1     2606.4     25.6     83.0     52.2 2021 12 17 16 25 12.180  0.00   5
   105020  40.290234 -124.532682    16.457     2039.3     -239.5     3030.6     25.1     78.0     62.9 2021 12 21  3 42 22.440  0.00   5
   105021  40.290796 -124.532788    16.491     2030.2     -177.1     3065.3     24.9     85.6     59.1 2021 12 21  3 24 24.160  0.00   5
   105023  40.288529 -124.533602    16.195     1961.1     -428.8     2769.0     22.1     89.9     51.6 2021 12 21 14 59  6.880  0.00   5
   105029  40.283598 -124.534896    16.074     1851.1     -976.4     2648.4     23.6     66.4     49.3 2021 12 21 16 17 37.440  0.00   5
   105030  40.269893 -124.529020    17.294     2351.0    -2498.1     3868.0     32.4     60.1     68.4 2021 12 21  5  0 54.580  0.00   5
   105031  40.280514 -124.533952    15.035     1931.4    -1318.9     1609.4     36.0     98.0     66.3 2021 12 21 12 38 45.420  0.00   5
   105033  40.287830 -124.533317    16.672     1985.3     -506.5     3246.4     21.0     67.1     39.2 2021 12 21  9 13 54.680  0.00   5
   105038  40.283285 -124.533447    16.970     1974.3    -1011.2     3543.7     25.4     51.1     49.8 2021 12 26  7 58 23.160  0.00   5
   105039  40.287903 -124.532007    16.748     2096.7     -498.4     3322.0     24.4     82.8     55.4 2021 12 27  5 43 54.680  0.00   5
   105041  40.286572 -124.534749    16.203     1863.5     -646.1     2776.8     25.6     66.3     48.1 2022  2 11 20 35 36.260  0.00   5
   105043  40.284237 -124.531502    16.581     2139.7     -905.5     3154.7     18.3     72.6     43.6 2022  4 21  0 49 10.600  0.00   5
   105368  40.289225 -124.539746    10.857     1438.6     -351.5    -2568.8     19.5     35.8     50.2 2020  2  1  1 58 46.340  0.00   5
   105369  40.290605 -124.538306     7.875     1561.1     -198.4    -5550.6     25.7     65.8    221.9 2020  4 19 18  7 57.940  0.00   5
   105370  40.273083 -124.534709    15.723     1867.2    -2143.9     2296.7     35.1     51.8     91.0 2020  8 14 11 27 29.760  0.00   5
   105371  40.278780 -124.537964    12.476     1590.3    -1511.4     -950.3     20.5     54.2     68.6 2020  9 12 12 44  3.120  0.00   5
   105374  40.282222 -124.539201    13.077     1485.1    -1129.1     -349.1     23.0     42.1     57.2 2021  9 13 23  5 20.040  0.00   5
   105376  40.286654 -124.538175    11.110     1572.2     -637.1    -2316.2     18.8     32.3     48.5 2021 10 28 10 57 51.840  0.00   5
   105377  40.288814 -124.539299    10.956     1476.7     -397.2    -2469.8     14.9     30.1     40.3 2021 11 15  6 11 30.560  0.00   5
   105379  40.289787 -124.539242    10.864     1481.5     -289.2    -2562.0     16.7     31.6     44.8 2022  1 31 19  7 30.320  0.00   5
   105380  40.290816 -124.538053    10.908     1582.5     -174.9    -2517.8     28.0     46.0     51.6 2022  5  7 21  0 16.060  0.00   5
   105381  40.287581 -124.538281    11.264     1563.2     -534.1    -2161.8     24.1     45.5     64.1 2022  6  7  9 50 42.720  0.00   5
   105383  40.287374 -124.538615    11.068     1534.8     -557.1    -2357.5     28.8     43.6     41.6 2022  8 18 13 36  2.300  0.00   5
   106680  40.274426 -124.556779    17.626       -9.7    -1994.8     4200.5     13.7     28.6     19.4 2020  2 22 19  6 52.320  0.00   5
   106684  40.274223 -124.557096    17.606      -36.7    -2017.4     4180.2     18.5     34.9     33.5 2020  7 11  9 46  0.560  0.00   5
   106685  40.274569 -124.557121    17.593      -38.8    -1979.0     4167.0     14.9     32.7     30.1 2020  7 24 16 55 42.900  0.00   5
   106687  40.276921 -124.557186    17.691      -44.3    -1717.8     4264.8     26.3     45.2     35.9 2020 10  2  4 24 47.100  0.00   5
   106695  40.275269 -124.557316    17.663      -55.4    -1901.3     4236.7     20.9     21.8     23.6 2021  7 16  7  9  5.340  0.00   5
   106696  40.277474 -124.557397    17.806      -62.3    -1656.4     4380.5     24.9     41.2     42.8 2021  7 18  4 33 15.200  0.00   5
   106697  40.275041 -124.557463    17.578      -67.8    -1926.6     4151.8     12.2     30.4     27.3 2021  7 27 10 19 27.640  0.00   5
   106700  40.282316 -124.558179    16.674     -128.7    -1118.7     3247.6     12.9     38.0     77.1 2021  8 24 13 36 31.660  0.00   5
   106702  40.269865 -124.557845    16.445     -100.4    -2501.3     3019.1     17.1     82.0     89.2 2021 10 21 19  2  0.520  0.00   5
   106706  40.274141 -124.556616    17.597        4.2    -2026.4     4170.8     12.7     26.9     21.2 2021 12 21  0 21 19.000  0.00   5
   106710  40.275110 -124.557194    17.495      -45.0    -1918.9     4069.1     14.1     24.1     25.8 2022  1  6 21 12 58.500  0.00   5
   106711  40.273804 -124.557650    17.653      -83.7    -2063.9     4227.4     17.9     31.8     26.9 2022  1 23 11 45  1.040  0.00   5
   106713  40.273271 -124.558195    17.532     -130.1    -2123.1     4106.1     17.5     28.2     24.4 2022  3  7 10 52 39.260  0.00   5
   106714  40.274935 -124.557446    17.623      -66.4    -1938.3     4197.2     17.9     31.7     20.6 2022  4  6 12 30 20.240  0.00   5
   106716  40.270382 -124.555680    17.995       83.7    -2443.9     4568.7     12.1     28.7     26.3 2022  6  3  4 32 25.640  0.00   5
   106718  40.275350 -124.558228    17.164     -132.9    -1892.2     3738.4     15.9     38.8     37.6 2022  6 15 20 50 14.340  0.00   5
   106719  40.274320 -124.556266    18.504       33.9    -2006.6     5078.2     24.6     48.9    129.8 2022  8  6  0 50 42.000  0.00   5
   106720  40.277498 -124.557625    17.541      -81.7    -1653.7     4115.2     24.6     31.7     29.9 2022  8 11  6 16 43.060  0.00   5
   106721  40.282084 -124.558358    16.931     -143.9    -1144.5     3505.4     18.6     41.9     67.9 2022  8 21 10 39 36.560  0.00   5
   106722  40.274862 -124.557210    17.538      -46.4    -1946.5     4112.5     14.0     32.8     32.2 2022  9 18 22 30 39.860  0.00   5
   106724  40.276497 -124.556991    17.747      -27.7    -1764.8     4321.2     16.5     21.1     26.0 2022 11 23 23 40 19.840  0.00   5
   107850  40.304146 -124.541284    18.938     1307.7     1305.3     5512.1     29.5     79.3     45.0 2020  3 18 10 33 16.280  0.00   5
   107851  40.297013 -124.543400    19.667     1127.9      513.3     6240.6     17.2     39.1     31.4 2020  7 23  7 57 52.860  0.00   5
   107854  40.302995 -124.544808    18.602     1008.1     1177.5     5176.3     18.9     29.7     38.4 2021  2 23 21 22 50.460  0.00   5
   107855  40.306612 -124.544149    18.277     1064.1     1579.1     4850.8     20.4     39.7     55.7 2021  3  1 21 39  8.000  0.00   5
   107856  40.295133 -124.550537    18.768      521.0      304.5     5342.4     54.3     87.8     95.7 2021  5 30 21 13 23.020  0.00   5
   107857  40.303593 -124.545475    18.231      951.4     1243.9     4804.7     17.0     44.5     43.1 2021  8 10 16 52 12.400  0.00   5
   107858  40.305021 -124.545117    18.334      981.8     1402.5     4908.1     19.1     36.9     42.2 2021 10 30 23 24 21.000  0.00   5
   107859  40.303239 -124.544914    18.718      999.1     1204.6     5292.2     16.9     30.4     33.0 2021 10 31  0  6 14.000  0.00   5
   107860  40.304342 -124.545312    18.470      965.2     1327.0     5044.2     21.6     39.4     40.1 2021 11  1  0  2 32.120  0.00   5
   107863  40.303569 -124.544629    18.351     1023.3     1241.2     4925.0     19.8     35.9     38.7 2021 12 11 17 33  8.300  0.00   5
   107867  40.301713 -124.546338    18.429      878.0     1035.1     5003.1     20.4     35.0     41.0 2022  8 11  3 22 48.620  0.00   5
   107868  40.303011 -124.545247    18.646      970.8     1179.3     5219.7     19.2     29.5     31.1 2022 10  5 10 28  0.800  0.00   5
   107869  40.303805 -124.542798    18.484     1179.0     1267.4     5058.4     19.5     28.2     47.8 2022 10 29  1 50 33.240  0.00   5
   108328  40.359245 -124.569531     5.113    -1093.5     7423.5    -8312.9     23.7     48.8     97.8 2020  4  5  1 31 54.900  0.00   5
   108329  40.330001 -124.568148     3.017     -976.1     4176.2   -10409.2      8.4     24.4     11.8 2020 12 28 14 19 23.260  0.00   5
   108330  40.333972 -124.569336     4.108    -1077.1     4617.2    -9318.3     12.5     57.8     24.4 2021  2  8 21 55 39.180  0.00   5
   108331  40.328349 -124.568888     3.079    -1039.1     3992.8   -10347.3     16.8     38.7     18.2 2021  5 31 14 18  8.300  0.00   5
   108334  40.333317 -124.567489     3.100     -920.0     4544.5   -10325.8     20.0     51.1     25.7 2022  1 23  9 42 53.580  0.00   5
   108336  40.330005 -124.568026     2.982     -965.7     4176.7   -10444.1      8.8     26.1     11.0 2022  8 25  9 19 46.880  0.00   5
   108337  40.330737 -124.568099     3.047     -971.9     4258.0   -10379.1     13.5     59.3     20.8 2022  8 30 16 15 52.160  0.00   5
   108338  40.335128 -124.568766     3.812    -1028.6     4745.5    -9613.9     14.9     64.7     24.8 2022  8 31 20 32 49.120  0.00   5
   108522  40.292110 -124.519564     9.262     3154.7      -31.2    -4164.3     19.7     38.9     37.0 2020  8 27  8 48 36.060  0.00   5
   108523  40.296773 -124.519222     8.192     3183.6      486.6    -5233.8     16.0     41.9    113.8 2020 11 19  0  1 55.140  0.00   5
   108525  40.300130 -124.518758     7.593     3223.0      859.4    -5832.5     24.2     75.3     50.6 2020 12 22 13 56 55.800  0.00   5
   108526  40.295251 -124.519881     7.291     3127.6      317.6    -6135.2     24.3     53.9     47.5 2020 12 22  2 31 25.280  0.00   5
   108527  40.294751 -124.519849     7.962     3130.4      262.1    -5463.7     12.7     51.2     23.3 2021  3  6  5 49 50.980  0.00   5
   108528  40.288546 -124.519149     8.778     3190.0     -427.0    -4648.2     21.2     81.1    159.4 2021  3  7  9 29 35.160  0.00   5
   108529  40.298169 -124.519588     7.382     3152.5      641.6    -6043.6     21.8     64.5    190.0 2021  3 22 14 28 21.180  0.00   5
   108530  40.298035 -124.519743     8.531     3139.3      626.7    -4895.1     26.7     54.0     53.1 2021  3 22 16 43  7.420  0.00   5
   108531  40.297766 -124.519938     7.905     3122.7      596.9    -5520.6     24.7     57.9     45.8 2021  3 22 15 19 46.300  0.00   5
   108532  40.279293 -124.520247     5.230     3096.8    -1454.4    -8196.4     17.7     71.9     39.7 2021  3 27 20 11 40.180  0.00   5
   108533  40.298116 -124.518677     7.464     3230.0      635.7    -5961.9     19.9     40.2     37.1 2021  3 28  8 38 14.200  0.00   5
   108534  40.289453 -124.519149     8.625     3190.0     -326.2    -4800.9     21.8     55.4    106.6 2021  3 28  5 19 46.660  0.00   5
   108537  40.289685 -124.517733     4.470     3310.4     -300.5    -8955.9     25.9     64.7     86.7 2021  5 23 16 14  8.300  0.00   5
   108542  40.298861 -124.518994     7.436     3203.0      718.4    -5990.3     22.7     41.4     39.7 2022  1  7 18 16 14.140  0.00   5
   108546  40.291960 -124.519702     7.766     3142.9      -47.9    -5660.2     26.0     52.9     43.0 2022  8  3 22 11 41.100  0.00   5
   108547  40.300439 -124.519572     7.767     3153.8      893.7    -5659.3     23.3     65.0    118.3 2022  9 28  8 42 51.820  0.00   5
   108548  40.300834 -124.519653     8.330     3146.9      937.5    -5095.6     22.8     64.3     72.5 2022  9 28  8 39 11.060  0.00   5
   108549  40.300517 -124.518929     7.729     3208.4      902.3    -5696.5     15.6     72.3    106.3 2022 10  9  8 23  0.040  0.00   5
   108551  40.302368 -124.519906     8.457     3125.4     1107.9    -4969.5     29.1     74.5     70.4 2022 10 27 19 46 36.020  0.00   5
   108552  40.294478 -124.519442     7.426     3165.0      231.8    -6000.0     18.3     49.9     36.2 2022 11 21 18 13 32.080  0.00   5
   108553  40.295199 -124.519246     7.667     3181.6      311.8    -5758.9     19.5     54.1     49.3 2022 11 22  5 12  0.300  0.00   5
   108554  40.298027 -124.519279     7.785     3178.8      625.8    -5641.1     18.4     57.6     40.4 2022 11 22  5 12 34.720  0.00   5
   108762  40.295760 -124.552498    11.002      354.3      374.1    -2424.1     11.4     14.7     18.7 2020  6 18 16  6 43.080  0.00   5
   108763  40.293042 -124.555143    10.721      129.4       72.3    -2704.8     22.8     52.8     75.6 2021 11 11 11 57 34.060  0.00   5
   108764  40.303426 -124.554215     9.914      208.3     1225.3    -3512.4     26.3     29.2     25.7 2022  1  9  2 48 12.520  0.00   5
   108765  40.303479 -124.556006    10.072       56.0     1231.2    -3354.1     15.3     38.2     35.4 2022  5 12  9 11 34.360  0.00   5
   108766  40.292822 -124.553727    11.075      249.8       47.9    -2351.2     18.7     19.9     27.9 2022  6  7  9 49  1.260  0.00   5
   109011  40.303564 -124.574007    13.857    -1474.5     1240.7      431.1     28.1     68.7     43.9 2021  7 14 15 14  4.960  0.00   5
   109012  40.322135 -124.570785    17.996    -1200.3     3302.8     4570.5     32.4     84.4     62.5 2022  5 15 19 18 57.920  0.00   5
   109014  40.307263 -124.574854    14.502    -1546.4     1651.4     1075.7     28.8     64.7    109.7 2022  7 23 23  7 35.680  0.00   5
   110256  40.319617 -124.566040    11.621     -797.0     3023.2    -1804.6     32.6     81.8     53.9 2022  8  2 21 55 39.100  0.00   5
   110258  40.334827 -124.562459    10.313     -492.5     4712.1    -3113.5     32.7     75.4    114.4 2022  8  2 21 44 11.520  0.00   5
   110264  40.336332 -124.561938    14.447     -448.2     4879.3     1020.8     29.5     65.9    345.1 2022  8  7 15 10 49.300  0.00   5
   110312  40.328333 -124.624308     9.988    -5750.1     3991.0    -3438.0     14.7     20.4     24.9 2022 12 19 12 20 31.700  1.28   5
   110313  40.296090 -124.557707    14.842      -88.6      410.7     1416.2     16.4     17.1     24.7 2023  2  9  8  8 42.800  2.99   5
   110357  40.292887 -124.535392    16.641     1808.8       55.1     3215.1     18.3     58.6     37.6 2023  4 23 16  9  0.470  1.48   5
   110366  40.288798 -124.538940    10.759     1507.1     -399.0    -2667.4     17.2     27.8     39.0 2023  2 15  9 40 37.830  1.30   5
   110413  40.274556 -124.558105    17.594     -122.5    -1980.3     4168.5     12.6     23.3     17.8 2023  3 25 19 24 32.400  1.25   5
   110459  40.304154 -124.544938    18.456      997.0     1306.2     5030.1     16.6     23.0     35.9 2023  2 23  1 16  2.860  1.71   5
   110492  40.330253 -124.567537     2.950     -924.2     4204.2   -10475.6      6.4     15.7      7.6 2023  4 17  9 13 51.230  2.06   5
   110520  40.294120 -124.519425     7.409     3166.4      192.0    -6017.5     13.9     31.4     29.8 2023  1 16  3 19  0.680  1.26   5
   110550  40.295349 -124.553166    10.915      297.5      328.5    -2510.7      8.8     11.7     15.2 2023  3 30 19 31 15.280  1.92   5
   110583  40.311365 -124.573112    14.868    -1398.3     2106.9     1442.4     28.5     63.8     90.3 2023  2  7 18 35 28.040  1.14   5
   110795  40.336580 -124.560091    12.765     -291.2     4906.8     -660.6     30.4     62.7     73.0 2023  2 25 22 37 46.280  1.26   5
