   108189  40.446700 -124.513102    19.590        2.1        0.0       -0.0      0.0      0.0      0.1 2020  3 27 13 34 19.020  0.00  39
   108190  40.446700 -124.513102    19.590        2.1        0.0       -0.0      0.0      0.0      0.0 2020  3 28 10 12 16.960  0.00  39
   108191  40.446700 -124.513102    19.590        2.1        0.0       -0.0      0.0      0.1      0.1 2020  4 10  1 35 50.980  0.00  39
   108192  40.446700 -124.513102    19.590        2.1        0.0       -0.0      0.0      0.0      0.0 2020  6 23  3 29 24.020  0.00  39
   108194  40.446700 -124.513102    19.590        2.1        0.0       -0.0      0.0      0.0      0.0 2020  7 11 16 58 31.400  0.00  39
   108197  40.446700 -124.513102    19.590        2.1        0.0       -0.0      0.0      0.0      0.0 2020  9 14 16 46 33.180  0.00  39
   108200  40.446700 -124.513102    19.590        2.1        0.0       -0.0      0.0      0.0      0.0 2020 10 26  4 23 33.540  0.00  39
   108202  40.446700 -124.513102    19.590        2.1        0.0       -0.0      0.0      0.0      0.0 2020 12 16 23 23  1.620  0.00  39
   108203  40.446700 -124.513102    19.590        2.1        0.0       -0.0      0.0      0.0      0.0 2020 12 17 22 23 47.820  0.00  39
   108205  40.446700 -124.513102    19.590        2.1        0.0       -0.0      0.0      0.0      0.0 2020 12 22 19 31 24.840  0.00  39
   108206  40.446700 -124.513102    19.590        2.1        0.0       -0.0      0.0      0.0      0.0 2020 12 29 12 34  8.260  0.00  39
   108207  40.446700 -124.513102    19.590        2.1        0.0       -0.0      0.0      0.0      0.0 2020 12 29 12 51  3.280  0.00  39
   108208  40.446700 -124.513102    19.590        2.1        0.0       -0.0      0.0      0.0      0.0 2020 12 29 12 51 15.880  0.00  39
   108209  40.446700 -124.513102    19.590        2.1        0.0       -0.0      0.0      0.0      0.0 2020 12 31 14 30  9.560  0.00  39
   108210  40.446700 -124.513102    19.590        2.1        0.0       -0.0      0.0      0.0      0.0 2021  1  1 17 23 28.080  0.00  39
   108211  40.446700 -124.513102    19.590        2.1        0.0       -0.0      0.0      0.0      0.1 2021  1  2  0 53 59.600  0.00  39
   108212  40.446700 -124.513102    19.590        2.1        0.0       -0.0      0.0      0.0      0.0 2021  1  3 13 46 28.400  0.00  39
   108215  40.446700 -124.513102    19.590        2.1        0.0       -0.0      0.0      0.0      0.0 2021  1 29 12 17 19.180  0.00  39
   108219  40.446700 -124.513102    19.590        2.1        0.0       -0.0      0.0      0.0      0.0 2021  3 17  5  8 35.880  0.00  39
   108220  40.446700 -124.513102    19.590        2.1        0.0       -0.0      0.0      0.0      0.0 2021  4  6 16  5 23.180  0.00  39
   108221  40.446700 -124.513102    19.590        2.1        0.0       -0.0      0.0      0.0      0.1 2021  4  7 21 22 43.000  0.00  39
   108223  40.446700 -124.513102    19.590        2.1        0.0       -0.0      0.0      0.0      0.0 2021  4 12  8 34 11.060  0.00  39
   108226  40.446700 -124.513102    19.590        2.1        0.0       -0.0      0.0      0.0      0.0 2021  4 27 23 51 32.640  0.00  39
   108229  40.446700 -124.513102    19.590        2.1        0.0       -0.0      0.0      0.0      0.0 2021  6 17  6 25 14.280  0.00  39
   108231  40.446700 -124.513102    19.590        2.1        0.0       -0.0      0.0      0.0      0.0 2021  9 26 19 36 49.140  0.00  39
   108232  40.446700 -124.513102    19.590        2.1        0.0       -0.0      0.0      0.1      0.1 2021 10 18 20 27 11.000  0.00  39
   108233  40.446700 -124.513102    19.590        2.1        0.0       -0.0      0.1      0.1      0.2 2021 12 22 21 36 58.160  0.00  39
   108234  40.446700 -124.513102    19.590        2.1        0.0       -0.0      0.0      0.0      0.0 2022  1 19 11 39 48.020  0.00  39
   108235  40.446700 -124.513102    19.590        2.1        0.0       -0.0      0.0      0.0      0.0 2022  3 20 20 28  9.780  0.00  39
   108236  40.446700 -124.513102    19.590        2.1        0.0       -0.0      0.0      0.0      0.0 2022  3 23 10  7 40.400  0.00  39
   108238  40.446700 -124.513102    19.590        2.1        0.0       -0.0      0.0      0.0      0.0 2022  9  3 19 35 51.900  0.00  39
   110485  40.446700 -124.513102    19.590        2.1        0.0        0.0      0.0      0.0      0.0 2023  4  8 11 17 36.020  1.06  39
