   103964  40.354761 -124.452637    28.011       12.4     -181.2       50.9     34.0     51.6     35.4 2020  1 17 21 16  0.740  0.00  63
   103965  40.363810 -124.450944    27.882      156.2      823.7      -77.6     29.8     91.9     45.1 2020  2  4  9 57 27.160  0.00  63
   103967  40.360185 -124.451107    27.875      142.4      421.1      -85.4     31.9     73.5     46.8 2020  2 29 12 17 59.180  0.00  63
   103968  40.356555 -124.452816    27.944       -2.8       18.1      -16.1     27.7     34.3     27.8 2020  3 10 15 52 55.420  0.00  63
   103969  40.363485 -124.450993    27.905      152.1      787.5      -55.0     33.2    108.8     36.2 2020  3 18 23  4 33.160  0.00  63
   103972  40.356921 -124.452938    27.979      -13.1       58.7       19.0     25.8     39.6     26.0 2020  3 18 22 23 27.000  0.00  63
   103973  40.356303 -124.452808    27.915       -2.1       -9.9      -44.5     28.7     28.2     34.6 2020  3 19  2 51 21.320  0.00  63
   103974  40.356547 -124.452922    27.935      -11.8       17.2      -24.5     24.1     31.3     39.6 2020  3 19  1  6 52.920  0.00  63
   103975  40.355294 -124.452930    27.935      -12.4     -122.0      -25.0     20.4     50.1     32.1 2020  3 19 10  3  1.860  0.00  63
   103977  40.354272 -124.451326    27.814      123.7     -235.4     -145.6     35.1     59.6     38.8 2020  3 19  1 20 46.660  0.00  63
   103978  40.356868 -124.452832    27.942       -4.1       52.9      -18.1     27.8     38.6     30.7 2020  3 19  0  7 36.380  0.00  63
   103979  40.354891 -124.452987    27.913      -17.3     -166.7      -46.5     24.1     55.1     38.0 2020  3 20  6 22  4.300  0.00  63
   103980  40.356510 -124.452938    27.928      -13.1       13.1      -31.7     30.0     37.7     41.0 2020  3 22 20 48 12.080  0.00  63
   103988  40.356128 -124.451644    27.855       96.8      -29.4     -105.3     34.1     67.4     37.5 2022  3 28 20 25 16.460  0.00  63
   103989  40.356689 -124.452881    27.959       -8.3       33.0       -0.5     29.4     45.0     29.9 2022  5 29 17 14 40.200  0.00  63
   110331  40.356148 -124.453223    28.000      -37.3      -27.1       40.2     21.3     32.3     24.9 2023  2 13 12  0 43.360  1.05  63
