   107012  40.449406 -124.509847    19.880       24.9       -2.7      -60.2      4.8      5.5      7.1 2020  3 13 20 49 46.760  0.00  20
   107018  40.449748 -124.510433    19.979      -24.9       35.2       38.7      5.0      5.8      6.8 2020  3 16 15  0 15.800  0.00  20
   107019  40.449577 -124.510319    19.991      -15.2       16.3       51.0      5.6      4.8      7.1 2020  3 19  5 28 35.140  0.00  20
   107025  40.449202 -124.509888    19.869       21.4      -25.3      -70.8      4.4      5.2      7.6 2020  4 13 16 19 31.580  0.00  20
   107026  40.449264 -124.509757    19.849       32.4      -18.5      -91.2      5.3      5.3      8.0 2020  4 13 15 50 34.720  0.00  20
   107027  40.449137 -124.509823    19.857       26.9      -32.5      -82.6      4.8      5.6      8.0 2020  4 13 19 50 27.360  0.00  20
   107028  40.449744 -124.510864    20.046      -61.4       34.8      105.9      7.9      6.5     14.1 2020  4 14 17  8 38.280  0.00  20
   107033  40.449040 -124.509717    19.833       35.9      -43.4     -106.8      5.4      6.4      9.1 2020  4 18  4 37 30.240  0.00  20
   107036  40.449125 -124.509806    19.853       28.3      -33.9      -87.5      4.6      5.3      8.6 2020  4 20  0 18 25.620  0.00  20
   107039  40.449076 -124.509766    19.800       31.8      -39.3     -140.0      5.6      6.6     11.0 2020  4 22  4  6 12.460  0.00  20
   107041  40.450212 -124.510881    20.016      -62.8       86.8       76.1      6.7      7.8     13.0 2020  4 23 14 12 34.780  0.00  20
   107046  40.448987 -124.509660    19.797       40.7      -49.3     -143.3      5.6      6.6     11.3 2020  5 11  2 24 50.380  0.00  20
   107047  40.448971 -124.509635    19.788       42.8      -51.1     -152.0      5.8      6.8     11.7 2020  5 15  1  9 24.220  0.00  20
   107049  40.448816 -124.509701    19.799       37.3      -68.2     -140.6      6.6      7.1      9.9 2020  5 22  8 30  7.360  0.00  20
   107074  40.449451 -124.510132    19.950        0.7        2.3        9.5      2.9      3.6      5.0 2020  6 26 21 11 31.440  0.00  20
   107076  40.449463 -124.510156    19.954       -1.4        3.6       13.8      2.9      3.8      5.4 2020  6 26 21 41 55.120  0.00  20
   107085  40.449410 -124.510099    19.941        3.5       -2.3        0.6      2.7      3.3      4.8 2020  7  3 12 39 44.800  0.00  20
   107090  40.449434 -124.510124    19.946        1.4        0.5        6.3      2.5      3.0      4.3 2020  7  5  5 27 39.000  0.00  20
   107091  40.449451 -124.510132    19.949        0.7        2.3        9.3      2.9      3.6      5.1 2020  7  5 22 14 38.140  0.00  20
   107097  40.449418 -124.510116    19.944        2.1       -1.4        3.7      2.9      3.3      4.9 2020  7 13 15 22 48.300  0.00  20
   107104  40.449434 -124.510132    19.947        0.7        0.5        6.5      3.0      3.5      4.4 2020  7 24 15 25  2.280  0.00  20
   107107  40.449487 -124.510173    19.957       -2.8        6.3       17.1      3.1      3.9      5.4 2020  7 26 17 32 18.560  0.00  20
   107108  40.449418 -124.510091    19.940        4.1       -1.4        0.0      2.7      3.5      4.7 2020  7 29 23 21 13.380  0.00  20
   107109  40.449447 -124.510107    19.941        2.8        1.8        1.4      2.5      3.1      4.6 2020  7 30  0 33 38.560  0.00  20
   107110  40.449434 -124.510124    19.946        1.4        0.5        5.9      2.8      3.5      5.0 2020  7 31 15 58 31.680  0.00  20
   107112  40.449422 -124.510116    19.944        2.1       -0.9        3.8      2.7      3.5      5.0 2020  8 21  3 38  0.900  0.00  20
   107113  40.449259 -124.510197    19.967       -4.8      -19.0       27.0      3.1      6.1      5.5 2020  8 22  8 28 36.020  0.00  20
   107117  40.449467 -124.510083    19.934        4.8        4.1       -5.5      2.5      3.9      4.5 2020  9  5 22 11 56.180  0.00  20
   107122  40.449414 -124.510132    19.948        0.7       -1.8        7.6      2.5      2.4      4.0 2020 10 21 11 51 21.820  0.00  20
   107125  40.449369 -124.510067    19.933        6.2       -6.8       -7.3      2.6      3.4      4.5 2020 12 11 12 11 46.140  0.00  20
   107129  40.449398 -124.510099    19.939        3.5       -3.6       -0.7      2.7      3.3      4.7 2020 12 29  1 47 27.420  0.00  20
   107140  40.449357 -124.510116    19.942        2.1       -8.1        2.5      2.5      3.3      3.9 2021  6  8  0 28 30.380  0.00  20
   107142  40.449426 -124.510124    19.944        1.4       -0.5        3.8      2.8      3.5      4.4 2021  6  9 13 25 38.980  0.00  20
   107144  40.449447 -124.510132    19.947        0.7        1.8        6.8      2.9      3.6      4.6 2021  6 10 12 39 30.160  0.00  20
   107146  40.449618 -124.510327    19.977      -15.9       20.8       36.6      4.3      4.9      6.6 2021  6 15  3  3 59.900  0.00  20
   107147  40.449422 -124.510116    19.945        2.1       -0.9        4.9      2.8      3.5      4.4 2021  6 22 21 20 11.860  0.00  20
   107148  40.449438 -124.510124    19.947        1.4        0.9        6.7      2.7      3.2      4.2 2021  6 23 21 32 51.880  0.00  20
   107150  40.449406 -124.510124    19.944        1.4       -2.7        3.8      2.6      2.9      4.0 2021  6 26  5  4 28.020  0.00  20
   107153  40.449406 -124.510124    19.942        1.4       -2.7        1.9      2.7      3.3      4.2 2021  8 22  8 46 23.040  0.00  20
   107155  40.449410 -124.510132    19.943        0.7       -2.3        3.4      2.7      3.3      4.2 2021  8 30  9 39 56.700  0.00  20
   107156  40.449373 -124.510132    19.944        0.7       -6.3        4.2      2.6      3.2      3.9 2021  8 30  7 17 22.420  0.00  20
   107158  40.449329 -124.510181    19.957       -3.5      -11.3       16.8      2.8      5.0      4.6 2021  9  3  9 32  4.260  0.00  20
   107160  40.449357 -124.510091    19.940        4.1       -8.1        0.3      2.5      3.1      4.0 2021  9 13  8  1 39.740  0.00  20
   107162  40.449422 -124.510116    19.945        2.1       -0.9        4.7      2.8      3.5      4.4 2021  9 14 18 20 35.760  0.00  20
   107165  40.449438 -124.510124    19.948        1.4        0.9        8.1      2.9      3.6      4.5 2021  9 14 23 19 12.780  0.00  20
   107168  40.449422 -124.510116    19.945        2.1       -0.9        5.0      2.8      3.5      4.4 2021  9 22 20 32 26.380  0.00  20
   107170  40.449434 -124.510132    19.948        0.7        0.5        7.6      3.0      3.5      4.5 2021 10  8  8  3 23.660  0.00  20
   107171  40.449418 -124.510116    19.945        2.1       -1.4        4.7      2.8      3.4      4.5 2021 11 14 20 50 55.920  0.00  20
   107178  40.449357 -124.510059    19.928        6.9       -8.1      -12.3      2.8      3.2      4.4 2022 11 27 18 31 58.100  0.00  20
   110425  40.449422 -124.510107    19.951        2.8       -0.9       10.9      2.7      3.0      4.6 2023  4 20 17 48 59.220  0.86  20
