   103299  40.304960 -124.440446    16.078     -289.9     1082.6     4774.2     28.3     47.3     29.4 2020  1 11  8  9 53.220  0.00   3
   103302  40.318717 -124.438387    16.221     -114.8     2610.2     4916.9     33.8     48.3     32.2 2020  6 20  1 12  2.720  0.00   3
   103304  40.282495 -124.451335    13.748    -1215.8    -1412.0     2443.9     28.6     61.1     36.0 2021  9  3 16 25 22.980  0.00   3
   103305  40.306433 -124.441504    16.309     -379.8     1246.1     5004.6     28.2     58.3     36.8 2021 10 26 20 14 25.640  0.00   3
   103306  40.309664 -124.440527    16.657     -296.8     1604.9     5352.9     33.1     64.6     41.5 2021 11 29  3 55 54.720  0.00   3
   103308  40.293042 -124.449731    14.548    -1079.4     -240.8     3243.8     31.2     47.9     43.0 2022  1 17  0 41 16.960  0.00   3
   103309  40.295374 -124.443791    15.645     -574.3       18.1     4340.7     29.2     69.2     35.5 2022  4 21 18 50  2.480  0.00   3
   103310  40.296415 -124.450212    15.029    -1120.2      133.7     3725.2     17.9     59.4     28.0 2022  6 13 23 51 29.320  0.00   3
   104529  40.273149 -124.451237    14.177    -1207.6    -2449.8     2872.6     24.3     40.2     33.0 2020  3 14  9  6 38.520  0.00   3
   104530  40.265999 -124.449862    14.741    -1090.7    -3243.7     3437.3     23.8     49.6     43.1 2020  7  5  7 46  8.620  0.00   3
   104531  40.293575 -124.450757    15.414    -1166.6     -181.6     4110.1     33.2     59.5     39.1 2021  6 10 16  5 44.680  0.00   3
   104533  40.271590 -124.452083    14.256    -1279.6    -2622.8     2952.0     14.8     41.0     27.9 2022  4 17 20 31 47.720  0.00   3
   104534  40.275338 -124.452840    14.721    -1343.9    -2206.7     3416.8     23.6     50.5     37.7 2022  5 15  1 35 15.920  0.00   3
   104535  40.294950 -124.449015    15.307    -1018.5      -28.9     4003.0     28.4     60.2     38.9 2022  9 24 21 28 45.640  0.00   3
   104693  40.294698 -124.468555     6.979    -2679.9      -56.9    -4325.7     19.1     69.4     53.4 2020  1 24  1 39  2.400  0.00   3
   104694  40.294910 -124.467578     7.938    -2596.8      -33.4    -3366.4     22.0     27.1     21.2 2020  2 21  1 12  7.100  0.00   3
   104696  40.284578 -124.465283    11.726    -2401.9    -1180.6      421.8     25.0     67.6    236.6 2021  1  1 15 20 43.060  0.00   3
   104698  40.293827 -124.469084     8.042    -2724.9     -153.6    -3262.0     19.5     40.8     35.5 2021  5 16  2 25 38.800  0.00   3
   104703  40.301497 -124.464616     8.451    -2344.9      698.1    -2853.0     23.0     53.5     32.7 2021  9 20 16 48 26.020  0.00   3
   104712  40.293807 -124.466528     7.957    -2507.6     -155.9    -3347.1     20.9     27.1     29.0 2022  8  6  8 20 30.200  0.00   3
   104713  40.291833 -124.466374     8.725    -2494.5     -375.0    -2578.9     21.0     32.2     22.6 2022  8  7  0 51 52.880  0.00   3
   104715  40.301111 -124.466943     8.398    -2542.8      655.1    -2906.1     21.8     36.7     34.3 2022  9 22  7  9 12.140  0.00   3
   104895  40.292029 -124.433407    10.388      308.6     -353.3     -916.1     20.3     38.0     33.0 2021  1  2 20 59 55.420  0.00   3
   104900  40.292322 -124.435840     9.481      101.7     -320.8    -1822.9     22.6     47.8     35.0 2022  6 30 13 34 13.920  0.00   3
   105395  40.288045 -124.476221     9.927    -3331.8     -795.7    -1377.7     15.0     37.8     23.5 2020  2 27  1 53 26.280  0.00   3
   105396  40.289274 -124.476050     9.921    -3317.3     -659.2    -1383.5     15.9     32.3     24.1 2020  2 27  1  4 58.680  0.00   3
   105401  40.291032 -124.475838     9.910    -3299.3     -464.0    -1393.8     17.9     43.7     42.2 2021  5 27 20 55 42.820  0.00   3
   105402  40.289530 -124.475732     9.779    -3290.3     -630.7    -1525.4     18.6     31.6     47.8 2021 11  2 18 31 25.320  0.00   3
   105405  40.292554 -124.476579     9.928    -3362.2     -295.0    -1375.8     18.2     53.9     34.3 2022  2  5 14  9 41.840  0.00   3
   105567  40.295931 -124.410262     9.119     2276.5       80.0    -2184.8      7.9     19.8     11.4 2020  2  6 20  4 39.780  0.00   3
   105568  40.296061 -124.410229     9.123     2279.2       94.4    -2180.9      8.8     19.4     13.0 2020  2  6 12 55 50.160  0.00   3
   105573  40.295964 -124.410278     9.121     2275.1       83.6    -2183.0     11.3     25.1     12.8 2020  2  6  9 49 16.800  0.00   3
   105578  40.295919 -124.410148     9.100     2286.1       78.6    -2204.5      9.6     17.2     10.4 2020  2  6  8 23 41.280  0.00   3
   105580  40.295695 -124.410189     9.095     2282.7       53.8    -2209.3      9.4     24.6     12.3 2020  2  6  8 22 33.120  0.00   3
   105582  40.296289 -124.410124     9.168     2288.2      119.7    -2136.4     10.4     25.9     12.8 2020  2  6  9 57 11.480  0.00   3
   105583  40.295723 -124.410311     9.117     2272.3       56.9    -2186.8      8.5     16.5     10.4 2020  2  6  8 34 54.000  0.00   3
   105586  40.296464 -124.410116     9.152     2288.9      139.2    -2151.9      9.7     28.1     12.9 2020  2  6 12  3  0.260  0.00   3
   105587  40.295683 -124.410107     9.067     2289.6       52.4    -2236.9     10.5     23.5     13.7 2020  2  6  9 41 35.420  0.00   3
   105589  40.295996 -124.410246     9.110     2277.8       87.2    -2194.6      9.4     21.6     13.1 2020  2  6  8 20 25.240  0.00   3
   105590  40.296082 -124.410156     9.164     2285.4       96.7    -2140.1     10.9     25.4     13.5 2020  2  6 10  7 53.040  0.00   3
   105591  40.296891 -124.410409     9.064     2264.0      186.6    -2240.4     13.2     35.3     17.5 2020  2  6 15 55 41.420  0.00   3
   105592  40.295333 -124.410417     9.085     2263.3       13.6    -2219.6     12.6     30.9     20.7 2020  2  6  9 51 27.520  0.00   3
   105594  40.296761 -124.411971     8.667     2131.1      172.1    -2637.7     21.4     31.8     38.0 2020  2  6  9 27 33.820  0.00   3
   105597  40.295565 -124.410425     9.086     2262.6       39.3    -2218.6     12.5     26.8     19.0 2020  2  6  8 53 42.040  0.00   3
   105604  40.295923 -124.410303     9.109     2273.0       79.1    -2195.3     10.3     16.0     11.0 2020  2  7  7 15 45.340  0.00   3
   105609  40.295841 -124.410148     9.072     2286.1       70.0    -2232.5     10.9     16.7     14.8 2020  4 19 12 52 19.420  0.00   3
   105610  40.296842 -124.410409     9.062     2264.0      181.2    -2242.0     13.3     33.8     17.3 2020  4 30  7 39 39.040  0.00   3
   105616  40.296122 -124.410229     9.108     2279.2      101.2    -2196.3      8.7     27.2     11.9 2020  8  4  3 15 29.880  0.00   3
   105617  40.296224 -124.410270     9.120     2275.8      112.5    -2184.6      8.1     21.8     12.9 2020  8  4  3 11 39.640  0.00   3
   105625  40.295980 -124.410311     9.123     2272.3       85.4    -2181.6      7.9     25.9     11.6 2020 10  5 20  6 31.680  0.00   3
   105626  40.295931 -124.410246     9.119     2277.8       80.0    -2185.6     10.8     21.6     14.5 2020 10 17 13 13 57.540  0.00   3
   105632  40.296061 -124.411108     8.815     2204.5       94.4    -2489.4     24.0     57.6     45.6 2020 11  6  0 35 33.340  0.00   3
   105636  40.296370 -124.410311     9.038     2272.3      128.8    -2266.5      9.2     17.6     14.3 2020 11 22 18 48 25.880  0.00   3
   105639  40.296488 -124.410270     9.120     2275.8      141.9    -2184.4     11.1     25.9     16.2 2021  1  8  0  5 36.980  0.00   3
   105643  40.295459 -124.410311     9.107     2272.3       27.6    -2196.9      7.9     21.8     13.1 2021  1 14 18  3 40.280  0.00   3
   105647  40.295020 -124.410327     9.127     2270.9      -21.2    -2177.3      8.9     31.3     14.2 2021  4  5  1 28  0.080  0.00   3
   105651  40.295931 -124.410262     9.066     2276.5       80.0    -2237.9      9.0     20.7     15.2 2021  4 25 19 33 56.380  0.00   3
   105652  40.296342 -124.410303     9.107     2273.0      125.6    -2197.3     10.0     28.8     13.1 2021  4 25 21 29  3.360  0.00   3
   105653  40.295736 -124.410368     9.097     2267.5       58.3    -2207.3     10.9     26.7     13.7 2021  4 25 19 57 12.780  0.00   3
   105655  40.295976 -124.410238     9.096     2278.5       84.9    -2208.2      9.9     20.5     13.3 2021  6 18  6 16 35.580  0.00   3
   105657  40.296257 -124.410449     9.099     2260.5      116.1    -2205.4     10.1     23.2     13.1 2021  8 11  0 30 31.640  0.00   3
   105659  40.296204 -124.410083     9.102     2291.7      110.2    -2202.5     11.2     23.8     15.1 2021  8 18  4 22 52.080  0.00   3
   105660  40.295846 -124.410246     9.070     2277.8       70.5    -2233.7      6.8     13.3     12.9 2021  8 29 18  9 38.000  0.00   3
   105663  40.296326 -124.410522     9.039     2254.3      123.8    -2265.7     11.7     32.8     17.9 2021  9 23 10 13 37.280  0.00   3
   105664  40.296082 -124.410254     9.107     2277.1       96.7    -2197.6      6.6     20.2      8.9 2021 10  8 15 58 36.020  0.00   3
   105669  40.296057 -124.410409     9.104     2264.0       94.0    -2200.3     11.7     20.9     14.9 2022  1  7 21 32 16.160  0.00   3
   105670  40.295414 -124.410295     9.121     2273.7       22.6    -2183.6      7.5     31.1     12.3 2022  1 29 22 57 58.940  0.00   3
   105671  40.295081 -124.410197     9.095     2282.0      -14.5    -2209.7      7.1     32.3     10.5 2022  1 29 22 56 14.480  0.00   3
   105672  40.294694 -124.410075     9.091     2292.4      -57.4    -2213.2     10.9     34.5     15.5 2022  2 19 21 35 38.840  0.00   3
   105673  40.295589 -124.410295     9.118     2273.7       42.0    -2186.6     10.5     24.7     15.1 2022  2 19 23 16 35.580  0.00   3
   105679  40.296025 -124.410238     9.099     2278.5       90.4    -2205.6      7.2     18.7     10.2 2022  4 25 10 16 52.960  0.00   3
   105680  40.296077 -124.410229     9.126     2279.2       96.2    -2178.3      8.8     20.7     13.2 2022  4 25  7 10 34.500  0.00   3
   105681  40.296077 -124.410311     9.116     2272.3       96.2    -2188.3      7.8     15.3     11.0 2022  4 25  7 16 11.420  0.00   3
   105684  40.295667 -124.410197     9.081     2282.0       50.6    -2222.8      7.7     18.2     12.6 2022  8 10 20 46 20.420  0.00   3
   105685  40.295707 -124.410238     9.085     2278.5       55.1    -2219.4      6.9     21.7      9.9 2022  9  2 17 54  0.080  0.00   3
   105686  40.295638 -124.410221     9.047     2279.9       47.4    -2257.3     12.7     25.4     18.8 2022  9 11  2 28 21.580  0.00   3
   105687  40.295772 -124.410173     9.078     2284.1       62.4    -2226.4     11.0     21.3     14.1 2022  9 11 12 26 35.060  0.00   3
   105688  40.296163 -124.410189     9.125     2282.7      105.7    -2178.9     11.4     25.7     15.1 2022  9 11  3 24  6.220  0.00   3
   105690  40.295972 -124.410270     9.118     2275.8       84.5    -2186.2      9.9     21.5     14.3 2022  9 24 15 21 42.660  0.00   3
   105691  40.295736 -124.410238     9.114     2278.5       58.3    -2190.6      7.6     15.9      9.2 2022  9 24 15 21 16.720  0.00   3
   105692  40.295878 -124.410303     9.127     2273.0       74.1    -2177.4      7.8     19.2     11.7 2022  9 24 21 44  3.460  0.00   3
   105694  40.295699 -124.410026     9.079     2296.5       54.2    -2225.5      8.1     19.7     10.7 2022 11  8 22 47 56.820  0.00   3
   105696  40.295723 -124.410189     9.091     2282.7       56.9    -2212.8      9.8     24.7     14.2 2022 11  8 17 35  8.240  0.00   3
   105697  40.295789 -124.410262     9.140     2276.5       64.2    -2164.7      8.6     15.2     11.8 2022 11  8 18 59 51.840  0.00   3
   105699  40.295671 -124.410221     9.116     2279.9       51.1    -2187.9     10.2     21.2     13.3 2022 11  9 12 22 28.280  0.00   3
   105700  40.295687 -124.410091     9.104     2291.0       52.9    -2200.2      7.0     14.8      8.2 2022 11 11  1 39  8.080  0.00   3
   105703  40.296407 -124.410156     9.154     2285.4      132.8    -2149.8      9.0     15.0     11.6 2022 11 19  3  3  9.960  0.00   3
   105704  40.296053 -124.410010     9.087     2297.9       93.5    -2217.4      8.3     17.0     10.2 2022 11 26 18 35 17.380  0.00   3
   105968  40.291577 -124.482609     8.801    -3874.9     -403.5    -2503.4     12.7     30.5     21.9 2020  7 20 10 55 41.360  0.00   3
   105969  40.291394 -124.482446     8.810    -3861.1     -423.8    -2494.7     11.4     28.0     22.1 2020  7 21  9 15 14.060  0.00   3
   105970  40.291353 -124.482780     8.836    -3889.5     -428.3    -2468.4      8.6     24.7     23.5 2020  7 21 21 15 11.400  0.00   3
   105971  40.291264 -124.482161     8.794    -3836.9     -438.3    -2510.4     11.0     43.8     26.7 2020  7 21 17 28  7.260  0.00   3
   105972  40.293119 -124.482560     8.552    -3870.7     -232.2    -2752.6     11.9     29.5     27.2 2020  7 23  2 34 15.900  0.00   3
   105974  40.291964 -124.482373     8.859    -3854.9     -360.6    -2445.1     12.6     33.6     26.6 2020  9 13  2 27 30.260  0.00   3
   105980  40.291589 -124.482023     8.851    -3825.1     -402.1    -2453.3     10.4     40.9     23.2 2021  4 30 22 52 27.680  0.00   3
   105981  40.286434 -124.485449     7.426    -4116.6     -974.6    -3878.1     27.7    127.7     51.7 2021  5 18 18 56 59.020  0.00   3
   105983  40.294995 -124.481917     8.825    -3816.0      -23.9    -2478.8     15.2     40.0     26.7 2021  7 16 12 23  3.900  0.00   3
   105985  40.295561 -124.482992     8.667    -3907.4       38.9    -2637.1     13.7     37.9     25.4 2022  2 19 13 54 44.280  0.00   3
   105992  40.293380 -124.481860     8.756    -3811.2     -203.3    -2548.4      9.8     30.0     20.3 2022  4 15  0 12 22.780  0.00   3
   105994  40.293355 -124.482365     8.610    -3854.1     -206.0    -2694.6      9.9     25.3     23.4 2022  6 13  7  3 31.880  0.00   3
   106894  40.301432 -124.453809    12.670    -1426.0      690.8     1365.6     17.8     66.6     28.2 2020  3  9 15 21  5.000  0.00   3
   106901  40.299373 -124.452572    13.019    -1320.9      462.2     1715.2     13.9     53.0     20.4 2021  6  6  1 39 40.840  0.00   3
   106903  40.299280 -124.452596    13.014    -1322.9      451.8     1709.8     14.2     53.5     20.3 2022  1 24  1 49 57.800  0.00   3
   106905  40.304093 -124.452791    13.026    -1339.5      986.3     1721.5     19.9     80.0     44.0 2022  9  3 12  2 18.720  0.00   3
   106906  40.300444 -124.452555    12.848    -1319.5      581.0     1544.0     12.1     37.6     18.6 2022 11 15 19 56 24.360  0.00   3
   107733  40.302035 -124.437939    14.363      -76.8      757.7     3058.4     11.8     25.8     20.1 2020  7 29 15 46 20.300  0.00   3
   107735  40.301725 -124.437085    14.415       -4.2      723.4     3111.1     10.4     21.7     16.6 2020  9  4  2 42 39.160  0.00   3
   107737  40.302604 -124.437264    14.356      -19.4      821.0     3052.2     11.7     22.7     18.8 2020  9 16  7 22  8.180  0.00   3
   107742  40.301042 -124.438005    14.097      -82.3      647.5     2792.4     12.1     18.4     56.0 2021  1 21 15  1 43.620  0.00   3
   107743  40.301615 -124.436971    14.371        5.5      711.2     3067.3     12.0     17.4     21.6 2021  2 10  9 13 35.100  0.00   3
   107745  40.301754 -124.437150    14.394       -9.7      726.5     3089.4     12.0     29.6     22.4 2021  5  2 16 32  4.860  0.00   3
   107747  40.301306 -124.438094    14.424      -89.9      676.8     3120.1     13.5     17.1     20.6 2021  6 19  9  7 31.460  0.00   3
   107749  40.301347 -124.437663    14.418      -53.3      681.4     3114.2     10.2     17.0     15.7 2021  8  4 16 55 19.760  0.00   3
   107750  40.301969 -124.436979    14.390        4.8      750.5     3085.9     10.4     17.5     17.1 2021  8  5 13 56 27.560  0.00   3
   107751  40.301457 -124.437891    14.379      -72.6      693.6     3075.3     11.3     21.2     23.2 2021 10  4 13 30 54.640  0.00   3
   107754  40.299866 -124.438110    14.359      -91.3      516.9     3055.1     12.9     38.3     33.3 2021 11 29 17 37 32.460  0.00   3
   107755  40.301701 -124.437492    14.369      -38.7      720.7     3064.4     11.0     14.7     18.3 2021 12 26  7 17 50.120  0.00   3
   107756  40.302409 -124.437093    14.382       -4.8      799.3     3078.1     13.6     20.3     20.1 2021 12 28 17 48 55.620  0.00   3
   107758  40.297534 -124.438289    14.255     -106.6      258.0     2950.3     16.5     30.8     22.5 2022  1 22  0  4 57.400  0.00   3
   107760  40.301139 -124.436068    14.613       82.3      658.3     3308.8     19.1     33.7     34.0 2022  2  4 23 36 48.780  0.00   3
   107761  40.301851 -124.438037    14.344      -85.1      737.4     3040.3     13.7     21.8     22.7 2022  2 10 11 52 51.360  0.00   3
   107764  40.301379 -124.436979    14.441        4.8      685.0     3136.7     10.5     20.5     13.7 2022  3 20 23 32 39.400  0.00   3
   107766  40.300761 -124.437866    14.326      -70.6      616.3     3021.3     15.7     23.3     23.4 2022  3 28  2 57 46.540  0.00   3
   107767  40.302108 -124.437712    14.309      -57.4      765.8     3004.4     11.9     16.6     21.1 2022  4  2 10 43 37.000  0.00   3
   107769  40.299044 -124.438330    14.285     -110.0      425.6     2981.1     13.2     36.8     24.8 2022  4 28 17 13  7.820  0.00   3
   107770  40.301375 -124.437500    14.440      -39.4      684.5     3135.5     10.3     27.5     14.1 2022  5 13  1 16 48.300  0.00   3
   107772  40.301973 -124.436174    14.424       73.3      750.9     3119.9     12.1     18.7     18.6 2022  5 21 13 41 32.340  0.00   3
   107773  40.302368 -124.437581    14.349      -46.4      794.8     3044.3     11.2     20.7     20.2 2022  5 22 19 28 25.500  0.00   3
   107774  40.301811 -124.436149    14.471       75.4      732.9     3167.1     13.9     22.1     20.4 2022  6 11 12 56  1.180  0.00   3
   107778  40.301363 -124.436206    14.470       70.6      683.2     3165.8     14.5     19.9     23.3 2022  7  7 10 44 49.700  0.00   3
   107780  40.301595 -124.437891    14.342      -72.6      708.9     3037.4     13.8     22.9     20.2 2022  7 10 20 40 42.680  0.00   3
   107781  40.301514 -124.437386    14.505      -29.8      699.9     3200.7     17.2     20.6     28.0 2022  7 17 22  5 39.680  0.00   3
   107782  40.301335 -124.437500    14.410      -39.4      680.0     3105.6     10.9     15.5     16.5 2022  7 26 21 59  5.840  0.00   3
   107785  40.302368 -124.437980    14.308      -80.3      794.8     3003.7     13.1     20.1     22.1 2022  8  7  7 26 12.620  0.00   3
   107786  40.300985 -124.437899    14.437      -73.3      641.1     3132.3     12.2     16.3     18.7 2022  8  9  3 28 29.720  0.00   3
   107788  40.297359 -124.434082    14.840      251.2      238.6     3535.5     20.3     35.6     30.7 2022  8 14 16 35 40.980  0.00   3
   107792  40.307992 -124.439095    14.250     -175.0     1419.2     2946.0     12.7     37.1     21.7 2022  8 30 14  2  1.080  0.00   3
   107793  40.301335 -124.437948    14.356      -77.5      680.0     3051.6     11.8     20.5     20.6 2022  9  6 17 29 43.260  0.00   3
   107795  40.302266 -124.437020    14.403        1.4      783.5     3098.3      9.4     18.9     14.7 2022 10  6  1 28  7.480  0.00   3
   107796  40.301969 -124.437321    14.377      -24.2      750.5     3073.0      9.3     15.3     14.6 2022 10 21 12 57 48.880  0.00   3
   107797  40.302091 -124.437199    14.369      -13.8      764.0     3064.6      8.9     15.3     15.2 2022 10 30  5  0 39.040  0.00   3
   107798  40.291101 -124.436849    14.853       15.9     -456.3     3548.9     25.9     47.9     32.6 2022 11  2 11  0 10.360  0.00   3
   107799  40.300639 -124.437248    14.516      -18.0      602.7     3211.4     12.4     16.6     19.9 2022 11  5 13 55 55.220  0.00   3
   107804  40.301298 -124.437565    14.394      -45.0      675.9     3089.9     10.9     15.4     18.0 2022 11 29  6 33  6.480  0.00   3
   108087  40.304354 -124.449731     8.874    -1079.3     1015.3    -2430.7     22.9     46.1     44.7 2020 11  2 19 25 14.760  0.00   3
   108098  40.301261 -124.451139     8.822    -1199.1      671.9    -2482.6     20.6     55.3     34.5 2022  7 31  9  3 31.640  0.00   3
   108101  40.299207 -124.451603     8.608    -1238.5      443.7    -2696.4     16.8     57.8     30.2 2022  9 21 11  5 36.240  0.00   3
   108715  40.306873 -124.440340    11.261     -280.9     1294.9      -43.7     19.2     39.7     31.0 2020  6  7 18 13 58.060  0.00   3
   108716  40.302287 -124.443563    11.254     -554.9      785.7      -50.2     14.8     31.2     27.3 2020  8 14 12 38 33.660  0.00   3
   108717  40.298356 -124.442188    11.824     -438.0      349.3      520.1     16.1     28.7     32.1 2021  5 18 12  5 50.720  0.00   3
   108718  40.305172 -124.442871    11.161     -496.1     1106.1     -142.8     22.6     45.3     32.9 2021  7 18 19 18 32.920  0.00   3
   108719  40.288318 -124.441520    12.180     -381.3     -765.4      876.2     23.6     50.8     30.5 2022  2  3  9 12 34.820  0.00   3
   108720  40.302966 -124.443229    11.173     -526.5      861.2     -131.7     19.7     50.0     31.0 2022 11 14  0 20 45.400  0.00   3
   108721  40.304496 -124.439233    11.496     -186.8     1031.1      191.4     17.7     26.4     21.4 2022 11 15  3 39 49.740  0.00   3
   108722  40.304215 -124.442790    11.593     -489.2      999.9      288.6     21.5     64.9     27.4 2022 11 15  3 35 34.140  0.00   3
   108734  40.303813 -124.431234     8.768      493.3      955.2    -2535.9     20.1     38.5     41.4 2020  6 14  9 19 55.660  0.00   3
   108737  40.305330 -124.431820     8.773      443.5     1123.7    -2531.1     14.1     48.8     24.5 2021  7  3  4  9  4.600  0.00   3
   108740  40.309395 -124.431722     8.689      451.8     1575.1    -2614.7     11.2     39.7     21.4 2021  8 20 23 51  4.580  0.00   3
   108741  40.308976 -124.431966     8.739      431.0     1528.5    -2564.7      9.8     33.9     19.6 2021  8 20 17 34 19.920  0.00   3
   108742  40.305273 -124.431860     8.773      440.0     1117.4    -2531.7     14.1     51.9     24.2 2021  8 20 21 38  4.660  0.00   3
   108745  40.309424 -124.431868     8.657      439.3     1578.2    -2647.3     11.6     36.0     23.3 2021  8 22 13  1 31.960  0.00   3
   108746  40.315609 -124.437044     6.701       -0.7     2265.0    -4603.6     17.0     62.0     26.6 2021  9 20 22 54 47.060  0.00   3
   108747  40.311837 -124.432072     8.512      422.0     1846.2    -2792.1     13.9     43.2     31.3 2021 11 29 10 57 42.520  0.00   3
   108748  40.305286 -124.431812     8.776      444.2     1118.7    -2528.4     14.2     48.8     24.8 2021 11 29 19 42  7.460  0.00   3
   108906  40.270980 -124.492424     8.846    -4710.2    -2690.6    -2457.8     13.7     49.5     29.6 2020 11 25  7 46 37.480  0.00   3
   108908  40.274386 -124.492432     9.066    -4710.7    -2312.4    -2238.1     14.0     35.1     26.6 2022  9  2 10 39  0.760  0.00   3
   108911  40.277014 -124.493538     8.730    -4804.8    -2020.6    -2574.6     14.4     48.9     32.0 2022  9  3  0 18  5.460  0.00   3
   109091  40.279675 -124.404395    13.978     2775.7    -1725.1     2674.0     17.4     21.7     26.5 2021  1  4 22  6 23.820  0.00   3
   109092  40.280880 -124.403337    13.948     2865.6    -1591.3     2644.0     12.4     22.3     24.0 2021  1 23 22 32 45.160  0.00   3
   109093  40.282450 -124.403621    13.901     2841.4    -1416.9     2596.5     11.8     19.3     22.1 2021  5 29 22  7 48.900  0.00   3
   109094  40.282499 -124.403564    13.902     2846.2    -1411.5     2598.1     11.6     19.2     23.1 2021 12  5 19 33 15.380  0.00   3
   109634  40.301078 -124.445223    16.632     -696.1      651.5     5327.9     32.3     63.3     42.3 2021  8 20 12 43  0.920  0.00   3
   109759  40.289726 -124.479508    17.217    -3611.4     -609.1     5912.6     30.4     76.8     45.6 2021  9 15 12 25 18.520  0.00   3
   109760  40.275334 -124.484204    15.712    -4011.0    -2207.2     4407.9     22.1     45.9     31.8 2021  9 17 18 39 17.700  0.00   3
   109763  40.267135 -124.480127    15.775    -3664.6    -3117.6     4470.3     24.9     59.3     40.4 2021 11  6 13  8 56.220  0.00   3
   109764  40.275163 -124.481169    15.835    -3752.9    -2226.1     4530.7     20.1     35.0     26.9 2021 11 19 21 25 30.120  0.00   3
   109765  40.286609 -124.477539    17.268    -3444.0     -955.2     5963.9     16.5     50.3     25.2 2022  7 10 23 46 28.140  0.00   3
   109766  40.286759 -124.477572    17.282    -3446.7     -938.4     5977.9     26.0     58.6     36.8 2022  8 21  2 28 17.120  0.00   3
   109769  40.275321 -124.481315    15.831    -3765.4    -2208.5     4526.8     20.0     37.2     27.4 2022 11  7 22 22 57.180  0.00   3
   110319  40.300696 -124.444767    15.759     -657.3      609.1     4454.5     22.4     51.7     29.2 2023  4 23  3 48 36.540  1.34   3
   110343  40.297884 -124.407178    10.760     2538.7      296.8     -544.2     22.7     47.7     28.0 2023  2 27  0 14 11.430  1.57   3
   110344  40.271069 -124.452482    14.338    -1313.5    -2680.7     3034.2     17.5     37.1     27.1 2023  3 19  5 41 40.620  0.92   3
   110349  40.291569 -124.466260     8.282    -2484.8     -404.4    -3022.3     26.0     32.2     30.3 2023  4 14 19 20 25.080  1.57   3
   110353  40.290719 -124.432560    10.495      380.6     -498.8     -808.7     20.6     37.6     31.1 2023  5  2 13 44  6.040  1.79   3
   110369  40.290946 -124.475838    10.124    -3299.3     -473.5    -1179.8     15.9     43.4     42.3 2023  4  1  7 44 57.710  1.31   3
   110377  40.295414 -124.409375     9.106     2351.9       22.6    -2198.5     14.2     24.2     18.0 2023  5 20 23 47 40.440  1.10   3
   110383  40.292281 -124.482568     8.764    -3871.5     -325.3    -2540.3     10.5     28.9     21.9 2023  3  7 12 11 57.690  1.17   3
   110421  40.300264 -124.452808    12.765    -1340.9      561.2     1460.9     11.9     39.5     18.6 2023  2  3 10  4 53.380  1.07   3
   110450  40.295837 -124.435246    15.024      152.2       69.6     3719.4     23.8     38.3     35.4 2022 12  9  5  6 23.270  2.34   3
   110478  40.299984 -124.449438     8.984    -1054.5      530.0    -2319.7     16.8     43.4     29.8 2023  4 16 19 40  2.760  1.19   3
   110545  40.297559 -124.442391    11.931     -455.3      260.7      627.2     16.6     33.3     30.0 2023  1 26 19 34 22.320  1.51   3
   110548  40.305623 -124.435156     8.222      159.8     1156.2    -3082.6     18.7     40.2     38.3 2023  2 24 19 10 37.800  1.22   3
   110567  40.279936 -124.493856     8.834    -4831.6    -1696.2    -2470.1     14.1     41.8     26.4 2023  5 16 14 31 27.390  0.62   3
   110599  40.278410 -124.404915    14.235     2731.4    -1865.6     2931.2     20.8     29.8     41.2 2023  5 24 13 54 23.240  1.23   3
   110661  40.271102 -124.451546    15.582    -1233.9    -2677.1     4278.3     20.3     29.7     21.2 2023  3 20  2 26 25.420  1.09   3
   110696  40.274618 -124.481942    15.988    -3818.7    -2286.7     4683.9     19.7     35.8     31.1 2023  4 10  6 54  3.150  0.88   3
   110763  40.290161 -124.395247    12.903     3553.2     -560.7     1598.9     27.7     63.9     32.1 2023  2  8 10 13  5.860  1.00   3
