   100045  40.492041 -124.338037    19.035      -11.0        8.6       14.8     11.4     13.2     15.3 2021  8 26 18 32 24.440  0.00  11
   100046  40.491874 -124.337817    19.006        7.6       -9.9      -14.1     11.8     10.1     13.7 2021  8 26 19 24  2.720  0.00  11
   100064  40.491158 -124.333659    18.667      360.1      -89.5     -352.9     34.1     28.5     31.6 2021 12 20 21 52  7.440  0.00  11
   100066  40.491939 -124.337858    19.014        4.1       -2.7       -6.2     13.9     11.7     16.1 2021 12 21 21 30 51.420  0.00  11
   100067  40.491992 -124.337801    19.015        9.0        3.2       -4.9     13.5     11.3     15.5 2021 12 21 12 55 53.380  0.00  11
   100068  40.492049 -124.337842    19.013        5.5        9.5       -6.8     13.5     12.2     12.8 2021 12 21 12 45 57.660  0.00  11
   100069  40.491882 -124.337874    19.006        2.8       -9.0      -13.7     12.9     10.6     14.1 2021 12 21 12 37 28.080  0.00  11
   100070  40.491984 -124.337785    19.013       10.3        2.3       -7.2     13.4     11.5     15.2 2021 12 21 13 17 10.920  0.00  11
   100072  40.491988 -124.338184    19.026      -23.5        2.7        6.4     14.5     13.0     11.6 2021 12 21 12 47 57.820  0.00  11
   100086  40.492037 -124.337964    19.028       -4.8        8.1        7.8     11.9     10.0     12.8 2021 12 22  5 15 45.380  0.00  11
   100092  40.491878 -124.337939    19.013       -2.8       -9.5       -6.5     14.0     11.7     16.1 2021 12 23 12 18 27.560  0.00  11
   100099  40.491951 -124.337826    19.009        6.9       -1.4      -10.5     13.0     10.7     14.1 2021 12 26 10 40 33.820  0.00  11
   100101  40.492147 -124.337882    19.041        2.1       20.3       21.2     12.4     11.9     15.2 2021 12 28 20 37  0.280  0.00  11
   100106  40.491972 -124.338127    19.022      -18.6        0.9        2.2     13.9     13.3     13.0 2021 12 31 19 14 39.200  0.00  11
   100107  40.491927 -124.338118    19.022      -17.9       -4.1        1.8     13.7     13.8     13.5 2021 12 31 19 57 44.880  0.00  11
   100108  40.492074 -124.337817    19.022        7.6       12.2        1.7     13.7     12.0     12.7 2021 12 31 15  4  0.320  0.00  11
   100110  40.491854 -124.338053    19.005      -12.4      -12.2      -15.3     13.1     13.7     14.9 2021 12 31 20 59 57.000  0.00  11
   100114  40.492139 -124.337744    19.025       13.8       19.4        4.8     14.7     13.2     12.1 2021 12 31 23 29 55.280  0.00  11
   100115  40.491956 -124.338159    19.017      -21.4       -0.9       -3.4     15.4     17.4     20.8 2021 12 31 21  9 58.240  0.00  11
   100116  40.491960 -124.338159    19.017      -21.4       -0.5       -3.3     15.3     17.3     20.9 2021 12 31 21 35 51.300  0.00  11
   100117  40.492293 -124.337760    19.038       12.4       36.6       18.1     17.4     16.2     13.1 2021 12 31 20 55  7.260  0.00  11
   100120  40.492053 -124.338118    19.024      -17.9        9.9        4.1     15.0     17.2     21.6 2021 12 31 21 53 53.900  0.00  11
   100121  40.491890 -124.338289    19.021      -32.4       -8.1        1.4     16.8     16.6     14.8 2021 12 31 22 47 38.720  0.00  11
   100123  40.492228 -124.337744    19.037       13.8       29.4       17.5     16.5     14.8     13.6 2021 12 31 21 19 47.040  0.00  11
   100124  40.492257 -124.337565    19.037       29.0       32.5       17.2     19.2     17.4     16.5 2021 12 31 22 39 32.540  0.00  11
   100127  40.491972 -124.337980    19.012       -6.2        0.9       -7.6     12.0     12.5     13.3 2021 12 31 21 23 57.420  0.00  11
   100128  40.491964 -124.338232    19.019      -27.6        0.0       -0.7     15.9     18.3     22.4 2021 12 31 23 19 30.920  0.00  11
   100129  40.491964 -124.338216    19.020      -26.2        0.0       -0.5     15.8     18.2     22.3 2021 12 31 21 37 52.420  0.00  11
   100134  40.492253 -124.337484    19.033       35.9       32.1       12.8     19.1     16.3     14.6 2021 12 31 21 16 16.260  0.00  11
   100143  40.492289 -124.337712    19.037       16.6       36.1       17.3     17.2     15.9     12.8 2021 12 31 20 59 17.960  0.00  11
   100148  40.492021 -124.337801    19.022        9.0        6.3        1.8     11.1     10.7     14.9 2021 12 31 21  8 19.840  0.00  11
   100178  40.492843 -124.337614    19.065       24.8       97.6       45.0     24.5     25.8     23.7 2021 12 31 21  3 45.720  0.00  11
   100182  40.492192 -124.337679    19.030       19.3       25.3       10.0     16.0     14.8     12.8 2022  1  1 11  0 43.600  0.00  11
   100185  40.491728 -124.338053    18.996      -12.4      -26.2      -23.8     16.9     14.6     12.3 2022  1  1 18 22 21.660  0.00  11
   100190  40.492301 -124.337630    19.028       23.5       37.5        8.5     17.7     17.0     13.7 2022  1  1  0 10 48.480  0.00  11
   100192  40.491964 -124.338013    19.011       -9.0        0.0       -9.2     12.3     13.7     17.1 2022  1  1  0 27 55.780  0.00  11
   100204  40.492069 -124.337427    19.009       40.7       11.7      -11.1     19.9     18.6     21.2 2022  1  1 16 47 26.520  0.00  11
   100206  40.492240 -124.337655    19.037       21.4       30.7       16.6     17.9     16.3     15.9 2022  1  1 16 43 47.340  0.00  11
   100207  40.492249 -124.337638    19.038       22.8       31.6       17.8     18.6     16.8     16.4 2022  1  1  8 28  6.960  0.00  11
   100217  40.492244 -124.337655    19.038       21.4       31.2       17.8     18.3     16.1     15.8 2022  1  1  6 41  0.200  0.00  11
   100224  40.492383 -124.337752    19.029       13.1       46.5        9.1     21.7     20.5     25.4 2022  1  1 15  9 42.160  0.00  11
   100253  40.491968 -124.338167    19.028      -22.1        0.5        8.4     13.8     12.9     12.3 2022  1  2  2 34 13.020  0.00  11
   100259  40.492342 -124.337622    19.031       24.1       42.0       10.6     18.1     17.3     13.6 2022  1  2  3  0 10.440  0.00  11
   100304  40.491858 -124.337899    19.008        0.7      -11.7      -11.5     15.0     12.4     16.4 2022  1  6 12  5 41.240  0.00  11
   100308  40.492196 -124.337638    19.031       22.8       25.8       10.6     15.7     14.4     12.7 2022  1  6 20 13 30.520  0.00  11
   100314  40.492301 -124.337362    19.015       46.2       37.5       -5.2     22.1     20.1     15.3 2022  1  6  8 13  8.760  0.00  11
   100328  40.491809 -124.337573    19.006       28.3      -17.2      -13.9     13.0     14.6     16.8 2022  1  7  1 20 21.340  0.00  11
   100337  40.492143 -124.337679    19.029       19.3       19.9        9.0     16.9     15.2     16.8 2022  1  9 19 50 37.000  0.00  11
   100342  40.486690 -124.335319    18.726      219.4     -585.6     -294.4     48.9    110.8     91.5 2022  1  9 22  8 42.720  0.00  11
   100344  40.492322 -124.337500    19.026       34.5       39.8        5.8     19.5     17.9     15.8 2022  1 10  3 24 18.400  0.00  11
   100347  40.492025 -124.338127    19.035      -18.6        6.8       15.4     12.9     11.7     12.6 2022  1 11 16 49 23.060  0.00  11
   100350  40.492232 -124.337638    19.029       22.8       29.8        9.1     16.2     15.1     12.4 2022  1 13  3 20 48.560  0.00  11
   100353  40.492106 -124.337598    19.016       26.2       15.8       -4.3     17.1     15.4     14.5 2022  1 14  7 11 12.220  0.00  11
   100357  40.491833 -124.338338    19.016      -36.6      -14.5       -3.8     18.1     17.9     16.3 2022  1 15  8 56 29.000  0.00  11
   100367  40.491699 -124.338127    19.002      -18.6      -29.4      -17.8     17.0     16.7     11.9 2022  1 18  3 51 51.180  0.00  11
   100375  40.491890 -124.338053    19.020      -12.4       -8.1       -0.3     16.0     11.1     14.8 2022  1 20  2 30 19.360  0.00  11
   100385  40.491793 -124.337948    19.002       -3.4      -19.0      -18.5     15.9     13.5     16.2 2022  1 22  7 52  7.580  0.00  11
   100396  40.491931 -124.337760    19.015       12.4       -3.6       -4.6     14.6     12.7     18.4 2022  1 26  5 31  8.980  0.00  11
   100410  40.491785 -124.338029    19.003      -10.3      -19.9      -17.5     16.6     14.0     16.2 2022  1 28 14 42  3.420  0.00  11
   100411  40.492424 -124.337760    19.030       12.4       51.1        9.8     23.5     21.5     27.0 2022  1 28 15 13 34.140  0.00  11
   100413  40.491870 -124.338192    18.994      -24.1      -10.4      -25.5     18.6     20.2     25.8 2022  1 28 23 37 47.680  0.00  11
   100418  40.491785 -124.338184    19.017      -23.5      -19.9       -2.6     16.1     16.5     13.9 2022  1 30 14  9  6.460  0.00  11
   100424  40.491553 -124.338363    18.998      -38.6      -45.6      -21.6     26.2     20.7     16.7 2022  1 31  3 44  9.420  0.00  11
   100444  40.492045 -124.337598    19.011       26.2        9.0       -8.9     16.8     15.5     18.3 2022  2 12 11 58 56.260  0.00  11
   100446  40.491825 -124.338379    19.024      -40.0      -15.4        3.6     19.0     20.0     18.6 2022  2 13  7 26 59.800  0.00  11
   100462  40.492041 -124.337581    19.009       27.6        8.6      -10.5     17.1     16.0     18.7 2022  2 23  8 39 44.380  0.00  11
   100464  40.491919 -124.337915    19.021       -0.7       -5.0        1.3     12.2     10.3     16.4 2022  2 24 10 51 31.540  0.00  11
   100470  40.491846 -124.338175    19.026      -22.8      -13.1        6.0     16.1     13.8     15.3 2022  3  1  0  4 49.940  0.00  11
   100477  40.492045 -124.338037    19.029      -11.0        9.0        9.4     12.0     10.9     12.1 2022  3 15 19 13 55.500  0.00  11
   100483  40.491951 -124.338062    19.008      -13.1       -1.4      -12.4     15.1     13.3     19.1 2022  3 23 22 33 50.700  0.00  11
   100492  40.492049 -124.337581    19.011       27.6        9.5       -8.6     17.1     15.5     18.3 2022  4  8 18 15 50.020  0.00  11
   100505  40.492017 -124.337736    19.022       14.5        5.9        1.5     16.5     14.8     20.1 2022  5 29  1 15 33.020  0.00  11
   100517  40.492529 -124.337419    19.042       41.4       62.8       22.4     24.9     22.9     22.4 2022  8 22 11 28 24.380  0.00  11
   100521  40.491854 -124.338127    19.021      -18.6      -12.2        0.8     15.2     13.7     13.8 2022 10  9  0 31 56.300  0.00  11
   110287  40.491972 -124.337939    19.020       -2.8        0.9        0.5     11.3     10.3     11.5 2022 12 19 13 16 26.360  0.85  11
