   101367  40.297290 -124.377189     8.721       -4.8       20.3        1.4     78.3    135.9    113.6 2020  1  3 18 37 48.420  0.00  36
   101368  40.297286 -124.377189     8.719       -4.8       19.9       -0.6     78.5    135.1    121.2 2020  1  3 21  3 28.940  0.00  36
   101377  40.297591 -124.377303     8.803      -14.5       53.8       83.0    105.5    142.3    171.6 2020  1 25  4  5 34.620  0.00  36
   101379  40.297164 -124.377271     8.791      -11.8        6.3       71.5    108.0    140.4    171.6 2020  1 25  3 30 34.600  0.00  36
   101380  40.297302 -124.377352     8.805      -18.7       21.7       85.0     98.4    117.8    177.0 2020  1 25  4 10 12.200  0.00  36
   101382  40.297351 -124.377336     8.805      -17.3       27.1       85.5     96.5    128.7    177.1 2020  1 25  3 31 37.080  0.00  36
   101383  40.297107 -124.377067     8.720        5.5        0.0        0.0     57.5     93.4     62.3 2020  2  6 17 51  9.320  0.00  36
   101389  40.297213 -124.377165     8.726       -2.8       11.7        6.2     67.0     86.2     76.6 2020  2  6 13 51  8.720  0.00  36
   101391  40.297367 -124.377043     8.729        7.6       28.9        9.3     98.1    148.3    183.8 2020  2  7  2 54 42.920  0.00  36
   101393  40.297054 -124.377075     8.718        4.8       -5.9       -2.3     59.9    105.8     97.0 2020  3  8 19 42 41.580  0.00  36
   101396  40.297343 -124.377197     8.752       -5.5       26.2       32.0     68.1    102.4    129.9 2020  3 20 23 44 12.400  0.00  36
   101398  40.297127 -124.377108     8.719        2.1        2.3       -1.0     63.4    112.2     74.0 2020  4  8  2  0 22.120  0.00  36
   101399  40.297034 -124.377075     8.717        4.8       -8.1       -2.7     59.9    112.3     69.0 2020  4 15 18 15 23.100  0.00  36
   101402  40.297070 -124.377083     8.718        4.2       -4.1       -2.1     66.3    111.5     76.1 2020  4 19  7 46 54.060  0.00  36
   101408  40.297026 -124.376864     8.703       22.8       -9.0      -16.6     98.3    152.8    129.6 2020  8  6  8 32 23.100  0.00  36
   101410  40.297038 -124.377075     8.713        4.8       -7.7       -6.7     64.1    118.1     99.6 2020  9  3  7 35 28.420  0.00  36
   101413  40.296932 -124.377035     8.710        8.3      -19.4      -10.0     71.8    127.4    132.4 2020 11 12  2 44 16.520  0.00  36
   101418  40.297099 -124.377051     8.715        6.9       -0.9       -5.1     61.0    109.8     89.4 2021  3 31 23 59 38.480  0.00  36
   101423  40.297083 -124.377091     8.717        3.5       -2.7       -2.5     65.6     80.6     68.5 2021  5 18 12 40 20.440  0.00  36
   101424  40.297107 -124.377091     8.720        3.5        0.0       -0.2     63.3    114.9     96.4 2021  5 19 22 43 10.320  0.00  36
   101427  40.297107 -124.377303     8.792      -14.5        0.0       72.3    112.6    124.5    168.9 2021  6 28  8 37 35.300  0.00  36
   101428  40.297160 -124.377303     8.793      -14.5        5.9       72.8    111.4    131.3    168.8 2021  6 28  7 55  0.760  0.00  36
   101430  40.297469 -124.377254     8.769      -10.4       40.2       48.7     82.3    122.6    201.8 2021  6 28  1 24 33.540  0.00  36
   101432  40.297078 -124.377091     8.713        3.5       -3.2       -7.3     66.7     75.0     85.8 2021  7 28 16  2 31.160  0.00  36
   101433  40.297095 -124.377083     8.713        4.2       -1.4       -6.6     67.7     74.6     83.1 2021  7 28 16  9  1.560  0.00  36
   101437  40.296960 -124.376782     8.675       29.8      -16.3      -45.4     96.2    200.8    152.4 2021 12 19 12 20 16.920  0.00  36
   101438  40.296562 -124.376815     8.678       27.0      -60.5      -42.3    142.2    246.4    206.0 2021 12 19 12 43 37.120  0.00  36
   101442  40.297062 -124.376807     8.681       27.7       -5.0      -39.4    103.9    210.5    151.4 2022  2 24 22 19 12.180  0.00  36
   101444  40.297135 -124.377100     8.723        2.8        3.2        3.2     53.9     90.4     65.1 2022  4  5 23 58  3.860  0.00  36
   101445  40.297249 -124.377181     8.734       -4.2       15.8       13.8     86.4     87.6    116.5 2022  4  6 20 48 44.220  0.00  36
   101446  40.297030 -124.376880     8.703       21.4       -8.6      -17.4     91.0    187.2    215.4 2022  4  6 23 44 48.880  0.00  36
   101448  40.298022 -124.377319     8.860      -15.9      101.7      140.5    118.1    148.0    158.9 2022  5 29 22  5 22.560  0.00  36
   101452  40.297123 -124.377108     8.721        2.1        1.8        0.5     65.0    116.7    101.6 2022  9 27 16 34 38.900  0.00  36
   110294  40.297038 -124.377091     8.717        3.5       -7.7       -2.7     54.3    102.8     72.9 2023  5 20  7 11  5.220  0.56  36
