   104071  40.315479 -124.624430    17.453      -36.7        6.3      -27.1     56.6    104.5    119.7 2020  2 12 16  7 41.000  0.00  12
   104073  40.314099 -124.624577    17.387      -49.1     -146.8      -92.5     85.1    133.2    130.4 2020  3 23 10  8  1.320  0.00  12
   104081  40.319963 -124.622762    17.588      105.1      504.2      107.7     88.8    148.3    161.4 2020  6 20 14 32 12.460  0.00  12
   104084  40.318567 -124.624170    17.649      -14.5      349.3      169.1     83.8    142.1    139.0 2020  8 23 13 32 49.620  0.00  12
   104093  40.315609 -124.623910    17.409        7.6       20.8      -71.2     50.8     63.8    113.1 2021  4 14  8 37 28.880  0.00  12
   104094  40.310067 -124.623706    17.472       24.9     -594.6       -8.0     67.1    181.7    125.7 2021  4 27 15 38  2.160  0.00  12
   104095  40.314323 -124.622485    17.345      128.7     -122.0     -134.9    106.2    143.8    143.5 2021  5  9  1 43 27.920  0.00  12
   104097  40.316207 -124.623950    17.571        4.2       87.2       91.3     51.7     86.4     99.3 2021  6  2  4  0 20.340  0.00  12
   104100  40.322465 -124.623047    17.906       80.9      782.1      425.9     82.6    168.5    112.1 2021  7 11  8 17 13.640  0.00  12
   104103  40.315515 -124.624015    17.537       -1.4       10.4       57.3     53.8     86.9     91.3 2021  9  7  8 40 28.240  0.00  12
   104110  40.315633 -124.624097    17.545       -8.3       23.5       65.4     54.0     76.8     97.7 2021 12 20 20 33 55.560  0.00  12
   104114  40.318376 -124.623494    17.693       42.9      328.0      212.7     41.0    142.3    110.0 2021 12 20 22 51 13.920  0.00  12
   104116  40.312455 -124.621338    17.755      226.2     -329.4      274.5    121.7    228.5    184.9 2021 12 20  8 18 44.340  0.00  12
   104123  40.320060 -124.624113    17.564       -9.7      515.1       83.8     96.1    174.2    213.3 2021 12 20 20 19  7.280  0.00  12
   104126  40.323250 -124.624341    17.667      -29.1      869.3      187.4     64.6    198.8    153.0 2021 12 20 23  8  0.740  0.00  12
   104127  40.315348 -124.623901    16.897        8.3       -8.1     -582.7     62.4    218.0    192.5 2021 12 20 22 49 16.500  0.00  12
   104132  40.316732 -124.621932    17.537      175.7      145.5       57.1    117.5    189.9    187.0 2021 12 20 21 36  0.060  0.00  12
   104134  40.314062 -124.624626    17.373      -53.3     -150.9     -107.0     70.6    103.9    105.0 2021 12 21  6  4 42.940  0.00  12
   104135  40.317802 -124.623576    17.590       36.0      264.3      110.2     65.9    121.1    128.6 2021 12 21  8 17 30.500  0.00  12
   104136  40.315108 -124.624154    17.446      -13.1      -34.8      -34.0     57.5     87.9     96.0 2021 12 21  7  6  6.440  0.00  12
   104137  40.315373 -124.624064    17.462       -5.5       -5.4      -17.5     53.6     64.5     90.9 2021 12 21 10 44  8.200  0.00  12
   104138  40.316219 -124.624015    17.634       -1.4       88.6      153.8     69.8    117.6     95.4 2021 12 21  4 44  7.140  0.00  12
   104140  40.315389 -124.624089    17.541       -7.6       -3.6       61.4     55.2     80.3     93.9 2021 12 21  0 12  8.960  0.00  12
   104141  40.315637 -124.623739    17.506       22.1       23.9       25.9     52.7     93.2     86.9 2021 12 21 11 42 54.940  0.00  12
   104142  40.314880 -124.624251    17.446      -21.4      -60.1      -34.1     51.7    129.5    118.8 2021 12 21  3 50  3.100  0.00  12
   104145  40.307878 -124.623535    17.594       39.4     -837.7      113.9     57.2    241.7    212.4 2021 12 21  1 25 18.900  0.00  12
   104147  40.314193 -124.624325    17.510      -27.7     -136.5       29.9     52.8    141.0    107.4 2021 12 21  3 10  2.140  0.00  12
   104152  40.324178 -124.622998    17.991       85.1      972.3      511.0     99.5    240.7    161.1 2021 12 21 10 57 46.160  0.00  12
   104153  40.314714 -124.622461    17.442      130.7      -78.6      -38.3    107.1    150.7    151.5 2021 12 21 13  3 59.100  0.00  12
   104158  40.312821 -124.624202    17.551      -17.3     -288.7       70.7     53.7    165.0    138.0 2021 12 21  8  0 24.060  0.00  12
   104160  40.314221 -124.624430    17.495      -36.7     -133.3       15.0     57.4    159.6    107.1 2021 12 21  3  2 34.460  0.00  12
   104161  40.313965 -124.624341    17.555      -29.1     -161.8       74.5     57.7    148.5    113.3 2021 12 21  0 48 47.160  0.00  12
   104164  40.309192 -124.622453    16.347      131.4     -691.7    -1132.5    102.6    211.6    198.3 2021 12 22  0 15 59.180  0.00  12
   104165  40.313940 -124.621680    17.073      197.1     -164.5     -407.1    116.1    131.2    142.1 2021 12 22  7 29 29.280  0.00  12
   104167  40.313700 -124.624406    17.356      -34.6     -191.1     -124.3     57.4    158.7    151.2 2021 12 22  4 58 57.640  0.00  12
   104172  40.314559 -124.624194    17.521      -16.6      -95.8       41.5     79.0    172.3    150.4 2021 12 22 20 56 28.420  0.00  12
   104177  40.319584 -124.623519    17.723       40.8      462.2      242.6    102.9    183.9    177.2 2021 12 23  6 43 14.700  0.00  12
   104184  40.312683 -124.625146    17.581      -97.5     -304.1      101.0    102.9    157.1    120.3 2021 12 24 18 41 32.720  0.00  12
   104197  40.320467 -124.622420    17.934      134.2      560.3      454.4     71.2    333.0    210.3 2021 12 27  6 30  0.400  0.00  12
   104203  40.314583 -124.622843    17.701       98.2      -93.1      221.1     88.6    170.7    145.5 2021 12 28 12 38 54.840  0.00  12
   104204  40.315405 -124.622957    17.536       88.5       -1.8       56.3     90.7    144.3    130.0 2021 12 28  7 25 16.640  0.00  12
   104212  40.313416 -124.624243    17.410      -20.8     -222.8      -70.1     57.0    159.4    127.6 2021 12 31 18  4 52.480  0.00  12
   104213  40.313684 -124.624447    17.401      -38.0     -192.9      -79.1     57.2    150.5    144.8 2021 12 31 19 42 46.640  0.00  12
   104215  40.308211 -124.625138    16.983      -96.8     -800.6     -497.1     81.5    251.2    197.0 2022  1  1  8  5 50.220  0.00  12
   104216  40.308923 -124.623665    17.368       28.4     -721.6     -112.2     70.4    199.2    209.2 2022  1  2 21 35  0.220  0.00  12
   104217  40.321842 -124.622990    18.175       85.8      713.0      694.6     90.0    186.7    321.0 2022  1  2  8 38 54.940  0.00  12
   104221  40.317896 -124.622477    17.935      129.4      274.7      455.3     88.3    106.0    170.9 2022  1  5 16 57 16.420  0.00  12
   104227  40.317362 -124.623991    17.646        0.7      215.5      166.4     74.0    107.4    138.7 2022  1 11  4 59 19.220  0.00  12
   104229  40.317244 -124.623226    17.323       65.7      202.4     -157.2     82.2    111.1    218.0 2022  1 12  7 26 41.160  0.00  12
   104232  40.313953 -124.624382    17.381      -32.5     -163.1      -99.2     59.7    170.9    123.2 2022  1 12 18 40 23.420  0.00  12
   104236  40.310754 -124.623560    17.268       37.4     -518.2     -211.9     99.7    174.8    129.0 2022  1 16 21 19 22.200  0.00  12
   104237  40.314026 -124.624593    17.395      -50.5     -155.0      -85.0     71.7    137.6    121.5 2022  1 19 15 34 54.720  0.00  12
   104238  40.317558 -124.624601    17.718      -51.2      237.2      237.9     66.3    170.1    125.6 2022  1 20  1 22  9.700  0.00  12
   104240  40.314685 -124.624495    17.377      -42.2      -81.8     -103.2     59.3    133.7    140.6 2022  1 25  4 41 54.420  0.00  12
   104243  40.313586 -124.621582    17.677      205.4     -203.8      197.1    106.5    223.6    221.1 2022  1 31  0 15 57.560  0.00  12
   104246  40.315898 -124.623494    17.271       42.9       52.9     -209.4     62.8    121.1    187.5 2022  2  1  4 42 25.500  0.00  12
   104247  40.318213 -124.622778    17.394      103.8      310.0      -85.9     79.1    141.4    239.7 2022  2  2  2  8 40.520  0.00  12
   104250  40.316675 -124.624259    17.528      -22.1      139.2       47.6     81.2    206.9    118.9 2022  2 11 15  2 29.200  0.00  12
   104255  40.325342 -124.622974    18.178       87.2     1101.6      698.3     93.1    241.5    369.3 2022  2 17 12 34 44.060  0.00  12
   104256  40.327881 -124.621680    18.004      197.1     1383.5      524.4    117.0    288.2    232.8 2022  2 17 19 47 40.280  0.00  12
   104258  40.314762 -124.624764    17.149      -65.0      -73.2     -331.5     80.3    119.1    147.7 2022  2 19 16 56  9.340  0.00  12
   104262  40.321330 -124.621891    18.640      179.2      656.1     1159.8    127.0    183.8    351.9 2022  3  6 10  1 24.540  0.00  12
   104268  40.328992 -124.621932    18.315      175.7     1506.8      835.0     79.5    301.9    319.4 2022  4  2  5 20 28.220  0.00  12
   104269  40.317387 -124.623348    17.392       55.3      218.2      -87.5     66.9    125.4    198.5 2022  4  3  0 46 40.820  0.00  12
   104275  40.315413 -124.624292    17.535      -24.9       -0.9       55.4     69.4     82.7     91.4 2022  4 28  4  5 59.740  0.00  12
   104279  40.313879 -124.624414    17.452      -35.3     -171.2      -28.3     60.0    155.2    127.9 2022  5 14 18 23 41.400  0.00  12
   104283  40.315837 -124.624080    17.538       -6.9       46.1       57.7    123.3    308.9    227.4 2022  5 28  3 41 10.840  0.00  12
   104284  40.319344 -124.624463    17.499      -39.4      435.6       19.2    148.3    352.2    274.6 2022  6  9  0 44 52.000  0.00  12
   104285  40.315808 -124.624186    17.515      -15.9       42.9       35.0     74.5    181.9    106.2 2022  6 12 11  3 14.460  0.00  12
   104296  40.320060 -124.624601    17.981      -51.2      515.1      500.7     83.3    218.6    249.2 2022  8 30  3  4 18.340  0.00  12
   104297  40.305815 -124.625773    16.934     -150.8    -1066.8     -546.2     96.4    183.4    178.0 2022  9 16  4 43 17.240  0.00  12
   104302  40.314689 -124.624463    17.419      -39.4      -81.3      -61.1     66.6    110.0    116.0 2022 10  9 10 45 57.720  0.00  12
   104308  40.321440 -124.622770    17.627      104.4      668.3      147.4    150.1    185.0    193.5 2022 11 12 12 57 10.420  0.00  12
   110335  40.313114 -124.624308    17.379      -26.3     -256.2     -101.3     55.8     81.2     78.5 2023  5 10 10  0 52.980  1.31  12
