   105415  40.279806 -124.509220    18.710       -2.1        1.4       20.5    105.3    225.1    300.3 2020 10 14 15 34 41.400  0.00  67
   105416  40.279797 -124.509180    18.682        1.4        0.5       -7.6     71.3    154.5    150.9 2021  4  1  8 19  1.020  0.00  67
   105417  40.279004 -124.509342    18.721      -12.5      -87.7       31.3    113.5    325.2    193.2 2021  5 26 14 28  8.260  0.00  67
   105420  40.279822 -124.509196    18.695        0.0        3.2        5.3    101.5    141.9    190.5 2021 11  1  8 47 28.700  0.00  67
   105423  40.278418 -124.509481    18.742      -24.2     -152.7       52.0    155.3    342.6    258.4 2021 12 21 13 39 48.980  0.00  67
   105425  40.279846 -124.509204    18.690       -0.7        5.9       -0.0    105.7    179.6    163.4 2021 12 29 15 42 35.260  0.00  67
   105426  40.279932 -124.509163    18.688        2.8       15.4       -1.9    108.0    234.2    246.1 2021 12 29 15 33 22.240  0.00  67
   105431  40.279761 -124.509204    18.690       -0.7       -3.6        0.2     98.7    171.4    172.7 2022  2  7  7 47 12.980  0.00  67
   105432  40.279915 -124.509172    18.685        2.1       13.6       -4.9     84.7    204.5    143.3 2022  2  7 14 35 53.840  0.00  67
   105435  40.279830 -124.509188    18.681        0.7        4.1       -8.9     86.7    136.5    183.8 2022  5 14 19 48 33.060  0.00  67
   105436  40.279789 -124.509188    18.680        0.7       -0.5       -9.8     74.5    238.6    234.4 2022  5 14 20  5 32.740  0.00  67
   105438  40.280570 -124.509017    18.627       15.2       86.3      -63.1    143.0    237.1    287.9 2022  8  1 20 28 59.300  0.00  67
   105440  40.279773 -124.509204    18.686       -0.7       -2.3       -4.0     81.8    158.5    172.9 2022 11  5 20 49 14.100  0.00  67
   110371  40.279838 -124.509188    18.687        0.7        5.0       -3.1     74.6    143.6    127.5 2023  3 11  3 37 51.890  1.01  67
