   105071  40.304683 -124.599585    17.627      -73.3    -1166.6     -182.9     17.9     28.9     22.0 2020  1 29  8 12 18.900  0.00  13
   105074  40.315906 -124.599805    17.714      -92.0       79.5      -96.2     14.2     26.1     21.2 2020  2 26  9 21 18.840  0.00  13
   105075  40.312935 -124.601457    17.760     -232.4     -250.3      -50.2     19.0     40.0     40.5 2020  2 27  1 15 34.260  0.00  13
   105078  40.315059 -124.597819    18.285       76.8      -14.5      475.8     13.4     41.3     40.8 2020  5  8 11 57 20.220  0.00  13
   105080  40.315930 -124.599089    17.845      -31.1       82.2       34.5     10.3     18.0     15.0 2020  5 26 11 17 44.720  0.00  13
   105081  40.315422 -124.598633    17.982        7.6       25.8      171.5     10.5     21.9     14.5 2020  6  1 13  3 56.500  0.00  13
   105082  40.309932 -124.597266    17.523      123.8     -583.8     -287.3     27.5     62.8     56.3 2020  6  1 17 15 14.660  0.00  13
   105086  40.315991 -124.600700    17.908     -168.1       89.0       97.8     18.9     32.4     30.0 2020  7 18  0 25 23.860  0.00  13
   105088  40.315584 -124.599438    17.850      -60.9       43.8       40.4     11.8     11.7     11.9 2020  8  9  0  4 25.560  0.00  13
   105092  40.314518 -124.598674    17.968        4.2      -74.6      157.7     11.1     23.4     18.3 2020 10 16 15 25 53.420  0.00  13
   105093  40.319873 -124.598096    18.474       53.3      520.1      663.6     15.8     34.0     52.8 2020 10 30  5 24 53.820  0.00  13
   105094  40.315401 -124.599349    17.876      -53.3       23.5       65.9     11.0     19.3     18.7 2020 12 12 14 36 59.760  0.00  13
   105097  40.315495 -124.598242    17.808       40.8       33.9       -2.1     15.3     18.7     18.3 2020 12 31 10 57 26.340  0.00  13
   105098  40.314762 -124.601123    17.938     -204.1      -47.4      128.4     14.7     24.7     26.0 2021  1  5  1  7 30.180  0.00  13
   105100  40.315759 -124.599731    17.855      -85.8       63.3       44.6      9.0     12.5     12.4 2021  1 21  1 51 43.340  0.00  13
   105101  40.315715 -124.599438    17.866      -60.9       58.3       55.6     10.8     19.6     19.7 2021  1 22  3 18 43.280  0.00  13
   105102  40.315637 -124.599593    17.870      -74.0       49.7       59.7      8.3     15.0     14.0 2021  1 29 17 49 54.300  0.00  13
   105105  40.315275 -124.599585    17.846      -73.3        9.5       35.9      8.9     17.5     16.9 2021  3 10 21 27  1.460  0.00  13
   105107  40.315849 -124.598242    17.891       40.8       73.2       80.7     16.3     20.9     21.2 2021  3 31  8 30 48.680  0.00  13
   105109  40.314766 -124.599447    17.806      -61.6      -47.0       -3.6     12.5     15.9     15.4 2021  4  2 12 52 12.100  0.00  13
   105111  40.315678 -124.599406    17.852      -58.1       54.2       41.9     10.9     21.4     21.5 2021  4  2 10 30 49.520  0.00  13
   105112  40.316020 -124.599349    17.914      -53.3       92.2      103.7      9.4     17.5     16.7 2021  4  2  9 31 22.380  0.00  13
   105115  40.307715 -124.596680    17.020      173.6     -830.0     -789.8      9.9     25.8     26.9 2021  4  5 20 34 12.380  0.00  13
   105116  40.312565 -124.595011    17.797      315.4     -291.4      -13.2     18.9     28.2     24.5 2021  4  5 20 27 26.720  0.00  13
   105119  40.315706 -124.599561    17.852      -71.2       57.4       42.2     10.3     19.9     19.9 2021  4  8  4 25 20.800  0.00  13
   105120  40.314844 -124.599284    17.766      -47.7      -38.4      -43.8      9.9     16.7     16.3 2021  4 10  1  0 55.380  0.00  13
   105122  40.317904 -124.594010    17.542      400.5      301.4     -268.1     12.4     30.5     29.7 2021  4 19  5 59 54.500  0.00  13
   105123  40.314880 -124.599447    17.796      -61.6      -34.3      -14.5     11.8     15.3     14.5 2021  5 14 18 13 50.280  0.00  13
   105128  40.312374 -124.599357    17.757      -54.0     -312.7      -52.9     15.0     17.9     20.8 2021  6 30 20 36 48.360  0.00  13
   105129  40.314319 -124.598926    17.724      -17.3      -96.7      -85.7     15.5     15.3     15.6 2021  7  1 17 16 11.740  0.00  13
   105132  40.314836 -124.597705    17.784       86.5      -39.3      -26.0     15.8     28.7     28.5 2021  7 25  3 57 32.920  0.00  13
   105135  40.316736 -124.599072    17.912      -29.7      171.7      101.9     11.8     19.6     19.7 2021  7 25  8 29 37.560  0.00  13
   105139  40.314535 -124.598975    18.002      -21.4      -72.7      191.9     11.6     19.0     19.9 2021 10 11 11 30 59.120  0.00  13
   105140  40.317371 -124.599316    17.916      -50.5      242.2      106.4     15.2     21.3     21.5 2021 10 12 13 13 42.500  0.00  13
   105141  40.315283 -124.599292    17.825      -48.4       10.4       15.0     11.6     15.6     16.0 2021 10 28 16 43 57.220  0.00  13
   105143  40.318038 -124.600228    17.595     -128.0      316.3     -214.5     17.7     35.4     33.6 2021 11 29 13 22  6.720  0.00  13
   105146  40.315507 -124.598071    17.800       55.3       35.2      -10.0     14.7     12.1     10.7 2021 12 20 20 47 48.480  0.00  13
   105150  40.316850 -124.599935    17.873     -103.1      184.3       62.7     10.7     17.0     14.9 2021 12 20 20 12 39.500  0.00  13
   105152  40.314473 -124.599040    17.825      -27.0      -79.5       15.4     11.5     15.7     13.1 2021 12 21  3 12 38.340  0.00  13
   105153  40.314648 -124.598844    17.891      -10.4      -60.1       81.1     11.5     17.6     14.9 2021 12 21  5 15 42.340  0.00  13
   105154  40.314266 -124.598966    17.906      -20.8     -102.6       95.6     12.4     21.6     17.2 2021 12 21  7 16 24.500  0.00  13
   105159  40.315731 -124.596598    19.028      180.5       60.1     1217.6     15.5     53.6     53.9 2021 12 21  4 35 57.500  0.00  13
   105161  40.315491 -124.598519    18.319       17.3       33.4      508.6     11.6     24.3     32.1 2021 12 21 13  1 26.020  0.00  13
   105162  40.315454 -124.599276    17.845      -47.0       29.4       35.4      8.3     16.6     15.8 2021 12 21  6 56 17.600  0.00  13
   105163  40.310673 -124.596509    18.674      188.2     -501.5      863.7     14.7     37.2     58.9 2021 12 21  9  3 55.100  0.00  13
   105166  40.322282 -124.596973    18.527      148.7      787.5      717.0     10.8     20.2     25.0 2021 12 21  3 48  2.300  0.00  13
   105168  40.326123 -124.597054    20.167      141.8     1214.1     2356.7     20.2     39.6     23.7 2021 12 21  1 10 38.460  0.00  13
   105171  40.315255 -124.599235    17.704      -43.6        7.2     -105.6      8.3     18.8     18.0 2021 12 22  6  5  7.120  0.00  13
   105175  40.317041 -124.596053    17.705      226.9      205.6     -104.8     27.9     57.1     55.1 2021 12 22 18 18 17.240  0.00  13
   105177  40.313574 -124.598975    17.699      -21.4     -179.4     -111.0     15.9     19.0     19.3 2021 12 23  1  8 40.000  0.00  13
   105178  40.315987 -124.599194    17.871      -40.1       88.6       61.2     12.7     16.9     17.4 2021 12 23 19 27  9.040  0.00  13
   105179  40.316357 -124.599447    17.893      -61.6      129.7       83.3     14.0     16.7     17.1 2021 12 23 19  4 46.800  0.00  13
   105180  40.314913 -124.599593    17.834      -74.0      -30.7       24.2     11.5     19.2     18.4 2021 12 23 15 40 53.880  0.00  13
   105183  40.317489 -124.593953    17.572      405.3      255.3     -238.0     17.6     37.1     34.3 2021 12 23  3 31 30.920  0.00  13
   105185  40.314502 -124.599268    17.851      -46.3      -76.4       40.8      8.3     17.4     15.1 2021 12 24 14 22 29.520  0.00  13
   105188  40.314014 -124.598991    17.592      -22.8     -130.6     -218.1      9.5     16.1     15.6 2021 12 24  2 49 14.440  0.00  13
   105190  40.315173 -124.594279    18.219      377.7       -1.8      408.8     28.4     60.3    108.1 2021 12 26  7 28 10.580  0.00  13
   105192  40.314811 -124.594743    19.195      338.3      -42.0     1385.0     14.1     51.5     41.7 2021 12 27  2 21 46.320  0.00  13
   105196  40.314327 -124.598958    17.599      -20.1      -95.8     -210.6     13.6     29.4     35.3 2021 12 30 13 35 31.280  0.00  13
   105199  40.304858 -124.598372    17.765       29.7    -1147.2      -44.9     13.2     48.0     45.8 2021 12 31 14 50 18.080  0.00  13
   105201  40.314775 -124.597127    18.508      135.6      -46.1      698.1      9.1     25.6     33.2 2022  1  1 10 17 59.220  0.00  13
   105205  40.312630 -124.598560    17.776       13.8     -284.2      -34.4     15.5     28.6     26.3 2022  1 10 15 39 12.420  0.00  13
   105206  40.317578 -124.601343    17.873     -222.7      265.2       63.3     22.1     46.8     42.8 2022  1 14  4 41 49.780  0.00  13
   105207  40.316744 -124.599731    17.904      -85.8      172.6       94.2     17.0     19.7     19.5 2022  1 15  7 19 33.280  0.00  13
   105209  40.315405 -124.599292    17.913      -48.4       23.9      102.6      9.8     16.4     13.4 2022  1 23  8 23 12.840  0.00  13
   105213  40.313847 -124.599536    17.657      -69.2     -149.1     -153.5      9.2     14.4     13.7 2022  2 21 19 46 57.280  0.00  13
   105216  40.314250 -124.599382    17.789      -56.0     -104.4      -20.6      8.6     14.6     10.2 2022  4 21  9  0 55.420  0.00  13
   105219  40.310205 -124.600114    17.456     -118.3     -553.5     -353.8     19.2     38.8     31.0 2022  6  3 20 46  6.960  0.00  13
   105220  40.320805 -124.599292    17.852      -48.4      623.5       42.3     20.6     47.8     36.5 2022  6 29 23 58 10.920  0.00  13
   105223  40.306877 -124.600309    17.519     -134.9     -923.1     -291.2     19.4     37.8     38.9 2022  9 23  3  2 49.440  0.00  13
   110360  40.315047 -124.599048    17.749      -27.7      -15.8      -60.9      7.3     13.6     14.0 2022 12 31  1  9 23.440  1.24  13
