   105298  40.408028 -124.559155    28.880      140.2       81.3     -289.7     20.2     28.9     39.8 2020  2 11 15 19 28.020  0.00  55
   105301  40.407296 -124.560815    29.177       -0.7        0.0        7.0      8.7     11.0     15.6 2020  2 25  5 13 53.560  0.00  55
   105305  40.406958 -124.560563    29.079       20.7      -37.5      -91.4     23.6     32.9     35.4 2020  4 29 23  1 49.900  0.00  55
   105309  40.407214 -124.560750    29.161        4.8       -9.0       -9.4     13.3     19.4     20.2 2020  7 31 12 47 13.580  0.00  55
   105313  40.407503 -124.560840    29.170       -2.8       23.0       -0.5     11.0     30.7     22.8 2021  1  5  0 23  5.820  0.00  55
   105319  40.406783 -124.560889    29.166       -6.9      -56.9       -3.6     12.8     18.7     16.8 2021  7 21 11 28 57.520  0.00  55
   105321  40.407617 -124.560726    29.176        6.9       35.7        6.3     13.4     21.9     21.2 2021  8 18  8 21 26.720  0.00  55
   105322  40.407524 -124.560913    29.191       -9.0       25.3       20.9     13.7     18.9     19.4 2021  8 19  7 18 10.260  0.00  55
   105325  40.407231 -124.560775    29.174        2.8       -7.2        4.3     12.3     24.5     19.7 2021  9  3 21 30 53.400  0.00  55
   105331  40.407235 -124.560750    29.164        4.8       -6.8       -5.6     11.3     18.2     16.3 2021 12 25 10 34 41.640  0.00  55
   105333  40.407735 -124.560579    29.153       19.3       48.8      -17.4     14.5     21.2     19.1 2022  1 25 11 52 13.660  0.00  55
   105336  40.407239 -124.560734    29.165        6.2       -6.3       -4.7     12.8     20.7     19.2 2022  2  4 20 41 36.720  0.00  55
   105337  40.407031 -124.561043    29.192      -20.0      -29.4       22.4     13.9     32.1     21.5 2022  2 26  7 23 30.220  0.00  55
   105340  40.406523 -124.561092    29.175      -24.2      -85.8        5.2     13.6     17.5     16.5 2022  3 12 15 17  2.720  0.00  55
   105351  40.407206 -124.561011    29.181      -17.3       -9.9       11.4     14.9     20.8     21.1 2022  7 31 17 59 40.980  0.00  55
   105356  40.407426 -124.560872    29.185       -5.5       14.5       14.6     13.3     19.7     19.0 2022  9  6  2 12 31.600  0.00  55
   105357  40.407300 -124.561060    29.194      -21.4        0.5       24.2     19.0     27.0     23.9 2022  9  9 11 44 44.400  0.00  55
   105359  40.407292 -124.560905    29.168       -8.3       -0.5       -2.5     16.1     19.1     28.9 2022 11  7 15 50 24.900  0.00  55
   105360  40.407499 -124.560881    29.186       -6.2       22.6       15.7     13.4     21.7     18.4 2022 11 21  5 14 55.680  0.00  55
   110364  40.407296 -124.560815    29.179       -0.7        0.0        9.1     10.6     13.5     15.0 2023  4 18 11 40  6.890  2.03  55
