   105298  40.408004 -124.559448    28.945      115.4       78.6     -225.2    234.5    278.7    310.6 2020  2 11 15 19 28.020  0.00  55
   105301  40.407296 -124.560807    29.174        0.0        0.0        4.0     47.0     53.3     60.3 2020  2 25  5 13 53.560  0.00  55
   105305  40.406909 -124.560490    29.074       26.9      -42.9      -96.3    130.0    148.7    213.5 2020  4 29 23  1 49.900  0.00  55
   105309  40.407247 -124.560767    29.164        3.5       -5.4       -5.9     61.6     84.9     97.2 2020  7 31 12 47 13.580  0.00  55
   105313  40.407426 -124.560815    29.168       -0.7       14.5       -1.5     43.9    100.4     76.2 2021  1  5  0 23  5.820  0.00  55
   105319  40.406897 -124.560889    29.170       -6.9      -44.3       -0.1     98.8    203.4     86.9 2021  7 21 11 28 57.520  0.00  55
   105321  40.407552 -124.560726    29.172        6.9       28.5        2.1     80.6    161.4    102.9 2021  8 18  8 21 26.720  0.00  55
   105322  40.407520 -124.560921    29.190       -9.7       24.9       19.7    111.5    165.4    150.5 2021  8 19  7 18 10.260  0.00  55
   105325  40.407251 -124.560775    29.171        2.8       -5.0        1.4     69.5    107.6    109.8 2021  9  3 21 30 53.400  0.00  55
   105331  40.407251 -124.560767    29.166        3.5       -5.0       -4.0     57.3     96.4     88.8 2021 12 25 10 34 41.640  0.00  55
   105333  40.407621 -124.560604    29.154       17.3       36.1      -15.7    101.9    226.1    130.8 2022  1 25 11 52 13.660  0.00  55
   105336  40.407259 -124.560758    29.167        4.1       -4.1       -3.2     55.2    100.8     93.8 2022  2  4 20 41 36.720  0.00  55
   105337  40.407072 -124.560970    29.186      -13.8      -24.9       16.4     91.4    188.3    116.9 2022  2 26  7 23 30.220  0.00  55
   105340  40.406673 -124.561051    29.177      -20.7      -69.1        6.7    135.1    271.5     94.0 2022  3 12 15 17  2.720  0.00  55
   105351  40.407239 -124.560978    29.183      -14.5       -6.3       12.6    122.7    190.6    172.3 2022  7 31 17 59 40.980  0.00  55
   105356  40.407385 -124.560848    29.180       -3.5        9.9        9.6     90.6    135.2    127.1 2022  9  6  2 12 31.600  0.00  55
   105357  40.407345 -124.561043    29.196      -20.0        5.4       25.7    148.3    217.9    198.6 2022  9  9 11 44 44.400  0.00  55
   105359  40.407284 -124.560856    29.169       -4.1       -1.4       -1.4     82.7    102.9    112.8 2022 11  7 15 50 24.900  0.00  55
   105360  40.407430 -124.560856    29.180       -4.1       14.9       10.5     88.7    145.6    127.6 2022 11 21  5 14 55.680  0.00  55
   110364  40.407304 -124.560824    29.178       -1.4        0.9        8.2     79.2     87.7    104.1 2023  4 18 11 40  6.890  2.03  55
