   106452  40.707324 -124.368783    23.856     -273.7      489.8    -1111.0     14.6     13.6     16.2 2021  2 24  1 13  1.120  0.00  71
   106453  40.707231 -124.368620    23.764     -260.0      479.4    -1203.1     17.9     20.4     25.8 2021  6  9  4 11 41.800  0.00  71
   106454  40.706779 -124.368823    24.422     -277.2      429.3     -545.1     18.9     24.7     75.6 2021  6 15  1 44 36.180  0.00  71
   106455  40.707833 -124.368994    25.763     -291.6      546.3      795.5     30.1     21.7     64.5 2021  9 20  7 30 52.220  0.00  71
   106456  40.706742 -124.368823    24.485     -277.2      425.2     -482.0     19.6     20.2     73.8 2021  9 22  9 23  9.220  0.00  71
   106457  40.706759 -124.369189    24.891     -308.1      427.0      -76.1     31.8     19.3     87.8 2021  9 26 15 38 26.700  0.00  71
   106458  40.706734 -124.368831    24.501     -277.8      424.3     -466.6     22.2     21.7     83.9 2021 12 28  4 59 52.400  0.00  71
   106459  40.707393 -124.368953    25.054     -288.2      497.5       86.8     25.4      9.4     64.0 2022  8  5  4  2 33.760  0.00  71
   106470  40.683907 -124.351025    28.993     1227.1    -2110.6     4025.7     26.6     22.5     36.8 2021  6 27 14 23 24.780  0.00  71
   110401  40.707210 -124.368864    23.944     -280.6      477.2    -1023.3     15.1     16.2     17.7 2023  1 19  3  6 27.480  1.40  71
   110402  40.684668 -124.351025    28.999     1227.1    -2026.1     4031.2     26.6     22.5     36.8 2023  2 17  9 24 34.670  1.19  71
