   108116  40.731657 -124.221989    20.891       44.0     -180.7      -58.9     32.9     62.4     54.3 2020  3 26  9 20 53.200  0.00  31
   108117  40.733439 -124.222445    20.932        5.5       17.2      -17.5     31.4     24.0     28.4 2020  4 13 22 41 44.480  0.00  31
   108121  40.733293 -124.222331    20.945       15.1        0.9       -5.0     34.1     22.3     18.5 2020  6  1  3  3 25.700  0.00  31
   108124  40.733065 -124.223250    21.020      -62.6      -24.4       69.6     49.9     37.8     51.6 2021  7  6  9 25 32.080  0.00  31
   108125  40.733154 -124.223267    20.992      -63.9      -14.5       42.1     47.2     31.0     46.3 2021  7  7  8 56 27.360  0.00  31
   108126  40.733077 -124.223112    21.012      -50.9      -23.0       62.4     46.6     33.9     45.9 2021  7  7  8 57 58.960  0.00  31
   108127  40.733110 -124.223014    21.003      -42.6      -19.4       53.0     38.9     29.6     38.1 2021  7  7  8 57 42.960  0.00  31
   108128  40.733134 -124.223193    20.998      -57.7      -16.7       47.8     43.0     30.6     46.9 2021  7 17  8 16 24.480  0.00  31
   108129  40.733126 -124.223234    21.001      -61.2      -17.6       50.8     42.8     31.1     46.0 2021  7 17  8  5  6.820  0.00  31
   108130  40.733065 -124.223136    21.012      -52.9      -24.4       61.8     47.6     31.6     46.4 2021  7 17  8  4 38.280  0.00  31
   108133  40.733378 -124.222013    20.910       41.9       10.4      -39.7     41.8     32.4     31.3 2021  9 13 12 47 56.560  0.00  31
   108135  40.733341 -124.222127    20.927       32.3        6.3      -22.6     39.5     19.4     29.8 2021  9 25 19 33 49.660  0.00  31
   108136  40.733390 -124.222225    20.921       24.1       11.7      -29.3     37.6     20.7     27.3 2021  9 25 19 32 13.960  0.00  31
   108137  40.733390 -124.222306    20.929       17.2       11.7      -21.3     32.1     22.8     28.1 2021  9 25 21  8 54.760  0.00  31
   108138  40.733350 -124.222241    20.917       22.7        7.2      -33.1     38.7     24.6     37.4 2021  9 25 22 51 56.340  0.00  31
   108140  40.733289 -124.222144    20.923       30.9        0.5      -27.2     36.9     20.5     29.3 2021  9 26  2 29  6.560  0.00  31
   108144  40.733374 -124.222201    20.927       26.1        9.9      -22.6     32.8     21.3     27.5 2021 10  2 14 19 50.940  0.00  31
   108145  40.733378 -124.222192    20.927       26.8       10.4      -23.0     33.2     21.1     26.0 2021 10  2 15 18 22.940  0.00  31
   108147  40.733366 -124.222192    20.928       26.8        9.0      -22.2     32.4     17.9     24.0 2021 10  2 13 51  0.980  0.00  31
   108148  40.733126 -124.223153    21.001      -54.3      -17.6       51.4     40.9     34.1     50.2 2021 10 10 10 57 12.440  0.00  31
   108149  40.733211 -124.223039    20.989      -44.7       -8.1       38.6     32.0     23.2     21.9 2021 10 10  9 56 55.340  0.00  31
   108150  40.733187 -124.223348    21.016      -70.8      -10.8       66.3     43.2     32.6     50.2 2021 10 10 12  3  7.700  0.00  31
   108160  40.733350 -124.222005    20.906       42.6        7.2      -44.3     41.6     25.5     40.2 2021 10 18  5  9 30.780  0.00  31
   108162  40.733333 -124.222225    20.932       24.1        5.4      -17.7     35.9     17.5     23.7 2021 12  8 21 31 20.560  0.00  31
   108164  40.733769 -124.221029    20.804      125.1       53.8     -145.5     70.5     32.8     54.9 2022  3 23  3 53 43.400  0.00  31
   108165  40.733114 -124.222461    20.954        4.1      -19.0        3.9     30.7     31.6     37.3 2022  3 25 19 15 29.160  0.00  31
   108166  40.733199 -124.222404    20.963        8.9       -9.5       12.8     36.5     38.6     38.0 2022  3 25 14 27 33.320  0.00  31
   108167  40.733305 -124.222339    20.944       14.4        2.3       -6.2     40.9     22.9     35.9 2022  3 25 14 42  8.760  0.00  31
   108168  40.733313 -124.222380    20.963       11.0        3.2       13.3     47.2     39.4     37.2 2022  3 25 11 50 44.720  0.00  31
   108169  40.733158 -124.222331    20.949       15.1      -14.0       -0.8     37.7     30.6     31.0 2022  3 26  4 13 16.340  0.00  31
   108170  40.733354 -124.222298    20.933       17.9        7.7      -16.7     36.5     27.3     27.7 2022  3 26 10 29 21.520  0.00  31
   108171  40.733317 -124.222339    20.952       14.4        3.6        1.7     46.6     27.3     35.4 2022  3 26  9 46 18.680  0.00  31
   108172  40.733252 -124.222355    20.953       13.1       -3.6        2.5     43.5     19.3     30.0 2022  3 27  3 30 40.240  0.00  31
   108173  40.733272 -124.222469    20.955        3.4       -1.4        4.7     39.3     25.6     28.5 2022  3 27 12 44 16.700  0.00  31
   108175  40.733240 -124.222347    20.951       13.7       -5.0        0.9     42.1     24.8     34.3 2022  3 30 11 52 59.300  0.00  31
   108176  40.733276 -124.222266    20.927       20.6       -0.9      -23.1     40.1     20.4     42.2 2022  4  2 16 13  4.240  0.00  31
   108178  40.733374 -124.221598    20.920       77.0        9.9      -29.6     61.1     20.4     33.9 2022  6 22  0 28 21.720  0.00  31
   108179  40.733435 -124.221061    20.900      122.4       16.7      -50.4     71.4     17.8     31.4 2022  7  3 23 30 11.360  0.00  31
   108182  40.733004 -124.220597    20.845      161.6      -31.2     -104.9     58.2     35.3     57.7 2022  8 17  6 23  8.780  0.00  31
   110483  40.733350 -124.222575    20.954       -5.5        7.2        3.8     27.2     16.9     18.8 2023  4 29 18 24  1.280  0.83  31
