   103991  40.298621 -124.339811     9.658    -2616.5    -1609.4     -141.0    113.0    136.7     93.4 2020  1 17  9 45 59.140  0.00  47
   103993  40.300594 -124.339624     9.492    -2600.5    -1390.3     -306.5    119.7    223.1    165.9 2020  5 10  3 42 52.940  0.00  47
   103994  40.301973 -124.339583     9.490    -2597.1    -1237.1     -309.0    140.7    223.2    174.9 2020  5 10  5 35 35.000  0.00  47
   103998  40.298352 -124.340283     9.675    -2656.6    -1639.2     -123.7     84.8    137.4    130.5 2020  9 14  9  1 19.540  0.00  47
   104000  40.298743 -124.340837     9.640    -2703.7    -1595.9     -159.2     70.5    107.4     90.1 2021  3 25  0  8 59.680  0.00  47
   104002  40.299459 -124.340723     9.648    -2694.0    -1516.3     -150.7     88.2    100.9     96.4 2021  8 22  5 40 15.640  0.00  47
   104004  40.299764 -124.340348     9.663    -2662.1    -1482.4     -135.4     88.8    102.9    102.4 2021  9  4  3 28 39.640  0.00  47
   104007  40.298730 -124.340308     9.654    -2658.7    -1597.2     -144.9     88.4     72.2     91.6 2022  5 10 23 26 29.780  0.00  47
   104008  40.297327 -124.340527     9.506    -2677.4    -1753.1     -292.9     92.9    220.0    151.9 2022  5 30  7 25 58.420  0.00  47
   104010  40.295858 -124.339022     9.523    -2549.4    -1916.2     -275.9    137.9    199.0    138.5 2022  6 28  1 22 18.540  0.00  47
   104011  40.297266 -124.339665     9.587    -2604.1    -1759.9     -211.7     94.9    120.6     91.1 2022 10 19 21 53 36.280  0.00  47
   106813  40.294503 -124.330208     9.486    -1800.2    -2066.7     -312.5     73.4    115.8     58.4 2020  3 17  5 56 19.560  0.00  47
   106827  40.293510 -124.330754     9.479    -1846.6    -2176.9     -320.3     46.9     64.9     72.7 2022  2 25  5 29 56.100  0.00  47
   106830  40.294364 -124.330770     9.416    -1847.9    -2082.0     -382.8     50.5    174.3     67.7 2022  7  5 15 16 47.800  0.00  47
   106831  40.293905 -124.330477     9.541    -1823.0    -2133.1     -258.0     63.8     73.3     62.3 2022  8 21 21 28 41.340  0.00  47
   106832  40.293176 -124.330640     9.526    -1836.9    -2213.9     -272.4     69.2     69.5     74.2 2022  8 21 21 40 11.720  0.00  47
   106834  40.294946 -124.330290     9.344    -1807.1    -2017.4     -455.0     91.4    186.3    131.7 2022 10 20 17 49 27.620  0.00  47
   107004  40.333834 -124.211947     7.214     8251.4     2300.7    -2585.1    183.3    176.3    181.8 2022  3  4 18 57 23.080  0.00  47
   107006  40.332495 -124.212451     6.862     8208.6     2152.0    -2937.2    104.1    150.9    181.5 2022 10 10 12 43 31.860  0.00  47
   108402  40.379932 -124.250968    12.689     4933.2     7419.4     2890.3     47.5     51.8     48.0 2022 10  8 11 13  1.020  0.00  47
   108407  40.379899 -124.250684    12.688     4957.4     7415.8     2889.6     46.6     52.1     46.3 2022 11 12 15 29 41.060  0.00  47
   110332  40.298958 -124.340601     9.669    -2683.6    -1571.9     -130.3     84.0     95.9     91.6 2023  3 12 10 38 34.580  0.73  47
   110415  40.294307 -124.330005     9.543    -1782.9    -2088.3     -255.8     34.6     77.0     24.3 2023  3 15 21 22 18.100  1.02  47
   110424  40.334041 -124.210018     7.230     8415.3     2323.7    -2568.7    105.3    127.5    140.9 2023  5  3  7 32 56.730  0.50  47
   110499  40.379651 -124.250765    12.671     4950.5     7388.3     2872.5     46.1     49.0     46.1 2023  3 19 16 35 12.330  0.73  47
   110740  40.349996 -124.249382    12.325     5069.2     4095.4     2527.1    120.5    106.2     89.5 2023  2  1  5  8 29.030  0.91  47
