   104513  40.406181 -124.347485    28.325     -938.9     1637.9     -462.7    142.2    156.4    141.2 2020  1 21  3  0 13.680  0.00  57
   104515  40.407145 -124.351107    28.572    -1246.3     1745.0     -215.8     80.6     93.7     79.7 2020  7 27  8 38 54.500  0.00  57
   104516  40.407926 -124.350692    28.594    -1211.1     1831.7     -193.1     72.9     66.2     72.1 2021  5  6 16  3 56.100  0.00  57
   104518  40.407218 -124.351123    28.580    -1247.7     1753.1     -207.5     87.3     94.7     83.8 2021  5 21  0  9 12.220  0.00  57
   104520  40.408313 -124.350684    28.615    -1210.4     1874.7     -172.1     68.4     80.4     75.7 2021 12 20 21 40 27.420  0.00  57
   104521  40.404936 -124.352026    28.717    -1324.4     1499.6      -70.8    201.8    124.7    171.7 2022  1  6  1  8 41.420  0.00  57
   104522  40.406689 -124.351050    28.565    -1241.5     1694.4     -221.9     83.0     93.9     81.3 2022  8 10  4 54 15.660  0.00  57
   108928  40.379443 -124.325610    28.947      918.4    -1331.1      159.4     49.1     42.0     29.3 2020  8 18  7 42 21.560  0.00  57
   108931  40.378988 -124.325846    28.923      898.3    -1381.7      135.8     72.6     87.3     49.1 2021 11  3  1  3 27.500  0.00  57
   108935  40.379362 -124.325928    28.890      891.4    -1340.1      102.2     31.7     45.2     44.5 2021 12 20 23 44 13.940  0.00  57
   108936  40.379924 -124.325757    28.940      905.9    -1277.8      152.8     41.4     57.9     40.1 2021 12 20 20 20  4.260  0.00  57
   108937  40.379146 -124.325545    28.925      923.9    -1364.1      137.2     68.9     80.5     36.4 2021 12 20 20 39 20.900  0.00  57
   108940  40.380033 -124.325057    28.913      965.3    -1265.6      125.7    148.3    102.0     87.3 2021 12 20 23 54 29.040  0.00  57
   108946  40.379407 -124.325659    28.902      914.2    -1335.2      114.7     46.5     81.6     53.7 2021 12 22  6 16 37.920  0.00  57
   108949  40.379801 -124.325659    28.937      914.2    -1291.3      149.2     38.0     48.7     33.4 2021 12 23 21 58  8.480  0.00  57
   108950  40.379358 -124.325895    28.942      894.2    -1340.6      154.4     60.5     60.4     25.1 2021 12 23 10 55 57.180  0.00  57
   108955  40.380139 -124.324976    28.889      972.3    -1253.8      101.3    147.7     91.5    111.2 2022  3  8 12 56 15.060  0.00  57
   110342  40.408582 -124.351506    28.595    -1280.2     1904.5     -192.8     70.5     77.7     71.3 2023  5 15 11 35 50.560  2.49  57
   110571  40.379411 -124.324984    28.955      971.6    -1334.7      167.7     39.1     45.4     25.1 2023  5 18 17 14 50.720  1.28  57
