   102177  40.295939 -124.478743    26.856     1285.7      976.4     5737.1      1.4      5.2      1.1 2020  4  1 11 46 58.040  0.00   2
   102179  40.285291 -124.491943    25.431      163.3     -206.0     4311.8      1.3      3.0      1.8 2022  4 28 10 58 15.600  0.00   2
   102611  40.294112 -124.551864    23.196    -4931.8      773.5     2076.9      0.5      0.7      0.6 2020  1 28  5 11 32.240  0.00   2
   102614  40.294092 -124.551961    23.208    -4940.1      771.3     2089.3      0.5      0.8      0.7 2020  2 19  4 37 44.400  0.00   2
   102615  40.294234 -124.552026    23.134    -4945.6      787.1     2014.8      0.3      0.8      0.6 2020  3  2 21 56 10.200  0.00   2
   102616  40.293998 -124.551815    23.145    -4927.6      760.9     2025.7      0.4      0.7      0.5 2020  3 12 13 19 53.560  0.00   2
   102617  40.284473 -124.553548    23.095    -5075.4     -296.8     1976.5      0.4      1.0      0.8 2020  3 19  2  9 47.580  0.00   2
   102618  40.294006 -124.551872    23.143    -4932.5      761.8     2024.5      0.2      0.6      0.4 2020  3 24  8  3 36.860  0.00   2
   102619  40.295439 -124.551546    23.143    -4904.7      920.8     2023.7      0.6      1.0      0.7 2020  5  3 14  1 39.440  0.00   2
   102620  40.294051 -124.552091    23.144    -4951.1      766.7     2025.2      0.4      0.6      0.4 2020  5  8  2 59 28.200  0.00   2
   102621  40.293945 -124.551880    23.145    -4933.1      755.0     2026.5      0.3      0.6      0.4 2020  5 20  5 59 56.040  0.00   2
   102622  40.294002 -124.551953    23.141    -4939.4      761.3     2022.5      0.4      0.7      0.5 2020  5 25 11 34 11.100  0.00   2
   102623  40.293945 -124.551807    23.147    -4926.9      755.0     2027.9      0.3      0.9      0.5 2020  6 17  9 38  2.760  0.00   2
   102626  40.293929 -124.551921    23.145    -4936.6      753.2     2026.3      0.3      0.9      0.6 2020  7 30 14 15 55.420  0.00   2
   102627  40.294198 -124.551383    23.142    -4890.9      783.0     2023.4      0.5      0.7      0.4 2020  8  6  9 43  0.900  0.00   2
   102628  40.293945 -124.551847    23.146    -4930.4      755.0     2027.0      0.3      0.7      0.5 2020  8 12  9 16 12.860  0.00   2
   102629  40.293896 -124.551782    23.156    -4924.8      749.6     2037.5      0.5      1.2      0.8 2020  8 30 19 11 39.340  0.00   2
   102630  40.294104 -124.551473    23.143    -4898.5      772.6     2023.7      0.5      0.8      0.5 2020  9  4 12  2 45.620  0.00   2
   102631  40.294145 -124.551969    23.137    -4940.8      777.1     2018.0      0.4      1.0      0.5 2020  9 14  2 37 30.160  0.00   2
   102632  40.294279 -124.552051    23.133    -4947.7      792.0     2014.6      0.4      0.9      0.5 2020 10 22  1 28 26.760  0.00   2
   102633  40.293978 -124.551872    23.144    -4932.5      758.6     2025.3      0.3      0.7      0.5 2020 10 29  4 23 31.560  0.00   2
   102636  40.293925 -124.551994    23.143    -4942.8      752.7     2024.5      0.3      0.5      0.4 2020 11 12  0 59 20.320  0.00   2
   102637  40.294067 -124.551709    23.142    -4918.6      768.6     2023.3      0.3      0.7      0.4 2020 11 22  4 28 11.800  0.00   2
   102638  40.293986 -124.551717    23.157    -4919.3      759.5     2038.6      0.6      1.2      1.2 2020 11 24  4 43  2.220  0.00   2
   102640  40.290198 -124.552018    23.372    -4945.0      338.9     2253.1      0.6      0.9      0.7 2020 12 20 20 43  7.720  0.00   2
   102643  40.293856 -124.551994    23.151    -4942.8      745.1     2032.4      0.4      0.7      0.5 2021  4  2  8 21 40.740  0.00   2
   102644  40.293958 -124.551855    23.146    -4931.1      756.4     2026.8      0.3      0.8      0.5 2021  4  2 10  4 11.960  0.00   2
   102645  40.293091 -124.552775    23.147    -5009.3      660.1     2028.1      0.6      1.1      0.9 2021  4  2  8 33 31.360  0.00   2
   102646  40.293896 -124.552043    23.143    -4947.0      749.6     2023.7      0.5      0.7      0.6 2021  4  3  8 46 31.580  0.00   2
   102648  40.294267 -124.551839    23.132    -4929.7      790.7     2013.1      0.2      0.9      0.6 2021  4  4 22 47 31.720  0.00   2
   102649  40.293986 -124.551864    23.143    -4931.8      759.5     2024.6      0.3      0.6      0.4 2021  4  6 18 44  3.960  0.00   2
   102650  40.293978 -124.551872    23.144    -4932.5      758.6     2025.2      0.3      0.7      0.4 2021  4 16  7 34 37.420  0.00   2
   102652  40.294043 -124.551660    23.152    -4914.5      765.8     2032.8      0.4      1.1      0.7 2021  4 24 10 54 59.700  0.00   2
   102653  40.293355 -124.552734    23.137    -5005.8      689.5     2018.0      0.7      1.1      0.7 2021  5 11 10 53 45.640  0.00   2
   102654  40.294019 -124.551758    23.144    -4922.8      763.1     2025.4      0.3      0.6      0.4 2021  5 18  7  9  4.920  0.00   2
   102655  40.293941 -124.552474    23.132    -4983.7      754.5     2012.8      0.6      1.0      0.5 2021  6  5 23 47 43.440  0.00   2
   102656  40.293917 -124.552181    23.141    -4958.8      751.8     2022.4      0.5      0.5      0.4 2021  7 10 10 32  6.000  0.00   2
   102657  40.294035 -124.551701    23.143    -4917.9      764.9     2024.4      0.3      0.5      0.4 2021  7 10 10 35 55.320  0.00   2
   102658  40.294002 -124.551815    23.144    -4927.6      761.3     2025.0      0.3      0.5      0.4 2021  7 10 10 44 51.580  0.00   2
   102659  40.294348 -124.551969    23.123    -4940.7      799.7     2004.4      0.3      0.8      0.5 2021  7 10 11 32 17.980  0.00   2
   102660  40.294454 -124.551986    23.119    -4942.1      811.5     2000.3      0.3      1.1      0.7 2021  7 10 12 22  8.220  0.00   2
   102661  40.293994 -124.551904    23.143    -4935.2      760.4     2023.8      0.3      0.6      0.3 2021  7 11  0 11 56.640  0.00   2
   102662  40.293892 -124.551880    23.146    -4933.2      749.1     2027.6      0.4      1.2      0.8 2021  8 14  7 32 23.840  0.00   2
   102663  40.293937 -124.552148    23.141    -4956.0      754.1     2021.9      0.4      0.6      0.4 2021  8 17  5  4 32.220  0.00   2
   102664  40.293921 -124.552604    23.139    -4994.7      752.3     2020.6      0.3      0.9      0.5 2021 10 17 20 33  5.600  0.00   2
   102665  40.294047 -124.551563    23.144    -4906.2      766.3     2025.5      0.4      0.6      0.4 2021 11  4  7 34 53.420  0.00   2
   102666  40.294084 -124.551367    23.145    -4889.5      770.4     2026.5      0.5      0.7      0.5 2021 11 17  7 26 36.100  0.00   2
   102667  40.294023 -124.551636    23.145    -4912.4      763.6     2025.8      0.3      0.5      0.3 2021 12  3 14  3  8.220  0.00   2
   102669  40.294043 -124.551554    23.145    -4905.5      765.8     2026.1      0.4      0.5      0.3 2021 12 20 23 12 47.680  0.00   2
   102670  40.293970 -124.551986    23.143    -4942.1      757.7     2024.6      0.3      0.7      0.5 2021 12 21 19 14 52.560  0.00   2
   102671  40.293868 -124.551961    23.143    -4940.1      746.4     2024.2      0.4      0.7      0.4 2021 12 21  0  6 44.760  0.00   2
   102673  40.294006 -124.551758    23.145    -4922.8      761.8     2026.0      0.3      0.6      0.4 2021 12 26  0 58 31.020  0.00   2
   102674  40.294092 -124.552498    23.137    -4985.7      771.3     2018.6      0.3      1.2      0.8 2021 12 27 21 23 56.940  0.00   2
   102675  40.293917 -124.552018    23.142    -4944.9      751.8     2023.4      0.4      0.7      0.4 2021 12 28 23 42 32.980  0.00   2
   102677  40.293990 -124.552116    23.140    -4953.2      760.0     2021.6      0.4      0.7      0.4 2021 12 30 21 50 15.320  0.00   2
   102678  40.294014 -124.551774    23.145    -4924.2      762.7     2025.7      0.3      0.7      0.5 2021 12 31 23 44 46.660  0.00   2
   102679  40.294010 -124.551831    23.144    -4929.0      762.2     2025.4      0.4      0.6      0.4 2022  1  6 21 51 26.240  0.00   2
   102684  40.293583 -124.552490    23.137    -4985.1      714.8     2018.5      0.7      1.0      0.6 2022  2 12 18 43 42.940  0.00   2
   102685  40.293978 -124.551855    23.145    -4931.1      758.6     2026.2      0.3      0.8      0.5 2022  3  2 23 19 59.800  0.00   2
   102686  40.293953 -124.551847    23.146    -4930.4      755.9     2027.0      0.4      1.2      0.8 2022  3  2 16  8  3.180  0.00   2
   102687  40.294043 -124.551766    23.143    -4923.5      765.8     2024.5      0.3      0.5      0.3 2022  3  9 13 42 16.640  0.00   2
   102691  40.294002 -124.551937    23.142    -4938.0      761.3     2022.8      0.3      0.7      0.4 2022  5 18 18  7 36.080  0.00   2
   102692  40.293978 -124.552051    23.140    -4947.7      758.6     2021.0      0.4      0.9      0.6 2022  5 21 20  6 56.040  0.00   2
   102693  40.293962 -124.551855    23.144    -4931.1      756.8     2025.5      0.4      0.6      0.4 2022  6 20  7 39 31.020  0.00   2
   102694  40.294035 -124.551774    23.143    -4924.1      764.9     2024.0      0.4      0.8      0.5 2022  6 27  7 43 34.160  0.00   2
   102695  40.293266 -124.552010    23.132    -4944.2      679.5     2013.1      0.4      1.4      0.6 2022  7 18  1 42 42.840  0.00   2
   102696  40.294067 -124.551676    23.143    -4915.8      768.6     2024.3      0.3      0.6      0.5 2022  7 28  7 20 33.000  0.00   2
   102697  40.294014 -124.551750    23.143    -4922.1      762.7     2024.6      0.3      0.6      0.4 2022  8  2  3 23 52.420  0.00   2
   102698  40.294010 -124.551790    23.144    -4925.5      762.2     2025.3      0.4      0.6      0.3 2022  8 16 18 15 25.220  0.00   2
   102699  40.293990 -124.551839    23.144    -4929.7      760.0     2024.9      0.3      0.7      0.3 2022  9 16  6  1  5.000  0.00   2
   102700  40.294006 -124.551709    23.145    -4918.6      761.8     2025.9      0.4      0.7      0.5 2022  9 19  4 54 39.760  0.00   2
   102702  40.293970 -124.551904    23.143    -4935.2      757.7     2023.8      0.3      0.7      0.5 2022 10  5  5 11 18.160  0.00   2
   102705  40.294067 -124.552035    23.140    -4946.3      768.6     2020.9      0.5      0.8      0.4 2022 11  1  9 40 50.800  0.00   2
   102706  40.294027 -124.551725    23.144    -4920.0      764.0     2025.0      0.3      0.6      0.5 2022 11 27 18  0 57.680  0.00   2
   103181  40.284465 -124.469417    20.554     2078.9     -297.8     -564.5      0.5      1.2      0.7 2020  1 11  1 31 54.420  0.00   2
   103185  40.282715 -124.469938    20.421     2034.6     -492.0     -698.2      0.3      0.3      0.5 2020  3 20  0 26 38.040  0.00   2
   103189  40.289681 -124.468376    20.651     2167.4      281.5     -467.5      0.6      1.6      1.0 2020  5 27  2 48 16.160  0.00   2
   103193  40.282674 -124.469881    20.471     2039.4     -496.6     -648.3      0.4      1.0      0.9 2020  7 17 21 44  7.800  0.00   2
   103194  40.282605 -124.469840    20.456     2042.9     -504.2     -662.4      0.4      0.6      0.7 2020  8 11  2 18 34.020  0.00   2
   103195  40.282650 -124.470044    20.431     2025.6     -499.3     -687.8      0.2      0.4      0.7 2020  9  3 21 10 12.920  0.00   2
   103196  40.282625 -124.469971    20.448     2031.8     -502.0     -670.8      0.4      0.5      1.0 2020  9 30 18 18  5.760  0.00   2
   103197  40.282678 -124.470068    20.422     2023.5     -496.1     -697.2      0.3      0.4      0.7 2020 10 13 14 33 43.200  0.00   2
   103199  40.282751 -124.470060    20.418     2024.2     -488.0     -701.3      0.3      0.7      0.8 2020 11 26  8 19 30.520  0.00   2
   103201  40.283089 -124.469580    20.722     2065.0     -450.5     -396.7      0.3      1.2      0.8 2020 12 24  9 22 40.660  0.00   2
   103203  40.290645 -124.468376    20.643     2167.3      388.6     -475.6      0.6      1.4      0.9 2021  2 24 19 37  0.500  0.00   2
   103204  40.282638 -124.469938    20.443     2034.6     -500.6     -675.7      0.3      0.7      0.8 2021  3 22 10 31  8.140  0.00   2
   103206  40.282747 -124.470133    20.395     2018.0     -488.4     -724.2      0.3      0.5      0.8 2021  4 24  6 17 31.180  0.00   2
   103207  40.282332 -124.470329    20.541     2001.4     -534.5     -577.8      0.7      1.0      1.1 2021  5  2  8  9 31.120  0.00   2
   103210  40.282703 -124.470386    20.380     1996.5     -493.4     -739.3      0.5      0.5      0.9 2021  8  5 10 16 23.100  0.00   2
   103211  40.282707 -124.470093    20.409     2021.4     -492.9     -709.6      0.3      0.4      0.4 2021  9  5 23  3 58.160  0.00   2
   103213  40.284493 -124.469385    20.544     2081.6     -294.6     -574.5      0.5      1.6      0.8 2021 10  6  9  9 39.160  0.00   2
   103214  40.271619 -124.466805    20.597     2301.2    -1724.2     -522.1      2.0      4.0      3.3 2021 10 12 11 29  9.760  0.00   2
   103216  40.282743 -124.470076    20.429     2022.8     -488.9     -690.3      0.4      0.5      0.7 2021 11  1 12 14 16.760  0.00   2
   103218  40.282764 -124.470085    20.438     2022.1     -486.6     -680.7      0.5      0.8      0.9 2021 12 20 23 42 18.160  0.00   2
   103219  40.284672 -124.469067    20.581     2108.6     -274.7     -538.2      0.6      2.0      0.8 2021 12 21 19 53 20.860  0.00   2
   103220  40.285250 -124.469263    20.610     2092.0     -210.6     -508.4      0.4      1.0      0.7 2021 12 21  3 25  2.140  0.00   2
   103221  40.282784 -124.470321    20.415     2002.1     -484.4     -703.4      0.5      0.5      0.5 2021 12 22 23 56  7.680  0.00   2
   103222  40.282723 -124.469954    20.421     2033.2     -491.1     -698.3      0.3      0.5      0.6 2021 12 22 22 10  3.600  0.00   2
   103225  40.284583 -124.469450    20.536     2076.1     -284.6     -582.9      0.5      1.0      0.6 2021 12 22 13 50  2.900  0.00   2
   103227  40.283573 -124.469840    20.508     2042.9     -396.7     -610.5      0.5      1.0      0.6 2021 12 22  6 22 18.920  0.00   2
   103229  40.282845 -124.469808    20.411     2045.7     -477.6     -707.4      0.4      0.8      0.5 2021 12 23 10 36 56.360  0.00   2
   103232  40.282711 -124.470060    20.409     2024.2     -492.5     -709.8      0.3      0.5      0.4 2021 12 25  4 27 30.000  0.00   2
   103233  40.282727 -124.470028    20.410     2027.0     -490.7     -708.4      0.3      0.4      0.7 2021 12 25 13  7 17.660  0.00   2
   103235  40.282747 -124.469889    20.412     2038.8     -488.4     -707.3      0.3      0.3      0.4 2021 12 26 18 24 14.980  0.00   2
   103237  40.282524 -124.470492    20.399     1987.5     -513.3     -719.9      0.5      0.8      0.6 2021 12 27  3 19 14.140  0.00   2
   103238  40.282666 -124.470085    20.401     2022.1     -497.5     -718.0      0.3      0.6      0.5 2021 12 28 10 25 14.240  0.00   2
   103239  40.282751 -124.470280    20.380     2005.5     -488.0     -738.6      0.5      0.8      1.2 2021 12 29  5 39  1.000  0.00   2
   103241  40.282821 -124.469938    20.403     2034.6     -480.3     -715.8      0.3      0.6      0.6 2021 12 31 10 16 23.220  0.00   2
   103242  40.282715 -124.469995    20.421     2029.8     -492.0     -697.4      0.3      0.4      0.6 2022  1  6 15  3 53.600  0.00   2
   103246  40.282597 -124.469360    20.462     2083.7     -505.1     -657.1      0.6      1.1      1.0 2022  1  9 14 28 34.400  0.00   2
   103250  40.282711 -124.470239    20.406     2009.0     -492.5     -712.7      0.3      0.5      0.5 2022  1 12  6 38 12.400  0.00   2
   103252  40.282719 -124.470321    20.392     2002.1     -491.6     -726.9      0.4      0.6      0.7 2022  1 15 11  2 22.680  0.00   2
   103253  40.282674 -124.469971    20.402     2031.8     -496.6     -717.2      0.4      0.5      0.6 2022  1 15 11  7 24.280  0.00   2
   103254  40.282890 -124.470036    20.440     2026.3     -472.6     -678.6      0.5      0.8      0.9 2022  1 15 23 42 27.860  0.00   2
   103255  40.282715 -124.470174    20.418     2014.5     -492.0     -701.0      0.4      0.4      0.5 2022  1 20 23 35 26.640  0.00   2
   103256  40.283521 -124.469718    20.476     2053.3     -402.6     -642.5      0.4      0.8      0.5 2022  1 20  3 44 25.400  0.00   2
   103257  40.282674 -124.470280    20.422     2005.5     -496.6     -697.2      0.4      0.4      0.8 2022  1 21  4 17 37.100  0.00   2
   103258  40.283911 -124.469312    20.519     2087.9     -359.2     -600.3      0.3      1.0      0.5 2022  1 21  4 17  1.760  0.00   2
   103261  40.282719 -124.469922    20.418     2036.0     -491.6     -700.8      0.3      0.3      0.4 2022  1 30  5 20 41.160  0.00   2
   103262  40.282735 -124.469775    20.419     2048.4     -489.8     -699.6      0.4      0.4      0.6 2022  1 30 18 14 11.380  0.00   2
   103263  40.282711 -124.469971    20.413     2031.8     -492.5     -705.8      0.3      0.4      0.4 2022  2  6 18 14 29.480  0.00   2
   103264  40.284066 -124.469474    20.529     2074.0     -342.0     -589.8      0.4      1.0      0.5 2022  2 15  3  8 21.340  0.00   2
   103265  40.282703 -124.470223    20.411     2010.4     -493.4     -707.5      0.4      0.3      0.4 2022  2 24 22 57  5.460  0.00   2
   103266  40.282694 -124.470247    20.408     2008.3     -494.3     -710.4      0.4      0.4      0.4 2022  2 24  2  6 53.360  0.00   2
   103267  40.282768 -124.470272    20.380     2006.2     -486.2     -738.8      0.4      0.8      0.9 2022  2 24 18  1 21.640  0.00   2
   103269  40.282719 -124.469995    20.416     2029.8     -491.6     -703.3      0.3      0.5      0.5 2022  3 29 10 35 52.340  0.00   2
   103270  40.282804 -124.470093    20.416     2021.4     -482.1     -702.7      0.3      0.7      0.4 2022  3 29 19 58  7.480  0.00   2
   103271  40.282690 -124.470329    20.393     2001.4     -494.7     -726.2      0.4      0.8      0.9 2022  3 31 14 40 40.040  0.00   2
   103272  40.282739 -124.469889    20.422     2038.8     -489.3     -696.6      0.3      0.6      0.5 2022  4  3 21  3 27.520  0.00   2
   103273  40.282682 -124.470199    20.406     2012.5     -495.7     -713.1      0.4      0.6      0.5 2022  4 10 13  3 18.560  0.00   2
   103274  40.284786 -124.469751    20.576     2050.5     -262.1     -542.8      0.6      1.7      0.8 2022  4 10 20 53 45.920  0.00   2
   103277  40.282727 -124.469881    20.423     2039.4     -490.7     -695.8      0.4      0.6      0.7 2022  4 19 18 43 36.400  0.00   2
   103279  40.282617 -124.470068    20.394     2023.5     -502.9     -725.0      0.3      0.9      0.7 2022  5 12 18 20 44.500  0.00   2
   103281  40.282723 -124.470508    20.411     1986.2     -491.1     -708.2      0.5      1.0      0.7 2022  6  9 20  8 46.080  0.00   2
   103283  40.282735 -124.469767    20.409     2049.1     -489.8     -709.6      0.3      0.5      0.4 2022  6 12  6 17 47.260  0.00   2
   103284  40.282723 -124.469881    20.424     2039.4     -491.1     -695.1      0.4      0.4      0.6 2022  6 20  3  5 25.720  0.00   2
   103285  40.282678 -124.470313    20.419     2002.8     -496.1     -700.2      0.5      0.5      0.8 2022  7  4  4 24 56.900  0.00   2
   103286  40.282703 -124.470020    20.414     2027.7     -493.4     -704.5      0.3      0.4      0.5 2022  8 12  8 24  9.100  0.00   2
   103288  40.282694 -124.470207    20.411     2011.8     -494.3     -707.6      0.3      0.4      0.5 2022  8 16  4  0 36.260  0.00   2
   103291  40.282804 -124.469930    20.425     2035.3     -482.1     -694.2      0.3      0.5      0.6 2022  9  6 14 16 14.840  0.00   2
   103292  40.282694 -124.470109    20.416     2020.1     -494.3     -702.5      0.3      0.5      0.7 2022  9  8 13 25 43.220  0.00   2
   103293  40.282690 -124.470174    20.409     2014.5     -494.7     -710.0      0.3      0.4      0.5 2022  9 12  9 10 21.960  0.00   2
   103294  40.283122 -124.470068    20.438     2023.5     -446.9     -680.5      0.3      0.9      0.7 2022  9 13 19 13 50.120  0.00   2
   103295  40.282723 -124.470003    20.413     2029.1     -491.1     -705.8      0.3      0.4      0.6 2022 10  9 14 38 43.840  0.00   2
   103297  40.282751 -124.470036    20.403     2026.3     -488.0     -716.2      0.4      0.5      0.9 2022 11 10  3 49 21.340  0.00   2
   104536  40.274524 -124.515527    21.460    -1842.3    -1401.6      340.9      0.4      0.7      0.5 2020  1 23  2 46 22.320  0.00   2
   104538  40.274434 -124.516211    21.450    -1900.5    -1411.5      330.8      0.5      0.5      0.5 2020  1 24 12 58 18.420  0.00   2
   104539  40.274516 -124.515991    21.451    -1881.8    -1402.5      332.0      0.4      0.8      0.6 2020  3 15  0 55 54.180  0.00   2
   104540  40.274854 -124.515186    21.366    -1813.3    -1365.0      247.0      0.5      1.4      0.5 2020  3 19 13  2 23.120  0.00   2
   104541  40.274438 -124.516276    21.449    -1906.0    -1411.0      330.4      0.5      0.5      0.5 2020  4  4 12 55 14.960  0.00   2
   104542  40.284501 -124.519173    22.313    -2152.2     -293.7     1194.0      1.6      2.2      2.1 2020  8  9  3 24  1.340  0.00   2
   104543  40.274146 -124.513330    21.434    -1655.5    -1443.6      314.7      0.8      1.3      0.9 2020  8  9  0  0 42.000  0.00   2
   104544  40.280054 -124.514290    22.002    -1737.1     -787.5      883.5      1.3      1.0      1.5 2020  9  6 19 15 19.420  0.00   2
   104545  40.278544 -124.513265    21.886    -1649.9     -955.2      766.9      0.5      2.2      0.9 2020 11 20 23  5 37.000  0.00   2
   104546  40.274585 -124.515381    21.462    -1829.9    -1394.8      342.8      0.5      0.8      0.7 2020 12  8 19 50 59.440  0.00   2
   104547  40.274459 -124.515682    21.459    -1855.5    -1408.8      340.2      0.4      0.7      0.5 2021  1 13 20 27 55.860  0.00   2
   104548  40.274512 -124.515487    21.460    -1838.9    -1402.9      341.0      0.4      0.6      0.6 2021  1 23 18  7 58.980  0.00   2
   104549  40.274426 -124.516243    21.443    -1903.2    -1412.4      324.0      0.6      0.9      1.0 2021  2  4  8  4  6.380  0.00   2
   104550  40.274455 -124.516227    21.446    -1901.8    -1409.2      327.1      0.5      0.7      0.6 2021  2  8 10 42 43.860  0.00   2
   104552  40.281266 -124.516488    21.280    -1923.9     -652.9      161.3      0.7      2.1      1.5 2021  4 28  9 56 53.160  0.00   2
   104555  40.274609 -124.515885    21.456    -1872.8    -1392.1      337.1      0.4      1.5      0.6 2021  8 13  3  3 14.280  0.00   2
   104557  40.274495 -124.515918    21.454    -1875.5    -1404.7      335.1      0.3      0.5      0.4 2021 10 13  0 11 57.860  0.00   2
   104558  40.274792 -124.514168    21.373    -1726.7    -1371.7      254.3      0.4      1.1      0.7 2021 10 15 23 36  0.100  0.00   2
   104561  40.273857 -124.515088    21.439    -1805.0    -1475.7      320.4      0.7      1.9      0.8 2021 12 21  4 11 42.460  0.00   2
   104562  40.280754 -124.514364    21.318    -1743.3     -709.8      198.8      0.7      1.9      1.1 2021 12 21  5 27 13.340  0.00   2
   104563  40.274561 -124.515194    21.452    -1813.9    -1397.5      332.7      0.6      0.6      0.6 2021 12 21  9 54 44.140  0.00   2
   104565  40.274723 -124.515226    21.479    -1816.7    -1379.4      360.1      0.5      1.1      0.6 2021 12 21 14 32 11.280  0.00   2
   104566  40.274662 -124.515291    21.458    -1822.2    -1386.2      339.6      0.6      1.2      0.7 2021 12 21  7 49 38.600  0.00   2
   104567  40.282808 -124.515723    21.617    -1858.8     -481.6      498.4      1.1      3.1      1.8 2021 12 21  0 33 29.320  0.00   2
   104568  40.274377 -124.516740    21.445    -1945.4    -1417.8      325.9      0.4      1.5      0.9 2021 12 21  1 47 47.320  0.00   2
   104570  40.284615 -124.514437    21.268    -1749.5     -281.0      149.6      0.4      1.2      0.7 2021 12 30 17  2 59.560  0.00   2
   104571  40.273568 -124.514714    21.496    -1773.1    -1507.7      377.4      0.6      2.7      0.8 2022  5  5 19 58 40.140  0.00   2
   104572  40.274748 -124.515926    21.445    -1876.2    -1376.7      326.3      0.4      1.1      0.7 2022  8  5 21  2 56.680  0.00   2
   104573  40.274443 -124.516073    21.452    -1888.7    -1410.6      333.3      0.5      0.7      0.6 2022  8 29  3 47 27.200  0.00   2
   105449  40.292684 -124.436971    21.171     4837.7      614.9       51.8      0.6      1.4      1.2 2021  3 17 15 57 54.480  0.00   2
   105451  40.303491 -124.436247    21.388     4898.9     1815.0      268.7      0.7      1.7      1.0 2021  5 17  6 50 19.300  0.00   2
   105452  40.293579 -124.437142    21.301     4823.1      714.3      182.0      0.5      1.5      0.5 2021  7  2 13 42 25.360  0.00   2
   105453  40.296997 -124.435848    21.521     4933.0     1093.9      402.2      0.6      2.4      0.7 2021 12  8  7 47 53.400  0.00   2
   105454  40.295223 -124.435189    21.424     4989.2      896.9      304.8      0.6      1.5      0.7 2021 12 29  6  3 35.020  0.00   2
   105457  40.293559 -124.435815    21.226     4935.9      712.1      106.9      0.4      1.6      0.4 2022  1 23 11 56  1.960  0.00   2
   105458  40.292306 -124.437516    21.191     4791.3      572.9       72.1      0.4      1.0      0.5 2022  3  9  3 33  6.440  0.00   2
   106476  40.288017 -124.407690    19.082     7327.7       96.7    -2036.6      0.7      1.6      0.9 2020  7 19 19 36 15.700  0.00   2
   106480  40.286186 -124.407284    19.229     7362.4     -106.6    -1890.1      0.8      1.4      1.1 2021 12 23 18  0 27.860  0.00   2
   106481  40.285103 -124.407861    19.031     7313.4     -226.8    -2088.2      0.8      1.7      0.7 2021 12 25 23 44  7.480  0.00   2
   106485  40.286283 -124.407210    19.224     7368.7      -95.8    -1894.9      0.6      1.5      0.7 2022  9 22 22 11 56.160  0.00   2
   106486  40.286967 -124.406413    19.181     7436.4      -19.9    -1937.6      0.8      2.0      0.7 2022 10 11  2 56 24.700  0.00   2
   106878  40.282463 -124.506942    19.837    -1112.1     -520.0    -1281.8      0.7      0.6      1.2 2020  2 26 13  0  8.000  0.00   2
   106879  40.302104 -124.504842    20.726     -933.4     1660.9     -393.2      1.2      2.7      1.5 2020  4 14 23 52 17.340  0.00   2
   106880  40.280530 -124.507479    19.634    -1157.8     -734.7    -1485.0      0.7      0.8      0.9 2020  4 17 10 28 54.000  0.00   2
   106881  40.300732 -124.499609    20.372     -488.5     1508.6     -746.4      1.2      2.8      1.5 2020  4 18 16 38 46.580  0.00   2
   106883  40.273942 -124.507015    20.410    -1118.4    -1466.2     -708.4      0.3      0.9      0.9 2021 10 23  3 13 39.120  0.00   2
   106884  40.282837 -124.509814    19.574    -1356.4     -478.5    -1545.0      0.8      1.1      1.0 2021 11 22 21 22  8.420  0.00   2
   106885  40.280627 -124.502539    19.972     -737.7     -723.8    -1146.6      1.1      2.8      1.4 2021 11 23  2  3 16.160  0.00   2
   106886  40.277283 -124.506486    19.651    -1073.4    -1095.2    -1467.6      0.6      1.3      1.0 2021 12 21  9  4 49.080  0.00   2
   106889  40.282288 -124.504386    19.749     -894.8     -539.5    -1369.6      1.2      0.9      2.0 2022  2  8 11  1 45.260  0.00   2
   106892  40.284334 -124.502409    19.671     -726.6     -312.2    -1447.6      1.8      4.1      3.2 2022  8  6 16 32 20.620  0.00   2
   107666  40.303064 -124.440365    19.270     4548.8     1767.5    -1849.1      1.4      3.4      1.7 2021  5 17  9 39 49.060  0.00   2
   107667  40.306681 -124.440015    19.222     4578.4     2169.2    -1896.8      1.4      3.2      1.7 2021  5 19 23 39 44.980  0.00   2
   107671  40.323462 -124.431160    19.742     5330.6     4032.5    -1376.8      2.9      3.8      2.5 2021 11 28 16 37 45.460  0.00   2
   107935  40.295011 -124.376652    20.062     9966.6      873.4    -1057.3      0.6      1.3      0.7 2021  3 29  4  0 27.680  0.00   2
   107939  40.295662 -124.376001    20.168    10021.9      945.7     -951.0      0.5      1.0      0.4 2021  9 18  8 35 54.260  0.00   2
   107941  40.290609 -124.376245    20.006    10001.5      384.5    -1112.6      0.6      1.1      0.5 2021 12 20 21 56 11.700  0.00   2
   107943  40.291024 -124.375928    20.030    10028.4      430.6    -1089.1      0.5      0.9      0.5 2021 12 21  0 26 54.420  0.00   2
   107951  40.291732 -124.375179    20.079    10092.0      509.2    -1039.5      0.6      1.4      0.6 2022  1  3 23 35 36.380  0.00   2
   107952  40.291317 -124.375675    20.071    10049.9      463.1    -1048.1      0.4      0.7      0.4 2022  1 25  7 55 31.740  0.00   2
   107954  40.292383 -124.374943    20.147    10112.1      581.5     -972.2      0.5      1.2      0.5 2022  2  4 17 40 38.160  0.00   2
   107961  40.286088 -124.374463    20.126    10153.4     -117.5     -993.2      1.0      1.6      0.9 2022 10 29  4 15 37.520  0.00   2
   108411  40.316272 -124.468449    20.594     2160.7     3234.2     -525.2      1.8      9.2      1.9 2021  9  6  2 58 10.280  0.00   2
   108899  40.302291 -124.436247    18.722     4898.9     1681.7    -2397.3      2.6      3.8      3.3 2021 10 16 11  8 25.980  0.00   2
   109574  40.284717 -124.380241    19.089     9662.1     -269.7    -2030.0      0.8      1.2      0.7 2021 12 21 22  0 51.880  0.00   2
   109576  40.284676 -124.380428    19.040     9646.2     -274.3    -2079.3      0.6      1.0      0.6 2021 12 26 21 14 32.380  0.00   2
   109582  40.276908 -124.378499    18.971     9810.8    -1136.8    -2147.5      0.8      1.3      0.8 2022 11 22 14 25 33.480  0.00   2
   110137  40.250423 -124.452620    19.782     3508.1    -4077.7    -1337.2      2.0      4.1      3.8 2021 12 20 23 20 49.260  0.00   2
   110139  40.249007 -124.453125    18.264     3465.2    -4234.9    -2854.4      3.0      4.5      2.6 2021 12 21 15  1  2.380  0.00   2
   110141  40.256160 -124.460807    18.832     2811.6    -3440.6    -2286.4      2.9      2.9      2.8 2021 12 21  4 59 28.660  0.00   2
   110142  40.275297 -124.441032    21.816     4493.0    -1315.7      697.5      1.2      1.6      1.6 2021 12 22 19 22  7.720  0.00   2
   110143  40.275659 -124.441390    21.716     4462.5    -1275.5      597.6      1.2      1.6      1.6 2021 12 23 20 38  9.420  0.00   2
   110147  40.286255 -124.446468    21.938     4030.3      -98.9      818.9      2.1      1.7      2.1 2022  1  5 17 45 31.500  0.00   2
   110148  40.307060 -124.431567    22.580     5296.6     2211.2     1461.3      1.7      4.3      1.4 2022  5  3  8 37 19.960  0.00   2
   110300  40.296472 -124.480819    25.899     1109.2     1035.6     4780.4      1.4      3.3      1.4 2023  3  9 12 50 51.480  1.40   2
   110304  40.294043 -124.551538    23.145    -4904.1      765.8     2025.9      0.4      0.6      0.4 2022 12 25 19 40 29.680  3.05   2
   110318  40.282756 -124.469792    20.409     2047.1     -487.5     -710.4      0.5      0.4      0.7 2023  2 20 13 18  3.960  1.48   2
   110345  40.274500 -124.515951    21.452    -1878.3    -1404.3      333.5      0.3      0.4      0.4 2023  5 22  8 39 15.920  1.61   2
   110372  40.294185 -124.434993    21.256     5005.8      781.7      137.2      0.5      1.4      0.6 2023  4  3 12 14 40.520  1.28   2
   110403  40.286609 -124.407096    19.179     7378.3      -59.6    -1939.9      0.6      1.2      0.7 2023  4  4 17 32 14.460  1.08   2
   110420  40.279688 -124.507308    19.813    -1143.3     -828.2    -1306.3      0.7      0.8      0.9 2023  2 17 14 36 10.720  2.81   2
   110446  40.311987 -124.432406    19.073     5225.2     2758.4    -2045.6      1.2      1.9      1.4 2023  5 13  1 27 17.920  1.13   2
   110461  40.293461 -124.471346    21.107     1914.7      701.2      -11.7      0.6      2.3      0.7 2023  4  9 11 53 23.790  0.91   2
   110465  40.291325 -124.375684    20.079    10049.2      464.0    -1039.5      0.4      0.7      0.4 2022 12 20  3  6 59.620  0.86   2
   110500  40.306429 -124.479232    19.851     1244.1     2141.2    -1267.6      1.6      5.0      1.7 2023  4  9 13 30 46.380  0.65   2
   110565  40.304659 -124.444287    19.571     4215.2     1944.7    -1547.5      2.0      4.3      1.5 2023  4  9 10 26 54.540  2.63   2
   110648  40.283455 -124.379574    19.087     9719.0     -409.8    -2031.7      0.7      1.1      0.7 2023  3 14 15 58 42.040  1.17   2
   110734  40.294670 -124.435889    23.241     4929.7      835.4     2121.8      1.6      3.3      1.4 2023  3 12 13 22 24.330  1.69   2
   110741  40.302576 -124.448861    19.771     3826.4     1713.3    -1348.2      1.1      1.4      1.2 2023  3 13 12 14 24.190  0.90   2
   110742  40.306352 -124.527547    25.233    -2863.9     2132.6     4114.6      0.9      2.3      2.1 2023  3 22 16  0 16.820  1.31   2
