   105071  40.305420 -124.599878    17.591      -98.2    -1084.8     -218.6     23.1     33.5     36.3 2020  1 29  8 12 18.900  0.00  13
   105074  40.315405 -124.599935    17.755     -103.1       23.9      -55.1     19.1     34.2     24.4 2020  2 26  9 21 18.840  0.00  13
   105075  40.312882 -124.601164    17.751     -207.5     -256.2      -59.1     24.9     47.1     48.0 2020  2 27  1 15 34.260  0.00  13
   105078  40.315137 -124.597843    18.108       74.7       -5.9      299.4     18.5     46.6     51.1 2020  5  8 11 57 20.220  0.00  13
   105080  40.315820 -124.599113    17.854      -33.2       70.0       43.9     14.0     25.9     20.0 2020  5 26 11 17 44.720  0.00  13
   105081  40.315597 -124.598503    17.966       18.7       45.2      155.9     13.9     30.4     19.8 2020  6  1 13  3 56.500  0.00  13
   105082  40.311088 -124.597599    17.570       95.5     -455.4     -240.2     24.1     54.9     51.1 2020  6  1 17 15 14.660  0.00  13
   105086  40.315633 -124.600627    17.901     -161.9       49.2       91.2     25.7     24.3     22.7 2020  7 18  0 25 23.860  0.00  13
   105088  40.315605 -124.599487    17.851      -65.0       46.1       41.2     15.9     17.2     17.7 2020  8  9  0  4 25.560  0.00  13
   105092  40.315007 -124.598543    17.940       15.2      -20.3      130.1     15.1     27.7     24.8 2020 10 16 15 25 53.420  0.00  13
   105093  40.318929 -124.598185    18.368       45.7      415.2      558.4     20.5     41.6     64.8 2020 10 30  5 24 53.820  0.00  13
   105094  40.315332 -124.599333    17.865      -51.9       15.8       54.7     15.6     28.6     27.9 2020 12 12 14 36 59.760  0.00  13
   105097  40.315617 -124.598096    17.812       53.3       47.4        1.9     20.9     26.5     26.2 2020 12 31 10 57 26.340  0.00  13
   105098  40.314604 -124.601050    17.908     -197.8      -65.1       97.8     22.4     39.9     43.0 2021  1  5  1  7 30.180  0.00  13
   105099  40.324622 -124.595435    15.930      279.4     1047.3    -1879.6     42.2     83.3     80.8 2021  1  6  4 41 35.040  0.00  13
   105100  40.315747 -124.599650    17.857      -78.9       61.9       46.8     13.1     17.4     17.5 2021  1 21  1 51 43.340  0.00  13
   105101  40.315609 -124.599406    17.852      -58.1       46.5       42.4     15.4     29.3     29.4 2021  1 22  3 18 43.280  0.00  13
   105102  40.315706 -124.599487    17.874      -65.0       57.4       64.3     12.0     25.0     23.0 2021  1 29 17 49 54.300  0.00  13
   105105  40.315255 -124.599552    17.842      -70.6        7.2       31.6     12.6     27.0     26.2 2021  3 10 21 27  1.460  0.00  13
   105107  40.315743 -124.598104    17.881       52.6       61.4       70.9     21.4     25.6     25.6 2021  3 31  8 30 48.680  0.00  13
   105109  40.314791 -124.599528    17.805      -68.5      -44.3       -5.4     16.8     23.8     22.8 2021  4  2 12 52 12.100  0.00  13
   105111  40.315609 -124.599284    17.847      -47.7       46.5       36.8     15.9     31.9     32.1 2021  4  2 10 30 49.520  0.00  13
   105112  40.315991 -124.599333    17.911      -51.9       89.0      100.8     13.0     26.5     25.5 2021  4  2  9 31 22.380  0.00  13
   105115  40.308521 -124.596761    17.125      166.7     -740.5     -684.7     24.3     51.2     53.3 2021  4  5 20 34 12.380  0.00  13
   105116  40.312260 -124.595207    17.778      298.8     -325.3      -31.8     23.5     58.5     56.0 2021  4  5 20 27 26.720  0.00  13
   105119  40.315580 -124.599487    17.840      -65.0       43.4       30.5     14.8     29.7     29.7 2021  4  8  4 25 20.800  0.00  13
   105120  40.314827 -124.599316    17.767      -50.5      -40.2      -42.7     13.5     25.4     24.9 2021  4 10  1  0 55.380  0.00  13
   105122  40.316866 -124.594206    17.620      383.9      186.2     -190.0     26.7     45.3     33.7 2021  4 19  5 59 54.500  0.00  13
   105123  40.314880 -124.599504    17.797      -66.4      -34.3      -13.3     16.0     22.1     21.0 2021  5 14 18 13 50.280  0.00  13
   105128  40.312789 -124.599089    17.732      -31.1     -266.6      -77.7     20.0     26.4     29.1 2021  6 30 20 36 48.360  0.00  13
   105129  40.314433 -124.598690    17.736        2.8      -84.0      -74.4     20.7     23.5     23.8 2021  7  1 17 16 11.740  0.00  13
   105132  40.315019 -124.597705    17.805       86.5      -19.0       -5.2     21.7     34.1     33.8 2021  7 25  3 57 32.920  0.00  13
   105135  40.316675 -124.598910    17.911      -15.9      164.9      100.6     16.2     28.1     28.3 2021  7 25  8 29 37.560  0.00  13
   105139  40.314677 -124.598787    17.978       -5.5      -56.9      168.0     15.6     33.4     25.1 2021 10 11 11 30 59.120  0.00  13
   105140  40.317171 -124.599040    17.899      -27.0      220.0       89.2     20.3     29.8     30.2 2021 10 12 13 13 42.500  0.00  13
   105141  40.315291 -124.599357    17.822      -54.0       11.3       12.3     15.6     23.8     24.3 2021 10 28 16 43 57.220  0.00  13
   105143  40.317277 -124.600342    17.684     -137.7      231.8     -126.5     22.4     41.4     35.7 2021 11 29 13 22  6.720  0.00  13
   105146  40.315531 -124.597925    17.807       67.8       38.0       -3.3     19.5     16.6     15.6 2021 12 20 20 47 48.480  0.00  13
   105150  40.316874 -124.599805    17.887      -92.0      187.1       76.6     14.6     28.8     25.4 2021 12 20 20 12 39.500  0.00  13
   105152  40.314657 -124.598885    17.818      -13.8      -59.2        8.4     15.3     20.3     19.4 2021 12 21  3 12 38.340  0.00  13
   105153  40.314917 -124.598690    17.876        2.8      -30.3       65.8     15.3     21.6     21.0 2021 12 21  5 15 42.340  0.00  13
   105154  40.314583 -124.598787    17.888       -5.5      -67.3       78.3     16.5     25.1     23.6 2021 12 21  7 16 24.500  0.00  13
   105159  40.315283 -124.596908    18.771      154.3       10.4      961.1     20.9     67.2     69.2 2021 12 21  4 35 57.500  0.00  13
   105161  40.315678 -124.598454    18.231       22.8       54.2      421.4     15.7     32.3     44.9 2021 12 21 13  1 26.020  0.00  13
   105162  40.315446 -124.599235    17.845      -43.6       28.5       35.1     11.9     25.1     23.9 2021 12 21  6 56 17.600  0.00  13
   105163  40.310579 -124.596729    18.417      169.5     -511.9      606.9     20.7     43.6     86.2 2021 12 21  9  3 55.100  0.00  13
   105166  40.322156 -124.596932    18.456      152.2      773.5      646.1     14.5     38.8     35.4 2021 12 21  3 48  2.300  0.00  13
   105168  40.323954 -124.597201    20.074      129.3      973.2     2263.5     42.1     84.0     59.5 2021 12 21  1 10 38.460  0.00  13
   105171  40.315137 -124.599243    17.731      -44.3       -5.9      -78.9     10.7     30.7     25.9 2021 12 22  6  5  7.120  0.00  13
   105175  40.317208 -124.597144    17.778      134.2      224.1      -31.6     32.2     67.8     67.8 2021 12 22 18 18 17.240  0.00  13
   105177  40.313863 -124.598739    17.730       -1.4     -147.3      -80.1     19.4     39.2     41.0 2021 12 23  1  8 40.000  0.00  13
   105178  40.315987 -124.598999    17.880      -23.5       88.6       69.8     17.2     24.6     25.2 2021 12 23 19 27  9.040  0.00  13
   105179  40.316280 -124.599202    17.892      -40.8      121.1       82.2     17.9     29.5     34.5 2021 12 23 19  4 46.800  0.00  13
   105180  40.314958 -124.599430    17.827      -60.2      -25.8       16.8     16.1     28.3     26.8 2021 12 23 15 40 53.880  0.00  13
   105183  40.316020 -124.594287    17.626      377.0       92.2     -184.4     28.6     47.3     31.8 2021 12 23  3 31 30.920  0.00  13
   105185  40.314587 -124.599227    17.844      -42.9      -66.9       34.4     12.3     25.3     21.9 2021 12 24 14 22 29.520  0.00  13
   105188  40.313997 -124.598877    17.619      -13.1     -132.4     -191.5     13.6     28.3     25.7 2021 12 24  2 49 14.440  0.00  13
   105190  40.315019 -124.595736    18.686      253.9      -19.0      876.0     43.2    111.7    124.3 2021 12 26  7 28 10.580  0.00  13
   105192  40.315458 -124.595109    18.956      307.1       29.8     1146.2     25.3     74.0     80.0 2021 12 27  2 21 46.320  0.00  13
   105196  40.314347 -124.598730    17.698       -0.7      -93.5     -112.1     18.6     23.0     23.1 2021 12 30 13 35 31.280  0.00  13
   105199  40.307113 -124.598494    17.713       19.4     -896.9      -96.5     18.1     54.4     51.8 2021 12 31 14 50 18.080  0.00  13
   105201  40.315153 -124.597217    18.405      128.0       -4.1      594.6     12.3     35.1     48.0 2022  1  1 10 17 59.220  0.00  13
   105205  40.313220 -124.598364    17.756       30.4     -218.7      -53.8     21.0     30.9     33.7 2022  1 10 15 39 12.420  0.00  13
   105206  40.316390 -124.600944    17.908     -188.8      133.3       98.3     31.5     60.2     59.1 2022  1 14  4 41 49.780  0.00  13
   105207  40.316593 -124.599373    17.884      -55.3      155.9       74.3     20.6     36.9     39.8 2022  1 15  7 19 33.280  0.00  13
   105209  40.315535 -124.599162    17.907      -37.4       38.4       96.7     13.0     24.8     22.2 2022  1 23  8 23 12.840  0.00  13
   105213  40.313871 -124.599430    17.675      -60.2     -146.4     -135.4     12.7     26.1     23.1 2022  2 21 19 46 57.280  0.00  13
   105216  40.314323 -124.599316    17.792      -50.5      -96.2      -17.9     12.3     20.9     16.0 2022  4 21  9  0 55.420  0.00  13
   105219  40.310860 -124.600260    17.507     -130.7     -480.7     -302.5     25.0     53.1     41.9 2022  6  3 20 46  6.960  0.00  13
   105220  40.320178 -124.599438    17.907      -60.9      553.9       97.1     23.2     31.0     27.8 2022  6 29 23 58 10.920  0.00  13
   105223  40.308480 -124.600293    17.430     -133.5     -745.1     -379.9     24.6     38.1     25.2 2022  9 23  3  2 49.440  0.00  13
   110360  40.315043 -124.599072    17.756      -29.7      -16.3      -54.3     10.1     20.2     19.2 2022 12 31  1  9 23.440  1.24  13
