   100761  40.434440 -124.281266    27.298      -13.8       38.0       47.7    100.7     83.6    105.2 2020  3 19  0 21  8.520  0.00  58
   100762  40.433301 -124.279932    27.085       99.4      -88.6     -165.4    122.0    106.9    118.4 2020  5 26 11 54 20.560  0.00  58
   100770  40.434676 -124.281144    27.302       -3.5       64.2       52.3    106.0     89.1     85.5 2021 12 20 20 40 27.840  0.00  58
   100771  40.433427 -124.284302    27.365     -271.4      -74.6      115.4    166.9    188.9    121.2 2021 12 20 21 13 37.940  0.00  58
   100772  40.435002 -124.285547    27.316     -377.0      100.3       66.4    240.1    154.2    171.7 2021 12 20 21 49  2.160  0.00  58
   100775  40.433708 -124.283521    27.409     -205.1      -43.4      159.4    132.4    158.0    119.6 2021 12 20 21 41 38.040  0.00  58
   100783  40.433744 -124.279142    27.225      166.4      -39.3      -24.8    136.3     99.6    105.0 2021 12 21  1 55  6.020  0.00  58
   100784  40.434062 -124.275871    27.141      444.0       -4.1     -109.1    206.6    145.0    120.3 2021 12 21  9 44 18.020  0.00  58
   100786  40.434778 -124.283423    27.344     -196.8       75.5       94.1    135.4    110.3    101.0 2021 12 21 11 41 19.660  0.00  58
   100797  40.435181 -124.279077    27.234      171.9      120.2      -16.4    135.0    152.3    124.4 2021 12 21  2 14 36.240  0.00  58
   100798  40.434037 -124.274976    27.079      520.0       -6.8     -170.5    204.5    179.0    152.9 2021 12 21  6 23 58.200  0.00  58
   100800  40.434347 -124.275277    26.945      494.4       27.6     -305.5    194.1    200.0    145.4 2021 12 22  8 41  9.420  0.00  58
   100805  40.433521 -124.281160    27.222       -4.8      -64.2      -28.0     88.7     98.5     89.0 2021 12 25 22 32 13.020  0.00  58
   100813  40.435323 -124.285107    27.473     -339.7      136.0      223.4    158.8    154.1    157.4 2022  1  2 19 41 12.580  0.00  58
   100814  40.434452 -124.283634    27.360     -214.8       39.3      110.4    142.1    116.5    112.6 2022  1  3 19 57 17.080  0.00  58
   100815  40.433793 -124.283626    27.352     -214.1      -33.9      102.3    166.7    151.2    133.4 2022  1  6  4  5  9.040  0.00  58
   100818  40.432955 -124.277547    27.120      301.8     -127.0     -129.9    221.9    164.4    193.6 2022  1 17 14  7  8.520  0.00  58
   100819  40.433655 -124.278068    27.207      257.6      -49.3      -43.1    129.4     95.9     98.9 2022  2 18  6 57  8.340  0.00  58
   110291  40.434086 -124.281502    27.248      -33.8       -1.4       -2.2     89.1     81.1     82.3 2023  3  8 12 49 37.420  0.96  58
