   105298  40.407495 -124.560368    29.099       37.3       22.1      -70.6      5.5      7.0      7.0 2020  2 11 15 19 28.020  0.00  55
   105301  40.407300 -124.560799    29.171        0.7        0.5        1.0      2.1      2.2      2.8 2020  2 25  5 13 53.560  0.00  55
   105305  40.407166 -124.560685    29.139       10.4      -14.5      -30.6      3.6      4.3      7.2 2020  4 29 23  1 49.900  0.00  55
   105309  40.407284 -124.560791    29.168        1.4       -1.4       -2.0      2.0      2.0      2.7 2020  7 31 12 47 13.580  0.00  55
   105313  40.407336 -124.560799    29.169        0.7        4.5       -1.1      1.9      2.4      3.8 2021  1  5  0 23  5.820  0.00  55
   105319  40.407186 -124.560824    29.170       -1.4      -12.2       -0.3      2.4      4.8      2.7 2021  7 21 11 28 57.520  0.00  55
   105321  40.407369 -124.560775    29.170        2.8        8.1        0.3      2.3      3.8      2.6 2021  8 18  8 21 26.720  0.00  55
   105322  40.407369 -124.560840    29.176       -2.8        8.1        6.2      3.1      4.7      4.3 2021  8 19  7 18 10.260  0.00  55
   105325  40.407279 -124.560783    29.170        2.1       -1.8       -0.2      2.2      3.2      3.0 2021  9  3 21 30 53.400  0.00  55
   105331  40.407279 -124.560791    29.168        1.4       -1.8       -1.6      2.1      3.3      2.9 2021 12 25 10 34 41.640  0.00  55
   105333  40.407385 -124.560750    29.166        4.8        9.9       -4.2      2.3      4.8      2.8 2022  1 25 11 52 13.660  0.00  55
   105336  40.407284 -124.560783    29.169        2.1       -1.4       -1.2      2.1      3.1      2.8 2022  2  4 20 41 36.720  0.00  55
   105337  40.407231 -124.560840    29.174       -2.8       -7.2        4.1      2.3      4.3      2.7 2022  2 26  7 23 30.220  0.00  55
   105340  40.407125 -124.560872    29.172       -5.5      -19.0        2.0      3.2      6.4      2.6 2022  3 12 15 17  2.720  0.00  55
   105351  40.407267 -124.560840    29.172       -2.8       -3.2        2.3      2.4      4.1      3.0 2022  7 31 17 59 40.980  0.00  55
   105356  40.407324 -124.560815    29.173       -0.7        3.2        2.9      2.5      3.8      3.6 2022  9  6  2 12 31.600  0.00  55
   105357  40.407288 -124.560856    29.176       -4.1       -0.9        5.7      2.8      4.4      3.1 2022  9  9 11 44 44.400  0.00  55
   105359  40.407288 -124.560807    29.169        0.0       -0.9       -0.8      2.0      2.5      3.0 2022 11  7 15 50 24.900  0.00  55
   105360  40.407340 -124.560815    29.173       -0.7        5.0        3.2      2.4      4.1      3.6 2022 11 21  5 14 55.680  0.00  55
   110364  40.407304 -124.560815    29.173       -0.7        0.9        3.1      1.9      2.2      2.7 2023  4 18 11 40  6.890  2.03  55
