   103037  40.494393 -124.704028    26.181      -73.8      -67.3      551.2      6.9     10.2     18.9 2020  1  9  2 28 46.420  0.00  21
   103039  40.497135 -124.702637    25.640       44.2      237.2       10.3      7.6     15.4     27.6 2020  2 13  3 49 16.980  0.00  21
   103041  40.497408 -124.702450    25.593       60.0      267.5      -36.7      7.6     15.9     31.3 2020  2 13  4 46  3.640  0.00  21
   103047  40.494051 -124.703996    26.288      -71.1     -105.3      658.1      7.9     10.0     23.2 2020  3 24  7 13 13.600  0.00  21
   103049  40.492969 -124.703638    25.745      -40.7     -225.5      114.7      5.6     10.6     24.5 2020  4  2  6 14 42.300  0.00  21
   103050  40.493014 -124.703597    25.547      -37.3     -220.5      -82.9      7.2     17.1     38.1 2020  4  2  9 24  2.020  0.00  21
   103052  40.496509 -124.704647    26.817     -126.2      167.6     1186.9      7.9     15.6     23.4 2020  5  2 14 30  4.400  0.00  21
   103053  40.492753 -124.703825    25.771      -56.6     -249.4      140.7      6.4     13.2     17.0 2020  5 26 13 46 53.380  0.00  21
   103054  40.494446 -124.703703    25.889      -46.2      -61.5      259.5      5.9      9.4     17.0 2020  5 27 14 13 23.920  0.00  21
   103056  40.502559 -124.700765    25.502      202.8      839.5     -128.3     17.9     26.0     63.6 2020  6  3  7 51 45.780  0.00  21
   103059  40.499731 -124.701131    26.415      171.8      525.5      785.4     19.1     25.8     56.2 2020  6 26  3 47 36.160  0.00  21
   103060  40.500480 -124.701123    25.277      172.5      608.6     -353.4     11.4     14.4     42.1 2020  7  3  9 58 33.980  0.00  21
   103061  40.498633 -124.701904    25.721      106.2      403.5       91.0      8.5     19.3     40.4 2020  7  8 14  3 32.400  0.00  21
   103063  40.493433 -124.703874    26.068      -60.7     -174.0      438.5      5.6     10.2     20.5 2020  9  7  3 44 39.520  0.00  21
   103068  40.500297 -124.701766    25.165      118.0      588.3     -465.1     10.5     25.3     24.6 2020 10  2  7 32  2.120  0.00  21
   103070  40.499723 -124.701904    25.484      106.2      524.6     -145.6      9.8     17.2     30.0 2020 10 18  5 17 38.540  0.00  21
   103071  40.497274 -124.700236    12.648      247.7      252.6   -12981.2     10.8     27.0    494.2 2020 10 27 13 47 40.740  0.00  21
   103073  40.498775 -124.702189    25.170       82.1      419.3     -460.1      8.6     16.7     48.1 2020 11  6  4 14 13.540  0.00  21
   103074  40.499341 -124.699194    23.556      336.0      482.1    -2074.3     12.8     12.7     16.2 2020 11 15 10  1 52.660  0.00  21
   103075  40.497518 -124.698828    22.177      367.0      279.7    -3452.9     16.8     20.4    130.3 2020 12  2  4 36 19.100  0.00  21
   103076  40.493689 -124.703727    26.171      -48.3     -145.5      540.7      5.4     10.2     19.2 2020 12 17  6 44 45.740  0.00  21
   103077  40.487244 -124.695223    21.341      672.7     -861.2    -4289.1     29.6     40.1     35.0 2021  1 12  2  8 19.400  0.00  21
   103078  40.497347 -124.698112    23.211      427.7      260.7    -2419.3     13.1     11.1     16.3 2021  1 19 17 42 49.980  0.00  21
   103079  40.501640 -124.701074    23.744      176.6      737.4    -1885.9      9.6     14.1     11.2 2021  1 19 18  1 13.300  0.00  21
   103083  40.495736 -124.704362    26.360     -102.1       81.8      730.4      8.4     10.5     19.2 2021  2  1  4 12  8.800  0.00  21
   103084  40.494722 -124.703849    26.186      -58.6      -30.7      556.2      5.1     10.2     17.6 2021  3 23  9 45 54.260  0.00  21
   103086  40.500460 -124.701001    23.838      182.8      606.4    -1791.7     10.8     18.1     12.3 2021  4 26  7  2 45.300  0.00  21
   103089  40.496932 -124.698804    23.970      369.1      214.6    -1660.3     12.0     12.7     14.8 2021  6 15 10 46 43.260  0.00  21
   103090  40.499211 -124.707642    29.412     -380.1      467.7     3782.2     20.8     17.6     49.4 2021  7  4  0  5 36.200  0.00  21
   103091  40.494466 -124.703703    25.966      -46.2      -59.2      336.2      6.3      9.0     23.6 2021  7 13 21 59  0.800  0.00  21
   103092  40.493339 -124.703817    26.015      -55.9     -184.4      385.0      5.6     11.3     23.6 2021  7 18  2  1  4.540  0.00  21
   103093  40.494324 -124.703866    26.310      -60.0      -75.0      679.9      7.3     10.3     23.1 2021  7 21 10 36 48.460  0.00  21
   103097  40.492806 -124.703800    25.926      -54.5     -243.5      296.1      6.7     10.6     22.0 2021 11 22  2 25 23.060  0.00  21
   103098  40.492806 -124.703573    25.802      -35.2     -243.5      172.1      5.9     12.8     16.1 2021 11 22  1 57 48.440  0.00  21
   103099  40.495272 -124.703328    25.629      -14.5       30.3       -0.8      6.7      9.3     23.6 2021 11 22 21 23 58.880  0.00  21
   103100  40.502279 -124.698543    23.836      391.1      808.3    -1794.1      8.5     22.0      8.3 2021 11 27 13 33 29.400  0.00  21
   103104  40.497636 -124.699854    23.931      280.1      292.8    -1699.1     16.3     24.0     20.1 2022  1 16 23  2 24.140  0.00  21
   103105  40.493681 -124.703857    26.247      -59.3     -146.4      616.9      5.3     10.5     20.9 2022  2 16 13 34 40.600  0.00  21
   103107  40.499727 -124.702271    25.740       75.2      525.0      110.1     10.6     15.2     31.4 2022  3 12  7 11 15.140  0.00  21
   103108  40.492700 -124.703857    25.751      -59.3     -255.3      121.5      5.4     13.5     26.9 2022  4  4 11 35  9.120  0.00  21
   103110  40.499365 -124.701912    25.196      105.6      484.8     -434.1     10.0     17.3     36.2 2022  4  9 17 16  5.540  0.00  21
   103112  40.493343 -124.703687    25.884      -44.8     -183.9      253.7      5.6     10.5     22.0 2022  5 30 13 48 37.440  0.00  21
   103113  40.493713 -124.703760    25.903      -51.1     -142.8      273.0      5.6     11.0     22.4 2022  5 30 13 30 56.840  0.00  21
   103114  40.493144 -124.703597    25.883      -37.3     -206.0      253.0      5.6     12.3     17.8 2022  5 30 13 39 35.600  0.00  21
   103116  40.501477 -124.705884    26.922     -231.1      719.3     1291.6     10.1     26.2     32.5 2022  6 14  6 34  6.200  0.00  21
   103117  40.493705 -124.703613    25.821      -38.6     -143.7      190.8      6.2     10.7     18.8 2022  6 23 22 54 39.680  0.00  21
   103120  40.494478 -124.703743    26.042      -49.7      -57.8      411.7      5.2     10.4     23.4 2022  9 22  3 48 37.700  0.00  21
   110315  40.493486 -124.703719    25.714      -47.6     -168.1       84.1      5.4      9.0     17.1 2023  5 17 16 10 52.790  2.77  21
