   103149  40.403003 -124.388062    27.614      286.0     1108.8    -1270.6      9.5     14.9      8.8 2020  1 20  7 59 56.880  0.00  50
   103155  40.400171 -124.386702    27.468      401.4      794.3    -1417.4      4.7     13.3      7.9 2020  5  8 15 27 24.500  0.00  50
   103157  40.403280 -124.387134    27.615      364.8     1139.5    -1270.0      7.9      8.8      6.3 2020 10 12 20 48 16.180  0.00  50
   103162  40.402995 -124.387354    27.617      346.1     1107.9    -1268.4      4.5      6.3      8.7 2021  8  3  3 28  0.360  0.00  50
   103163  40.403398 -124.387174    27.600      361.3     1152.6    -1285.4      5.5      9.5      4.7 2021 10  2  9 49 41.900  0.00  50
   103164  40.403251 -124.387321    27.584      348.9     1136.4    -1301.2      4.2      5.7      7.1 2021 10  2  8 27 36.460  0.00  50
   103166  40.403638 -124.386890    27.598      385.5     1179.3    -1286.5      5.1      8.1      4.9 2021 10 25  1 19 40.240  0.00  50
   103167  40.404736 -124.390063    27.824      116.1     1301.3    -1060.9     10.8     20.3     15.2 2021 12 20 22  9 19.760  0.00  50
   103176  40.403837 -124.387109    27.596      366.9     1201.4    -1289.0      5.4      5.6      6.8 2022  8 19 12 11 19.800  0.00  50
   103178  40.403536 -124.387240    27.628      355.8     1168.0    -1257.0      4.8      8.1      3.5 2022 10 17  8 21 57.480  0.00  50
   103179  40.403406 -124.387126    27.601      365.5     1153.5    -1284.4      5.9     10.4      4.9 2022 10 17  8 33 17.800  0.00  50
   103180  40.403483 -124.387427    27.600      339.9     1162.1    -1285.5      4.3      5.4      6.2 2022 11 15  2 32 57.340  0.00  50
   103660  40.366728 -124.403198    31.385     -999.3    -2919.3     2500.4      8.5     17.2      8.3 2020  3 19  2 25 29.840  0.00  50
   103662  40.381881 -124.405615    31.113    -1204.4    -1236.7     2228.5      8.4     11.0      7.5 2021  8  1  9 57 47.140  0.00  50
   103663  40.372428 -124.397843    30.904     -544.5    -2286.3     2019.4     12.0      8.9     10.5 2021  9  4 15 10 50.460  0.00  50
   103664  40.385307 -124.403825    31.058    -1052.4     -856.2     2172.7     11.9     14.8     10.2 2021  9 24 22 55 12.600  0.00  50
   103665  40.385669 -124.403809    31.047    -1051.0     -816.0     2162.2     11.9     15.1     10.3 2021  9 25  0 45 28.340  0.00  50
   103666  40.372681 -124.398519    30.943     -601.9    -2258.3     2058.1      9.1      7.2     11.3 2021 10  2  8 10 25.060  0.00  50
   103670  40.386511 -124.402612    31.224     -949.4     -722.5     2339.2     11.3     15.5      7.6 2021 12 21 20 41 34.660  0.00  50
   103671  40.381034 -124.401912    30.992     -890.0    -1330.6     2106.5      7.7     18.6      8.2 2022  2 12  1 43 15.200  0.00  50
   110317  40.404171 -124.386906    27.589      384.1     1238.5    -1296.4      2.9      5.2      4.7 2023  3 22 15 19 23.600  1.19  50
   110324  40.379854 -124.405705    31.200    -1212.0    -1461.7     2314.7      7.1      7.6      6.8 2022 12 22 11 49 54.180  3.63  50
