   100823  40.497095 -124.211108    22.396      -29.7        1.8       -4.0     84.6     46.0     62.5 2020  1  3  2  9 56.020  0.00  28
   100828  40.497107 -124.211613    22.422      -72.4        3.2       22.2     57.6     32.2     38.5 2020  2 17  3 53 58.760  0.00  28
   100832  40.497005 -124.213590    22.429     -240.1       -8.1       29.0     92.2     36.1     35.0 2020  3 14 21 11  5.280  0.00  28
   100833  40.497095 -124.210661    22.377        8.3        1.8      -22.5     61.4     35.4     70.7 2020  3 17  4 59 55.420  0.00  28
   100834  40.496570 -124.211174    22.312      -35.2      -56.5      -87.7     53.2     51.2     82.9 2020  3 20 11 48 15.620  0.00  28
   100861  40.497270 -124.212842    22.508     -176.6       21.2      107.9     44.8     44.1     41.6 2020  9  8 20 40 29.360  0.00  28
   100864  40.497078 -124.210531    22.391       19.3        0.0       -9.0     54.7     37.4     37.6 2020  9 15 23  5 33.140  0.00  28
   100868  40.497103 -124.212109    22.451     -114.5        2.7       51.3     58.5     42.5     50.7 2020 10  4 23 46 22.940  0.00  28
   100877  40.497058 -124.210970    22.398      -17.9       -2.3       -1.6     40.9     34.6     39.0 2020 10 25  1  8 44.260  0.00  28
   100878  40.497176 -124.212826    22.490     -175.2       10.8       89.7     48.3     39.3     44.7 2020 11  5 15 53 50.760  0.00  28
   100879  40.497099 -124.211979    22.441     -103.5        2.3       40.9     54.9     37.3     44.4 2020 11 16 18 47 24.720  0.00  28
   100881  40.497103 -124.211963    22.446     -102.1        2.7       46.0     55.1     41.3     49.5 2020 11 20 18 31 54.040  0.00  28
   100882  40.496993 -124.210775    22.383       -1.4       -9.5      -17.2     48.1     35.5     42.1 2020 12  1 21  4 34.360  0.00  28
   100895  40.496993 -124.212085    22.423     -112.4       -9.5       23.3     48.6     32.4     36.0 2021  3 13 21  1 53.660  0.00  28
   100918  40.497135 -124.211890    22.440      -95.9        6.3       40.1     55.2     36.8     42.1 2021  6 10 14 51 11.820  0.00  28
   100919  40.497119 -124.211719    22.425      -81.4        4.5       24.7     56.5     29.2     38.4 2021  6 15 12 18 12.020  0.00  28
   100922  40.497070 -124.211808    22.427      -89.0       -0.9       27.0     57.1     31.0     36.0 2021  6 29  7 50 55.520  0.00  28
   100929  40.497070 -124.205509    22.267      445.0       -0.9     -133.1    145.4     72.3     89.9 2021  7 19 21 37  9.300  0.00  28
   100933  40.497074 -124.212044    22.427     -109.0       -0.5       27.4     62.7     32.1     40.1 2021  7 25 13 59 39.480  0.00  28
   100940  40.497119 -124.211507    22.423      -63.5        4.5       22.5     54.4     41.0     41.2 2021  8 19 15 50 35.180  0.00  28
   100942  40.497095 -124.212166    22.443     -119.3        1.8       42.5     64.5     35.2     43.2 2021  8 19 18  1 55.100  0.00  28
   100955  40.497091 -124.211825    22.428      -90.4        1.4       27.8     57.5     29.8     34.7 2021 11  1  1 35 30.020  0.00  28
   100956  40.497107 -124.212036    22.445     -108.3        3.2       44.8     57.5     40.8     46.2 2021 11  2  1  5 32.520  0.00  28
   100957  40.497103 -124.211678    22.425      -78.0        2.7       25.2     52.3     31.5     35.0 2021 11 12 15 38 24.340  0.00  28
   100961  40.497599 -124.212036    22.493     -108.3       57.8       93.1     59.7     58.8     78.0 2021 12  5  5 41  5.840  0.00  28
   100967  40.497026 -124.208870    22.331      160.1       -5.9      -68.9     88.6     55.9     59.8 2021 12 21  7 59  2.500  0.00  28
   100968  40.496655 -124.215234    22.347     -379.4      -47.0      -53.4     76.3     45.3     65.3 2021 12 21  3 18 42.500  0.00  28
   100979  40.497083 -124.212101    22.435     -113.8        0.5       35.5     66.1     29.4     36.1 2022  1 27 16 48 44.920  0.00  28
   100982  40.497078 -124.210400    22.390       30.4        0.0      -10.4     63.6     34.4     37.7 2022  2 13 16 48 50.860  0.00  28
   100990  40.497148 -124.212207    22.444     -122.8        7.7       44.4     67.3     30.7     38.1 2022  4  4 21 16 28.200  0.00  28
   100995  40.497107 -124.210685    22.399        6.2        3.2       -0.9     55.7     34.8     34.6 2022  4  7  3 42  3.140  0.00  28
   100997  40.497074 -124.212166    22.429     -119.3       -0.5       28.9     65.3     33.2     42.1 2022  4 12 17  5 36.820  0.00  28
   100998  40.497131 -124.212313    22.453     -131.8        5.9       52.7     69.1     35.3     41.9 2022  4 12 13 19  3.300  0.00  28
   100999  40.497270 -124.210718    22.415        3.4       21.2       14.7     62.4     31.7     53.8 2022  4 15  2 58 16.600  0.00  28
   101004  40.497074 -124.210742    22.396        1.4       -0.5       -4.3     87.3     47.7     65.1 2022  6 25  4 35 37.880  0.00  28
   101008  40.497111 -124.211816    22.434      -89.7        3.6       34.3     51.6     36.9     41.0 2022  7 24  3 57  6.420  0.00  28
   101009  40.497062 -124.209912    22.378       71.7       -1.8      -21.9     77.5     37.3     44.7 2022  8  8  6 18 14.540  0.00  28
   101011  40.497107 -124.212012    22.443     -106.2        3.2       43.3     57.8     40.0     45.9 2022  8 29  3  7 12.160  0.00  28
   101015  40.497127 -124.211898    22.437      -96.6        5.4       37.4     61.6     29.8     37.0 2022  9 12  6 56  5.880  0.00  28
   101016  40.496842 -124.209229    22.318      129.7      -26.2      -81.5     95.3     62.0     59.4 2022  9 14  8  0 43.760  0.00  28
   101020  40.497351 -124.211979    22.462     -103.5       30.3       62.4     60.0     38.6     51.5 2022 11 27  4 55 37.960  0.00  28
   110292  40.497107 -124.209912    22.385       71.7        3.2      -14.5     48.0     28.3     34.0 2023  3 16 13 57 14.250  1.04  28
