   108265  40.292171 -124.507072     7.318     -932.0    -1375.8      394.1     14.3     30.4     28.0 2020  7 19 14 14  0.040  0.00  61
   108266  40.295028 -124.506991     7.257     -925.1    -1058.6      333.5     10.5     50.3     43.3 2020  7 19  7 16  2.840  0.00  61
   108267  40.294869 -124.506982     7.267     -924.4    -1076.2      343.9     10.3     49.7     42.3 2020  7 19 13 47  8.720  0.00  61
   108274  40.315149 -124.507088     7.435     -933.2     1175.7      511.6     46.6    102.7     81.7 2022  4 19 17 20 28.740  0.00  61
   108275  40.279814 -124.507324     7.910     -953.5    -2748.0      986.6     15.3     81.4     28.1 2022  7 20  7 49  1.020  0.00  61
   108276  40.298002 -124.507479     7.885     -966.5     -728.3      961.3     21.0     86.6     39.7 2022  8 28 20 28 45.740  0.00  61
   109172  40.307959 -124.490120     6.444      509.2      377.3     -479.1     18.4     46.6     57.3 2020 11  8  0 15 47.520  0.00  61
   109173  40.312284 -124.489909     6.145      527.2      857.6     -778.2     10.6     20.8     30.3 2020 11  8  4 20 27.200  0.00  61
   109175  40.306938 -124.490739     5.267      456.6      263.9    -1656.5     27.6     72.3     68.7 2021  2 24  7 25 37.980  0.00  61
   109176  40.310795 -124.490047     6.262      515.4      692.2     -662.0      9.2     28.8     41.9 2021  7 12 22  0 22.220  0.00  61
   109178  40.305701 -124.490845     6.182      447.6      126.5     -742.0     19.0     61.6     34.5 2022  2 22  0 13  4.580  0.00  61
   109179  40.311772 -124.489689     6.245      545.8      800.6     -678.0     11.5     15.8     21.1 2022  3 25 20 18 45.560  0.00  61
   109180  40.312622 -124.489868     6.193      530.6      895.1     -730.2     13.2     19.2     29.4 2022  3 26 15 11 17.340  0.00  61
   109181  40.311735 -124.489722     6.248      543.1      796.6     -676.0     11.4     14.7     19.9 2022  3 26  5 22 28.200  0.00  61
   109185  40.310079 -124.490796     5.916      451.8      612.7    -1007.8     24.6     64.3     62.9 2022  7 19 10 59 54.100  0.00  61
   110490  40.288631 -124.507422     7.432     -961.8    -1768.9      508.4     11.5     53.0     39.2 2023  5  7  7 21 24.340  0.91  61
   110612  40.311967 -124.489754     6.231      540.3      822.3     -692.6      9.7     15.2     21.8 2023  3 17 11 55 14.190  1.91  61
