   100823  40.497111 -124.211442    22.396      -57.9        3.6       -3.6      6.1      2.3      3.0 2020  1  3  2  9 56.020  0.00  28
   100828  40.497066 -124.211784    22.419      -86.9       -1.4       18.8      6.4      3.9      4.3 2020  2 17  3 53 58.760  0.00  28
   100832  40.496973 -124.213314    22.421     -216.6      -11.7       20.9      4.5      1.9      2.7 2020  3 14 21 11  5.280  0.00  28
   100833  40.497253 -124.209993    22.376       64.8       19.4      -24.1      6.3      4.8      5.5 2020  3 17  4 59 55.420  0.00  28
   100834  40.497038 -124.210775    22.321       -1.4       -4.5      -79.4      7.0      6.3      4.6 2020  3 20 11 48 15.620  0.00  28
   100861  40.497172 -124.213257    22.520     -211.8       10.4      120.4      5.4      5.9      3.8 2020  9  8 20 40 29.360  0.00  28
   100864  40.497095 -124.210295    22.385       39.3        1.8      -15.1      4.1      2.6      2.3 2020  9 15 23  5 33.140  0.00  28
   100868  40.497001 -124.212695    22.427     -164.2       -8.6       27.2      5.8      2.6      3.7 2020 10  4 23 46 22.940  0.00  28
   100877  40.497026 -124.211051    22.394      -24.8       -5.9       -5.9      3.4      2.3      3.2 2020 10 25  1  8 44.260  0.00  28
   100878  40.496985 -124.213249    22.492     -211.1      -10.4       92.0      6.2      5.4      2.6 2020 11  5 15 53 50.760  0.00  28
   100879  40.497017 -124.212581    22.423     -154.5       -6.8       22.5      6.3      2.2      3.2 2020 11 16 18 47 24.720  0.00  28
   100881  40.497013 -124.212573    22.425     -153.8       -7.2       24.9      6.4      2.4      3.5 2020 11 20 18 31 54.040  0.00  28
   100882  40.496920 -124.210864    22.370       -9.0      -17.6      -29.6      4.2      2.8      3.7 2020 12  1 21  4 34.360  0.00  28
   100895  40.496871 -124.212817    22.404     -174.5      -23.0        3.7      5.2      3.1      4.6 2021  3 13 21  1 53.660  0.00  28
   100918  40.497062 -124.211849    22.429      -92.4       -1.8       28.6      4.9      1.9      2.5 2021  6 10 14 51 11.820  0.00  28
   100919  40.497091 -124.211654    22.420      -75.9        1.4       20.1      4.3      1.9      2.6 2021  6 15 12 18 12.020  0.00  28
   100922  40.496989 -124.212028    22.412     -107.6       -9.9       12.3      4.5      2.0      2.7 2021  6 29  7 50 55.520  0.00  28
   100929  40.497192 -124.206120    22.278      393.2       12.7     -122.2      9.9      5.7      6.5 2021  7 19 21 37  9.300  0.00  28
   100933  40.496993 -124.212012    22.413     -106.2       -9.5       12.6      5.0      2.0      2.6 2021  7 25 13 59 39.480  0.00  28
   100940  40.497054 -124.211035    22.415      -23.5       -2.7       15.5      6.2      3.0      3.7 2021  8 19 15 50 35.180  0.00  28
   100942  40.496989 -124.211930    22.427      -99.3       -9.9       26.8      7.0      2.3      3.0 2021  8 19 18  1 55.100  0.00  28
   100955  40.497030 -124.212329    22.416     -133.1       -5.4       15.8      4.2      1.9      2.7 2021 11  1  1 35 30.020  0.00  28
   100956  40.496997 -124.211613    22.427      -72.4       -9.0       27.3      7.8      2.3      2.8 2021 11  2  1  5 32.520  0.00  28
   100957  40.497042 -124.212272    22.416     -128.3       -4.1       16.5      3.9      2.0      2.6 2021 11 12 15 38 24.340  0.00  28
   100961  40.497270 -124.212354    22.467     -135.2       21.2       67.2      6.8      4.8      4.7 2021 12  5  5 41  5.840  0.00  28
   100967  40.497156 -124.209351    22.352      119.3        8.6      -48.0      9.1      3.5      4.7 2021 12 21  7 59  2.500  0.00  28
   100968  40.496879 -124.215568    22.397     -407.7      -22.1       -3.0     10.1      4.3      6.0 2021 12 21  3 18 42.500  0.00  28
   100979  40.496997 -124.212581    22.420     -154.5       -9.0       20.0      5.0      2.3      3.1 2022  1 27 16 48 44.920  0.00  28
   100982  40.497095 -124.210010    22.384       63.5        1.8      -16.0      5.9      2.5      2.7 2022  2 13 16 48 50.860  0.00  28
   100990  40.497103 -124.212801    22.434     -173.2        2.7       33.6      7.1      2.5      2.7 2022  4  4 21 16 28.200  0.00  28
   100995  40.497131 -124.210571    22.398       15.9        5.9       -2.3      3.3      2.6      3.0 2022  4  7  3 42  3.140  0.00  28
   100997  40.496989 -124.212061    22.414     -110.4       -9.9       13.6      5.4      2.1      2.7 2022  4 12 17  5 36.820  0.00  28
   100998  40.497026 -124.212500    22.438     -147.6       -5.9       37.9      7.9      3.0      3.1 2022  4 12 13 19  3.300  0.00  28
   100999  40.497384 -124.210506    22.411       21.4       33.9       10.5      6.1      4.2      7.0 2022  4 15  2 58 16.600  0.00  28
   101004  40.497066 -124.210612    22.397       12.4       -1.4       -3.4      4.4      2.2      3.2 2022  6 25  4 35 37.880  0.00  28
   101008  40.497034 -124.212362    22.420     -135.9       -5.0       19.9      3.8      2.1      2.8 2022  7 24  3 57  6.420  0.00  28
   101009  40.497099 -124.209692    22.383       90.4        2.3      -16.6      6.1      3.0      3.8 2022  8  8  6 18 14.540  0.00  28
   101011  40.497001 -124.211572    22.427      -69.0       -8.6       27.0      7.7      2.3      2.7 2022  8 29  3  7 12.160  0.00  28
   101015  40.497062 -124.211922    22.428      -98.7       -1.8       27.8      7.5      2.4      2.8 2022  9 12  6 56  5.880  0.00  28
   101016  40.497095 -124.207894    22.365      242.8        1.8      -34.9     10.7      5.1      6.6 2022  9 14  8  0 43.760  0.00  28
   101020  40.497253 -124.212817    22.444     -174.5       19.4       43.6      7.8      3.7      4.6 2022 11 27  4 55 37.960  0.00  28
   110292  40.497144 -124.209896    22.392       73.1        7.2       -8.2      2.2      1.9      2.6 2023  3 16 13 57 14.250  1.04  28
