   103991  40.298535 -124.340267     9.659    -2655.2    -1618.9     -140.2     15.1     11.4     10.2 2020  1 17  9 45 59.140  0.00  47
   103993  40.300704 -124.340267     9.544    -2655.2    -1378.1     -254.9     14.4     19.1     19.6 2020  5 10  3 42 52.940  0.00  47
   103994  40.301896 -124.340397     9.548    -2666.2    -1245.7     -250.7     15.3     26.1     18.9 2020  5 10  5 35 35.000  0.00  47
   103998  40.298096 -124.340356     9.662    -2662.9    -1667.7     -136.8      8.0     15.5     10.8 2020  9 14  9  1 19.540  0.00  47
   104000  40.299133 -124.340861     9.630    -2705.7    -1552.5     -168.5      9.1     18.6     13.9 2021  3 25  0  8 59.680  0.00  47
   104002  40.299491 -124.340828     9.646    -2702.9    -1512.7     -153.0      7.4     12.0      7.0 2021  8 22  5 40 15.640  0.00  47
   104004  40.299593 -124.340299     9.669    -2658.0    -1501.4     -129.7      8.0     11.4      9.7 2021  9  4  3 28 39.640  0.00  47
   104007  40.298771 -124.340373     9.656    -2664.2    -1592.7     -142.4      6.2     13.0      6.1 2022  5 10 23 26 29.780  0.00  47
   104008  40.297327 -124.340470     9.504    -2672.6    -1753.1     -294.9      6.8     13.2     11.3 2022  5 30  7 25 58.420  0.00  47
   104010  40.297758 -124.339901     9.608    -2624.1    -1705.2     -190.4     22.1     44.5     25.9 2022  6 28  1 22 18.540  0.00  47
   104011  40.296399 -124.339494     9.543    -2589.5    -1856.1     -256.2     16.5     27.1     20.9 2022 10 19 21 53 36.280  0.00  47
   106813  40.294739 -124.330225     9.470    -1801.6    -2040.4     -328.6      9.2     14.4     10.7 2020  3 17  5 56 19.560  0.00  47
   106827  40.293713 -124.330794     9.497    -1850.0    -2154.3     -302.0      7.9     12.0     12.0 2022  2 25  5 29 56.100  0.00  47
   106830  40.295072 -124.330892     9.425    -1858.3    -2003.4     -374.3      7.3     14.8      9.8 2022  7  5 15 16 47.800  0.00  47
   106831  40.293726 -124.330477     9.563    -1823.0    -2153.0     -235.4      9.5     10.3      9.2 2022  8 21 21 28 41.340  0.00  47
   106832  40.293034 -124.330656     9.550    -1838.3    -2229.8     -249.0      9.1     10.2      9.7 2022  8 21 21 40 11.720  0.00  47
   106834  40.295447 -124.330461     9.318    -1821.6    -1961.8     -481.2     10.2     14.8     18.4 2022 10 20 17 49 27.620  0.00  47
   107004  40.334778 -124.211751     7.246     8267.9     2405.5    -2552.7     15.5     19.7     14.1 2022  3  4 18 57 23.080  0.00  47
   107006  40.332869 -124.212427     6.881     8210.6     2193.6    -2917.4      6.9     11.8     23.0 2022 10 10 12 43 31.860  0.00  47
   108402  40.379956 -124.251147    12.688     4918.0     7422.1     2889.0      8.0      7.1      5.6 2022 10  8 11 13  1.020  0.00  47
   108407  40.379846 -124.250789    12.684     4948.4     7410.0     2884.7      7.7      6.2      4.8 2022 11 12 15 29 41.060  0.00  47
   110332  40.299019 -124.340487     9.668    -2673.9    -1565.1     -130.4      6.2     10.9      6.8 2023  3 12 10 38 34.580  0.73  47
   110415  40.294194 -124.329964     9.535    -1779.4    -2101.0     -264.2      6.7      7.9      6.9 2023  3 15 21 22 18.100  1.02  47
   110424  40.333480 -124.210116     7.204     8407.0     2261.4    -2594.7     11.0     16.0     13.2 2023  5  3  7 32 56.730  0.50  47
   110499  40.379663 -124.250618    12.674     4963.0     7389.6     2875.4      7.6      5.8      4.7 2023  3 19 16 35 12.330  0.73  47
   110740  40.350448 -124.249707    12.349     5041.5     4145.5     2551.2     21.5     18.5     17.6 2023  2  1  5  8 29.030  0.91  47
