   107012  40.449438 -124.509497    19.785       54.5        0.9     -155.2    269.0    298.4    396.9 2020  3 13 20 49 46.760  0.00  20
   107018  40.450163 -124.510832    20.004      -58.7       81.3       64.2    245.0    286.6    431.7 2020  3 16 15  0 15.800  0.00  20
   107019  40.450277 -124.511019    20.216      -74.6       94.0      275.8    483.1    452.3    670.9 2020  3 19  5 28 35.140  0.00  20
   107025  40.448857 -124.509505    19.730       53.8      -63.7     -210.3    326.0    381.5    498.6 2020  4 13 16 19 31.580  0.00  20
   107026  40.449068 -124.509261    19.693       74.6      -40.2     -246.5    318.6    305.8    475.4 2020  4 13 15 50 34.720  0.00  20
   107027  40.448714 -124.509367    19.707       65.6      -79.5     -232.8    338.9    395.7    508.1 2020  4 13 19 50 27.360  0.00  20
   107028  40.449976 -124.511938    20.140     -152.6       60.5      200.1    405.4    332.6    705.4 2020  4 14 17  8 38.280  0.00  20
   107033  40.448560 -124.509188    19.652       80.8      -96.7     -287.8    343.8    402.9    568.8 2020  4 18  4 37 30.240  0.00  20
   107036  40.448938 -124.509595    19.752       46.3      -54.7     -187.6    192.3    228.0    413.2 2020  4 20  0 18 25.620  0.00  20
   107039  40.448657 -124.509302    19.564       71.1      -85.8     -375.7    341.9    400.6    662.5 2020  4 22  4  6 12.460  0.00  20
   107041  40.451282 -124.511882    20.050     -147.7      205.6      109.8    370.1    437.3    692.4 2020  4 23 14 12 34.780  0.00  20
   107046  40.448767 -124.509391    19.636       63.5      -73.6     -303.7    204.6    251.9    546.4 2020  5 11  2 24 50.380  0.00  20
   107047  40.448767 -124.509391    19.615       63.5      -73.6     -325.3    204.8    255.7    581.0 2020  5 15  1  9 24.220  0.00  20
   107049  40.448067 -124.509408    19.605       62.1     -151.4     -335.2    331.3    375.9    545.0 2020  5 22  8 30  7.360  0.00  20
   107074  40.449508 -124.510173    19.960       -2.8        8.6       19.7    156.0    194.5    269.2 2020  6 26 21 11 31.440  0.00  20
   107076  40.449528 -124.510213    19.967       -6.2       10.8       27.0    164.1    199.9    287.3 2020  6 26 21 41 55.120  0.00  20
   107085  40.449406 -124.510091    19.938        4.1       -2.7       -1.7    153.4    182.7    263.4 2020  7  3 12 39 44.800  0.00  20
   107090  40.449463 -124.510189    19.960       -4.1        3.6       20.1    149.0    137.1    253.6 2020  7  5  5 27 39.000  0.00  20
   107091  40.449479 -124.510140    19.953        0.0        5.4       12.7    152.9    185.2    262.3 2020  7  5 22 14 38.140  0.00  20
   107097  40.449414 -124.510116    19.942        2.1       -1.8        2.0    158.6    180.1    261.8 2020  7 13 15 22 48.300  0.00  20
   107104  40.449451 -124.510156    19.952       -1.4        2.3       11.9    160.2    181.8    242.1 2020  7 24 15 25  2.280  0.00  20
   107107  40.449565 -124.510238    19.972       -8.3       14.9       32.4    168.7    202.3    285.4 2020  7 26 17 32 18.560  0.00  20
   107108  40.449434 -124.510067    19.937        6.2        0.5       -2.9    148.6    188.9    254.9 2020  7 29 23 21 13.380  0.00  20
   107109  40.449524 -124.510107    19.940        2.8       10.4       -0.5    140.1    200.7    248.3 2020  7 30  0 33 38.560  0.00  20
   107110  40.449451 -124.510132    19.947        0.7        2.3        7.1    151.6    185.2    264.6 2020  7 31 15 58 31.680  0.00  20
   107112  40.449475 -124.510148    19.953       -0.7        5.0       12.7    163.6    201.3    288.8 2020  8 21  3 38  0.900  0.00  20
   107113  40.448979 -124.510343    20.010      -17.3      -50.2       70.3    193.7    345.4    433.4 2020  8 22  8 28 36.020  0.00  20
   107117  40.449548 -124.510050    19.925        7.6       13.1      -15.1    147.1    182.2    255.8 2020  9  5 22 11 56.180  0.00  20
   107122  40.449406 -124.510181    19.960       -3.5       -2.7       20.3    143.2    123.4    229.5 2020 10 21 11 51 21.820  0.00  20
   107125  40.449325 -124.510018    19.923       10.4      -11.7      -17.0    147.8    191.1    254.7 2020 12 11 12 11 46.140  0.00  20
   107129  40.449390 -124.510099    19.937        3.5       -4.5       -3.5    151.8    181.5    260.0 2020 12 29  1 47 27.420  0.00  20
   107140  40.449259 -124.510140    19.945        0.0      -19.0        5.3    141.2    209.7    217.0 2021  6  8  0 28 30.380  0.00  20
   107142  40.449430 -124.510124    19.943        1.4        0.0        2.6    153.7    189.5    240.3 2021  6  9 13 25 38.980  0.00  20
   107144  40.449475 -124.510156    19.950       -1.4        5.0        9.9    152.5    188.4    237.9 2021  6 10 12 39 30.160  0.00  20
   107146  40.449939 -124.510645    19.996      -42.8       56.5       55.9    257.2    292.3    385.5 2021  6 15  3  3 59.900  0.00  20
   107147  40.449455 -124.510140    19.953        0.0        2.7       12.5    156.9    192.6    246.0 2021  6 22 21 20 11.860  0.00  20
   107148  40.449483 -124.510156    19.955       -1.4        5.9       15.3    143.3    156.6    216.9 2021  6 23 21 32 51.880  0.00  20
   107150  40.449382 -124.510156    19.945       -1.4       -5.4        5.2    143.2    164.1    220.7 2021  6 26  5  4 28.020  0.00  20
   107153  40.449386 -124.510181    19.947       -3.5       -5.0        6.7    149.7    192.1    231.9 2021  8 22  8 46 23.040  0.00  20
   107155  40.449394 -124.510189    19.949       -4.1       -4.1        9.3    150.7    190.1    231.6 2021  8 30  9 39 56.700  0.00  20
   107156  40.449276 -124.510156    19.945       -1.4      -17.2        4.9    142.6    209.6    216.2 2021  8 30  7 17 22.420  0.00  20
   107158  40.449207 -124.510295    19.983      -13.1      -24.9       43.4    156.2    258.8    249.7 2021  9  3  9 32  4.260  0.00  20
   107160  40.449264 -124.510091    19.943        4.1      -18.5        2.8    142.1    198.0    218.3 2021  9 13  8  1 39.740  0.00  20
   107162  40.449455 -124.510140    19.952        0.0        2.7       11.9    155.5    195.1    247.1 2021  9 14 18 20 35.760  0.00  20
   107165  40.449455 -124.510140    19.956        0.0        2.7       16.0    156.6    192.9    243.7 2021  9 14 23 19 12.780  0.00  20
   107168  40.449455 -124.510140    19.953        0.0        2.7       12.7    157.1    192.5    247.5 2021  9 22 20 32 26.380  0.00  20
   107170  40.449455 -124.510156    19.955       -1.4        2.7       15.2    159.8    181.7    246.9 2021 10  8  8  3 23.660  0.00  20
   107171  40.449451 -124.510140    19.953        0.0        2.3       13.3    151.7    189.1    254.3 2021 11 14 20 50 55.920  0.00  20
   107178  40.449300 -124.509993    19.909       12.4      -14.5      -30.6    163.3    186.1    242.4 2022 11 27 18 31 58.100  0.00  20
   110425  40.449443 -124.510099    19.968        3.5        1.4       27.9    154.3    169.4    253.7 2023  4 20 17 48 59.220  0.86  20
