   109195  40.311344 -124.360490    31.904       89.9       -0.5      -75.9      6.6      7.9      6.4 2021  7 18  7  5 50.060  0.00   6
   109199  40.311348 -124.359456    31.951      177.8        0.0      -28.8      7.9     10.4      7.2 2021  7 19  4 10  9.600  0.00   6
   109204  40.307243 -124.358398    31.799      267.7     -455.9     -180.7      7.6      7.9      5.4 2021  7 22 10 36 45.760  0.00   6
   109205  40.309847 -124.362061    31.835      -43.6     -166.7     -144.9      6.6     10.8      7.5 2021  7 23 20  9 55.580  0.00   6
   109207  40.313074 -124.361410    32.002       11.8      191.6       21.9      9.1      9.7      7.8 2021  7 24  1 50  3.500  0.00   6
   109208  40.309603 -124.361214    31.826       28.4     -193.8     -154.1      9.9      8.1     10.0 2021  7 24  8 41 49.560  0.00   6
   109209  40.310213 -124.362370    31.823      -69.9     -126.1     -157.4      8.4      9.0      8.0 2021  7 24  8 38 42.000  0.00   6
   109210  40.308700 -124.361938    31.869      -33.2     -294.1     -111.0      7.5      9.7      7.0 2021  7 24 19  2  5.180  0.00   6
   109212  40.310173 -124.362476    31.813      -78.9     -130.6     -167.3      8.4      8.5      8.3 2021  7 25 23 20 57.380  0.00   6
   109213  40.308752 -124.362101    31.851      -47.0     -288.3     -129.3      7.5     10.5      7.2 2021  7 25 20  5 30.660  0.00   6
   109214  40.312972 -124.360449    31.979       93.4      180.3       -1.1      5.5      9.8      5.5 2021  7 25 18 49 10.460  0.00   6
   109215  40.309566 -124.361882    31.821      -28.4     -197.9     -159.2      8.5     11.0      7.9 2021  7 25 23 43 27.000  0.00   6
   109216  40.308439 -124.361035    31.866       43.6     -323.1     -113.6      7.4     10.3      7.2 2021  7 25 21 37 43.460  0.00   6
   109217  40.309021 -124.357910    32.006      309.2     -258.4       26.5     10.0     10.2      8.8 2021  7 25  7 24 13.180  0.00   6
   109219  40.315230 -124.361304    31.991       20.8      431.0       10.8      6.3      9.4      6.5 2021  7 26  6 50 22.360  0.00   6
   109220  40.312528 -124.360864    31.982       58.1      131.0        2.0      6.3      9.0      6.2 2021  7 26 19 27 24.380  0.00   6
   109222  40.308154 -124.361393    31.851       13.1     -354.7     -128.9      7.0     10.0      7.3 2021  7 26 23 34 14.520  0.00   6
   109223  40.310828 -124.362427    31.813      -74.7      -57.8     -166.6      8.8     11.3      8.1 2021  7 26  5 35 10.060  0.00   6
   109225  40.308508 -124.362150    31.839      -51.2     -315.4     -141.1      8.1      9.1      7.8 2021  7 27 10 37 25.060  0.00   6
   109226  40.309684 -124.361776    31.834      -19.4     -184.8     -146.1      8.1     11.3      7.5 2021  7 28 19 32 15.660  0.00   6
   109227  40.310185 -124.361841    31.819      -24.9     -129.2     -161.1      8.6     11.4      7.7 2021  7 28  2 37 56.380  0.00   6
   109228  40.310282 -124.361475    31.843        6.2     -118.4     -136.6      7.5     10.8      7.3 2021  7 28  5 27 46.940  0.00   6
   109229  40.307869 -124.359106    31.968      207.5     -386.3      -11.5     12.2     10.3      9.4 2021  7 28  9 12 47.980  0.00   6
   109233  40.308809 -124.361971    31.865      -36.0     -281.9     -114.6      8.1      9.1      7.4 2021  7 29 18 39 28.720  0.00   6
   109235  40.309770 -124.362630    31.812      -92.0     -175.3     -167.9      7.7     12.0      8.4 2021  7 30 14 58 42.900  0.00   6
   109236  40.306425 -124.357471    31.781      346.6     -546.7     -198.8     11.2     10.3      6.4 2021  7 30  3 30 35.380  0.00   6
   109239  40.309005 -124.362061    31.837      -43.6     -260.3     -143.1      8.0     11.1      7.7 2021  7 31 13 40 23.960  0.00   6
   109240  40.308891 -124.362061    31.815      -43.6     -272.9     -164.9      8.1     10.8      8.2 2021  7 31 11 13 30.740  0.00   6
   109241  40.309037 -124.361759    31.865      -18.0     -256.6     -114.5      6.8     10.9      7.0 2021  7 31  1 51 16.840  0.00   6
   109242  40.309505 -124.362142    31.778      -50.5     -204.7     -201.6      8.9     10.6      9.2 2021  7 31  4 20 10.140  0.00   6
   109244  40.307166 -124.358244    31.783      280.9     -464.5     -197.0      7.9      8.2      5.7 2021  7 31 11  7 51.120  0.00   6
   109245  40.314913 -124.361532    31.991        1.4      395.8       11.0      5.8     10.3      6.8 2021  8  1 16 55 20.720  0.00   6
   109248  40.308081 -124.360653    31.906       76.1     -362.8      -74.3      8.3     10.5      8.1 2021  8  1 21 26 30.980  0.00   6
   109249  40.307609 -124.360319    31.943      104.5     -415.2      -37.2      9.2     10.2      8.8 2021  8  1 21 31 37.400  0.00   6
   109251  40.303202 -124.359644    32.126      161.9     -904.6      146.2     10.0     19.0      9.7 2021  8  1 16 34 12.980  0.00   6
   109252  40.313021 -124.360750    31.995       67.8      185.7       15.0      5.4      9.3      5.7 2021  8  2  7 50 25.840  0.00   6
   109253  40.309253 -124.362044    31.815      -42.2     -232.7     -164.6      7.9      8.3      8.4 2021  8  2  6 34 21.080  0.00   6
   109255  40.306250 -124.363607    31.808     -175.0     -566.1     -172.2     14.4     26.1     11.1 2021  8  2 11 41 32.420  0.00   6
   109256  40.309269 -124.361882    31.815      -28.4     -230.9     -165.0      8.6     11.3      7.9 2021  8  3  2 40 18.780  0.00   6
   109257  40.309237 -124.361890    31.817      -29.1     -234.5     -162.5      8.6     11.2      7.8 2021  8  4 21 11 43.080  0.00   6
   109258  40.309163 -124.362386    31.831      -71.3     -242.6     -149.3      8.8      9.1      8.4 2021  8  5  9 30 12.540  0.00   6
   109259  40.309672 -124.361841    31.872      -24.9     -186.2     -107.8      8.0     11.2      7.0 2021  8  6 20 58 36.520  0.00   6
   109262  40.303507 -124.359082    32.011      209.6     -870.7       31.3     14.1     18.2     12.5 2021  8  7 14  6 37.400  0.00   6
   109263  40.309172 -124.362256    31.827      -60.2     -241.7     -152.9      9.6      8.9      8.4 2021  8  9 12 31 31.560  0.00   6
   109264  40.313000 -124.360791    31.982       64.3      183.4        2.3      6.6      9.6      6.6 2021  8 10  2  3 25.460  0.00   6
   109265  40.301615 -124.359652    32.107      161.2    -1080.8      127.5      9.6     24.1      9.1 2021  8 10 15 41 38.320  0.00   6
   109266  40.307890 -124.354769    31.481      576.3     -384.1     -499.4      7.3      8.4      6.5 2021  8 12  8  3 17.040  0.00   6
   109267  40.309375 -124.362524    31.837      -83.0     -219.1     -143.0      8.0      9.9      7.9 2021  8 13 23 40  3.920  0.00   6
   109268  40.308561 -124.355013    31.569      555.5     -309.5     -411.1      8.5      9.4      7.6 2021  8 13  4 11 20.940  0.00   6
   109269  40.300562 -124.360189    32.091      115.5    -1197.8      111.2      6.6     15.9      7.1 2021  8 13 22 41  3.240  0.00   6
   109270  40.308126 -124.361255    31.873       24.9     -357.8     -107.0      7.0      9.7      7.9 2021  8 14  6 12 10.780  0.00   6
   109273  40.309139 -124.362118    31.861      -48.4     -245.3     -119.1      7.9      9.1      7.4 2021  8 19 23 33 20.840  0.00   6
   109274  40.308993 -124.361515    31.831        2.8     -261.6     -149.1      9.1     10.8      8.4 2021  8 19 18 58  1.140  0.00   6
   109277  40.305599 -124.360099    32.027      123.1     -638.4       47.4     11.2     10.6     10.4 2021  8 19 11 58 38.360  0.00   6
   109278  40.310238 -124.362939    31.804     -118.3     -123.3     -175.6      8.6     11.2      8.4 2021  8 19 14  8 21.200  0.00   6
   109279  40.308582 -124.355526    31.344      511.9     -307.2     -636.2      8.9      8.1      9.5 2021  8 20 18  1 37.320  0.00   6
   109280  40.314465 -124.361418    31.992       11.1      346.1       12.4      6.0      9.5      6.4 2021  8 22 13 44 25.420  0.00   6
   109281  40.313411 -124.361076    31.978       40.1      229.1       -2.0      7.2      7.3      6.9 2021  8 22 16 20 25.140  0.00   6
   109282  40.314490 -124.361556    31.985       -0.7      348.8        4.6      5.9     10.0      6.6 2021  8 22 13 45 21.680  0.00   6
   109284  40.307894 -124.360156    31.902      118.3     -383.6      -78.4      9.9     10.2      8.4 2021  8 23 22 44 22.940  0.00   6
   109285  40.307369 -124.359204    31.948      199.2     -441.9      -32.3     12.2     12.2     10.3 2021  8 23  0  0  5.780  0.00   6
   109286  40.305941 -124.360832    31.926       60.9     -600.5      -53.8      9.5     14.3      9.4 2021  8 24  4 45 53.600  0.00   6
   109288  40.306832 -124.359432    31.967      179.9     -501.5      -12.8     12.1     11.8     10.1 2021  8 24  4 47 42.220  0.00   6
   109289  40.306213 -124.359147    32.009      204.1     -570.2       28.6     14.1     13.3     11.9 2021  8 24 11  5 24.380  0.00   6
   109290  40.308773 -124.361825    31.810      -23.5     -286.0     -169.9      7.1      9.2      8.1 2021  8 25  8 42 30.260  0.00   6
   109292  40.307410 -124.361686    31.869      -11.8     -437.4     -111.2      8.7     12.0      7.9 2021  8 25 19 39 13.980  0.00   6
   109293  40.301725 -124.359945    32.096      136.3    -1068.6      116.0      7.0     10.2      7.5 2021  8 27 23 45 32.860  0.00   6
   109295  40.305489 -124.359294    32.038      191.6     -650.6       57.6     14.6     11.9     11.8 2021  8 29 21  2 20.980  0.00   6
   109296  40.307515 -124.359204    31.949      199.2     -425.6      -31.5     12.3     12.3     10.4 2021  8 30 16 40 16.680  0.00   6
   109298  40.308720 -124.361629    31.803       -6.9     -291.9     -177.1      8.7     10.7      7.7 2021  8 31  1 34  0.660  0.00   6
   109304  40.309875 -124.362598    31.822      -89.2     -163.6     -157.6      8.7     11.2      7.6 2021  9  1  0 12 29.580  0.00   6
   109306  40.309558 -124.362720    31.800      -99.6     -198.8     -179.9      9.0     11.1      8.3 2021  9  2  0 39  8.880  0.00   6
   109307  40.309737 -124.362484    31.793      -79.6     -178.9     -187.3      8.5     10.8      8.4 2021  9  2  0 38 45.800  0.00   6
   109312  40.310616 -124.362891    31.783     -114.1      -81.3     -196.5      8.0     12.8      8.7 2021  9  3 10 57 31.420  0.00   6
   109313  40.306063 -124.359985    32.006      132.8     -586.9       25.8     12.2     11.8     10.7 2021  9  3 22 18 39.160  0.00   6
   109314  40.308809 -124.361076    31.844       40.1     -281.9     -136.5      7.5      9.4      8.2 2021  9  4 14 15 57.920  0.00   6
   109315  40.309542 -124.362703    31.810      -98.2     -200.6     -170.2      6.3     10.7      7.8 2021  9  4  0 16 15.820  0.00   6
   109316  40.307092 -124.361816    31.818      -22.8     -472.6     -161.7     10.2     14.1      8.8 2021  9  4 23 44 57.640  0.00   6
   109317  40.310274 -124.363314    31.789     -150.1     -119.3     -191.0     10.7      8.8      9.7 2021  9  5 22 52 47.740  0.00   6
   109318  40.311043 -124.360327    31.939      103.8      -33.9      -40.9      8.2      7.4      6.9 2021  9  5 23 22  8.420  0.00   6
   109319  40.306006 -124.360791    31.912       64.3     -593.2      -68.4     10.6     14.5      9.4 2021  9  5  0 35 11.340  0.00   6
   109322  40.303011 -124.361353    32.028       16.6     -925.8       47.8      8.5     19.7      9.3 2021  9  6  5 29 11.320  0.00   6
   109326  40.313611 -124.363607    31.897     -175.0      251.2      -83.3     21.1     15.1     17.2 2021  9  9 21 58  1.820  0.00   6
   109327  40.308651 -124.361882    31.870      -28.4     -299.6     -109.8      7.8     10.2      6.8 2021  9  9 22 18 30.260  0.00   6
   109328  40.313326 -124.363184    31.571     -139.0      219.6     -409.1     11.5      7.9     11.9 2021  9 10 17  6 37.240  0.00   6
   109329  40.315812 -124.365259    31.824     -315.4      495.7     -156.4     12.4     15.1      5.4 2021  9 10 10 24 24.200  0.00   6
   109331  40.302336 -124.361100    31.994       38.0    -1000.8       13.8      9.4     27.2      9.2 2021  9 13  4 48 24.520  0.00   6
   109332  40.312695 -124.363159    31.605     -137.0      149.6     -374.7     11.2      8.5     11.2 2021  9 15 19 57 59.300  0.00   6
   109335  40.311536 -124.365145    31.730     -305.8       20.8     -250.0     12.0     10.8     11.8 2021  9 15  6 37 38.020  0.00   6
   109336  40.308651 -124.357625    31.424      333.4     -299.6     -555.6      9.0      6.6      8.6 2021  9 16  8 37  4.980  0.00   6
   109337  40.304138 -124.360286    31.968      107.2     -800.6      -11.6     15.9     28.1     13.6 2021  9 17  6 36  5.720  0.00   6
   109338  40.303743 -124.362337    31.912      -67.1     -844.5      -67.7      8.4     24.0     10.2 2021  9 17 22 27 21.360  0.00   6
   109339  40.301896 -124.361117    32.031       36.7    -1049.6       51.0      8.2     19.6      8.4 2021  9 17  9  1 58.700  0.00   6
   109340  40.304582 -124.360571    31.960       83.0     -751.4      -20.0     12.5     21.0     11.9 2021  9 19  6  5 38.020  0.00   6
   109341  40.307414 -124.362012    31.884      -39.4     -436.9      -95.9      7.3      8.8      8.5 2021  9 19  3  8 27.520  0.00   6
   109342  40.312301 -124.363151    31.579     -136.3      105.7     -401.0     12.5      7.3     11.2 2021  9 22  0  8 23.380  0.00   6
   109343  40.308919 -124.356722    31.472      410.2     -269.7     -507.9      6.5      9.9      6.4 2021  9 22  0  2 55.800  0.00   6
   109347  40.311462 -124.359831    31.950      146.0       12.7      -30.1      8.4     10.7      7.1 2021  9 25  0 37 22.520  0.00   6
   109348  40.309660 -124.357633    31.494      332.7     -187.5     -486.4      6.4      8.5      7.8 2021  9 26  6 20 37.900  0.00   6
   109349  40.303459 -124.361011    31.996       45.7     -876.1       15.6      9.0     22.3      9.6 2021  9 27  4 44 39.340  0.00   6
   109354  40.312675 -124.360547    31.999       85.1      147.3       18.9      6.7     10.7      5.0 2021 10 25  1  3 32.840  0.00   6
   109355  40.306571 -124.359725    31.968      155.0     -530.4      -12.1     12.5     11.4     10.5 2021 10 26  6  8 31.580  0.00   6
   109356  40.314327 -124.361784    31.984      -20.1      330.7        4.1      5.7      9.5      6.9 2021 11 22  4 17 27.920  0.00   6
   109357  40.304911 -124.360441    31.982       94.1     -714.8        1.9     11.2     15.6     11.0 2021 12 23  9  2 20.220  0.00   6
   109358  40.309062 -124.357747    31.480      323.1     -253.9     -499.9      7.0      7.6      7.4 2021 12 23 18 55 52.360  0.00   6
   109359  40.308403 -124.356958    31.470      390.2     -327.1     -510.3      5.3      9.7      5.8 2021 12 23  8 27 56.380  0.00   6
   109360  40.310327 -124.356600    31.564      420.6     -113.4     -416.0      8.4      6.6      7.7 2021 12 23 11 24 40.520  0.00   6
   109361  40.302665 -124.361165    32.026       32.5     -964.2       46.4      7.9     21.8      8.7 2021 12 23 12 16 31.140  0.00   6
   109362  40.305042 -124.360636    31.999       77.5     -700.3       18.6     13.7     19.3     12.3 2021 12 23 13 36 42.580  0.00   6
   109363  40.304997 -124.358797    32.031      233.8     -705.3       50.7     15.0      9.2     11.5 2021 12 23 18 57 15.160  0.00   6
   109364  40.308622 -124.356136    31.545      460.0     -302.7     -434.6      6.7      8.5      6.6 2021 12 24 16 44 39.600  0.00   6
   109366  40.308948 -124.357194    31.448      370.1     -266.6     -531.7      7.4      8.5      7.7 2021 12 25  6 19  6.540  0.00   6
   109367  40.305514 -124.359391    32.044      183.3     -647.9       64.2     15.2     11.8     12.1 2021 12 25 16 20 55.220  0.00   6
   109368  40.304801 -124.362524    31.851      -83.0     -727.0     -129.5     20.0     48.3     17.6 2021 12 25  6 18  5.720  0.00   6
   109369  40.305416 -124.360042    31.974      128.0     -658.8       -5.7     12.4     11.5     11.2 2021 12 25  7 27 29.140  0.00   6
   109373  40.306458 -124.362435    31.835      -75.4     -543.1     -145.4      9.7      9.3      8.9 2022  1  6  0 59 31.420  0.00   6
   109374  40.304858 -124.356413    31.760      436.5     -720.7     -220.4     10.0      7.9      8.7 2022  1 11 12  2 21.560  0.00   6
   109376  40.314242 -124.362126    31.949      -49.1      321.2      -30.6      6.1     10.3      7.0 2022  7 10  5 57 23.960  0.00   6
   109379  40.314364 -124.362264    31.936      -60.9      334.8      -44.0      6.6     10.2      7.4 2022  7 19  0 22 27.000  0.00   6
   109380  40.314978 -124.361995    31.956      -38.0      403.0      -24.5      6.1     10.6      6.9 2022  7 19 23 51 52.120  0.00   6
   109381  40.314172 -124.361532    31.982        1.4      313.6        1.7      6.6      9.0      6.4 2022  7 25 22 53 46.120  0.00   6
   109382  40.314221 -124.361426    31.991       10.4      319.0       10.8      6.5     11.0      6.2 2022  7 29 19 56 59.160  0.00   6
   109385  40.314136 -124.361825    31.945      -23.5      309.5      -34.9      6.2      9.1      7.5 2022  8  9  4 38 31.500  0.00   6
   109386  40.314640 -124.362020    31.930      -40.1      365.5      -49.6      6.3     11.0      7.2 2022  8  9 18 41 47.920  0.00   6
   109393  40.314644 -124.361206    31.978       29.1      366.0       -2.1      6.1     10.5      6.4 2022  8 30  6  3 39.840  0.00   6
   109395  40.314233 -124.361580    31.981       -2.8      320.3        1.0      6.2      9.7      6.7 2022  9  3 12  0 10.600  0.00   6
   109396  40.314319 -124.361670    31.966      -10.4      329.8      -14.1      6.3      9.6      7.3 2022  9 14  1 47 59.060  0.00   6
   109397  40.314864 -124.360938    32.002       51.9      390.4       21.6      6.3     10.3      6.5 2022  9 14  1 51 22.500  0.00   6
   109398  40.314563 -124.361190    31.992       30.4      356.9       12.0      6.4      9.4      6.8 2022  9 28 10 10 30.060  0.00   6
   109399  40.314262 -124.361776    31.988      -19.4      323.5        8.5      6.3      9.2      7.2 2022 10  1 11  0 21.440  0.00   6
   109403  40.323421 -124.364665    32.614     -264.9     1340.6      633.9     22.2     31.8     20.7 2022 10 10  5 11 55.860  0.00   6
   109404  40.313704 -124.361662    31.950       -9.7      261.6      -29.8      8.2     11.1      7.7 2022 10 13 13 52 48.680  0.00   6
   109405  40.314709 -124.361491    31.985        4.8      373.2        5.4      6.1      9.9      6.6 2022 10 15  1  6 50.180  0.00   6
   109406  40.315149 -124.361637    31.976       -7.6      422.0       -4.2      6.0     10.3      6.6 2022 10 15  7 41 36.280  0.00   6
   109407  40.314278 -124.361401    31.973       12.5      325.3       -7.1      6.4     11.7      5.8 2022 10 20  4  3 58.380  0.00   6
   109408  40.314709 -124.361947    31.983      -33.9      373.2        3.3      6.8      8.8      7.3 2022 10 30 12 59 54.920  0.00   6
   109411  40.313928 -124.361239    31.985       26.3      286.5        4.5      5.7     10.0      6.9 2022 11 18  1 57 26.740  0.00   6
   109412  40.313871 -124.361043    31.983       42.9      280.1        3.1      6.8      9.4      6.5 2022 11 19 10 54 49.280  0.00   6
   110617  40.313717 -124.361646    32.084       -8.3      263.0      103.7      4.7      8.4      5.2 2022 12  2 13 23 47.570  2.13   6
