   102177  40.290454 -124.479696    26.357     1204.8      367.3     5238.1    402.9   1372.6    733.7 2020  4  1 11 46 58.040  0.00   2
   102179  40.271981 -124.485262    25.700      731.5    -1683.9     4581.5    466.9   1026.5    621.8 2022  4 28 10 58 15.600  0.00   2
   102611  40.293945 -124.556437    23.400    -5320.7      755.0     2281.0    333.7    547.0    326.1 2020  1 28  5 11 32.240  0.00   2
   102614  40.293925 -124.556340    23.405    -5312.4      752.7     2286.5    313.5    494.9    318.5 2020  2 19  4 37 44.400  0.00   2
   102615  40.293127 -124.556250    23.307    -5304.8      664.2     2187.9    294.0    393.6    257.1 2020  3  2 21 56 10.200  0.00   2
   102616  40.293868 -124.556315    23.352    -5310.3      746.4     2233.3    328.6    563.3    349.8 2020  3 12 13 19 53.560  0.00   2
   102617  40.289156 -124.556510    23.283    -5327.1      223.2     2164.1    358.7    902.9    426.0 2020  3 19  2  9 47.580  0.00   2
   102618  40.293909 -124.556258    23.343    -5305.4      750.9     2223.8    311.6    475.8    306.5 2020  3 24  8  3 36.860  0.00   2
   102619  40.294348 -124.556250    23.374    -5304.7      799.7     2255.1    318.8    372.3    315.1 2020  5  3 14  1 39.440  0.00   2
   102620  40.293188 -124.556266    23.321    -5306.2      671.0     2202.1    297.2    368.7    253.7 2020  5  8  2 59 28.200  0.00   2
   102621  40.293701 -124.556283    23.346    -5307.5      727.9     2227.2    302.6    503.2    310.1 2020  5 20  5 59 56.040  0.00   2
   102622  40.293660 -124.556177    23.333    -5298.5      723.4     2213.7    336.0    561.0    374.3 2020  5 25 11 34 11.100  0.00   2
   102623  40.293412 -124.556079    23.379    -5290.2      695.8     2260.1    309.1    464.4    317.9 2020  6 17  9 38  2.760  0.00   2
   102626  40.293294 -124.556201    23.342    -5300.6      682.7     2223.6    330.0    554.7    380.9 2020  7 30 14 15 55.420  0.00   2
   102627  40.293359 -124.555550    23.279    -5245.3      689.9     2159.9    304.4    566.8    370.6 2020  8  6  9 43  0.900  0.00   2
   102628  40.293058 -124.555916    23.346    -5276.4      656.5     2226.8    311.8    519.8    351.7 2020  8 12  9 16 12.860  0.00   2
   102629  40.293730 -124.556307    23.388    -5309.6      731.1     2269.4    311.6    519.0    345.6 2020  8 30 19 11 39.340  0.00   2
   102630  40.293449 -124.555762    23.294    -5263.2      699.9     2174.9    313.9    590.9    344.5 2020  9  4 12  2 45.620  0.00   2
   102631  40.293811 -124.556128    23.337    -5294.4      740.1     2218.0    318.8    475.9    295.3 2020  9 14  2 37 30.160  0.00   2
   102632  40.293241 -124.556291    23.299    -5308.2      676.8     2180.6    296.0    479.3    257.8 2020 10 22  1 28 26.760  0.00   2
   102633  40.293363 -124.556380    23.357    -5315.8      690.4     2237.8    327.7    536.6    283.1 2020 10 29  4 23 31.560  0.00   2
   102636  40.293270 -124.556193    23.343    -5299.9      680.0     2224.0    328.8    590.1    378.1 2020 11 12  0 59 20.320  0.00   2
   102637  40.293888 -124.556234    23.355    -5303.4      748.7     2235.9    308.8    408.7    276.9 2020 11 22  4 28 11.800  0.00   2
   102638  40.293481 -124.556323    23.397    -5311.0      703.5     2277.9    303.1    434.9    324.5 2020 11 24  4 43  2.220  0.00   2
   102640  40.292094 -124.556201    23.372    -5300.7      549.4     2253.2    336.0    561.2    406.8 2020 12 20 20 43  7.720  0.00   2
   102643  40.293498 -124.556274    23.365    -5306.8      705.3     2246.2    311.5    492.5    311.8 2021  4  2  8 21 40.740  0.00   2
   102644  40.293372 -124.556217    23.369    -5302.0      691.3     2249.8    326.8    437.8    303.0 2021  4  2 10  4 11.960  0.00   2
   102645  40.293762 -124.555941    23.404    -5278.5      734.7     2284.7    345.8    539.7    370.5 2021  4  2  8 33 31.360  0.00   2
   102646  40.292712 -124.555656    23.259    -5254.3      618.1     2140.3    292.8    499.4    327.8 2021  4  3  8 46 31.580  0.00   2
   102648  40.293783 -124.556323    23.346    -5311.0      736.9     2227.0    302.2    429.4    259.2 2021  4  4 22 47 31.720  0.00   2
   102649  40.293445 -124.556201    23.355    -5300.6      699.4     2236.4    298.6    443.3    299.2 2021  4  6 18 44  3.960  0.00   2
   102650  40.292818 -124.556047    23.329    -5287.5      629.8     2209.8    308.1    457.0    343.9 2021  4 16  7 34 37.420  0.00   2
   102652  40.293656 -124.556274    23.392    -5306.8      722.9     2272.7    310.1    446.5    333.7 2021  4 24 10 54 59.700  0.00   2
   102653  40.293026 -124.556201    23.390    -5300.6      652.9     2271.2    322.8    484.8    334.0 2021  5 11 10 53 45.640  0.00   2
   102654  40.293490 -124.556234    23.359    -5303.4      704.4     2240.0    323.3    421.9    330.5 2021  5 18  7  9  4.920  0.00   2
   102655  40.293070 -124.555924    23.251    -5277.1      657.9     2131.7    307.3    535.2    365.1 2021  6  5 23 47 43.440  0.00   2
   102656  40.292745 -124.555623    23.260    -5251.5      621.7     2141.3    356.1    648.0    449.9 2021  7 10 10 32  6.000  0.00   2
   102657  40.292867 -124.555599    23.240    -5249.4      635.3     2120.9    302.6    487.5    404.3 2021  7 10 10 35 55.320  0.00   2
   102658  40.293490 -124.556266    23.348    -5306.1      704.4     2229.0    310.1    502.2    345.2 2021  7 10 10 44 51.580  0.00   2
   102659  40.293791 -124.556315    23.321    -5310.3      737.8     2202.1    302.0    537.5    341.9 2021  7 10 11 32 17.980  0.00   2
   102660  40.294059 -124.556217    23.309    -5302.0      767.6     2190.0    325.1    506.9    335.1 2021  7 10 12 22  8.220  0.00   2
   102661  40.293534 -124.556258    23.350    -5305.5      709.4     2231.3    313.2    467.5    294.7 2021  7 11  0 11 56.640  0.00   2
   102662  40.294710 -124.555192    23.441    -5214.8      839.9     2322.1    336.1    555.3    384.0 2021  8 14  7 32 23.840  0.00   2
   102663  40.293498 -124.556014    23.356    -5284.7      705.3     2237.3    319.8    706.3    449.2 2021  8 17  5  4 32.220  0.00   2
   102664  40.292867 -124.556250    23.344    -5304.8      635.3     2225.0    301.1    686.7    418.5 2021 10 17 20 33  5.600  0.00   2
   102665  40.293351 -124.555794    23.301    -5266.0      689.0     2182.4    298.3    463.7    280.6 2021 11  4  7 34 53.420  0.00   2
   102666  40.293518 -124.555534    23.318    -5243.9      707.6     2199.0    300.7    445.4    293.0 2021 11 17  7 26 36.100  0.00   2
   102667  40.293901 -124.555314    23.292    -5225.2      750.0     2172.7    293.2    480.0    290.5 2021 12  3 14  3  8.220  0.00   2
   102669  40.294002 -124.555282    23.351    -5222.4      761.3     2232.0    343.4    420.2    329.0 2021 12 20 23 12 47.680  0.00   2
   102670  40.293282 -124.556283    23.351    -5307.5      681.4     2232.2    327.1    372.9    282.7 2021 12 21 19 14 52.560  0.00   2
   102671  40.293302 -124.556144    23.340    -5295.8      683.6     2221.2    304.0    601.7    334.0 2021 12 21  0  6 44.760  0.00   2
   102673  40.293624 -124.556250    23.357    -5304.8      719.3     2238.0    308.8    498.7    314.2 2021 12 26  0 58 31.020  0.00   2
   102674  40.293567 -124.556340    23.321    -5312.4      713.0     2202.2    306.9    503.2    253.4 2021 12 27 21 23 56.940  0.00   2
   102675  40.293660 -124.556315    23.343    -5310.3      723.4     2224.2    306.9    443.1    324.9 2021 12 28 23 42 32.980  0.00   2
   102677  40.293612 -124.555452    23.215    -5236.9      717.9     2095.7    309.0    588.9    336.7 2021 12 30 21 50 15.320  0.00   2
   102678  40.293555 -124.556169    23.344    -5297.8      711.6     2225.2    322.2    556.8    360.3 2021 12 31 23 44 46.660  0.00   2
   102679  40.293465 -124.556242    23.360    -5304.1      701.7     2241.6    302.5    522.4    345.0 2022  1  6 21 51 26.240  0.00   2
   102684  40.292065 -124.555184    23.268    -5214.2      546.3     2149.5    338.3    696.3    511.0 2022  2 12 18 43 42.940  0.00   2
   102685  40.293359 -124.556283    23.374    -5307.5      689.9     2255.4    302.7    466.2    282.9 2022  3  2 23 19 59.800  0.00   2
   102686  40.292387 -124.556160    23.428    -5297.2      581.9     2309.1    331.9    422.6    362.6 2022  3  2 16  8  3.180  0.00   2
   102687  40.293819 -124.556234    23.363    -5303.4      741.0     2244.1    322.8    483.4    309.8 2022  3  9 13 42 16.640  0.00   2
   102691  40.292839 -124.555111    23.272    -5207.9      632.1     2153.0    329.6    812.6    560.2 2022  5 18 18  7 36.080  0.00   2
   102692  40.293205 -124.555550    23.206    -5245.3      672.8     2086.8    289.6    470.8    324.9 2022  5 21 20  6 56.040  0.00   2
   102693  40.293689 -124.556356    23.351    -5313.8      726.5     2232.4    320.2    636.5    425.7 2022  6 20  7 39 31.020  0.00   2
   102694  40.293884 -124.556217    23.337    -5302.0      748.2     2217.8    318.3    556.9    326.5 2022  6 27  7 43 34.160  0.00   2
   102695  40.291703 -124.556291    23.315    -5308.3      506.0     2196.0    309.9    678.6    232.3 2022  7 18  1 42 42.840  0.00   2
   102696  40.293974 -124.556340    23.385    -5312.4      758.2     2266.1    309.4    452.5    290.6 2022  7 28  7 20 33.000  0.00   2
   102697  40.293538 -124.556014    23.322    -5284.7      709.8     2203.1    307.6    494.8    287.2 2022  8  2  3 23 52.420  0.00   2
   102698  40.293469 -124.556193    23.351    -5299.9      702.1     2232.3    340.4    652.7    436.4 2022  8 16 18 15 25.220  0.00   2
   102699  40.293498 -124.556258    23.344    -5305.5      705.3     2225.0    296.5    393.7    301.1 2022  9 16  6  1  5.000  0.00   2
   102700  40.293591 -124.556258    23.361    -5305.4      715.7     2242.4    305.1    412.4    300.1 2022  9 19  4 54 39.760  0.00   2
   102702  40.293896 -124.556364    23.355    -5314.4      749.6     2235.7    323.6    528.1    310.8 2022 10  5  5 11 18.160  0.00   2
   102705  40.293001 -124.556006    23.379    -5284.0      650.2     2260.5    316.5    750.1    467.9 2022 11  1  9 40 50.800  0.00   2
   102706  40.293665 -124.556266    23.368    -5306.1      723.8     2249.4    300.6    412.1    289.8 2022 11 27 18  0 57.680  0.00   2
   103181  40.287065 -124.467383    20.182     2251.8       -9.0     -936.9    302.8    817.5    490.4 2020  1 11  1 31 54.420  0.00   2
   103185  40.285958 -124.467480    20.190     2243.5     -131.9     -928.9    298.4    371.4    485.1 2020  3 20  0 26 38.040  0.00   2
   103189  40.288615 -124.467139    20.188     2272.6      163.1     -930.6    427.8   1043.6    680.2 2020  5 27  2 48 16.160  0.00   2
   103193  40.286198 -124.467358    20.185     2253.9     -105.3     -933.6    290.0    457.4    397.9 2020  7 17 21 44  7.800  0.00   2
   103194  40.285217 -124.467578    20.215     2235.2     -214.2     -904.1    290.0    419.2    453.0 2020  8 11  2 18 34.020  0.00   2
   103195  40.285449 -124.467521    20.184     2240.1     -188.4     -935.2    271.4    408.3    427.8 2020  9  3 21 10 12.920  0.00   2
   103196  40.285645 -124.467472    20.189     2244.2     -166.7     -930.0    301.0    460.2    481.1 2020  9 30 18 18  5.760  0.00   2
   103197  40.285478 -124.467529    20.186     2239.4     -185.2     -932.9    287.0    385.5    457.1 2020 10 13 14 33 43.200  0.00   2
   103199  40.286491 -124.467448    20.183     2246.3      -72.7     -936.1    265.7    450.7    419.0 2020 11 26  8 19 30.520  0.00   2
   103201  40.285803 -124.467399    20.397     2250.5     -149.1     -721.9    270.4    502.6    613.6 2020 12 24  9 22 40.660  0.00   2
   103203  40.288586 -124.467131    20.191     2273.3      159.9     -927.5    356.7    834.2    603.8 2021  2 24 19 37  0.500  0.00   2
   103204  40.285640 -124.467489    20.189     2242.9     -167.2     -929.9    321.0    363.9    508.1 2021  3 22 10 31  8.140  0.00   2
   103206  40.285164 -124.468001    20.102     2199.3     -220.0    -1017.2    333.7    423.9    633.3 2021  4 24  6 17 31.180  0.00   2
   103207  40.285836 -124.467432    20.194     2247.7     -145.5     -925.1    317.1    511.5    461.1 2021  5  2  8  9 31.120  0.00   2
   103210  40.284932 -124.468164    20.062     2185.4     -245.8    -1057.2    333.3    549.6    595.8 2021  8  5 10 16 23.100  0.00   2
   103211  40.285551 -124.467619    20.150     2231.8     -177.1     -969.0    279.6    454.0    413.6 2021  9  5 23  3 58.160  0.00   2
   103213  40.287602 -124.467383    20.170     2251.8       50.6     -949.2    287.8    760.1    461.5 2021 10  6  9  9 39.160  0.00   2
   103214  40.293538 -124.475399    21.245     1570.1      709.8      125.9    457.7    942.2    529.6 2021 10 12 11 29  9.760  0.00   2
   103216  40.285742 -124.467440    20.169     2247.0     -155.9     -949.8    292.3    360.0    391.0 2021 11  1 12 14 16.760  0.00   2
   103218  40.286214 -124.467879    20.274     2209.6     -103.5     -844.6    374.8    502.5    498.2 2021 12 20 23 42 18.160  0.00   2
   103219  40.286971 -124.467253    20.197     2262.9      -19.4     -922.0    296.3    573.6    446.5 2021 12 21 19 53 20.860  0.00   2
   103220  40.287004 -124.467285    20.194     2260.1      -15.8     -924.5    306.9    565.7    441.7 2021 12 21  3 25  2.140  0.00   2
   103221  40.285819 -124.467676    20.166     2226.9     -147.3     -952.8    282.6    528.9    408.1 2021 12 22 23 56  7.680  0.00   2
   103222  40.285640 -124.467676    20.206     2226.9     -167.2     -912.7    272.2    312.6    402.6 2021 12 22 22 10  3.600  0.00   2
   103225  40.286605 -124.467383    20.187     2251.8      -60.1     -932.3    329.8    543.8    436.8 2021 12 22 13 50  2.900  0.00   2
   103227  40.286080 -124.467570    20.186     2235.9     -118.4     -933.3    327.6    470.2    418.1 2021 12 22  6 22 18.920  0.00   2
   103229  40.285099 -124.467448    20.135     2246.3     -227.3     -984.1    287.3    477.2    418.4 2021 12 23 10 36 56.360  0.00   2
   103232  40.285116 -124.467546    20.145     2238.0     -225.5     -973.9    279.2    370.6    436.1 2021 12 25  4 27 30.000  0.00   2
   103233  40.285510 -124.467537    20.168     2238.7     -181.6     -950.9    302.9    441.8    526.5 2021 12 25 13  7 17.660  0.00   2
   103235  40.285140 -124.467765    20.191     2219.3     -222.7     -928.2    265.8    366.4    402.3 2021 12 26 18 24 14.980  0.00   2
   103237  40.284985 -124.467668    20.149     2227.6     -239.9     -969.5    311.8    608.7    446.4 2021 12 27  3 19 14.140  0.00   2
   103238  40.286426 -124.467627    20.139     2231.1      -80.0     -979.6    339.9    692.5    475.7 2021 12 28 10 25 14.240  0.00   2
   103239  40.283948 -124.468229    20.005     2179.9     -355.1    -1113.6    341.8    512.6    618.6 2021 12 29  5 39  1.000  0.00   2
   103241  40.285856 -124.467537    20.125     2238.7     -143.2     -994.2    273.4    426.8    455.5 2021 12 31 10 16 23.220  0.00   2
   103242  40.285527 -124.467464    20.181     2244.9     -179.8     -938.0    262.8    398.5    389.5 2022  1  6 15  3 53.600  0.00   2
   103246  40.286186 -124.467432    20.306     2247.7     -106.6     -812.8    270.6    528.7    427.2 2022  1  9 14 28 34.400  0.00   2
   103250  40.285413 -124.467708    20.154     2224.2     -192.5     -964.6    259.2    386.8    406.8 2022  1 12  6 38 12.400  0.00   2
   103252  40.285189 -124.467830    20.139     2213.8     -217.3     -979.9    304.9    421.2    446.5 2022  1 15 11  2 22.680  0.00   2
   103253  40.285990 -124.467546    20.125     2238.0     -128.3     -993.9    282.9    465.8    458.4 2022  1 15 11  7 24.280  0.00   2
   103254  40.285901 -124.467472    20.182     2244.2     -138.3     -937.2    317.4    391.7    423.8 2022  1 15 23 42 27.860  0.00   2
   103255  40.285315 -124.467546    20.149     2238.0     -203.3     -969.8    308.2    518.0    427.0 2022  1 20 23 35 26.640  0.00   2
   103256  40.285856 -124.467424    20.171     2248.4     -143.2     -947.7    283.1    514.7    358.3 2022  1 20  3 44 25.400  0.00   2
   103257  40.285710 -124.467448    20.173     2246.3     -159.5     -945.4    364.8    368.6    538.1 2022  1 21  4 17 37.100  0.00   2
   103258  40.288566 -124.467367    20.154     2253.2      157.7     -965.3    320.6    659.2    432.8 2022  1 21  4 17  1.760  0.00   2
   103261  40.285303 -124.467627    20.185     2231.1     -204.7     -933.6    273.0    358.2    379.2 2022  1 30  5 20 41.160  0.00   2
   103262  40.285742 -124.467546    20.245     2238.0     -155.9     -873.6    285.0    427.1    424.0 2022  1 30 18 14 11.380  0.00   2
   103263  40.285990 -124.467570    20.182     2235.9     -128.3     -936.7    298.8    417.7    436.5 2022  2  6 18 14 29.480  0.00   2
   103264  40.286857 -124.467342    20.168     2255.3      -32.1     -950.8    321.4    521.0    428.0 2022  2 15  3  8 21.340  0.00   2
   103265  40.285307 -124.467643    20.169     2229.7     -204.2     -949.9    278.9    433.1    403.6 2022  2 24 22 57  5.460  0.00   2
   103266  40.285364 -124.467725    20.163     2222.8     -197.9     -955.5    278.1    352.4    388.1 2022  2 24  2  6 53.360  0.00   2
   103267  40.285966 -124.467920    20.074     2206.2     -131.0    -1044.8    320.8    399.3    591.2 2022  2 24 18  1 21.640  0.00   2
   103269  40.285510 -124.467529    20.165     2239.4     -181.6     -953.7    271.4    375.4    412.5 2022  3 29 10 35 52.340  0.00   2
   103270  40.286414 -124.467489    20.140     2242.8      -81.3     -978.8    299.8    637.6    404.3 2022  3 29 19 58  7.480  0.00   2
   103271  40.285254 -124.468237    20.031     2179.2     -210.1    -1087.4    397.6    541.5    695.6 2022  3 31 14 40 40.040  0.00   2
   103272  40.285775 -124.467513    20.164     2240.8     -152.3     -954.7    252.2    404.6    374.8 2022  4  3 21  3 27.520  0.00   2
   103273  40.285002 -124.467668    20.148     2227.6     -238.1     -971.0    359.6    458.2    517.8 2022  4 10 13  3 18.560  0.00   2
   103274  40.286487 -124.467399    20.186     2250.5      -73.2     -932.8    311.6    519.0    420.7 2022  4 10 20 53 45.920  0.00   2
   103277  40.285933 -124.467782    20.211     2217.9     -134.6     -907.4    293.3    427.6    427.5 2022  4 19 18 43 36.400  0.00   2
   103279  40.286747 -124.467570    20.124     2235.9      -44.3     -994.8    301.5    820.0    444.6 2022  5 12 18 20 44.500  0.00   2
   103281  40.285852 -124.467660    20.168     2228.3     -143.7     -951.1    319.6    758.2    456.2 2022  6  9 20  8 46.080  0.00   2
   103283  40.285506 -124.467440    20.169     2247.0     -182.1     -950.1    341.6    538.5    523.2 2022  6 12  6 17 47.260  0.00   2
   103284  40.285767 -124.467586    20.216     2234.5     -153.2     -903.0    256.4    325.3    373.0 2022  6 20  3  5 25.720  0.00   2
   103285  40.285461 -124.467480    20.182     2243.5     -187.1     -937.2    301.7    530.9    428.2 2022  7  4  4 24 56.900  0.00   2
   103286  40.285620 -124.467529    20.162     2239.4     -169.4     -956.5    393.8    436.6    558.1 2022  8 12  8 24  9.100  0.00   2
   103288  40.285347 -124.467497    20.169     2242.2     -199.7     -949.9    294.2    433.8    432.4 2022  8 16  4  0 36.260  0.00   2
   103291  40.285738 -124.467432    20.174     2247.7     -156.3     -944.8    296.6    461.6    445.0 2022  9  6 14 16 14.840  0.00   2
   103292  40.285453 -124.467480    20.185     2243.5     -188.0     -934.1    294.0    433.4    457.6 2022  9  8 13 25 43.220  0.00   2
   103293  40.285128 -124.467676    20.151     2226.9     -224.1     -967.7    297.5    408.5    422.6 2022  9 12  9 10 21.960  0.00   2
   103294  40.286812 -124.467497    20.143     2242.1      -37.0     -976.3    273.3    585.2    403.3 2022  9 13 19 13 50.120  0.00   2
   103295  40.285543 -124.467505    20.165     2241.5     -178.0     -954.1    286.3    393.0    496.0 2022 10  9 14 38 43.840  0.00   2
   103297  40.284208 -124.468343    20.044     2170.2     -326.2    -1074.9    369.6    532.9    616.2 2022 11 10  3 49 21.340  0.00   2
   104536  40.274939 -124.512467    20.651    -1582.1    -1355.5     -467.8    301.5    525.0    521.2 2020  1 23  2 46 22.320  0.00   2
   104538  40.275342 -124.512288    20.625    -1566.9    -1310.7     -493.5    311.7    394.3    540.7 2020  1 24 12 58 18.420  0.00   2
   104539  40.275879 -124.512565    20.660    -1590.4    -1251.1     -459.1    296.9    399.0    520.9 2020  3 15  0 55 54.180  0.00   2
   104540  40.275533 -124.516423    20.945    -1918.4    -1289.5     -174.1    412.0   1010.2    539.8 2020  3 19 13  2 23.120  0.00   2
   104541  40.275305 -124.512362    20.604    -1573.1    -1314.8     -515.1    298.5    437.6    602.3 2020  4  4 12 55 14.960  0.00   2
   104542  40.284774 -124.518726    22.341    -2114.2     -263.4     1222.2    500.1   1508.1    816.9 2020  8  9  3 24  1.340  0.00   2
   104543  40.277323 -124.510758    20.853    -1436.7    -1090.7     -266.1    342.4    682.8    768.1 2020  8  9  0  0 42.000  0.00   2
   104544  40.273291 -124.520231    23.317    -2242.4    -1538.5     2198.3    402.9    586.5   1039.8 2020  9  6 19 15 19.420  0.00   2
   104545  40.277995 -124.511483    20.828    -1498.3    -1016.2     -291.2    296.8    659.9    607.3 2020 11 20 23  5 37.000  0.00   2
   104546  40.275590 -124.512142    20.676    -1554.4    -1283.2     -443.2    330.1    459.6    497.5 2020 12  8 19 50 59.440  0.00   2
   104547  40.275448 -124.511776    20.629    -1523.3    -1299.0     -489.4    357.2    559.6    503.9 2021  1 13 20 27 55.860  0.00   2
   104548  40.275061 -124.512093    20.644    -1550.3    -1341.9     -474.7    315.6    547.9    506.2 2021  1 23 18  7 58.980  0.00   2
   104549  40.275171 -124.511629    21.066    -1510.8    -1329.7      -53.1    375.3    569.2   1223.4 2021  2  4  8  4  6.380  0.00   2
   104550  40.275016 -124.511947    20.628    -1537.8    -1346.9     -490.8    357.9    616.6    936.6 2021  2  8 10 42 43.860  0.00   2
   104552  40.280811 -124.512337    20.542    -1571.0     -703.5     -577.0    329.0    751.1    488.0 2021  4 28  9 56 53.160  0.00   2
   104555  40.276347 -124.512061    20.544    -1547.5    -1199.1     -575.1    320.1    716.0    534.4 2021  8 13  3  3 14.280  0.00   2
   104557  40.274748 -124.512248    20.659    -1563.4    -1376.7     -460.2    300.1    446.6    523.1 2021 10 13  0 11 57.860  0.00   2
   104558  40.279142 -124.511572    20.703    -1505.9     -888.7     -415.5    336.4    701.8    696.9 2021 10 15 23 36  0.100  0.00   2
   104561  40.276530 -124.512020    20.582    -1544.0    -1178.8     -537.0    319.9    682.7    479.2 2021 12 21  4 11 42.460  0.00   2
   104562  40.279716 -124.511654    20.594    -1512.8     -825.0     -524.5    330.1    806.3    641.0 2021 12 21  5 27 13.340  0.00   2
   104563  40.275126 -124.512158    20.590    -1555.8    -1334.7     -528.4    303.9    447.9    584.6 2021 12 21  9 54 44.140  0.00   2
   104565  40.276660 -124.511914    20.617    -1535.0    -1164.4     -501.6    347.9    651.7    507.0 2021 12 21 14 32 11.280  0.00   2
   104566  40.275810 -124.511882    20.603    -1532.3    -1258.8     -515.5    349.5    531.6    475.1 2021 12 21  7 49 38.600  0.00   2
   104567  40.290340 -124.514380    20.880    -1744.5      354.7     -239.1    366.6   1028.3    553.8 2021 12 21  0 33 29.320  0.00   2
   104568  40.276090 -124.512142    20.694    -1554.4    -1227.6     -424.7    288.2    463.8    511.1 2021 12 21  1 47 47.320  0.00   2
   104570  40.281767 -124.511670    20.585    -1514.2     -597.3     -534.1    303.2    805.2    580.7 2021 12 30 17  2 59.560  0.00   2
   104571  40.277462 -124.511646    20.638    -1512.2    -1075.3     -481.1    280.2    644.0    619.6 2022  5  5 19 58 40.140  0.00   2
   104572  40.275916 -124.512166    20.613    -1556.5    -1247.0     -506.3    292.8    450.9    517.6 2022  8  5 21  2 56.680  0.00   2
   104573  40.275069 -124.512264    20.652    -1564.8    -1341.0     -467.0    307.2    442.8    511.6 2022  8 29  3 47 27.200  0.00   2
   105449  40.294112 -124.435604    20.619     4953.9      773.5     -500.0    297.4    559.1    425.3 2021  3 17 15 57 54.480  0.00   2
   105451  40.301632 -124.434619    20.733     5037.4     1608.5     -386.1    325.7    856.9    451.6 2021  5 17  6 50 19.300  0.00   2
   105452  40.291984 -124.435921    20.715     4927.0      537.2     -403.7    320.3    606.9    456.0 2021  7  2 13 42 25.360  0.00   2
   105453  40.295671 -124.435246    20.797     4984.3      946.6     -322.0    359.1    687.6    495.6 2021 12  8  7 47 53.400  0.00   2
   105454  40.296415 -124.435148    20.773     4992.6     1029.3     -345.7    296.3    571.7    431.7 2021 12 29  6  3 35.020  0.00   2
   105457  40.293542 -124.435710    20.709     4944.9      710.3     -409.8    271.7    530.4    423.9 2022  1 23 11 56  1.960  0.00   2
   105458  40.291809 -124.435970    20.687     4922.8      517.8     -432.2    303.6    651.0    393.4 2022  3  9  3 33  6.440  0.00   2
   106476  40.290470 -124.405697    18.757     7497.1      369.1    -2361.7    398.7    649.8    527.2 2020  7 19 19 36 15.700  0.00   2
   106480  40.285933 -124.404720    18.821     7580.4     -134.6    -2297.6    446.0    655.3    502.9 2021 12 23 18  0 27.860  0.00   2
   106481  40.282918 -124.405298    18.755     7531.5     -469.4    -2363.6    390.8    621.6    407.5 2021 12 25 23 44  7.480  0.00   2
   106485  40.285258 -124.405168    18.767     7542.4     -209.6    -2351.6    419.2    635.4    508.8 2022  9 22 22 11 56.160  0.00   2
   106486  40.288163 -124.405534    18.819     7511.1      113.0    -2299.6    480.8    829.6    490.8 2022 10 11  2 56 24.700  0.00   2
   106878  40.281567 -124.501530    20.071     -651.9     -619.5    -1047.5    523.1    832.8    928.3 2020  2 26 13  0  8.000  0.00   2
   106879  40.289758 -124.496427    20.343     -218.0      290.1     -776.1    434.2   1068.7    474.1 2020  4 14 23 52 17.340  0.00   2
   106880  40.280599 -124.498454    19.742     -390.3     -727.0    -1377.0    444.0    579.9    611.4 2020  4 17 10 28 54.000  0.00   2
   106881  40.295996 -124.495809    20.420     -165.4      982.7     -698.4    348.6    990.6    444.7 2020  4 18 16 38 46.580  0.00   2
   106883  40.274577 -124.497656    20.229     -322.5    -1395.7     -889.8    397.6    821.3    400.9 2021 10 23  3 13 39.120  0.00   2
   106884  40.282145 -124.498755    19.883     -415.9     -555.3    -1236.3    531.8    672.1    679.9 2021 11 22 21 22  8.420  0.00   2
   106885  40.309086 -124.504321    21.092     -889.1     2436.2      -27.0    463.2   1527.4    577.5 2021 11 23  2  3 16.160  0.00   2
   106886  40.278528 -124.497632    19.732     -320.4     -957.0    -1387.0    442.8    756.2    731.3 2021 12 21  9  4 49.080  0.00   2
   106889  40.281706 -124.500863    21.559     -595.2     -604.1      440.3    419.2    768.6   1154.8 2022  2  8 11  1 45.260  0.00   2
   106892  40.286471 -124.501392    20.382     -640.1      -75.0     -737.0    497.8    826.4    703.7 2022  8  6 16 32 20.620  0.00   2
   107666  40.291711 -124.434546    18.932     5043.9      506.9    -2187.3    534.7   1166.8    675.4 2021  5 17  9 39 49.060  0.00   2
   107667  40.302913 -124.433317    18.913     5148.0     1750.8    -2205.6    666.0   1803.1    867.1 2021  5 19 23 39 44.980  0.00   2
   107671  40.304350 -124.435897    19.637     4928.6     1910.3    -1482.1    760.8   1840.1    782.8 2021 11 28 16 37 45.460  0.00   2
   107935  40.293372 -124.375594    19.728    10056.6      691.3    -1390.5    495.8    893.7    563.7 2021  3 29  4  0 27.680  0.00   2
   107939  40.294552 -124.375423    19.794    10071.1      822.3    -1325.3    567.7   1015.6    556.5 2021  9 18  8 35 54.260  0.00   2
   107941  40.290759 -124.375749    19.727    10043.7      401.2    -1392.3    498.5    631.9    517.1 2021 12 20 21 56 11.700  0.00   2
   107943  40.291007 -124.375643    19.734    10052.7      428.8    -1384.4    496.1    807.8    490.8 2021 12 21  0 26 54.420  0.00   2
   107951  40.292529 -124.375505    19.758    10064.3      597.8    -1361.1    428.6    559.2    467.8 2022  1  3 23 35 36.380  0.00   2
   107952  40.291097 -124.375553    19.737    10060.3      438.7    -1381.5    442.6    699.8    491.8 2022  1 25  7 55 31.740  0.00   2
   107954  40.290735 -124.374577    19.759    10143.3      398.5    -1359.6    432.6    577.5    463.0 2022  2  4 17 40 38.160  0.00   2
   107961  40.292505 -124.374536    19.794    10146.7      595.1    -1325.0    514.3    950.5    496.7 2022 10 29  4 15 37.520  0.00   2
   108411  40.325598 -124.469588    20.964     2063.7     4269.7     -154.5    311.4   1001.1    408.3 2021  9  6  2 58 10.280  0.00   2
   108899  40.307296 -124.452523    19.254     3514.9     2237.4    -1864.9    727.8   1627.2    878.1 2021 10 16 11  8 25.980  0.00   2
   109574  40.282625 -124.378833    18.777     9782.0     -502.0    -2342.2    580.4   1007.8    624.1 2021 12 21 22  0 51.880  0.00   2
   109576  40.282808 -124.378971    18.779     9770.2     -481.6    -2339.9    501.3    884.2    544.4 2021 12 26 21 14 32.380  0.00   2
   109582  40.280717 -124.377645    18.768     9883.2     -713.9    -2351.0    548.2    929.1    564.4 2022 11 22 14 25 33.480  0.00   2
   110137  40.244889 -124.453280    18.026     3452.2    -4692.2    -3093.2    508.9   1537.2    772.7 2021 12 20 23 20 49.260  0.00   2
   110139  40.243689 -124.452026    17.647     3558.8    -4825.5    -3472.2    517.3   1666.3    676.8 2021 12 21 15  1  2.380  0.00   2
   110141  40.263265 -124.454639    18.196     3336.1    -2651.8    -2923.0    747.5   1216.3    856.8 2021 12 21  4 59 28.660  0.00   2
   110142  40.272217 -124.449626    18.632     3762.2    -1657.7    -2486.6    567.0   1442.7   1385.1 2021 12 22 19 22  7.720  0.00   2
   110143  40.275130 -124.449544    18.442     3769.1    -1334.2    -2677.1    551.9   1288.7   1334.7 2021 12 23 20 38  9.420  0.00   2
   110147  40.287569 -124.457845    20.292     3062.9       47.0     -826.4    615.8   1343.2   1157.6 2022  1  5 17 45 31.500  0.00   2
   110148  40.295618 -124.446932    20.455     3990.6      940.7     -663.8    791.0   1503.8   1211.8 2022  5  3  8 37 19.960  0.00   2
   110300  40.283044 -124.484261    26.217      816.6     -455.4     5098.5    607.7    935.7    830.2 2023  3  9 12 50 51.480  1.40   2
   110304  40.293229 -124.555868    23.322    -5272.2      675.5     2203.3    332.7    459.0    332.4 2022 12 25 19 40 29.680  3.05   2
   110318  40.285518 -124.467733    20.176     2222.1     -180.7     -943.3    277.3    426.7    416.0 2023  2 20 13 18  3.960  1.48   2
   110345  40.275313 -124.512500    20.637    -1584.9    -1313.9     -481.5    300.4    487.3    531.8 2023  5 22  8 39 15.920  1.61   2
   110372  40.296106 -124.435433    20.765     4968.4      994.9     -353.8    334.1    604.4    436.7 2023  4  3 12 14 40.520  1.28   2
   110403  40.285596 -124.405632    18.764     7502.9     -172.1    -2354.5    428.1    698.5    493.9 2023  4  4 17 32 14.460  1.08   2
   110420  40.280481 -124.497461    19.989     -305.9     -740.1    -1130.2    447.7    690.7    553.2 2023  2 17 14 36 10.720  2.81   2
   110446  40.306913 -124.433659    19.306     5118.8     2195.0    -1813.0    370.2    887.2    522.5 2023  5 13  1 27 17.920  1.13   2
   110461  40.300818 -124.469092    20.773     2106.3     1518.1     -345.4    405.8    850.9    572.3 2023  4  9 11 53 23.790  0.91   2
   110465  40.291378 -124.375578    19.741    10058.2      469.9    -1378.2    414.4    662.3    468.9 2022 12 20  3  6 59.620  0.86   2
   110500  40.305184 -124.472437    20.720     1821.8     2002.9     -399.0    497.5    765.6    770.3 2023  4  9 13 30 46.380  0.65   2
   110565  40.311373 -124.441447    18.513     4456.5     2690.2    -2606.3    647.2   1334.4    726.1 2023  4  9 10 26 54.540  2.63   2
   110648  40.282450 -124.378613    18.822     9800.7     -521.4    -2296.4    510.3    829.4    561.2 2023  3 14 15 58 42.040  1.17   2
   110734  40.287659 -124.448006    20.011     3899.5       56.9    -1107.7    652.0   1093.2   1189.4 2023  3 12 13 22 24.330  1.69   2
   110741  40.303385 -124.447103    19.519     3975.9     1803.2    -1599.8    408.2    710.7    482.3 2023  3 13 12 14 24.190  0.90   2
   110742  40.302909 -124.536776    25.745    -3648.6     1750.4     4626.6    704.6   1025.4   1678.8 2023  3 22 16  0 16.820  1.31   2
