   108189  40.446505 -124.512956    19.550       14.5      -21.7      -39.9     14.3     27.5     33.5 2020  3 27 13 34 19.020  0.00  39
   108190  40.446549 -124.512915    19.551       18.0      -16.7      -38.9     18.1     33.0     40.6 2020  3 28 10 12 16.960  0.00  39
   108191  40.446444 -124.512899    19.501       19.3      -28.5      -89.4     17.9     23.0     30.9 2020  4 10  1 35 50.980  0.00  39
   108192  40.446781 -124.513110    19.606        1.4        9.0       15.5     11.5     12.3     16.6 2020  6 23  3 29 24.020  0.00  39
   108194  40.446684 -124.513013    19.573        9.7       -1.8      -16.6     12.1     15.4     22.9 2020  7 11 16 58 31.400  0.00  39
   108197  40.446757 -124.513143    19.605       -1.4        6.3       15.3     11.0     11.8     16.9 2020  9 14 16 46 33.180  0.00  39
   108200  40.446765 -124.513143    19.604       -1.4        7.2       13.8      9.8     12.1     15.9 2020 10 26  4 23 33.540  0.00  39
   108202  40.446810 -124.513167    19.611       -3.5       12.2       21.0      9.1     16.4     19.2 2020 12 16 23 23  1.620  0.00  39
   108203  40.446733 -124.513062    19.590        5.5        3.6        0.3     12.6     14.9     17.1 2020 12 17 22 23 47.820  0.00  39
   108205  40.446741 -124.513086    19.598        3.5        4.5        8.0     11.2     12.9     18.1 2020 12 22 19 31 24.840  0.00  39
   108206  40.446566 -124.512923    19.541       17.3      -14.9      -49.0     14.5     29.4     26.0 2020 12 29 12 34  8.260  0.00  39
   108207  40.446790 -124.513094    19.598        2.8        9.9        7.6     12.0     15.4     18.9 2020 12 29 12 51  3.280  0.00  39
   108208  40.446525 -124.512988    19.551       11.7      -19.4      -39.4     13.5     24.1     30.5 2020 12 29 12 51 15.880  0.00  39
   108209  40.446733 -124.513078    19.590        4.1        3.6       -0.1     10.8     14.7     18.4 2020 12 31 14 30  9.560  0.00  39
   108210  40.446997 -124.513053    19.612        6.2       33.0       21.9     16.4     27.3     21.9 2021  1  1 17 23 28.080  0.00  39
   108211  40.446948 -124.513151    19.628       -2.1       27.6       37.5     13.6     20.3     22.7 2021  1  2  0 53 59.600  0.00  39
   108212  40.446765 -124.512988    19.578       11.7        7.2      -12.1     18.2     31.0     37.2 2021  1  3 13 46 28.400  0.00  39
   108215  40.446729 -124.513078    19.590        4.1        3.2        0.4     13.3     14.3     16.6 2021  1 29 12 17 19.180  0.00  39
   108219  40.446639 -124.512996    19.562       11.0       -6.8      -27.9     15.3     20.7     30.5 2021  3 17  5  8 35.880  0.00  39
   108220  40.446814 -124.513192    19.615       -5.5       12.7       25.3      9.8     15.2     19.5 2021  4  6 16  5 23.180  0.00  39
   108221  40.446765 -124.513102    19.598        2.1        7.2        8.5     10.0     13.8     19.6 2021  4  7 21 22 43.000  0.00  39
   108223  40.446696 -124.513070    19.589        4.8       -0.5       -0.8     10.9     13.1     17.6 2021  4 12  8 34 11.060  0.00  39
   108226  40.446659 -124.513094    19.585        2.8       -4.5       -5.1     10.9     16.9     20.2 2021  4 27 23 51 32.640  0.00  39
   108229  40.446761 -124.513029    19.602        8.3        6.8       12.4     15.5     15.7     26.1 2021  6 17  6 25 14.280  0.00  39
   108231  40.446830 -124.513127    19.612        0.0       14.5       21.8     13.1     14.7     19.4 2021  9 26 19 36 49.140  0.00  39
   108232  40.446790 -124.513094    19.606        2.8        9.9       16.1     12.6     12.6     22.6 2021 10 18 20 27 11.000  0.00  39
   108233  40.445728 -124.513542    19.563      -35.2     -108.0      -27.3     26.6     30.9     52.5 2021 12 22 21 36 58.160  0.00  39
   108234  40.446672 -124.513005    19.585       10.4       -3.2       -5.2     14.3     18.8     25.2 2022  1 19 11 39 48.020  0.00  39
   108235  40.446623 -124.513045    19.581        6.9       -8.6       -9.0     13.9     18.8     24.0 2022  3 20 20 28  9.780  0.00  39
   108236  40.446802 -124.513078    19.605        4.1       11.3       15.4     13.3     15.0     20.1 2022  3 23 10  7 40.400  0.00  39
   108238  40.446663 -124.513086    19.573        3.5       -4.1      -17.3     12.1     12.4     26.0 2022  9  3 19 35 51.900  0.00  39
   110485  40.446696 -124.513127    19.593        0.0       -0.5        3.0     10.4     13.5     16.4 2023  4  8 11 17 36.020  1.06  39
