   109669  40.400334 -124.278613    26.872      -51.1      -40.7       12.2    239.3    215.7    107.2 2021  6 30  4  7 16.980  0.00  49
   109670  40.400692 -124.278117    26.865       -9.0       -0.9        4.8    121.0     56.9    120.6 2021 12 20 21 33 53.800  0.00  49
   109671  40.400675 -124.277897    26.851        9.7       -2.7       -9.5    121.1    131.3    117.8 2021 12 20 20 16  2.340  0.00  49
   109672  40.400826 -124.277897    26.863        9.7       14.0        2.7    128.6    152.3    115.8 2021 12 20 21  4  2.560  0.00  49
   109674  40.400785 -124.277856    26.862       13.1        9.5        2.2    136.3    126.9    112.3 2021 12 20 22  5 33.080  0.00  49
   109675  40.400830 -124.277889    26.867       10.4       14.5        7.2    143.7    139.1    118.2 2021 12 20 20 38 16.520  0.00  49
   109676  40.399992 -124.277734    26.828       23.5      -78.6      -32.4    204.8    241.0    212.9 2021 12 20 23 18 45.760  0.00  49
   109678  40.400798 -124.278101    26.863       -7.6       10.8        3.2    160.0    147.7    163.4 2021 12 20 20 28  8.320  0.00  49
   109680  40.401526 -124.277661    26.824       29.7       91.7      -35.6    265.9    304.1    180.1 2021 12 20 22 40  4.140  0.00  49
   109681  40.400382 -124.278247    26.848      -20.0      -35.2      -11.7    163.1    174.4    100.6 2021 12 20 21 16 57.840  0.00  49
   109682  40.400769 -124.277865    26.870       12.4        7.7       10.5    156.2    101.5    126.3 2021 12 21  0 35 38.260  0.00  49
   109683  40.400663 -124.278019    26.861       -0.7       -4.1        0.8    118.8    144.0    120.2 2021 12 21  1 29  1.520  0.00  49
   109684  40.400163 -124.278507    26.858      -42.1      -59.6       -1.8    214.5    231.0    120.5 2021 12 21 10 32 44.960  0.00  49
   109686  40.400769 -124.277913    26.856        8.3        7.7       -3.6    129.2    162.0    123.4 2021 12 21  9 35 39.700  0.00  49
   109688  40.400667 -124.277987    26.862        2.1       -3.6        1.9    116.9    102.7    113.1 2021 12 22 16 42 51.760  0.00  49
   109689  40.400081 -124.277865    26.830       12.4      -68.7      -30.1    184.9    213.3    159.8 2021 12 22 21 49  0.120  0.00  49
   109690  40.400688 -124.277979    26.863        2.8       -1.4        2.7    141.7    138.5    125.1 2021 12 23 19 18 59.440  0.00  49
   109691  40.400765 -124.279956    27.029     -165.1        7.2      169.1    337.6    277.6    347.8 2021 12 24 18 30 16.400  0.00  49
   109692  40.400708 -124.277987    26.859        2.1        0.9       -0.5    115.8    123.0    107.4 2021 12 28 12 16  7.460  0.00  49
   109693  40.400659 -124.278125    26.861       -9.7       -4.5        1.3    123.9    122.0    115.6 2022  1  2  4  3 22.780  0.00  49
   109697  40.400492 -124.278434    26.881      -35.9      -23.0       21.0    166.8    194.6    149.8 2022  4  7 18 43 56.160  0.00  49
   110670  40.400741 -124.277954    26.860        4.8        4.5        0.3    115.7    105.8    107.5 2022 12 14  8 39 12.430  2.11  49
