   106108  40.495789 -123.975496    20.738       33.8     -752.8     -152.7     40.5     35.0     33.5 2020  8  9  5 42 39.180  0.00  60
   106111  40.495992 -123.975350    20.757       46.2     -730.2     -134.0     48.3     40.9     35.1 2020 11 30  1 29 11.000  0.00  60
   106114  40.495557 -123.975814    20.731        6.9     -778.5     -160.4     49.9     34.8     58.5 2021  7 10  6 45  4.760  0.00  60
   106118  40.496208 -123.975545    20.770       29.7     -706.2     -121.0     57.9     55.3     55.0 2022  4 18 15 56 36.880  0.00  60
   106120  40.495695 -123.976058    20.725      -13.8     -763.2     -166.1     43.6     52.5     30.6 2022  9  7 20 48 18.260  0.00  60
   106122  40.494462 -123.977824    20.660     -163.5     -900.1     -231.4     77.0     69.0     69.8 2022 11 18  1 46 11.180  0.00  60
   108843  40.507239 -123.976172    20.978      -23.5      518.7       86.6     54.9     47.8     50.3 2020  6 30 18 24 45.540  0.00  60
   108845  40.507833 -123.975236    21.066       55.9      584.7      174.8     49.8     47.1     49.7 2021  6 25 11 47  3.720  0.00  60
   108846  40.507646 -123.975529    21.040       31.0      563.9      148.9     44.2     50.2     48.4 2021  6 29 14 49 28.900  0.00  60
   108847  40.507719 -123.975431    21.041       39.3      572.0      149.5     42.9     46.4     53.4 2021  7 12  8  6 52.460  0.00  60
   108848  40.507747 -123.975415    21.047       40.7      575.2      155.5     45.3     44.8     52.3 2021  7 31 15 40 27.060  0.00  60
   108850  40.508260 -123.974691    21.143      102.1      632.1      251.6     78.1     60.1     71.8 2022  1  7 22 34 42.920  0.00  60
   108851  40.507450 -123.976213    21.067      -26.9      542.2      175.3     69.8     39.7     92.2 2022  1 21 15 52 59.180  0.00  60
   108854  40.506152 -123.978825    20.923     -248.3      398.1       31.5    126.0     72.6     82.3 2022  7 26  5 20 28.200  0.00  60
   108855  40.507153 -123.976367    20.986      -40.0      509.2       94.4     56.6     51.9     53.2 2022 11 19 11 57  9.280  0.00  60
   110393  40.495907 -123.975277    20.749       52.4     -739.7     -141.8     44.5     28.8     34.0 2023  1  5 23 38  8.240  1.45  60
   110557  40.507121 -123.976318    20.969      -35.9      505.6       78.1     44.5     39.2     45.6 2023  1  2 17 21 40.040  1.10  60
