   106010  40.277169 -124.562191    18.244        6.9      -47.0      -25.6    127.7    436.2    226.0 2020  2 10 16 52 35.900  0.00  40
   106012  40.278060 -124.562223    18.238        4.2       52.0      -31.6    122.6    255.1    240.9 2020  3 20  4 52 58.960  0.00  40
   106014  40.278060 -124.562215    18.173        4.8       52.0      -97.0    133.6    219.4    361.0 2020  4  7 23 24 48.060  0.00  40
   106017  40.277547 -124.562313    18.278       -3.5       -5.0        8.4     95.5    162.7    233.8 2020  7 16 18 56 25.600  0.00  40
   106019  40.277881 -124.562272    18.292        0.0       32.1       21.6     88.6    253.9    273.0 2020  8  4 17 55 32.040  0.00  40
   106020  40.277010 -124.562598    18.418      -27.7      -64.6      148.0    172.9    285.7    503.6 2020  9  6  7 26 57.220  0.00  40
   106021  40.276762 -124.562329    18.279       -4.8      -92.2        8.6     90.7    399.8    250.6 2020  9 17 15 29 55.440  0.00  40
   106023  40.277653 -124.562329    18.280       -4.8        6.8        9.8     93.3    229.9    234.2 2020 10  7 20 16 32.860  0.00  40
   106025  40.277686 -124.562329    18.302       -4.8       10.4       31.6     96.9    213.0    240.6 2020 10 30  5 28 15.440  0.00  40
   106026  40.277747 -124.562280    18.275       -0.7       17.2        5.4    100.8    188.9    265.5 2020 12 27 14 29 51.580  0.00  40
   106027  40.278516 -124.562085    18.205       15.9      102.6      -65.3    191.9    363.2    278.2 2021  1 27 20 38 14.300  0.00  40
   106028  40.277551 -124.562345    18.285       -6.2       -4.5       14.6     99.8    197.8    202.3 2021  2 12  4 45 10.420  0.00  40
   106029  40.277922 -124.562280    18.311       -0.7       36.6       41.1     91.2    273.2    301.7 2021  2 23 17  9 35.440  0.00  40
   106032  40.277799 -124.562297    18.311       -2.1       23.0       40.7    102.4    255.0    328.1 2021  4  2  8 32 29.220  0.00  40
   106033  40.276339 -124.562191    18.222        6.9     -139.2      -48.3    108.3    520.4    391.8 2021  4  2 13 18 31.140  0.00  40
   106034  40.277669 -124.562297    18.271       -2.1        8.6        0.8     91.8    191.3    207.1 2021  4  3 23 18 17.580  0.00  40
   106035  40.277681 -124.562264    18.250        0.7        9.9      -20.1    113.4    157.6    202.0 2021  4  4  7 50 26.820  0.00  40
   106037  40.278923 -124.561947    18.244       27.7      147.7      -25.9    181.8    400.1    560.4 2021  4 26  6 32 31.780  0.00  40
   106039  40.277230 -124.562598    18.420      -27.7      -40.2      150.4    171.2    285.1    509.7 2021  7 14 15  3 16.320  0.00  40
   106040  40.277783 -124.562313    18.299       -3.5       21.2       28.8     94.5    231.1    239.3 2021  7 28  9 36  3.100  0.00  40
   106042  40.278902 -124.562109    18.282       13.8      145.5       12.0    166.6    369.2    525.4 2021  8 24 17 52 55.220  0.00  40
   106045  40.277563 -124.562297    18.251       -2.1       -3.2      -19.0    103.0    192.8    225.0 2021 12 14 20 34 44.500  0.00  40
   106047  40.277653 -124.562288    18.269       -1.4        6.8       -0.6    102.3    186.4    197.7 2021 12 21  7  5 18.660  0.00  40
   106048  40.277686 -124.562272    18.269        0.0       10.4       -0.7     98.1    195.5    206.5 2021 12 21  9  6 23.560  0.00  40
   106052  40.277641 -124.562451    18.343      -15.2        5.4       72.9    126.2    221.5    413.1 2021 12 27 23 32 51.160  0.00  40
   106053  40.277824 -124.562272    18.278        0.0       25.8        7.7    100.4    248.8    209.1 2021 12 30 22  2 34.580  0.00  40
   106054  40.274064 -124.561735    18.127       45.7     -391.7     -142.7    215.7    611.2    506.7 2022  1  1 17 29 31.920  0.00  40
   106055  40.277665 -124.562297    18.283       -2.1        8.1       13.3    103.0    210.1    212.1 2022  1  3  9 47 41.620  0.00  40
   106057  40.276078 -124.562785    18.385      -43.6     -168.1      114.6    243.0    561.7    468.0 2022  2 23  2  6 30.340  0.00  40
   106058  40.276701 -124.562533    18.320      -22.1      -98.9       50.3    175.6    308.8    677.3 2022  3 10  3 28 33.340  0.00  40
   106062  40.277466 -124.562337    18.258       -5.5      -14.0      -11.5    105.1    192.5    232.6 2022  7 25 13 33 16.740  0.00  40
   110386  40.277551 -124.562297    18.277       -2.1       -4.5        7.2     97.2    164.5    215.0 2023  4 30  3 21 23.220  1.14  40
