   109139  40.455192 -124.291536    27.489       -4.1       -0.9       -0.8      1.1      0.7      0.9 2021 12 20 23 49  2.700  0.00  54
   109140  40.455420 -124.291056    27.474       36.6       24.4      -15.9      2.2      2.3      1.5 2021 12 20 20 27  8.300  0.00  54
   109141  40.455090 -124.291056    27.459       36.6      -12.2      -31.3      2.5      2.4      2.4 2021 12 20 20 14 54.440  0.00  54
   109143  40.454545 -124.289689    27.392      152.6      -72.7      -98.5      4.3      3.3      3.6 2021 12 21  4 34 24.360  0.00  54
   109146  40.455164 -124.291431    27.488        4.8       -4.1       -1.6      1.0      0.7      1.2 2021 12 23  1 13 24.040  0.00  54
   109148  40.455294 -124.291455    27.483        2.8       10.4       -6.9      1.5      1.6      1.1 2021 12 26 17 36 29.900  0.00  54
   109149  40.455233 -124.291496    27.492       -0.7        3.6        2.5      1.2      0.9      1.0 2021 12 27 14 12 20.840  0.00  54
   109151  40.455225 -124.291520    27.492       -2.8        2.7        1.7      1.1      1.0      1.0 2022  1  4  3 37 23.060  0.00  54
   109152  40.455225 -124.291496    27.496       -0.7        2.7        5.9      1.4      0.8      1.1 2022  1  5 20 20 38.220  0.00  54
   109153  40.455225 -124.291642    27.491      -13.1        2.7        1.5      1.3      1.3      1.0 2022  1  5 15 37  2.560  0.00  54
   109154  40.455229 -124.291463    27.475        2.1        3.2      -15.0      1.7      1.6      1.4 2022  1  6  4 31 33.680  0.00  54
   109155  40.455501 -124.293213    27.516     -146.3       33.4       25.8      3.9      2.8      2.5 2022  1 12 15  0 18.900  0.00  54
   109158  40.455216 -124.291699    27.496      -17.9        1.8        6.2      1.3      1.3      1.2 2022  1 27 16 44 23.740  0.00  54
   109160  40.454891 -124.292603    27.468      -94.6      -34.3      -21.5      3.7      2.2      1.7 2022  2  4 23 36 57.940  0.00  54
   109163  40.455200 -124.292057    27.506      -48.3        0.0       16.1      2.1      1.7      1.7 2022  2 28 23  1 31.800  0.00  54
   109165  40.455066 -124.291593    27.484       -9.0      -14.9       -5.8      1.4      1.6      1.1 2022  3 25  7 29 24.500  0.00  54
   109166  40.455180 -124.291602    27.488       -9.7       -2.3       -1.8      1.3      1.0      1.0 2022  4  3 17 21 51.500  0.00  54
   109168  40.455225 -124.291488    27.493        0.0        2.7        2.8      1.1      0.7      1.0 2022  4 16  9 26 42.300  0.00  54
   109169  40.455200 -124.291626    27.488      -11.7        0.0       -2.0      1.8      1.0      1.0 2022  6 15  2 52 15.320  0.00  54
   109170  40.455261 -124.291504    27.495       -1.4        6.8        5.4      1.2      1.0      1.0 2022  8 16 10 40 30.580  0.00  54
   110610  40.455204 -124.291447    27.491        3.5        0.5        1.5      1.1      0.9      0.9 2023  3 18 18 52 34.560  2.06  54
