   103964  40.354679 -124.452572    28.003       18.0     -190.2       43.1     38.6     58.7     39.6 2020  1 17 21 16  0.740  0.00  63
   103965  40.362626 -124.451131    27.874      140.3      692.2      -85.8     34.1    101.1     49.2 2020  2  4  9 57 27.160  0.00  63
   103967  40.359631 -124.451351    27.878      121.7      359.7      -81.9     35.1     81.5     51.1 2020  2 29 12 17 59.180  0.00  63
   103968  40.356486 -124.452775    27.946        0.7       10.4      -14.2     29.5     37.4     30.1 2020  3 10 15 52 55.420  0.00  63
   103969  40.362126 -124.451237    27.901      131.3      636.6      -58.7     36.5    117.8     37.9 2020  3 18 23  4 33.160  0.00  63
   103972  40.356799 -124.452897    27.974       -9.7       45.2       13.6     28.4     43.9     28.6 2020  3 18 22 23 27.000  0.00  63
   103973  40.356274 -124.452743    27.921        3.5      -13.1      -39.3     30.4     30.7     37.0 2020  3 19  2 51 21.320  0.00  63
   103974  40.356445 -124.452832    27.932       -4.1        5.9      -28.2     25.7     33.8     43.1 2020  3 19  1  6 52.920  0.00  63
   103975  40.355579 -124.452873    27.939       -7.6      -90.4      -20.5     22.3     53.7     35.0 2020  3 19 10  3  1.860  0.00  63
   103977  40.354456 -124.451514    27.836      107.8     -215.1     -123.6     41.1     66.1     44.5 2020  3 19  1 20 46.660  0.00  63
   103978  40.356718 -124.452799    27.945       -1.4       36.1      -14.7     29.9     42.7     33.4 2020  3 19  0  7 36.380  0.00  63
   103979  40.355233 -124.452889    27.920       -9.0     -128.8      -40.4     26.1     58.7     41.6 2020  3 20  6 22  4.300  0.00  63
   103980  40.356384 -124.452816    27.926       -2.8       -0.9      -34.2     31.7     40.1     44.7 2020  3 22 20 48 12.080  0.00  63
   103988  40.356067 -124.451864    27.874       78.1      -36.1      -86.4     35.3     71.6     38.7 2022  3 28 20 25 16.460  0.00  63
   103989  40.356596 -124.452856    27.959       -6.2       22.6       -1.0     32.9     50.5     33.4 2022  5 29 17 14 40.200  0.00  63
   110331  40.356246 -124.453215    27.997      -36.6      -16.3       36.6     23.1     35.3     26.8 2023  2 13 12  0 43.360  1.05  63
