   107464  40.380619 -124.528353    27.687       11.1      -22.6      -53.4     50.4     82.7     76.4 2020  3 18 22 14 12.440  0.00  25
   107467  40.381637 -124.528621    27.743      -11.7       90.4        3.5     52.7     84.7     84.0 2020  3 18 22 40  6.880  0.00  25
   107472  40.379272 -124.527539    27.371       80.2     -172.1     -368.8     60.0    117.9    133.7 2020  5 10 13 14  2.440  0.00  25
   107473  40.378495 -124.529028    27.619      -46.3     -258.4     -121.0     73.3    190.4    133.5 2020  5 16 23  7 35.120  0.00  25
   107476  40.381099 -124.528467    27.727        1.4       30.7      -13.0     38.6     92.6     68.3 2020  7  2  4  6 42.660  0.00  25
   107481  40.381132 -124.528874    27.807      -33.2       34.3       66.7     53.3     87.7     76.5 2020  7 20 23 54 26.140  0.00  25
   107482  40.380697 -124.528475    27.754        0.7      -14.0       13.6     36.7     87.5     73.0 2020  8  4  9 35 27.100  0.00  25
   107484  40.380278 -124.528931    27.789      -38.0      -60.5       49.3     60.9    140.4     89.9 2020  8 22  1  0 17.680  0.00  25
   107487  40.380644 -124.528353    27.718       11.1      -19.9      -22.4     52.0     86.0     80.0 2020 10 27 18 56  9.260  0.00  25
   107488  40.380615 -124.528402    27.722        6.9      -23.0      -17.6     47.0     81.3     70.8 2020 10 29 16 48 21.620  0.00  25
   107491  40.380762 -124.528451    27.728        2.8       -6.8      -12.0     44.5     85.8     68.2 2020 11 15  6 10 39.440  0.00  25
   107492  40.380872 -124.528556    27.748       -6.2        5.4        8.3     34.2     79.0     47.6 2020 11 15  4 31  1.960  0.00  25
   107494  40.380615 -124.528491    27.739       -0.7      -23.0       -1.4     38.2     75.4     63.2 2020 12 21  0 56 26.380  0.00  25
   107496  40.380721 -124.528817    27.758      -28.3      -11.3       17.8     48.5    103.5     62.8 2020 12 26 18 49 37.200  0.00  25
   107497  40.380876 -124.528678    27.764      -16.6        5.9       23.7     34.8     65.9     55.3 2021  3 13 10 10  5.340  0.00  25
   107498  40.381486 -124.528296    27.702       15.9       73.6      -38.4     64.2    111.5    107.5 2021  4  8 21 40 58.200  0.00  25
   107506  40.381494 -124.527767    27.693       60.8       74.6      -47.2     87.6    166.7    121.9 2021  6  2  5  7 25.060  0.00  25
   107507  40.380815 -124.528507    27.734       -2.1       -0.9       -5.7     41.3     66.1     56.5 2021  6  8 16 30  4.700  0.00  25
   107514  40.380497 -124.528646    27.757      -13.8      -36.1       16.6     44.9     88.0     67.2 2021 10 23  4 40  5.460  0.00  25
   107515  40.380619 -124.529085    27.823      -51.1      -22.6       83.5     70.7    136.2     97.1 2021 10 29 15 30 15.320  0.00  25
   107516  40.380778 -124.529069    27.819      -49.8       -5.0       79.3     59.7    129.0     95.0 2021 10 29 14 41 45.020  0.00  25
   107518  40.380607 -124.528369    27.710        9.7      -23.9      -29.8     58.1     87.4     78.3 2021 10 31 14 53 45.320  0.00  25
   107519  40.380351 -124.528361    27.698       10.4      -52.4      -41.7     47.3     79.3     69.8 2021 10 31 14 28 41.000  0.00  25
   107524  40.380652 -124.528418    27.728        5.5      -19.0      -12.3     38.8     65.6     61.7 2021 11 22  7 24 49.740  0.00  25
   107525  40.380819 -124.528475    27.741        0.7       -0.5        1.0     38.5     65.7     59.7 2021 11 22  4  0 43.140  0.00  25
   107526  40.380729 -124.528434    27.741        4.1      -10.4        1.1     43.5     69.5     68.9 2021 11 29 14  6 53.300  0.00  25
   107527  40.380912 -124.529150    27.806      -56.7        9.9       65.8     61.0    126.1     86.0 2021 12  3  5 48 40.960  0.00  25
   107528  40.380888 -124.528939    27.804      -38.7        7.2       63.6     52.5    109.2     83.5 2021 12 13 23 35 57.160  0.00  25
   107533  40.380941 -124.528516    27.742       -2.8       13.1        2.5     31.2     90.2     43.4 2022  2  8 12 54 35.300  0.00  25
   107538  40.380774 -124.528483    27.735        0.0       -5.4       -4.9     43.7     66.1     58.3 2022  3 19 23 26 39.880  0.00  25
   107539  40.380766 -124.528451    27.738        2.8       -6.3       -1.6     43.0     71.0     59.9 2022  3 20 13 12 27.460  0.00  25
   107541  40.379688 -124.528971    27.763      -41.5     -126.1       22.6     38.2     76.6     52.7 2022  4  5  0 55 37.240  0.00  25
   107544  40.381083 -124.528255    27.728       19.3       28.9      -12.1     50.1     91.4     67.1 2022  5 10 16 59 43.560  0.00  25
   107545  40.381104 -124.528255    27.727       19.3       31.2      -13.3     53.0     99.7     70.8 2022  5 10 16 14 58.500  0.00  25
   107546  40.380745 -124.528792    27.778      -26.3       -8.6       38.5     42.9     93.8     67.8 2022  5 13 23 15  7.460  0.00  25
   107547  40.380322 -124.528231    27.696       21.4      -55.6      -43.7     71.3    116.7     86.0 2022  5 22 20 33 55.540  0.00  25
   107548  40.380021 -124.528833    27.743      -29.7      -89.0        2.6     51.9    131.8     59.8 2022  5 30  1 43 50.600  0.00  25
   107556  40.380811 -124.528841    27.770      -30.4       -1.4       30.1     43.1     90.2     61.9 2022  8 11 16 19 20.340  0.00  25
   107557  40.380737 -124.528711    27.764      -19.3       -9.5       24.2     36.8     80.0     59.8 2022  8 12 23 24 23.280  0.00  25
   107558  40.380868 -124.528556    27.737       -6.2        5.0       -3.2     32.3     88.6     46.3 2022  8 14 12 51 42.480  0.00  25
   107559  40.380990 -124.528434    27.722        4.1       18.5      -18.4     50.9     89.5     65.6 2022  9 21 13 36 27.500  0.00  25
   107560  40.380778 -124.528475    27.741        0.7       -5.0        0.7     42.7     66.5     58.4 2022  9 26 23 50 11.680  0.00  25
   107567  40.380929 -124.529248    27.814      -65.0       11.7       74.2     66.2    136.2     93.6 2022  9 26 23  9 34.060  0.00  25
   107571  40.381083 -124.529232    27.819      -63.6       28.9       78.6     66.4    131.0     93.4 2022 11 14 17  2 42.680  0.00  25
   110438  40.380888 -124.528410    27.739        6.2        7.2       -0.9     30.8     58.3     48.7 2023  3  4 21 15 32.500  1.55  25
