   103149  40.403743 -124.387223    27.620      357.2     1191.0    -1264.9     34.0     54.3     39.5 2020  1 20  7 59 56.880  0.00  50
   103155  40.404187 -124.387272    27.640      353.0     1240.3    -1244.6     45.3     76.0     47.7 2020  5  8 15 27 24.500  0.00  50
   103157  40.400472 -124.385465    27.357      506.4      827.8    -1528.1    103.9    129.6    122.8 2020 10 12 20 48 16.180  0.00  50
   103162  40.402763 -124.387223    27.624      357.2     1082.1    -1260.9     48.4     72.9     52.7 2021  8  3  3 28  0.360  0.00  50
   103163  40.403691 -124.387891    27.654      300.5     1185.2    -1231.1     45.9     75.4     50.6 2021 10  2  9 49 41.900  0.00  50
   103164  40.403780 -124.387866    27.650      302.6     1195.1    -1234.7     44.4     72.8     50.1 2021 10  2  8 27 36.460  0.00  50
   103166  40.403564 -124.386914    27.587      383.4     1171.1    -1297.8     46.0     75.9     54.3 2021 10 25  1 19 40.240  0.00  50
   103167  40.403874 -124.387028    27.504      373.8     1205.5    -1381.3     42.4     73.2     56.5 2021 12 20 22  9 19.760  0.00  50
   103176  40.403630 -124.386963    27.594      379.3     1178.4    -1290.8     43.6     75.2     51.6 2022  8 19 12 11 19.800  0.00  50
   103178  40.402555 -124.386865    27.562      387.6     1059.1    -1322.8     46.5     61.1     53.4 2022 10 17  8 21 57.480  0.00  50
   103179  40.403630 -124.387907    27.655      299.2     1178.4    -1230.0     47.6     77.9     51.6 2022 10 17  8 33 17.800  0.00  50
   103180  40.403817 -124.387834    27.649      305.4     1199.2    -1236.1     43.4     70.6     49.5 2022 11 15  2 32 57.340  0.00  50
   103660  40.369816 -124.400798    31.089     -795.4    -2576.3     2203.5    138.0    303.5    150.5 2020  3 19  2 25 29.840  0.00  50
   103662  40.378792 -124.407821    31.231    -1391.7    -1579.6     2345.5    111.9    209.3    109.7 2021  8  1  9 57 47.140  0.00  50
   103663  40.373303 -124.397477    30.790     -513.4    -2189.1     1904.8    142.5    115.8    163.4 2021  9  4 15 10 50.460  0.00  50
   103664  40.379940 -124.398600    30.709     -608.8    -1452.2     1824.4    106.0     88.1     81.1 2021  9 24 22 55 12.600  0.00  50
   103665  40.380127 -124.398617    30.708     -610.2    -1431.4     1822.6    107.3     87.8     81.8 2021  9 25  0 45 28.340  0.00  50
   103666  40.373165 -124.397624    30.815     -525.9    -2204.5     1929.8    128.3     98.5    151.8 2021 10  2  8 10 25.060  0.00  50
   103670  40.384241 -124.401318    31.056     -839.5     -974.6     2171.2    126.8    206.5    133.8 2021 12 21 20 41 34.660  0.00  50
   103671  40.377596 -124.399211    30.760     -660.6    -1712.4     1874.9     71.7    103.1     53.6 2022  2 12  1 43 15.200  0.00  50
   110317  40.404065 -124.386727    27.559      399.3     1226.7    -1326.3     51.5     76.2     50.3 2023  3 22 15 19 23.600  1.19  50
   110324  40.379883 -124.406681    31.341    -1294.9    -1458.5     2455.7    102.8     90.0    112.7 2022 12 22 11 49 54.180  3.63  50
