   105847  40.391353 -124.287614    27.822       -1.4        5.9        1.9     20.0     35.5     27.3 2021 12 20 20 46 28.200  0.00  65
   105849  40.391305 -124.287622    27.820       -2.1        0.5        0.4     27.7     29.2     22.9 2021 12 21  9 55 15.700  0.00  65
   105851  40.391288 -124.287671    27.820       -6.2       -1.4        0.4     36.2     33.5     23.8 2021 12 21 19 32 35.980  0.00  65
   105864  40.391414 -124.287207    27.816       33.2       12.7       -3.6     70.8     59.6     27.0 2021 12 21 18 52 36.660  0.00  65
   105872  40.391337 -124.287646    27.823       -4.1        4.1        2.8     52.7     37.6     27.2 2021 12 21  8 10  1.860  0.00  65
   105888  40.391325 -124.287630    27.822       -2.8        2.7        2.0     46.4     33.6     25.0 2021 12 22  5 26  9.740  0.00  65
   105898  40.391305 -124.287655    27.822       -4.8        0.5        1.6     30.5     33.6     25.3 2021 12 23  1  5 17.280  0.00  65
   105899  40.391349 -124.287337    27.815       22.1        5.4       -4.8     54.0     50.9     30.4 2021 12 23  1 47 11.060  0.00  65
   105919  40.391280 -124.287606    27.819       -0.7       -2.3       -0.6     24.4     25.2     21.4 2021 12 30 12 28  4.260  0.00  65
   105923  40.391207 -124.287199    27.818       33.9      -10.4       -2.5     74.1     43.4     34.5 2022  1  5 23  1 28.700  0.00  65
   105928  40.391305 -124.287614    27.820       -1.4        0.5        0.4     38.5     29.2     24.0 2022  1 16  4 44 46.820  0.00  65
   105933  40.391109 -124.287573    27.810        2.1      -21.2      -10.1     49.0     53.5     39.3 2022  2 10  9 46 48.960  0.00  65
   105946  40.391313 -124.287736    27.818      -11.7        1.4       -1.8     49.0     28.9     33.9 2022  6  9  2 40 47.580  0.00  65
   105948  40.391325 -124.287614    27.822       -1.4        2.7        2.2     50.0     35.3     25.6 2022  7  1 20 19 34.200  0.00  65
   110381  40.391300 -124.287638    27.821       -3.5        0.0        0.7     25.2     28.0     21.7 2023  2  9  3 13  2.870  0.89  65
