   109669  40.400578 -124.278223    26.866      -18.0      -13.6        5.7      4.9      4.4      2.9 2021  6 30  4  7 16.980  0.00  49
   109670  40.400696 -124.278044    26.862       -2.8       -0.5        1.9      1.9      1.8      2.0 2021 12 20 21 33 53.800  0.00  49
   109671  40.400688 -124.277962    26.856        4.1       -1.4       -3.6      2.1      2.6      2.4 2021 12 20 20 16  2.340  0.00  49
   109672  40.400745 -124.277962    26.861        4.1        5.0        1.0      2.4      3.2      2.0 2021 12 20 21  4  2.560  0.00  49
   109674  40.400728 -124.277946    26.861        5.5        3.2        0.8      2.7      2.8      1.9 2021 12 20 22  5 33.080  0.00  49
   109675  40.400749 -124.277962    26.863        4.1        5.4        2.7      3.2      3.2      2.3 2021 12 20 20 38 16.520  0.00  49
   109676  40.400439 -124.277905    26.848        9.0      -28.9      -11.8      3.9      5.2      4.2 2021 12 20 23 18 45.760  0.00  49
   109678  40.400732 -124.278035    26.861       -2.1        3.6        1.2      2.5      2.5      3.0 2021 12 20 20 28  8.320  0.00  49
   109680  40.401009 -124.277873    26.847       11.7       34.3      -12.8      7.3      7.0      3.4 2021 12 20 22 40  4.140  0.00  49
   109681  40.400586 -124.278092    26.856       -6.9      -12.7       -4.3      3.5      3.7      2.0 2021 12 20 21 16 57.840  0.00  49
   109682  40.400724 -124.277954    26.864        4.8        2.7        3.7      3.2      2.5      3.0 2021 12 21  0 35 38.260  0.00  49
   109683  40.400684 -124.278011    26.860        0.0       -1.8        0.1      2.3      2.8      2.0 2021 12 21  1 29  1.520  0.00  49
   109684  40.400500 -124.278182    26.859      -14.5      -22.1       -1.0      5.5      5.7      2.6 2021 12 21 10 32 44.960  0.00  49
   109686  40.400720 -124.277970    26.859        3.5        2.3       -1.2      1.8      2.7      1.7 2021 12 21  9 35 39.700  0.00  49
   109688  40.400688 -124.278003    26.861        0.7       -1.4        0.9      1.8      2.0      1.1 2021 12 22 16 42 51.760  0.00  49
   109689  40.400468 -124.277946    26.849        5.5      -25.8      -11.4      3.9      4.9      3.5 2021 12 22 21 49  0.120  0.00  49
   109690  40.400696 -124.277995    26.861        1.4       -0.5        1.0      2.5      2.3      1.3 2021 12 23 19 18 59.440  0.00  49
   109691  40.400708 -124.278743    26.924      -62.2        0.9       63.6      8.8      6.0      8.5 2021 12 24 18 30 16.400  0.00  49
   109692  40.400708 -124.277995    26.860        1.4        0.9        0.1      1.8      2.2      1.6 2021 12 28 12 16  7.460  0.00  49
   109693  40.400684 -124.278044    26.860       -2.8       -1.8        0.5      2.5      2.3      2.3 2022  1  2  4  3 22.780  0.00  49
   109697  40.400627 -124.278166    26.868      -13.1       -8.1        8.1      4.2      4.4      3.2 2022  4  7 18 43 56.160  0.00  49
   110670  40.400716 -124.277979    26.860        2.8        1.8       -0.0      1.7      2.3      1.2 2022 12 14  8 39 12.430  2.11  49
