   106108  40.495789 -123.975505    20.738       33.1     -752.8     -153.4     42.5     37.2     35.5 2020  8  9  5 42 39.180  0.00  60
   106111  40.495968 -123.975382    20.755       43.5     -732.9     -136.5     51.4     43.5     37.3 2020 11 30  1 29 11.000  0.00  60
   106114  40.495565 -123.975789    20.730        9.0     -777.6     -161.1     52.5     36.6     61.6 2021  7 10  6 45  4.760  0.00  60
   106118  40.496163 -123.975553    20.769       29.0     -711.2     -122.7     61.2     58.8     58.5 2022  4 18 15 56 36.880  0.00  60
   106120  40.495683 -123.976025    20.725      -11.0     -764.5     -166.2     45.6     55.1     32.6 2022  9  7 20 48 18.260  0.00  60
   106122  40.494564 -123.977645    20.663     -148.3     -888.8     -228.0     80.7     72.3     73.4 2022 11 18  1 46 11.180  0.00  60
   108843  40.507251 -123.976156    20.980      -22.1      520.1       89.0     57.6     50.1     53.6 2020  6 30 18 24 45.540  0.00  60
   108845  40.507800 -123.975293    21.060       51.0      581.1      169.3     52.7     49.8     52.5 2021  6 25 11 47  3.720  0.00  60
   108846  40.507629 -123.975562    21.037       28.3      562.1      146.0     47.0     53.3     51.6 2021  6 29 14 49 28.900  0.00  60
   108847  40.507690 -123.975480    21.038       35.2      568.9      146.9     45.8     49.4     57.2 2021  7 12  8  6 52.460  0.00  60
   108848  40.507715 -123.975456    21.043       37.2      571.6      152.3     48.3     47.7     55.9 2021  7 31 15 40 27.060  0.00  60
   108850  40.508187 -123.974788    21.129       93.8      624.0      238.0     82.4     63.2     76.2 2022  1  7 22 34 42.920  0.00  60
   108851  40.507450 -123.976172    21.060      -23.5      542.2      168.6     74.1     41.6     98.0 2022  1 21 15 52 59.180  0.00  60
   108854  40.506234 -123.978662    20.919     -234.5      407.1       28.3    129.2     78.3     88.7 2022  7 26  5 20 28.200  0.00  60
   108855  40.507174 -123.976335    20.988      -37.2      511.5       96.4     59.8     54.7     56.2 2022 11 19 11 57  9.280  0.00  60
   110393  40.495911 -123.975301    20.750       50.4     -739.2     -141.5     46.6     31.1     36.3 2023  1  5 23 38  8.240  1.45  60
   110557  40.507133 -123.976310    20.972      -35.2      507.0       80.9     47.2     41.6     48.6 2023  1  2 17 21 40.040  1.10  60
