   106632  40.271537 -124.547380     3.787      -16.6     -306.3      -63.3      1.7      7.5      3.5 2020  2 22  5 52 18.180  0.00  38
   106633  40.274072 -124.547184     3.826        0.0      -24.9      -24.1      1.5      1.9      2.9 2020  3  1 20 25 24.240  0.00  38
   106634  40.274272 -124.546045     4.094       96.9       -2.7      244.4      4.8     16.8      8.2 2020  5  3 13 38 18.400  0.00  38
   106635  40.274772 -124.547046     3.831       11.8       52.9      -18.7      1.6      7.9      2.1 2020  5  4 19  6 10.540  0.00  38
   106636  40.274504 -124.547192     3.796       -0.7       23.0      -54.5      1.6      2.1      3.4 2020  5  4  9 42 44.380  0.00  38
   106637  40.274638 -124.547241     3.795       -4.8       38.0      -54.8      2.4      2.0      2.5 2020  5  4  8 13 22.220  0.00  38
   106638  40.273958 -124.547030     3.779       13.2      -37.5      -70.9      1.5      2.5      2.3 2020  5  4 15 33  2.520  0.00  38
   106640  40.274642 -124.547274     3.786       -7.6       38.4      -64.4      1.9      5.0      3.2 2020  5  4  8 38 58.940  0.00  38
   106642  40.274825 -124.547249     3.797       -5.5       58.7      -52.7      2.5      2.1      2.7 2020  5  4  8 24 12.120  0.00  38
   106643  40.274792 -124.547241     3.773       -4.8       55.1      -77.2      2.0      4.3      3.3 2020  5  4  8 47  1.720  0.00  38
   106644  40.274727 -124.547135     3.799        4.2       47.9      -51.1      1.5      6.1      2.4 2020  5  5  2 52 18.880  0.00  38
   106647  40.281063 -124.546956     3.807       19.4      751.4      -43.0      2.9     18.3      4.1 2020  5  5  1 48 19.700  0.00  38
   106648  40.274512 -124.547176     3.778        0.7       23.9      -71.9      1.8      5.5      3.2 2020  5  5  9 53 47.400  0.00  38
   106651  40.273657 -124.547290     3.820       -9.0      -70.9      -30.4      1.6      2.0      2.9 2021  1  5 21 56  2.340  0.00  38
   106653  40.273840 -124.547201     3.850       -1.4      -50.6        0.2      1.4      1.9      2.4 2021  7 10  7 24 38.580  0.00  38
   106654  40.274158 -124.547282     3.831       -8.3      -15.4      -19.2      1.6      1.9      2.6 2021  7 10 11 51 45.900  0.00  38
   106655  40.273665 -124.547257     3.834       -6.2      -70.0      -16.1      1.3      2.4      2.3 2021  7 10 19  3 50.340  0.00  38
   106656  40.274976 -124.547323     3.835      -11.8       75.5      -14.6      1.9      8.3      3.4 2021  7 11 22 33 51.940  0.00  38
   106657  40.273792 -124.548372     3.673     -101.1      -56.0     -177.0      4.3      6.8      6.3 2021  7 15 19  8 47.300  0.00  38
   106658  40.273503 -124.547054     3.830       11.1      -88.1      -20.1      1.7      3.2      2.7 2021  7 15 13  0 48.340  0.00  38
   106659  40.279427 -124.547827     3.649      -54.7      569.7     -201.4      3.0      8.9      4.5 2021  8 25 19 10 39.080  0.00  38
   106660  40.274194 -124.547257     3.862       -6.2      -11.3       12.0      2.2      2.1      3.1 2021 11  5  3 58 28.600  0.00  38
   106661  40.273474 -124.547306     3.848      -10.4      -91.3       -1.8      2.1      2.7      2.9 2021 11  5  3 59 39.640  0.00  38
   106662  40.273914 -124.547249     3.854       -5.5      -42.5        4.1      1.5      2.5      2.8 2021 11  5  5 28  9.100  0.00  38
   106663  40.274394 -124.547347     3.826      -13.8       10.8      -24.1      1.5      3.0      3.2 2021 11  7  2 53 22.060  0.00  38
   106664  40.276127 -124.547380     3.808      -16.6      203.3      -42.3      3.0      6.1      2.4 2022  1 13  2 40 39.500  0.00  38
   106665  40.273885 -124.547168     3.843        1.4      -45.6       -6.7      2.0      4.3      3.1 2022  1 15 23 23  0.380  0.00  38
   106666  40.273962 -124.547266     3.837       -6.9      -37.0      -13.3      1.7      3.8      2.8 2022  5  3  9 12 19.780  0.00  38
   106669  40.274121 -124.547298     3.840       -9.7      -19.4      -10.0      1.8      3.5      3.2 2022  5  4 12 40 45.580  0.00  38
   106672  40.273560 -124.547274     3.825       -7.6      -81.8      -25.2      1.7      4.0      2.8 2022  5  5 14 31 49.800  0.00  38
   106673  40.274227 -124.547282     3.840       -8.3       -7.7      -10.2      1.8      3.4      3.1 2022  5 10 12  8 48.400  0.00  38
   106674  40.272310 -124.546826     3.787       30.5     -220.5      -62.7      3.0      6.5      5.0 2022  7 11  7 17 29.200  0.00  38
   106675  40.270557 -124.546021     3.642       99.0     -415.2     -207.9      2.8      7.7      5.1 2022  8 17  6 48 39.560  0.00  38
   110411  40.273824 -124.547380     3.860      -16.6      -52.4       10.3      1.2      1.9      2.0 2022 12 21 19 45 27.080  1.81  38
