   101025  40.473206 -124.704338    25.890      -20.0      -45.2      169.6     70.9    118.8    224.7 2020  1  9  2 10 32.160  0.00  16
   101029  40.473405 -124.704321    25.902      -18.6      -23.0      182.5     76.6     95.3    257.3 2020  1 30 12  6 18.720  0.00  16
   101032  40.473189 -124.704354    25.862      -21.4      -47.0      142.1     67.8    118.4    253.0 2020  2 19  1  9 23.420  0.00  16
   101040  40.472729 -124.704264    25.690      -13.8      -98.0      -30.0     78.4    137.8    292.7 2020  3 19 10 33 49.980  0.00  16
   101042  40.472632 -124.704215    25.648       -9.7     -108.9      -71.9     75.7    152.0    274.6 2020  4  2  6 24  8.960  0.00  16
   101043  40.472978 -124.704272    25.830      -14.5      -70.5      110.2     72.7    148.2    254.2 2020  4  2 10  0 17.140  0.00  16
   101047  40.472673 -124.704036    25.339        5.5     -104.4     -380.6     62.0    161.2    309.8 2020  4 13  9 56 35.420  0.00  16
   101054  40.473022 -124.704476    26.063      -31.7      -65.5      343.4     81.9    116.8    340.3 2020  6 21 11 58 10.560  0.00  16
   101061  40.475757 -124.703369    25.246       62.1      238.1     -474.2    109.3    184.8    391.8 2020  8 16  0 16 42.400  0.00  16
   101065  40.475354 -124.703280    25.073       69.7      193.4     -647.0    112.3    150.6    414.2 2020  9  7 15 31 22.240  0.00  16
   101072  40.473336 -124.704354    25.988      -21.4      -30.7      268.0     77.0     93.5    308.9 2020 10  6  9 36 10.120  0.00  16
   101073  40.474426 -124.703027    24.614       91.1       90.4    -1106.3    126.2    127.5    376.5 2020 10  8 18 44  2.720  0.00  16
   101079  40.473547 -124.704085    25.638        1.4       -7.2      -82.4    124.0    180.2    394.0 2020 10 29  3 49 47.440  0.00  16
   101083  40.475293 -124.703255    24.767       71.8      186.6     -952.8    126.1    153.0    458.4 2020 11 30  8  6 26.060  0.00  16
   101089  40.474780 -124.703621    25.376       40.7      129.7     -344.0     86.6    131.4    314.2 2021  1 16 10  6 18.420  0.00  16
   101092  40.476152 -124.702588    24.184      128.4      281.9    -1536.0    139.5    185.6    541.6 2021  2  4 18 38  9.180  0.00  16
   101107  40.473556 -124.704224    25.835      -10.4       -6.3      115.3     92.5    150.0    336.5 2021  4 17 21 25 11.280  0.00  16
   101111  40.473157 -124.704338    25.972      -20.0      -50.6      252.0     76.8    122.9    275.6 2021  4 28  8  7  0.040  0.00  16
   101135  40.474032 -124.703931    25.681       14.5       46.5      -38.7     56.9    100.1    177.8 2021  6 30  8 56 58.780  0.00  16
   101136  40.475716 -124.703044    25.319       89.7      233.6     -401.0    122.2    206.2    417.4 2021  6 30  8 56 43.620  0.00  16
   101140  40.473368 -124.704297    25.851      -16.6      -27.1      131.4     66.8    128.0    205.5 2021  7  4 12 13 12.060  0.00  16
   101144  40.475146 -124.703288    25.174       69.0      170.3     -546.4     99.7    167.1    340.3 2021  7 13 21 30  4.080  0.00  16
   101147  40.474320 -124.703752    25.605       29.7       78.6     -115.0     66.4    123.4    225.8 2021  7 17  8 12 38.380  0.00  16
   101150  40.472843 -124.704557    26.122      -38.6      -85.4      401.6    101.4    125.4    377.4 2021  7 29  9  7  0.860  0.00  16
   101152  40.473092 -124.704386    25.900      -24.2      -57.8      179.8     88.1    100.8    317.3 2021  7 30 15 20 25.540  0.00  16
   101160  40.474190 -124.703857    25.648       20.7       64.2      -72.3     61.1    105.9    191.0 2021  8 22 12 36 17.700  0.00  16
   101166  40.473808 -124.704077    25.735        2.1       21.7       15.3     75.5     74.6    234.7 2021  8 29 11 49 24.320  0.00  16
   101170  40.473177 -124.704281    25.856      -15.2      -48.3      135.7     63.1    126.9    211.5 2021  9  7 12  8 27.780  0.00  16
   101171  40.473263 -124.704289    25.820      -15.9      -38.9      100.4     61.1    114.8    217.1 2021  9  7 12  6 36.340  0.00  16
   101173  40.475667 -124.702905    24.747      101.4      228.2     -972.6    109.3    163.6    386.1 2021  9 12  8 46  7.140  0.00  16
   101179  40.473381 -124.704215    25.839       -9.7      -25.8      118.8     57.7    106.9    268.1 2021  9 19  4 12 22.100  0.00  16
   101181  40.473576 -124.704281    25.856      -15.2       -4.1      135.5     66.0    105.9    194.8 2021  9 21 10 15 40.980  0.00  16
   101183  40.474443 -124.703597    25.453       42.8       92.2     -267.2     99.4    138.7    323.3 2021  9 25 21 15 37.720  0.00  16
   101190  40.473218 -124.704297    25.849      -16.6      -43.8      128.6     64.6    139.4    200.8 2021 10  4  3 56 50.020  0.00  16
   101191  40.473242 -124.704313    25.844      -17.9      -41.1      123.9     66.6    132.2    198.7 2021 10  4  4 17 38.960  0.00  16
   101196  40.473014 -124.704395    25.909      -24.8      -66.4      188.6     70.7    144.5    243.1 2021 10 17 20 21 35.000  0.00  16
   101210  40.473299 -124.704264    25.796      -13.8      -34.8       76.0     83.2    164.0    248.1 2021 11  9 16 33 24.060  0.00  16
   101217  40.475187 -124.703459    25.472       54.5      174.9     -247.8     99.6    184.6    305.0 2021 11 22  2 33 37.140  0.00  16
   101218  40.473979 -124.703963    25.670       11.7       40.7      -49.8     63.5     85.0    189.1 2021 11 27 16 59  2.420  0.00  16
   101224  40.475159 -124.703271    25.171       70.4      171.7     -548.8     99.1    169.2    346.5 2022  1  6 20 34 23.120  0.00  16
   101225  40.474988 -124.703646    25.600       38.6      152.7     -120.0     75.9    187.4    202.8 2022  1  6 13  0 38.860  0.00  16
   101229  40.474569 -124.703752    25.609       29.7      106.2     -111.3     75.8    182.7    184.8 2022  1 18  9 17 28.400  0.00  16
   101230  40.474805 -124.703638    25.544       39.3      132.4     -175.7     88.5    163.0    249.7 2022  1 19  9 33 28.680  0.00  16
   101234  40.474703 -124.703695    25.570       34.5      121.1     -149.5     82.5    209.3    187.1 2022  1 23  8 46  6.580  0.00  16
   101238  40.473201 -124.704297    25.830      -16.6      -45.6      109.7     67.0    140.4    198.9 2022  2  7 21 40 32.580  0.00  16
   101243  40.473600 -124.704118    25.724       -1.4       -1.4        4.2    151.5    221.4    463.9 2022  2 12 23 29 19.340  0.00  16
   101256  40.473759 -124.703882    25.579       18.6       16.3     -141.4     74.7     74.0    231.4 2022  3  3  4 20 48.040  0.00  16
   101257  40.475492 -124.703247    25.429       72.5      208.7     -290.7    101.9    199.2    327.0 2022  3  4  5 28 44.660  0.00  16
   101282  40.475460 -124.703328    25.404       65.6      205.1     -316.1    100.0    197.6    322.1 2022  5 15 23 29  2.560  0.00  16
   101302  40.473792 -124.703923    25.588       15.2       19.9     -131.9     76.0     77.6    172.4 2022  7  4 22 56 22.600  0.00  16
   101304  40.472957 -124.704517    25.930      -35.2      -72.7      210.4     83.1    155.3    218.5 2022  7  8 17  2 27.980  0.00  16
   101314  40.473157 -124.704354    25.873      -21.4      -50.6      152.9     64.0    130.4    212.2 2022  8  1  0 11 32.320  0.00  16
   101320  40.473092 -124.704403    26.004      -25.5      -57.8      283.9     79.6    113.4    272.6 2022  8 11  5 13 26.080  0.00  16
   101323  40.468958 -124.706600    26.547     -211.9     -516.9      826.7    132.3    151.9    257.8 2022  8 17  5 39  0.840  0.00  16
   101326  40.473531 -124.704264    25.823      -13.8       -9.0      102.6     77.0    118.0    225.5 2022  8 26 22 29 24.400  0.00  16
   101327  40.473629 -124.704199    25.805       -8.3        1.8       84.6    103.4    146.7    326.1 2022  8 26 17 35 25.260  0.00  16
   101335  40.475155 -124.703621    25.608       40.7      171.2     -111.8     69.5    170.8    207.2 2022  9 23 13  1 57.720  0.00  16
   101336  40.473608 -124.704224    25.827      -10.4       -0.5      107.5     59.8     91.9    187.9 2022  9 23 16 53 35.540  0.00  16
   101346  40.473421 -124.704329    25.891      -19.3      -21.2      171.4     67.3    123.2    209.8 2022 10  9 21 44 27.480  0.00  16
   101361  40.473486 -124.704492    26.046      -33.1      -14.0      326.2     85.9     92.7    286.4 2022 11 16  7 56 54.320  0.00  16
   101366  40.473674 -124.704191    25.773       -7.6        6.8       52.8    135.2    214.0    430.5 2022 11 30 11 22 20.400  0.00  16
   110293  40.471647 -124.704639    25.894      -45.5     -218.2      173.9     55.8     91.3    164.1 2023  3 19 12 29 14.650  1.61  16
