   105726  40.376595 -124.250781    26.403      315.8     -499.3     -897.9     99.2    139.8     88.0 2020  4  8  8 21 58.120  0.00  14
   105730  40.376571 -124.250895    26.409      306.1     -502.0     -892.1     90.2     85.3     74.5 2020  8 18 23 54 39.920  0.00  14
   105732  40.376591 -124.250871    26.408      308.2     -499.7     -893.3    131.8    174.0    114.3 2020 12 18 23 41 26.600  0.00  14
   105733  40.376583 -124.250887    26.408      306.8     -500.6     -892.9    105.9    145.7     97.9 2021  3 13  9 16 42.120  0.00  14
   105734  40.376562 -124.250871    26.408      308.2     -502.9     -893.6    126.8     82.6    101.9 2021  3 28 18 51 39.620  0.00  14
   105739  40.376550 -124.250871    26.406      308.2     -504.2     -894.9    111.0    108.0     81.1 2021  8 26  7 46  5.300  0.00  14
   105740  40.376550 -124.250895    26.408      306.1     -504.2     -893.4    100.2     99.3     82.0 2021 11  3  0 24 55.500  0.00  14
   105742  40.376575 -124.250887    26.409      306.8     -501.5     -892.2    100.4    106.4     81.4 2021 11  3  0 56  1.640  0.00  14
   105743  40.376636 -124.250716    26.404      321.4     -494.8     -897.7    124.7    159.5    101.7 2021 11  3  7 36 58.280  0.00  14
   105744  40.376518 -124.250887    26.407      306.8     -507.9     -894.3    129.8    137.4    115.9 2021 11  3  4 55 54.820  0.00  14
   105745  40.376562 -124.250887    26.408      306.8     -502.9     -893.1    117.8    112.5     78.2 2021 11  3  3 50 44.720  0.00  14
   105747  40.376526 -124.250830    26.406      311.7     -507.0     -895.4    207.1    161.5    137.0 2021 11  3  2 39 53.560  0.00  14
   105749  40.376546 -124.250863    26.407      308.9     -504.7     -894.4    117.2    101.4     97.4 2021 11  3  2 37 16.800  0.00  14
   105750  40.376587 -124.250887    26.408      306.8     -500.2     -893.1     78.6    117.4     67.1 2021 11  3  0 41 54.400  0.00  14
   105751  40.376579 -124.250887    26.409      306.8     -501.1     -892.3     80.9     85.2     61.7 2021 11  3  0 39 12.580  0.00  14
   105752  40.376558 -124.250871    26.408      308.2     -503.3     -893.2    127.8    107.6     92.5 2021 11  3  0 34 13.400  0.00  14
   105754  40.376534 -124.250871    26.406      308.2     -506.1     -894.8    144.2    128.5     99.9 2021 11  3  0 32  6.680  0.00  14
   105757  40.376575 -124.250895    26.409      306.1     -501.5     -892.1     86.0     81.5     71.9 2021 11  4  7 12  1.600  0.00  14
   105762  40.376522 -124.250863    26.406      308.9     -507.4     -894.7    143.7    134.2    103.7 2021 11 11 13 42 18.820  0.00  14
   105763  40.376534 -124.250895    26.406      306.1     -506.1     -894.7     94.8     95.4     73.8 2021 12 20 22  5 44.360  0.00  14
   105764  40.376554 -124.250887    26.408      306.8     -503.8     -893.4    109.6     90.1     95.2 2021 12 20 21 35 24.780  0.00  14
   105765  40.376501 -124.250854    26.405      309.6     -509.7     -896.7    200.6    160.1    128.0 2021 12 20 20 32  9.520  0.00  14
   105768  40.376562 -124.250887    26.408      306.8     -502.9     -893.4    108.0    122.2     93.4 2021 12 21  6 11 58.360  0.00  14
   105769  40.376599 -124.250887    26.408      306.8     -498.8     -892.8    132.6    187.2    119.6 2021 12 21  7 56 43.800  0.00  14
   105772  40.376562 -124.250879    26.407      307.5     -502.9     -894.4    140.3    139.2    135.1 2021 12 21  0 19 42.020  0.00  14
   105774  40.376514 -124.250887    26.406      306.8     -508.3     -895.4    160.8    151.4    139.6 2021 12 21 20 50 48.500  0.00  14
   105775  40.376562 -124.250879    26.408      307.5     -502.9     -893.5    107.3    102.7     81.1 2021 12 22  3 33 33.340  0.00  14
   105777  40.376571 -124.250879    26.408      307.5     -502.0     -893.3     81.2    107.2     69.1 2021 12 22 18 39 56.880  0.00  14
   105778  40.376542 -124.250879    26.406      307.5     -505.1     -895.3    141.0    136.8    116.9 2021 12 22  3  7 48.260  0.00  14
   105780  40.376461 -124.251115    26.399      287.5     -514.2     -901.7    119.5     99.3     95.1 2021 12 24  3 24 30.240  0.00  14
   105782  40.376567 -124.250887    26.408      306.8     -502.4     -893.6     88.2    110.6     79.6 2021 12 24 10 12  5.420  0.00  14
   105784  40.376558 -124.250887    26.408      306.8     -503.3     -893.0     98.4     86.0     86.7 2021 12 25 17 31 35.020  0.00  14
   105787  40.376554 -124.250887    26.408      306.8     -503.8     -893.4    106.0     89.4     92.8 2021 12 26 19 40 33.940  0.00  14
   105789  40.376571 -124.250887    26.408      306.8     -502.0     -893.5    140.6    207.3    138.4 2021 12 29 23 58 51.860  0.00  14
   105791  40.376562 -124.250879    26.408      307.5     -502.9     -893.6     84.7     92.6     71.7 2022  1  4 13 16 11.840  0.00  14
   105793  40.376457 -124.251082    26.398      290.3     -514.6     -902.9    108.5     95.0     88.3 2022  1  9  0 23 57.200  0.00  14
   105794  40.376558 -124.250871    26.408      308.2     -503.3     -893.2    132.7    109.4     96.2 2022  1  9  0 25 32.700  0.00  14
   105796  40.376363 -124.251090    26.394      289.6     -525.0     -907.3    129.5     98.8    103.8 2022  1 26 19 43 31.500  0.00  14
   105798  40.376579 -124.250879    26.408      307.5     -501.1     -893.1    144.9    197.1    128.1 2022  2  6 19 27 40.580  0.00  14
   105802  40.376562 -124.250814    26.404      313.1     -502.9     -896.9    100.1     97.6     88.8 2022  3 23  1 53 21.540  0.00  14
   107897  40.396297 -124.262191    28.186     -653.0     1688.5      885.1    239.1    194.6    173.9 2020  6 13 20  4 41.920  0.00  14
   107899  40.396134 -124.262394    28.190     -670.3     1670.4      889.2    173.3    141.1    106.9 2021 11  3 20 34 30.060  0.00  14
   107900  40.396134 -124.262394    28.190     -670.3     1670.4      889.1    173.2    145.4    106.7 2021 11  3  5 51 50.700  0.00  14
   107907  40.396134 -124.262402    28.190     -670.9     1670.4      889.2    174.7    143.0    107.8 2021 12 21  5  6 47.280  0.00  14
   107910  40.396236 -124.262297    28.189     -662.0     1681.7      887.7    259.6    192.5    156.4 2021 12 27  0 40 32.520  0.00  14
   107911  40.397127 -124.261841    28.188     -623.3     1780.7      887.2    212.9    188.8    132.4 2021 12 29 17 56  6.640  0.00  14
   107912  40.396370 -124.262183    28.185     -652.3     1696.6      883.6    291.4    214.1    264.3 2022  1  4  6 25 11.060  0.00  14
   107914  40.395919 -124.262231    28.171     -656.4     1646.5      869.4    155.3    154.7    139.1 2022  1 18  8 29 53.180  0.00  14
   107915  40.396139 -124.263118    28.200     -731.8     1670.9      898.8    229.6    165.2    136.4 2022  1 20 19 35 45.720  0.00  14
   107916  40.396635 -124.262158    28.190     -650.2     1726.0      889.1    172.6    192.4    170.9 2022  3 10 19 43 36.080  0.00  14
   107917  40.396265 -124.261963    28.191     -633.6     1684.9      889.5    415.3    252.3    211.8 2022  3 21 15 45 36.680  0.00  14
   107919  40.396167 -124.262028    28.186     -639.2     1674.0      884.9    185.9    135.6    119.0 2022  4 28 16 18 59.900  0.00  14
   107920  40.396126 -124.262378    28.189     -668.9     1669.5      887.7    164.1    156.5    121.9 2022  4 30 20 33  4.260  0.00  14
   107922  40.396273 -124.262215    28.190     -655.1     1685.8      889.3    287.5    209.4    150.0 2022  7  3 16 44 36.540  0.00  14
   107924  40.396269 -124.261987    28.190     -635.7     1685.3      888.9    337.5    205.6    150.7 2022  7 19  9 28  3.620  0.00  14
   107925  40.396134 -124.262394    28.190     -670.3     1670.4      889.2    172.7    140.4    107.9 2022  8 20 18 57 36.780  0.00  14
   108010  40.370662 -124.256266    29.999     -150.0    -1158.0     2698.2    309.9    198.2    171.1 2020  4  7 16 19 13.760  0.00  14
   108011  40.372050 -124.255314    30.031      -69.1    -1004.0     2729.9    303.7    251.5    160.3 2021  5 20  8  1 14.180  0.00  14
   108012  40.373267 -124.254012    30.069       41.5     -868.9     2767.9    254.5    294.2    170.7 2021  6  9 14 43 15.220  0.00  14
   108013  40.371204 -124.255558    30.061      -89.8    -1098.0     2760.2    289.2    214.7    145.5 2021  7 19  0 53 28.240  0.00  14
   108019  40.371110 -124.255029    30.062      -44.9    -1108.3     2760.5    272.8    222.1    142.7 2021 11  3  6 42 52.940  0.00  14
   108021  40.372087 -124.255819    29.997     -112.0     -999.9     2695.4    464.5    405.1    219.1 2021 12 21  2 47 39.000  0.00  14
   108024  40.372502 -124.255501    29.998      -85.0     -953.8     2696.9    436.4    314.6    221.8 2022  1  7  2 30  4.920  0.00  14
   110380  40.376396 -124.251042    26.397      293.7     -521.4     -903.9    114.3    115.7     87.7 2022 12 26  3 17 37.280  0.86  14
   110463  40.397058 -124.262126    28.189     -647.4     1773.0      888.0    192.1    171.5    121.9 2023  5 18 12 50 14.940  1.05  14
   110471  40.370723 -124.255990    30.027     -126.5    -1151.3     2725.3    278.9    200.5    130.2 2023  3 30 14 41 33.470  1.24  14
