   101567  40.500244 -124.328784    18.982       24.8       28.0       34.3      3.4      3.3      3.6 2020  1  8  8 24  6.860  0.00   8
   101570  40.500297 -124.329118    18.957       -3.4       33.9        9.7      3.9      3.7      3.8 2020  2  4  5  3 53.760  0.00   8
   101586  40.499618 -124.330168    18.868      -92.4      -41.6      -79.4      5.4      6.2      5.8 2020  3 21  8  0 18.840  0.00   8
   101587  40.498698 -124.332821    18.826     -317.3     -143.7     -122.0      9.4      6.7      6.1 2020  3 21 11 52 33.340  0.00   8
   101588  40.499581 -124.330379    18.917     -110.4      -45.6      -30.8      5.1      5.9      5.8 2020  3 23  1 53  3.720  0.00   8
   101591  40.499296 -124.330461    18.826     -117.3      -77.3     -121.4      5.7      6.0      6.4 2020  3 24  2 29  9.600  0.00   8
   101595  40.499784 -124.330713    18.880     -138.7      -23.0      -68.0      5.4      6.1      5.5 2020  3 26 11 38 46.880  0.00   8
   101598  40.499805 -124.330119    18.910      -88.3      -20.8      -37.9      6.4      7.3      7.3 2020  3 31  8 19 44.260  0.00   8
   101600  40.499662 -124.330249    18.874      -99.3      -36.6      -73.8      4.8      5.9      4.2 2020  4  4  2 58  6.780  0.00   8
   101609  40.497624 -124.331372    18.593     -194.5     -263.0     -354.9      3.2      6.6      6.1 2020  4 29  9 43 36.800  0.00   8
   101611  40.499308 -124.330550    18.853     -124.9      -75.9      -95.2      4.7      5.7      5.4 2020  5  2 10 40 51.540  0.00   8
   101617  40.499447 -124.331315    18.769     -189.7      -60.5     -178.4      5.1      5.6      4.6 2020  5  5 23 12  1.580  0.00   8
   101642  40.499943 -124.329134    19.013       -4.8       -5.4       65.2      3.0      2.6      4.8 2020  6 27  2 24 12.740  0.00   8
   101651  40.500028 -124.328866    19.016       17.9        4.1       67.9      3.3      3.3      7.3 2020  7 22 19  2  4.880  0.00   8
   101656  40.499634 -124.329989    18.997      -77.3      -39.8       48.9      5.5      5.6      5.9 2020  7 27 23  4 49.560  0.00   8
   101664  40.501082 -124.328206    19.025       73.8      121.1       77.4      4.1      5.8      6.1 2020  8  9  9 42 22.360  0.00   8
   101707  40.499561 -124.329362    19.018      -24.1      -47.9       69.8      3.0      2.7      5.5 2020  9 17  5 27 31.820  0.00   8
   101718  40.500110 -124.329036    18.991        3.4       13.1       42.7      3.1      3.6      4.4 2020 10  7 21 52 58.220  0.00   8
   101724  40.499915 -124.329272    18.970      -16.6       -8.6       21.8      3.2      3.4      3.0 2020 10 11  9 41 33.180  0.00   8
   101728  40.500077 -124.328939    18.975       11.7        9.5       27.5      3.2      2.9      3.9 2020 10 15 13 44 48.000  0.00   8
   101733  40.501070 -124.328540    18.934       45.5      119.7      -14.0      5.4      6.0      5.1 2020 11  3  4 30  4.000  0.00   8
   101734  40.500126 -124.329183    18.949       -9.0       14.9        1.2      2.7      3.3      2.9 2020 11  4 22  3 31.060  0.00   8
   101738  40.499182 -124.329338    19.009      -22.1      -89.9       61.1      3.7      4.0      4.5 2020 11  7  6 52 27.340  0.00   8
   101769  40.499715 -124.329167    18.989       -7.6      -30.7       41.0      3.0      3.3      4.2 2021  2  6 17  0 25.160  0.00   8
   101805  40.500122 -124.330143    18.999      -90.4       14.5       51.4      4.6      2.7      3.8 2021  6  2 10 32 38.320  0.00   8
   101815  40.499626 -124.329451    19.036      -31.7      -40.7       88.0      3.5      4.0      4.9 2021  6 30 19 26 57.240  0.00   8
   101821  40.499723 -124.329395    19.018      -26.9      -29.8       70.3      3.2      3.6      4.3 2021  7  1  7  7  5.600  0.00   8
   101827  40.499809 -124.328719    19.042       30.4      -20.3       94.6      4.0      4.2      5.6 2021  7  2 19 32  9.360  0.00   8
   101830  40.499731 -124.329354    19.019      -23.5      -28.9       71.6      3.4      3.5      4.3 2021  7  5 10  0 14.660  0.00   8
   101831  40.499727 -124.329102    18.979       -2.1      -29.4       31.1      3.1      3.2      3.6 2021  7  7  0 19 55.420  0.00   8
   101847  40.500016 -124.328703    19.015       31.7        2.7       67.2      4.6      3.3      4.6 2021  7 29  7 37 32.960  0.00   8
   101849  40.500358 -124.328866    19.002       17.9       40.7       54.3      4.1      3.3      3.4 2021  8 10 19 29 16.640  0.00   8
   101851  40.500151 -124.328825    18.979       21.4       17.6       31.2      3.9      3.3      4.0 2021  8 11 11  7 46.760  0.00   8
   101854  40.500073 -124.329215    18.963      -11.7        9.0       14.9      3.6      2.8      3.5 2021  8 16  7 26  5.700  0.00   8
   101857  40.499581 -124.329150    18.990       -6.2      -45.6       42.7      3.3      3.8      4.8 2021  8 26 21 53 11.220  0.00   8
   101872  40.500114 -124.329386    19.003      -26.2       13.6       55.0      5.9      5.6      5.7 2021 10 13  0 53 49.860  0.00   8
   101877  40.499866 -124.329199    18.972      -10.3      -14.0       24.0      3.6      3.9      4.6 2021 10 24  3 28  2.920  0.00   8
   101883  40.499731 -124.329297    19.020      -18.6      -28.9       72.3      3.4      3.6      4.4 2021 11 22 12  1 21.520  0.00   8
   101888  40.500407 -124.328784    18.952       24.8       46.1        3.8      4.3      4.1      2.6 2021 12  3 11 16  4.320  0.00   8
   101889  40.501062 -124.328223    19.055       72.4      118.8      107.0      4.0      6.1      6.6 2021 12 11  8 24 10.240  0.00   8
   101891  40.500354 -124.328149    19.009       78.6       40.2       61.6      4.3      3.8      4.2 2021 12 17  4 15 33.120  0.00   8
   101897  40.499357 -124.330200    18.966      -95.2      -70.5       17.9      3.6      3.3      3.0 2021 12 20 23 21 40.620  0.00   8
   101902  40.499471 -124.330135    18.966      -89.7      -57.8       18.1      3.3      3.0      3.1 2021 12 21  0 28  2.920  0.00   8
   101903  40.499577 -124.329883    18.978      -68.3      -46.1       30.6      3.1      2.9      3.4 2021 12 21  0  6 57.220  0.00   8
   101905  40.499459 -124.330184    18.964      -93.8      -59.2       15.7      3.4      3.0      3.1 2021 12 21  0  5 32.380  0.00   8
   101910  40.499817 -124.329744    19.000      -56.6      -19.4       51.8      4.6      3.4      4.4 2021 12 21  4 55 49.020  0.00   8
   101918  40.496313 -124.332308    18.531     -273.9     -408.5     -416.5      6.0      6.0      5.8 2021 12 21  5 44 49.760  0.00   8
   101919  40.500578 -124.332935    19.511     -327.0       65.1      563.4      8.2     16.5     14.0 2021 12 21 13 49 48.060  0.00   8
   101921  40.499544 -124.329728    18.974      -55.2      -49.7       25.9      3.3      2.9      3.4 2021 12 22 13 40 52.240  0.00   8
   101931  40.499471 -124.329785    18.958      -60.0      -57.8       10.2      3.3      3.1      3.0 2021 12 26  0 16 30.600  0.00   8
   101946  40.499491 -124.330933    18.913     -157.3      -55.6      -34.3      4.2      3.4      5.1 2022  1  1  6 53 17.640  0.00   8
   101948  40.499862 -124.329867    18.915      -66.9      -14.5      -32.4      5.2      2.4      3.7 2022  1  1  1 52 43.980  0.00   8
   101951  40.499308 -124.330949    18.898     -158.7      -75.9      -49.7      4.3      3.3      4.8 2022  1  1  1 53 23.840  0.00   8
   101952  40.499296 -124.330843    18.898     -149.7      -77.3      -49.4      4.2      3.4      4.7 2022  1  1  1 48 34.900  0.00   8
   101953  40.499207 -124.331519    18.923     -207.0      -87.2      -25.1      4.8      3.9      4.5 2022  1  1  9 41  8.920  0.00   8
   101954  40.499447 -124.331079    18.922     -169.7      -60.5      -26.0      4.2      3.4      5.1 2022  1  1  2  2 56.520  0.00   8
   101955  40.499239 -124.331445    18.919     -200.7      -83.6      -28.8      4.7      3.7      4.4 2022  1  1  4 12 15.740  0.00   8
   101958  40.499398 -124.332975    18.924     -330.4      -66.0      -23.5      8.5      4.2      5.5 2022  1  1 13 49 11.080  0.00   8
   101965  40.499219 -124.331372    18.926     -194.5      -85.8      -22.3      4.6      3.7      4.3 2022  1  2  6 49  8.980  0.00   8
   101966  40.499544 -124.330680    18.963     -135.9      -49.7       15.7      3.5      2.2      2.8 2022  1  2  1 53 53.080  0.00   8
   101968  40.499337 -124.333382    18.943     -364.9      -72.7       -5.1      7.9      4.6      4.6 2022  1  2 16 10 44.740  0.00   8
   101969  40.498930 -124.333057    18.951     -337.3     -117.9        3.0      7.4      6.0      5.3 2022  1  2 16  2 56.640  0.00   8
   101979  40.499894 -124.329256    18.970      -15.2      -10.8       22.6      3.0      3.0      3.5 2022  1  6  4  7 28.080  0.00   8
   102007  40.498983 -124.333309    18.997     -358.7     -112.1       49.7      6.8      4.6      4.0 2022  1 27 21 16 13.540  0.00   8
   102014  40.500020 -124.329199    18.986      -10.3        3.2       38.0      4.0      3.5      4.0 2022  2  8  2  4 12.560  0.00   8
   102020  40.499902 -124.328996    18.988        6.9       -9.9       40.6      3.1      2.6      4.0 2022  2 17 23 16 42.540  0.00   8
   102021  40.499862 -124.329305    18.967      -19.3      -14.5       19.7      3.2      2.2      3.2 2022  2 18 15 33 38.900  0.00   8
   102023  40.500419 -124.328027    19.014       89.0       47.4       66.2      4.6      4.3      4.3 2022  2 19  2 24 48.480  0.00   8
   102028  40.500313 -124.328654    19.004       35.9       35.7       56.7      4.5      3.4      5.0 2022  2 24 10 41 46.260  0.00   8
   102030  40.499841 -124.329793    18.984      -60.7      -16.7       36.7      4.3      3.2      3.3 2022  2 25 16  6  5.320  0.00   8
   102034  40.500061 -124.328866    19.005       17.9        7.7       57.4      5.6      6.2      7.3 2022  3  5  7 24 47.280  0.00   8
   102035  40.499849 -124.329818    18.987      -62.8      -15.8       39.7      3.4      3.3      3.8 2022  3  6 14 41 27.160  0.00   8
   102037  40.499015 -124.321305    18.782      658.8     -108.4     -165.5      6.0      3.1      4.5 2022  3  8 15  5 38.280  0.00   8
   102041  40.499670 -124.329639    19.033      -47.6      -35.7       85.2      4.4      3.2      5.3 2022  3 11  3 55 17.340  0.00   8
   102047  40.499227 -124.330623    18.939     -131.1      -84.9       -8.4      7.9      5.8      6.1 2022  3 21 15 25 14.340  0.00   8
   102049  40.499805 -124.329313    18.978      -20.0      -20.8       29.8      4.8      4.5      4.7 2022  3 23 12 32  3.000  0.00   8
   102050  40.498783 -124.321460    18.810      645.7     -134.2     -137.3      9.5      2.3      6.4 2022  3 23 20  8 19.980  0.00   8
   102052  40.499927 -124.329582    18.995      -42.8       -7.2       46.8      3.7      3.2      3.8 2022  3 29 23 38  9.800  0.00   8
   102053  40.499955 -124.328906    18.988       14.5       -4.1       39.9      3.7      2.5      4.0 2022  3 30  8 35 44.720  0.00   8
   102054  40.500151 -124.329679    18.908      -51.0       17.6      -39.8      3.9      3.8      5.0 2022  4  2  3 33 15.280  0.00   8
   102055  40.499028 -124.321761    18.710      620.2     -107.1     -237.4      5.4      2.9      2.9 2022  4  7 11 10  9.600  0.00   8
   102057  40.499084 -124.330721    18.914     -139.3     -100.8      -33.4      7.7      4.7      5.1 2022  4  9 14 38 19.420  0.00   8
   102058  40.499585 -124.330200    18.946      -95.2      -45.2       -1.8      7.5      5.6      6.4 2022  4 10  8 30  7.000  0.00   8
   102059  40.500061 -124.328752    18.953       27.6        7.7        5.1      5.4      5.2      5.7 2022  4 11  4 53 23.600  0.00   8
   102060  40.500077 -124.329232    18.976      -13.1        9.5       28.4      3.6      2.6      3.2 2022  4 13  9 17 30.040  0.00   8
   102061  40.500004 -124.329093    19.011       -1.4        1.4       63.0      4.1      3.7      4.5 2022  4 13  9 32  6.260  0.00   8
   102065  40.499752 -124.332617    18.967     -300.1      -26.7       18.8      5.8      4.1      3.9 2022  4 15 14 22 29.140  0.00   8
   102069  40.498779 -124.321533    18.800      639.5     -134.6     -148.1     10.8      2.5      6.0 2022  4 18 12 12 46.380  0.00   8
   102081  40.499707 -124.328638    18.927       37.3      -31.6      -20.6      4.1      4.3      4.5 2022  5 11 10 37  1.000  0.00   8
   102089  40.499532 -124.329110    19.056       -2.8      -51.1      108.1      3.6      4.2      6.6 2022  5 20 16 20 39.280  0.00   8
   102091  40.498779 -124.321672    18.794      627.8     -134.6     -154.0     10.8      2.0      6.3 2022  5 26  3 24 29.520  0.00   8
   102106  40.500090 -124.329378    18.949      -25.5       10.8        1.3      3.6      2.8      3.5 2022  6 28  9 45 35.360  0.00   8
   102110  40.499723 -124.329590    19.042      -43.5      -29.8       94.6      3.1      2.7      5.0 2022  7  5  3 23  4.960  0.00   8
   102117  40.496151 -124.332218    18.534     -266.3     -426.5     -413.6      9.4      8.6      8.4 2022  7 25  4 29 34.600  0.00   8
   102120  40.500232 -124.329093    18.999       -1.4       26.7       51.0      3.4      2.9      4.0 2022  8  2 10 25  0.900  0.00   8
   102123  40.500094 -124.329191    18.962       -9.7       11.3       14.7      3.6      2.9      3.5 2022  8 13  6  7  5.240  0.00   8
   102126  40.500085 -124.329191    18.962       -9.7       10.4       13.9      3.6      2.8      3.5 2022  8 21 11 27 27.640  0.00   8
   102132  40.499719 -124.328695    18.928       32.4      -30.3      -20.0      5.7      6.1      7.2 2022  8 29 18 57 44.560  0.00   8
   102133  40.499703 -124.329134    19.024       -4.8      -32.1       76.6      4.2      3.4      5.7 2022  8 30  9 26 56.220  0.00   8
   102134  40.499333 -124.332910    18.994     -324.9      -73.2       46.2      7.6      5.1      3.7 2022  9 11 22  1 21.540  0.00   8
   102135  40.500134 -124.329020    18.974        4.8       15.8       26.0      3.5      2.9      3.1 2022  9 12  8 29 28.620  0.00   8
   102136  40.498840 -124.333382    19.001     -364.9     -127.9       53.2      6.4      4.8      5.0 2022  9 12  3 52 43.340  0.00   8
   102137  40.500090 -124.328971    18.989        9.0       10.8       41.7      3.7      2.9      3.4 2022  9 18  1 49 24.880  0.00   8
   102142  40.499353 -124.329354    19.020      -23.5      -70.9       72.7      4.0      4.2      5.3 2022 10  4  5 42 14.320  0.00   8
   102145  40.500875 -124.327889    18.971      100.7       98.0       23.5      5.7      5.1      4.2 2022 10  7  7 48  9.680  0.00   8
   102147  40.499540 -124.328963    19.065        9.7      -50.2      117.1      4.4      3.8      6.8 2022 10 11 18 50 44.380  0.00   8
   102148  40.501042 -124.327718    18.992      115.2      116.6       43.9      6.6      5.9      5.5 2022 10 13 13 50 24.820  0.00   8
   102154  40.500256 -124.328898    18.967       15.2       29.4       19.6      3.9      3.1      3.1 2022 11 12 14 35 34.340  0.00   8
   102155  40.500208 -124.328857    18.977       18.6       23.9       29.7      3.6      3.4      2.8 2022 11 14  8 51 17.180  0.00   8
   102157  40.499866 -124.329102    18.980       -2.1      -14.0       31.9      3.0      2.9      3.6 2022 11 15  9 35 43.080  0.00   8
   102159  40.499772 -124.331396    18.900     -196.6      -24.4      -47.9      9.1      7.1      7.7 2022 11 16  5 58 41.520  0.00   8
   102162  40.499699 -124.329378    18.968      -25.5      -32.5       20.3      3.8      3.0      2.5 2022 11 19 19 26 21.640  0.00   8
   102164  40.499984 -124.329134    18.976       -4.8       -0.9       28.5      3.3      2.8      3.4 2022 11 20  8 52 54.700  0.00   8
   102166  40.500639 -124.328044    19.020       87.6       71.8       71.8      6.9      6.2      5.3 2022 11 20 12 22 50.880  0.00   8
   102174  40.500024 -124.328890    18.986       15.9        3.6       37.8      3.6      3.5      3.9 2022 11 30  2  8  2.960  0.00   8
   110299  40.500118 -124.328923    18.944       13.1       14.0       -3.5      3.0      2.5      3.1 2023  2  9 16 51 34.400  0.90   8
