   100761  40.434224 -124.281177    27.267       -6.2       14.0       16.8    174.0    148.1    182.8 2020  3 19  0 21  8.520  0.00  58
   100762  40.433740 -124.280583    27.182       44.2      -39.8      -67.9    208.9    179.1    206.4 2020  5 26 11 54 20.560  0.00  58
   100770  40.434306 -124.281144    27.269       -3.5       23.0       19.0    186.4    155.0    149.4 2021 12 20 20 40 27.840  0.00  58
   100771  40.433988 -124.282284    27.302     -100.1      -12.2       51.7    300.8    346.2    226.5 2021 12 20 21 13 37.940  0.00  58
   100772  40.434505 -124.282861    27.285     -149.2       45.2       34.6    442.4    279.4    308.7 2021 12 20 21 49  2.160  0.00  58
   100775  40.434078 -124.281974    27.314      -73.9       -2.3       64.1    233.0    288.4    209.6 2021 12 20 21 41 38.040  0.00  58
   100783  40.433931 -124.280314    27.236       67.0      -18.5      -14.2    247.4    178.3    187.2 2021 12 21  1 55  6.020  0.00  58
   100784  40.433948 -124.279224    27.198      159.5      -16.7      -52.2    324.8    258.8    208.2 2021 12 21  9 44 18.020  0.00  58
   100786  40.434387 -124.281934    27.288      -70.4       32.1       38.1    251.8    179.7    173.4 2021 12 21 11 41 19.660  0.00  58
   100797  40.434473 -124.280452    27.249       55.2       41.6       -1.3    235.0    258.6    227.6 2021 12 21  2 14 36.240  0.00  58
   100798  40.433903 -124.278923    27.169      185.1      -21.7      -81.3    342.1    350.2    274.0 2021 12 21  6 23 58.200  0.00  58
   100800  40.433952 -124.278931    27.114      184.4      -16.3     -135.7    325.2    390.8    282.3 2021 12 22  8 41  9.420  0.00  58
   100805  40.433899 -124.281071    27.237        2.8      -22.1      -12.7    156.3    191.2    161.4 2021 12 25 22 32 13.020  0.00  58
   100813  40.434684 -124.282633    27.347     -129.8       65.1       96.8    264.8    277.1    270.7 2022  1  2 19 41 12.580  0.00  58
   100814  40.434294 -124.282007    27.295      -76.6       21.7       45.2    258.9    199.1    193.4 2022  1  3 19 57 17.080  0.00  58
   100815  40.434082 -124.281974    27.290      -73.9       -1.8       39.6    252.8    250.0    211.5 2022  1  6  4  5  9.040  0.00  58
   100818  40.433594 -124.279647    27.188      123.6      -56.0      -61.7    390.0    292.8    343.4 2022  1 17 14  7  8.520  0.00  58
   100819  40.433822 -124.279207    27.213      160.9      -30.7      -37.2    207.0    162.0    167.4 2022  2 18  6 57  8.340  0.00  58
   110291  40.434102 -124.281274    27.252      -14.5        0.5        1.5    169.0    159.3    148.2 2023  3  8 12 49 37.420  0.96  58
