   109853  40.466809 -124.351831    20.361      -16.6        0.9        1.5     21.6     17.4     20.2 2021 12  7 21 33 47.900  0.00   9
   109854  40.466809 -124.351831    20.362      -16.6        0.9        1.7     20.6     17.9     20.5 2021 12  7 21 45 53.560  0.00   9
   109855  40.466874 -124.351855    20.373      -18.6        8.1       12.5     21.8     18.4     21.1 2021 12  7 12 26 22.200  0.00   9
   109856  40.466805 -124.351831    20.362      -16.6        0.5        1.6     20.4     17.8     20.3 2021 12  7 22  4 32.880  0.00   9
   109857  40.466805 -124.351831    20.361      -16.6        0.5        1.4     20.3     17.5     20.4 2021 12  7 21 45 59.740  0.00   9
   109859  40.466903 -124.351782    20.371      -12.4       11.3       10.9     21.3     17.0     19.2 2021 12  7  9 58 27.360  0.00   9
   109860  40.466748 -124.351790    20.361      -13.1       -5.9        0.8     22.1     17.7     20.5 2021 12  7  9 46 54.320  0.00   9
   109861  40.466809 -124.351831    20.362      -16.6        0.9        1.8     21.2     19.1     20.5 2021 12  7 12 54  1.480  0.00   9
   109863  40.466882 -124.351807    20.367      -14.5        9.0        7.3     20.1     18.7     19.9 2021 12  7  9 39  7.720  0.00   9
   109864  40.466838 -124.351880    20.368      -20.7        4.1        7.9     23.6     19.8     21.7 2021 12  8  2 22  9.140  0.00   9
   109865  40.466882 -124.351807    20.368      -14.5        9.0        8.2     20.8     18.5     20.1 2021 12  8  4 40 20.140  0.00   9
   109866  40.466809 -124.351831    20.362      -16.6        0.9        1.8     21.5     19.0     20.4 2021 12  8  7 30 43.740  0.00   9
   109868  40.466809 -124.351831    20.362      -16.6        0.9        1.9     22.5     19.3     21.8 2021 12 17  8 58 33.980  0.00   9
   109872  40.466667 -124.351750    20.352       -9.7      -14.9       -7.8     23.6     17.6     19.3 2021 12 22 13  9 47.400  0.00   9
   109873  40.466833 -124.351978    20.373      -29.0        3.6       13.3     23.9     18.8     21.1 2021 12 22 13  8 35.400  0.00   9
   109878  40.466781 -124.352010    20.366      -31.7       -2.3        6.0     27.0     20.6     20.1 2021 12 23 17 36 59.880  0.00   9
   109879  40.466923 -124.351839    20.367      -17.3       13.6        6.6     28.9     22.5     27.8 2021 12 31 21 13 47.340  0.00   9
   109880  40.466801 -124.351831    20.362      -16.6        0.0        2.2     22.1     18.2     21.9 2021 12 31 23 22 15.200  0.00   9
   109881  40.466744 -124.352173    20.372      -45.6       -6.3       11.5     32.7     23.9     25.4 2021 12 31 21  1  5.380  0.00   9
   109882  40.466618 -124.352051    20.355      -35.2      -20.3       -4.5     35.6     30.9     20.4 2021 12 31 22 59 29.260  0.00   9
   109884  40.466768 -124.351888    20.355      -21.4       -3.6       -5.0     25.3     20.3     18.3 2021 12 31 21 41 34.540  0.00   9
   109885  40.466772 -124.351774    20.360      -11.7       -3.2        0.0     19.8     15.5     19.9 2021 12 31 23 22 35.980  0.00   9
   109886  40.466614 -124.352002    20.353      -31.1      -20.8       -7.5     34.2     25.1     18.4 2021 12 31 21 36 52.160  0.00   9
   109887  40.467029 -124.351611    20.343        2.1       25.3      -17.1     35.5     27.3     29.4 2021 12 31 21 24 31.900  0.00   9
   109889  40.466951 -124.351733    20.373       -8.3       16.7       13.5     21.8     17.5     19.7 2021 12 31 22 23  2.420  0.00   9
   109890  40.467061 -124.351310    20.342       27.6       28.9      -17.6     38.8     29.8     18.4 2021 12 31 21 28 44.320  0.00   9
   109892  40.467192 -124.351595    20.340        3.5       43.4      -20.5     45.6     40.1     29.7 2021 12 31 20 59  5.800  0.00   9
   109893  40.466931 -124.351367    20.374       22.8       14.5       14.0     31.8     23.0     32.8 2021 12 31 22 28 36.400  0.00   9
   109894  40.466903 -124.351546    20.379        7.6       11.3       19.0     26.8     21.9     35.1 2021 12 31 21 34  9.240  0.00   9
   109897  40.466671 -124.351424    20.354       17.9      -14.5       -5.6     29.7     25.0     37.4 2021 12 31 21 22  1.660  0.00   9
   109899  40.466500 -124.351392    20.341       20.7      -33.4      -19.3     38.2     30.5     41.8 2021 12 31 21 26 44.180  0.00   9
   109900  40.466663 -124.351644    20.362       -0.7      -15.4        1.8     38.0     30.9     38.5 2021 12 31 21 29 28.380  0.00   9
   109901  40.466524 -124.351326    20.343       26.2      -30.7      -16.8     40.2     32.5     45.0 2021 12 31 23 16 10.100  0.00   9
   109902  40.466720 -124.351774    20.356      -11.7       -9.0       -4.5     22.2     18.7     17.4 2022  1  1  1 11 56.420  0.00   9
   109903  40.466695 -124.351774    20.351      -11.7      -11.7       -9.0     23.6     20.1     17.2 2022  1  1  3  7 56.580  0.00   9
   109904  40.466667 -124.351774    20.351      -11.7      -14.9       -9.4     25.3     24.0     16.7 2022  1  1  3 40 35.120  0.00   9
   109905  40.466703 -124.351766    20.354      -11.0      -10.8       -5.5     23.1     17.9     19.2 2022  1  1 14 50 36.380  0.00   9
   109906  40.466838 -124.351880    20.368      -20.7        4.1        7.9     23.8     20.1     21.9 2022  1  1  3 50 22.380  0.00   9
   109908  40.466915 -124.351929    20.372      -24.8       12.7       11.6     20.9     16.9     19.9 2022  1  1  4 33 10.400  0.00   9
   109909  40.466821 -124.351937    20.368      -25.5        2.3        8.1     22.9     17.6     20.3 2022  1  1  1 24 30.840  0.00   9
   109910  40.466752 -124.351807    20.360      -14.5       -5.4        0.3     21.5     19.3     21.6 2022  1  1  9 34  2.580  0.00   9
   109912  40.466683 -124.351847    20.348      -17.9      -13.1      -11.9     26.8     20.9     17.9 2022  1  1  3 46 23.700  0.00   9
   109913  40.466756 -124.351986    20.373      -29.7       -5.0       12.5     29.5     24.8     23.8 2022  1  1 22 49 28.940  0.00   9
   109914  40.466781 -124.352026    20.368      -33.1       -2.3        8.0     26.6     22.0     19.9 2022  1  1  6 56 49.280  0.00   9
   109915  40.466854 -124.351904    20.379      -22.8        5.9       18.8     22.3     16.5     26.7 2022  1  1  7 51 46.140  0.00   9
   109920  40.466687 -124.351351    20.343       24.2      -12.7      -17.4     23.8     22.5     27.5 2022  1  1  8 39 32.480  0.00   9
   109921  40.466797 -124.351473    20.363       13.8       -0.5        3.0     29.4     26.3     34.5 2022  1  1  6 58 33.460  0.00   9
   109922  40.466899 -124.351693    20.350       -4.8       10.8       -9.8     21.5     16.8     17.0 2022  1  2  0 19 40.280  0.00   9
   109923  40.466809 -124.351831    20.361      -16.6        0.9        1.4     23.2     17.8     20.8 2022  1  2  7  8 33.280  0.00   9
   109927  40.466781 -124.351709    20.355       -6.2       -2.3       -5.0     24.7     16.2     17.1 2022  1  2  8 17 45.540  0.00   9
   109929  40.466907 -124.351497    20.330       11.7       11.7      -29.8     49.1     40.1     46.8 2022  1  2  5  0 24.040  0.00   9
   109930  40.466284 -124.351579    20.334        4.8      -57.4      -25.8     51.2     40.2     45.6 2022  1  2  5 38  1.540  0.00   9
   109931  40.466325 -124.351392    20.334       20.7      -52.9      -26.4     44.7     36.1     44.6 2022  1  2  5  2 12.340  0.00   9
   109932  40.466321 -124.351416    20.326       18.6      -53.3      -33.5     46.7     36.1     44.1 2022  1  2  3 23  3.540  0.00   9
   109933  40.466166 -124.351400    20.324       20.0      -70.5      -36.4     51.9     41.5     47.8 2022  1  2  5  1  2.520  0.00   9
   109935  40.466850 -124.351831    20.364      -16.6        5.4        4.2     20.4     17.4     20.8 2022  1  5 18 56  2.500  0.00   9
   109936  40.466809 -124.351831    20.362      -16.6        0.9        1.7     22.2     19.0     21.6 2022  1  5 19  1 24.180  0.00   9
   109938  40.466777 -124.352018    20.368      -32.4       -2.7        8.0     26.8     22.8     20.1 2022  1  5 21 32  2.160  0.00   9
   109939  40.466854 -124.351823    20.363      -15.9        5.9        3.5     20.4     18.3     21.0 2022  1  6  0 11 27.980  0.00   9
   109940  40.466817 -124.351969    20.373      -28.3        1.8       13.1     26.7     19.7     22.0 2022  1  7 20  6 20.120  0.00   9
   109943  40.467090 -124.351318    20.344       26.9       32.1      -15.5     41.3     33.7     20.8 2022  1 11  1 26 21.100  0.00   9
   109945  40.466813 -124.351522    20.354        9.7        1.4       -5.9     23.2     20.4     24.3 2022  1 15 18  5 10.660  0.00   9
   109947  40.466431 -124.347607    20.323      341.6      -41.1      -36.8    103.6     59.1     70.7 2022  1 17 14 27 17.180  0.00   9
   109951  40.466801 -124.351750    20.358       -9.7        0.0       -1.8     19.1     15.5     19.7 2022  1 27 20 10 53.880  0.00   9
   109952  40.466671 -124.351766    20.350      -11.0      -14.5       -9.7     24.4     19.7     18.4 2022  1 27 22 44  4.980  0.00   9
   109953  40.466870 -124.352026    20.371      -33.1        7.7       11.4     27.6     19.6     25.4 2022  1 27 22 52 11.360  0.00   9
   109954  40.466923 -124.351676    20.358       -3.5       13.6       -2.2     24.6     20.3     18.7 2022  1 27 17 34 18.060  0.00   9
   109955  40.466789 -124.351969    20.369      -28.3       -1.4        8.7     25.9     19.3     21.6 2022  1 27 21 47 50.600  0.00   9
   109956  40.466842 -124.351807    20.351      -14.5        4.5       -9.4     21.8     16.0     16.8 2022  1 27 22 16 34.500  0.00   9
   109957  40.466805 -124.351831    20.362      -16.6        0.5        1.7     20.1     17.9     20.4 2022  1 27 23  0 31.100  0.00   9
   109958  40.466809 -124.351709    20.354       -6.2        0.9       -5.6     18.7     14.1     17.9 2022  1 27 21 32 52.980  0.00   9
   109960  40.466768 -124.352043    20.368      -34.5       -3.6        8.3     29.6     21.7     22.4 2022  1 27 22  9  2.920  0.00   9
   109961  40.466960 -124.351921    20.372      -24.2       17.6       11.8     28.2     21.7     25.3 2022  1 27 18 33 32.900  0.00   9
   109962  40.466895 -124.351978    20.375      -29.0       10.4       15.3     26.8     19.8     25.4 2022  1 27 22  8  2.040  0.00   9
   109963  40.466715 -124.351750    20.358       -9.7       -9.5       -1.8     20.3     16.7     21.1 2022  1 27 23 14 21.180  0.00   9
   109964  40.466850 -124.351896    20.373      -22.1        5.4       13.4     17.5     15.2     22.2 2022  1 27 22 20 13.740  0.00   9
   109965  40.466805 -124.351831    20.361      -16.6        0.5        1.4     20.2     17.4     20.6 2022  1 27 22 12 45.840  0.00   9
   109983  40.466748 -124.351986    20.366      -29.7       -5.9        5.6     28.7     23.9     21.2 2022  1 28  0 34 32.560  0.00   9
   109984  40.466711 -124.352043    20.369      -34.5       -9.9        9.1     32.2     28.5     25.5 2022  1 28  3 12  7.440  0.00   9
   109985  40.466870 -124.351864    20.358      -19.3        7.7       -1.8     21.2     16.7     17.1 2022  1 28  0 44 42.720  0.00   9
   109988  40.466740 -124.352043    20.368      -34.5       -6.8        8.2     30.1     26.3     23.3 2022  1 28  0 27 15.380  0.00   9
   109995  40.466829 -124.351636    20.356        0.0        3.2       -3.8     23.6     18.5     19.0 2022  1 28  4 41 54.380  0.00   9
   109997  40.466768 -124.352035    20.371      -33.8       -3.6       11.1     25.8     25.8     23.7 2022  1 28  1 21 59.360  0.00   9
   110019  40.466825 -124.351766    20.368      -11.0        2.7        8.1     20.6     16.6     23.5 2022  2 14  4 28  7.640  0.00   9
   110023  40.467053 -124.351611    20.357        2.1       28.0       -2.8     31.6     25.4     25.3 2022  2 23  9 20  4.900  0.00   9
   110025  40.466850 -124.351774    20.370      -11.7        5.4        9.9     21.7     16.9     20.3 2022  2 27 18 36 21.460  0.00   9
   110027  40.467135 -124.351318    20.352       26.9       37.1       -8.0     43.5     33.9     34.4 2022  3  1  7 32 41.360  0.00   9
   110030  40.467265 -124.351131    20.351       42.8       51.5       -9.3     50.5     40.7     27.2 2022  3 12  3  5 59.020  0.00   9
   110037  40.466890 -124.351709    20.375       -6.2        9.9       14.6     26.3     22.5     31.8 2022  4 15  4  5 28.260  0.00   9
   110041  40.466825 -124.351701    20.366       -5.5        2.7        5.6     21.0     18.3     23.9 2022  4 23 19 30 21.100  0.00   9
   110043  40.466842 -124.351693    20.370       -4.8        4.5        9.8     18.2     14.9     25.6 2022  5 10 21 12 24.720  0.00   9
   110044  40.466838 -124.351440    20.365       16.6        4.1        4.6     26.3     20.4     30.2 2022  5 14 20 49  1.740  0.00   9
   110045  40.467021 -124.351562    20.349        6.2       24.4      -11.5     35.1     27.0     29.3 2022  5 17  9 54 28.320  0.00   9
   110046  40.466785 -124.352026    20.373      -33.1       -1.8       13.3     28.7     24.7     24.0 2022  5 19  9 26 51.460  0.00   9
   110049  40.467065 -124.351253    20.339       32.4       29.4      -20.9     41.0     32.4     22.3 2022  5 25  3 19  0.820  0.00   9
   110063  40.467147 -124.351318    20.344       26.9       38.4      -16.4     43.2     33.9     29.2 2022  6 27 22 32  8.600  0.00   9
   110065  40.466882 -124.351774    20.371      -11.7        9.0       11.3     22.5     17.0     19.8 2022  6 29  5 19 51.560  0.00   9
   110067  40.466850 -124.351489    20.366       12.4        5.4        6.5     28.4     18.5     22.8 2022  6 29  4  5 54.560  0.00   9
   110069  40.467061 -124.351554    20.356        6.9       28.9       -3.8     35.9     29.1     18.8 2022  7  7  0 41 12.360  0.00   9
   110072  40.467126 -124.351107    20.334       44.9       36.1      -26.3     46.8     36.3     32.6 2022  7 21 12 44 21.120  0.00   9
   110073  40.467155 -124.351335    20.346       25.5       39.3      -14.0     42.6     33.3     29.5 2022  7 21 16 18 58.860  0.00   9
   110082  40.466671 -124.352075    20.364      -37.3      -14.5        4.2     34.4     29.0     25.7 2022 10 11  8 11 57.980  0.00   9
   110085  40.466809 -124.351506    20.356       11.0        0.9       -3.7     20.3     17.3     21.7 2022 10 18 11  2 57.480  0.00   9
   110719  40.466768 -124.351847    20.361      -17.9       -3.6        0.9     17.8     14.4     19.1 2022 12 20 14 12 46.630  1.30   9
