   108277  40.351184 -124.441455    23.915       -4.8       10.4        5.0    293.2    415.0    303.4 2020  4  4 18 49  5.200  0.00  48
   108278  40.350895 -124.441260    23.901       11.8      -21.7       -8.8    326.5    469.9    432.6 2020  4 26 15 58  8.820  0.00  48
   108285  40.350741 -124.441292    23.896        9.0      -38.9      -14.2    375.5    545.6    467.4 2020 12  3 22 40 43.620  0.00  48
   108286  40.350781 -124.441260    23.897       11.8      -34.3      -13.3    326.9    471.7    418.3 2021  3  7  5  2 46.960  0.00  48
   108287  40.350859 -124.441309    23.902        7.6      -25.8       -8.0    284.3    444.9    371.0 2021  3 20 23 16 13.640  0.00  48
   108291  40.350761 -124.441260    23.901       11.8      -36.6       -9.4    329.9    526.9    471.3 2021 10 30  8 35 33.380  0.00  48
   108292  40.351017 -124.441366    23.909        2.8       -8.1       -1.5    222.3    369.4    287.5 2021 11 23  8 36 50.640  0.00  48
   108294  40.350505 -124.441211    23.896       15.9      -65.1      -14.2    404.1    716.5    577.8 2021 11 24 17  1 30.540  0.00  48
   108296  40.351107 -124.441366    23.910        2.8        1.8        0.4    264.2    400.2    285.5 2021 11 26 13 39 40.880  0.00  48
   108298  40.350500 -124.441056    23.895       29.0      -65.5      -15.1    461.3    710.9    670.1 2021 11 30 11 29  7.980  0.00  48
   108300  40.351921 -124.441569    23.956      -14.5       92.2       45.7    469.6    764.8    516.7 2021 12 20 20 51 25.720  0.00  48
   108306  40.351973 -124.441903    23.973      -42.9       98.0       62.8    558.5    752.6    540.7 2021 12 21 11 23 53.660  0.00  48
   108307  40.351062 -124.441390    23.908        0.7       -3.2       -1.7    194.5    332.8    235.2 2021 12 24 16 55 56.640  0.00  48
   108309  40.351139 -124.441382    23.913        1.4        5.4        2.5    225.0    371.9    278.9 2022  1  3 21 39 26.840  0.00  48
   108310  40.351074 -124.441349    23.911        4.1       -1.8        1.1    264.1    374.1    302.1 2022  1  7 23 16 41.000  0.00  48
   108311  40.351160 -124.441423    23.914       -2.1        7.7        3.7    271.6    419.0    303.0 2022  1 17  6  4 37.860  0.00  48
   108313  40.351107 -124.441414    23.911       -1.4        1.8        0.8    227.8    367.6    266.1 2022  2  1  3 38 46.820  0.00  48
   108314  40.351058 -124.441423    23.909       -2.1       -3.6       -1.1    267.9    420.2    274.5 2022  2 12 15 14 50.440  0.00  48
   108315  40.351123 -124.441390    23.911        0.7        3.6        1.2    234.8    381.1    272.9 2022  3 14 17 54 18.940  0.00  48
   108318  40.351217 -124.441366    23.915        2.8       14.0        4.6    177.0    404.6    274.2 2022  3 25 11 39  6.360  0.00  48
   108320  40.350842 -124.441227    23.898       14.5      -27.6      -12.4    349.1    502.7    452.3 2022  5 24  3 56 56.760  0.00  48
   108321  40.351127 -124.441398    23.911        0.0        4.1        1.4    251.5    400.8    282.7 2022  6  2 23 18  2.840  0.00  48
   108324  40.351111 -124.441382    23.912        1.4        2.3        1.7    264.1    412.6    301.4 2022  9  1 16 10 18.720  0.00  48
   108325  40.350651 -124.441195    23.899       17.3      -48.8      -11.0    365.6    600.5    537.9 2022 10 16 16 42 42.900  0.00  48
   110491  40.351147 -124.441431    23.910       -2.8        6.3       -0.3    231.6    370.2    315.8 2023  4  1 22 38 24.960  0.87  48
