   109195  40.311230 -124.360669    31.914       74.7      -13.1      -66.2      9.2     10.5      8.4 2021  7 18  7  5 50.060  0.00   6
   109199  40.311605 -124.359806    31.937      148.0       28.5      -43.0      9.7     13.3      9.3 2021  7 19  4 10  9.600  0.00   6
   109204  40.307231 -124.358911    31.805      224.1     -457.2     -175.2      9.9     12.3      7.3 2021  7 22 10 36 45.760  0.00   6
   109205  40.309574 -124.362174    31.873      -53.3     -197.0     -106.7      8.9     13.7      9.5 2021  7 23 20  9 55.580  0.00   6
   109207  40.313066 -124.361776    31.966      -19.4      190.7      -14.5     12.2     15.0     10.8 2021  7 24  1 50  3.500  0.00   6
   109208  40.309338 -124.361165    31.874       32.5     -223.2     -105.8     12.4     10.1     12.3 2021  7 24  8 41 49.560  0.00   6
   109209  40.310075 -124.362476    31.856      -78.9     -141.4     -124.2     11.2     11.5     10.5 2021  7 24  8 38 42.000  0.00   6
   109210  40.308504 -124.362174    31.902      -53.3     -315.8      -78.1      9.7     12.2      8.9 2021  7 24 19  2  5.180  0.00   6
   109212  40.310014 -124.362565    31.849      -86.5     -148.2     -131.1     11.1     11.0     10.7 2021  7 25 23 20 57.380  0.00   6
   109213  40.308464 -124.362313    31.888      -65.0     -320.3      -92.2      9.5     13.2      9.1 2021  7 25 20  5 30.660  0.00   6
   109214  40.313102 -124.360539    31.966       85.8      194.7      -13.7      7.6     13.4      7.4 2021  7 25 18 49 10.460  0.00   6
   109215  40.309314 -124.362134    31.863      -49.8     -225.9     -116.7     10.9     14.2     10.1 2021  7 25 23 43 27.000  0.00   6
   109216  40.308280 -124.361458    31.905        7.6     -340.7      -74.5      9.3     13.2      9.0 2021  7 25 21 37 43.460  0.00   6
   109217  40.309277 -124.358577    31.974      252.5     -230.0       -6.3     12.1     14.7     12.3 2021  7 25  7 24 13.180  0.00   6
   109219  40.315202 -124.361174    31.977       31.8      427.9       -3.4      9.2     14.9      9.0 2021  7 26  6 50 22.360  0.00   6
   109220  40.312561 -124.360848    31.970       59.5      134.6      -10.5      8.2     12.1      8.1 2021  7 26 19 27 24.380  0.00   6
   109222  40.307979 -124.361702    31.892      -13.1     -374.1      -87.7      8.8     13.0      9.2 2021  7 26 23 34 14.520  0.00   6
   109223  40.310636 -124.362476    31.859      -78.9      -79.1     -120.7     11.0     14.1     10.2 2021  7 26  5 35 10.060  0.00   6
   109225  40.308321 -124.362378    31.878      -70.6     -336.2     -101.8     10.4     11.4      9.9 2021  7 27 10 37 25.060  0.00   6
   109226  40.309452 -124.362020    31.872      -40.1     -210.6     -107.8     10.4     14.6      9.6 2021  7 28 19 32 15.660  0.00   6
   109227  40.310099 -124.362012    31.861      -39.4     -138.7     -119.1     11.2     15.5      9.9 2021  7 28  2 37 56.380  0.00   6
   109228  40.310250 -124.361727    31.884      -15.2     -122.0      -96.0      9.6     14.3      9.2 2021  7 28  5 27 46.940  0.00   6
   109229  40.307821 -124.359847    31.999      144.6     -391.7       18.6     15.2     12.9     11.8 2021  7 28  9 12 47.980  0.00   6
   109233  40.308647 -124.362248    31.902      -59.5     -300.0      -78.0     10.2     11.6      9.3 2021  7 29 18 39 28.720  0.00   6
   109235  40.309330 -124.362703    31.857      -98.2     -224.1     -122.9      9.7     14.8     10.6 2021  7 30 14 58 42.900  0.00   6
   109236  40.306710 -124.358179    31.795      286.4     -515.1     -185.1     14.3     14.1      8.1 2021  7 30  3 30 35.380  0.00   6
   109239  40.308748 -124.362272    31.876      -61.6     -288.7     -104.4     10.1     14.2      9.8 2021  7 31 13 40 23.960  0.00   6
   109240  40.308626 -124.362272    31.858      -61.6     -302.3     -122.0     10.3     13.7     10.4 2021  7 31 11 13 30.740  0.00   6
   109241  40.308854 -124.361987    31.902      -37.4     -277.0      -77.8      8.8     14.1      8.8 2021  7 31  1 51 16.840  0.00   6
   109242  40.309200 -124.362329    31.830      -66.4     -238.6     -149.6     11.2     13.7     11.6 2021  7 31  4 20 10.140  0.00   6
   109244  40.307133 -124.358765    31.790      236.6     -468.1     -190.3     10.3     11.7      7.5 2021  7 31 11  7 51.120  0.00   6
   109245  40.314897 -124.361336    31.978       18.0      394.0       -1.8      7.5     14.1      8.6 2021  8  1 16 55 20.720  0.00   6
   109248  40.307878 -124.361174    31.945       31.8     -385.4      -35.4     10.4     13.9     10.2 2021  8  1 21 26 30.980  0.00   6
   109249  40.307446 -124.360913    31.976       54.0     -433.3       -4.1     11.4     13.1     11.1 2021  8  1 21 31 37.400  0.00   6
   109251  40.303385 -124.360116    32.138      121.8     -884.2      158.4     15.8     26.2     13.6 2021  8  1 16 34 12.980  0.00   6
   109252  40.313147 -124.360840    31.984       60.2      199.7        4.5      7.5     12.9      7.5 2021  8  2  7 50 25.840  0.00   6
   109253  40.308964 -124.362288    31.856      -63.0     -264.8     -124.4     10.5     10.4     10.5 2021  8  2  6 34 21.080  0.00   6
   109255  40.305945 -124.363257    31.853     -145.3     -600.0     -126.6     15.4     25.9     12.1 2021  8  2 11 41 32.420  0.00   6
   109256  40.308993 -124.362134    31.858      -49.8     -261.6     -121.8     10.9     14.6     10.0 2021  8  3  2 40 18.780  0.00   6
   109257  40.308956 -124.362142    31.860      -50.5     -265.7     -120.2     11.0     14.7     10.0 2021  8  4 21 11 43.080  0.00   6
   109258  40.308964 -124.362549    31.872      -85.1     -264.8     -108.1     11.4     11.4     10.7 2021  8  5  9 30 12.540  0.00   6
   109259  40.309631 -124.361995    31.902      -38.0     -190.7      -77.8     10.6     15.4      8.8 2021  8  6 20 58 36.520  0.00   6
   109262  40.303776 -124.359660    32.019      160.5     -840.8       38.8     22.2     24.4     19.3 2021  8  7 14  6 37.400  0.00   6
   109263  40.308997 -124.362492    31.872      -80.2     -261.2     -107.6     12.2     11.3     10.7 2021  8  9 12 31 31.560  0.00   6
   109264  40.313053 -124.360718    31.966       70.6      189.3      -14.2      7.9     12.8      8.4 2021  8 10  2  3 25.460  0.00   6
   109265  40.302006 -124.359937    32.122      137.0    -1037.4      142.2     17.0     34.5     14.4 2021  8 10 15 41 38.320  0.00   6
   109266  40.307849 -124.354687    31.477      583.2     -388.6     -502.7      9.0     10.5      8.0 2021  8 12  8  3 17.040  0.00   6
   109267  40.309135 -124.362655    31.877      -94.1     -245.8     -102.5     10.2     12.5     10.0 2021  8 13 23 40  3.920  0.00   6
   109268  40.308744 -124.355176    31.550      541.7     -289.2     -430.4     11.1     18.3     11.2 2021  8 13  4 11 20.940  0.00   6
   109269  40.300854 -124.360311    32.108      105.2    -1165.3      128.2     18.2     45.4     15.6 2021  8 13 22 41  3.240  0.00   6
   109270  40.307890 -124.361662    31.917       -9.7     -384.1      -62.6      8.9     14.6     10.0 2021  8 14  6 12 10.780  0.00   6
   109273  40.308976 -124.362329    31.896      -66.4     -263.4      -84.5     10.2     11.4      9.5 2021  8 19 23 33 20.840  0.00   6
   109274  40.308936 -124.361865    31.879      -27.0     -267.9     -100.8     12.3     14.4     11.2 2021  8 19 18 58  1.140  0.00   6
   109277  40.305562 -124.360791    32.051       64.3     -642.5       71.1     14.2     14.8     13.0 2021  8 19 11 58 38.360  0.00   6
   109278  40.309855 -124.362964    31.853     -120.4     -165.8     -127.1     10.9     14.4     10.6 2021  8 19 14  8 21.200  0.00   6
   109279  40.308736 -124.355208    31.342      538.9     -290.1     -637.7     13.2     15.3     13.3 2021  8 20 18  1 37.320  0.00   6
   109280  40.314486 -124.361320    31.980       19.4      348.4        0.5      7.8     13.6      8.4 2021  8 22 13 44 25.420  0.00   6
   109281  40.313407 -124.361011    31.963       45.7      228.6      -16.7     10.2     11.9      9.2 2021  8 22 16 20 25.140  0.00   6
   109282  40.314457 -124.361410    31.975       11.8      345.2       -4.9      7.4     13.5      8.4 2021  8 22 13 45 21.680  0.00   6
   109284  40.307768 -124.360685    31.940       73.3     -397.6      -40.1     12.4     12.7     10.6 2021  8 23 22 44 22.940  0.00   6
   109285  40.307385 -124.359928    31.986      137.7     -440.1        6.4     15.7     15.8     13.5 2021  8 23  0  0  5.780  0.00   6
   109286  40.305929 -124.361287    31.958       22.1     -601.8      -21.9     11.7     19.6     11.6 2021  8 24  4 45 53.600  0.00   6
   109288  40.306726 -124.360148    32.000      119.0     -513.3       19.6     15.3     15.9     12.8 2021  8 24  4 47 42.220  0.00   6
   109289  40.306197 -124.359806    32.031      148.0     -572.0       50.6     17.4     17.0     14.4 2021  8 24 11  5 24.380  0.00   6
   109290  40.308468 -124.362044    31.854      -42.2     -319.9     -126.1      9.0     11.8     10.1 2021  8 25  8 42 30.260  0.00   6
   109292  40.307267 -124.361995    31.913      -38.0     -453.2      -67.5     10.5     16.1      9.7 2021  8 25 19 39 13.980  0.00   6
   109293  40.301624 -124.360059    32.111      126.6    -1079.9      130.9     12.6     17.3     11.4 2021  8 27 23 45 32.860  0.00   6
   109295  40.305534 -124.360132    32.057      120.4     -645.7       77.0     18.1     19.6     14.5 2021  8 29 21  2 20.980  0.00   6
   109296  40.307524 -124.359928    31.987      137.7     -424.7        7.1     15.8     15.7     13.7 2021  8 30 16 40 16.680  0.00   6
   109298  40.308480 -124.361898    31.843      -29.7     -318.5     -137.0     11.1     13.9      9.8 2021  8 31  1 34  0.660  0.00   6
   109304  40.309656 -124.362630    31.862      -92.0     -188.0     -118.3     11.5     15.1      9.8 2021  9  1  0 12 29.580  0.00   6
   109306  40.309172 -124.362793    31.848     -105.8     -241.7     -132.4     11.2     14.3     10.5 2021  9  2  0 39  8.880  0.00   6
   109307  40.309375 -124.362581    31.842      -87.9     -219.1     -138.2     10.7     13.8     10.6 2021  9  2  0 38 45.800  0.00   6
   109312  40.310177 -124.362866    31.837     -112.1     -130.1     -142.6     10.0     15.8     10.9 2021  9  3 10 57 31.420  0.00   6
   109313  40.305896 -124.360677    32.037       74.0     -605.4       57.3     15.4     13.6     13.4 2021  9  3 22 18 39.160  0.00   6
   109314  40.308557 -124.361523    31.895        2.1     -310.0      -85.4      9.5     11.9     10.3 2021  9  4 14 15 57.920  0.00   6
   109315  40.309049 -124.362769    31.856     -103.8     -255.3     -123.8      7.4     14.2     10.1 2021  9  4  0 16 15.820  0.00   6
   109316  40.307113 -124.362248    31.877      -59.5     -470.4     -102.9     12.7     16.0     10.9 2021  9  4 23 44 57.640  0.00   6
   109317  40.310079 -124.363330    31.838     -151.5     -141.0     -142.4     13.7     10.8     12.4 2021  9  5 22 52 47.740  0.00   6
   109318  40.310909 -124.360563    31.942       83.7      -48.8      -38.2     10.4      9.6      8.5 2021  9  5 23 22  8.420  0.00   6
   109319  40.306124 -124.361410    31.947       11.8     -580.1      -33.5     13.2     21.6     12.2 2021  9  5  0 35 11.340  0.00   6
   109322  40.303475 -124.361694    32.045      -12.5     -874.3       65.0     15.0     35.2     14.9 2021  9  6  5 29 11.320  0.00   6
   109326  40.313493 -124.362891    31.909     -114.1      238.1      -70.6     26.2     22.2     20.0 2021  9  9 21 58  1.820  0.00   6
   109327  40.308394 -124.362134    31.904      -49.8     -328.0      -76.1      9.8     13.5      8.6 2021  9  9 22 18 30.260  0.00   6
   109328  40.313175 -124.362663    31.627      -94.8      202.9     -352.5     15.0     10.7     15.0 2021  9 10 17  6 37.240  0.00   6
   109329  40.314893 -124.364258    31.835     -230.4      393.5     -144.7     15.6     19.0      6.8 2021  9 10 10 24 24.200  0.00   6
   109331  40.303194 -124.361336    32.009       18.0     -905.5       28.7     22.8     49.8     20.3 2021  9 13  4 48 24.520  0.00   6
   109332  40.312581 -124.362663    31.653      -94.8      136.9     -327.2     14.9     10.9     14.6 2021  9 15 19 57 59.300  0.00   6
   109335  40.311104 -124.364941    31.806     -288.5      -27.1     -173.9     14.8     13.4     14.6 2021  9 15  6 37 38.020  0.00   6
   109336  40.308695 -124.357235    31.432      366.6     -294.6     -548.2     11.5      8.8     10.8 2021  9 16  8 37  4.980  0.00   6
   109337  40.304549 -124.360571    32.000       83.0     -755.0       19.6     15.5     24.4     14.5 2021  9 17  6 36  5.720  0.00   6
   109338  40.304114 -124.362508    31.950      -81.6     -803.3      -30.1     27.7     50.8     22.9 2021  9 17 22 27 21.360  0.00   6
   109339  40.302295 -124.361369    32.044       15.2    -1005.3       63.7     18.7     44.0     16.7 2021  9 17  9  1 58.700  0.00   6
   109340  40.304834 -124.361084    31.988       39.4     -723.4        7.8     14.6     24.3     14.0 2021  9 19  6  5 38.020  0.00   6
   109341  40.307288 -124.362419    31.933      -74.0     -450.9      -47.1      9.1     12.3     10.7 2021  9 19  3  8 27.520  0.00   6
   109342  40.312199 -124.362508    31.610      -81.6       94.4     -369.7     18.2      9.5     15.0 2021  9 22  0  8 23.380  0.00   6
   109343  40.308891 -124.356535    31.488      426.1     -272.9     -491.9      8.8     12.9      8.2 2021  9 22  0  2 55.800  0.00   6
   109347  40.311641 -124.360189    31.945      115.5       32.5      -35.1     10.4     13.4      9.3 2021  9 25  0 37 22.520  0.00   6
   109348  40.309692 -124.357414    31.505      351.4     -183.9     -475.4      8.3     12.5      9.9 2021  9 26  6 20 37.900  0.00   6
   109349  40.303943 -124.361344    32.015       17.3     -822.3       34.7     14.4     33.2     14.4 2021  9 27  4 44 39.340  0.00   6
   109354  40.312756 -124.360677    31.986       74.0      156.3        5.9      8.4     14.5      6.7 2021 10 25  1  3 32.840  0.00   6
   109355  40.306604 -124.360384    32.004       98.9     -526.8       24.1     16.3     14.7     13.8 2021 10 26  6  8 31.580  0.00   6
   109356  40.314347 -124.361621    31.974       -6.2      333.0       -5.6      7.5     13.6      9.0 2021 11 22  4 17 27.920  0.00   6
   109357  40.304887 -124.360970    32.009       49.1     -717.5       29.5     13.0     18.0     13.0 2021 12 23  9  2 20.220  0.00   6
   109358  40.309062 -124.357552    31.483      339.7     -253.9     -496.8      8.4     10.9      9.2 2021 12 23 18 55 52.360  0.00   6
   109359  40.308370 -124.356877    31.474      397.1     -330.7     -506.1      6.8     12.4      7.4 2021 12 23  8 27 56.380  0.00   6
   109360  40.310319 -124.356478    31.559      431.0     -114.3     -420.6     11.1      9.2     10.4 2021 12 23 11 24 40.520  0.00   6
   109361  40.303235 -124.361418    32.047       11.1     -900.9       66.8     13.9     35.8     14.1 2021 12 23 12 16 31.140  0.00   6
   109362  40.305306 -124.361263    32.015       24.2     -671.0       35.0     16.2     23.6     14.9 2021 12 23 13 36 42.580  0.00   6
   109363  40.304797 -124.359619    32.052      164.0     -727.4       72.2     19.0     14.8     14.8 2021 12 23 18 57 15.160  0.00   6
   109364  40.308663 -124.356177    31.539      456.6     -298.2     -441.3      7.9     10.8      7.6 2021 12 24 16 44 39.600  0.00   6
   109366  40.308976 -124.356909    31.461      394.3     -263.4     -518.7     10.0     14.0      9.9 2021 12 25  6 19  6.540  0.00   6
   109367  40.305428 -124.360205    32.058      114.1     -657.4       77.9     18.7     16.8     15.2 2021 12 25 16 20 55.220  0.00   6
   109368  40.305758 -124.362451    31.900      -76.8     -620.8      -79.9     13.8     29.8     12.7 2021 12 25  6 18  5.720  0.00   6
   109369  40.305363 -124.360718    32.001       70.6     -664.6       21.3     15.0     18.9     13.7 2021 12 25  7 27 29.140  0.00   6
   109373  40.306299 -124.362638    31.889      -92.7     -560.7      -91.0     11.7     13.4     10.9 2022  1  6  0 59 31.420  0.00   6
   109374  40.304696 -124.356673    31.777      414.4     -738.7     -203.2     13.7     10.3     11.2 2022  1 11 12  2 21.560  0.00   6
   109376  40.314266 -124.361898    31.943      -29.7      324.0      -36.6      8.7     14.5      9.1 2022  7 10  5 57 23.960  0.00   6
   109379  40.314388 -124.361955    31.932      -34.6      337.5      -48.1      8.7     14.4      9.5 2022  7 19  0 22 27.000  0.00   6
   109380  40.314962 -124.361719    31.947      -14.5      401.2      -33.1      7.7     14.3      8.8 2022  7 19 23 51 52.120  0.00   6
   109381  40.314132 -124.361279    31.969       22.8      309.0      -11.3      9.1     13.3      8.8 2022  7 25 22 53 46.120  0.00   6
   109382  40.314250 -124.361328    31.978       18.7      322.2       -1.9      7.9     15.1      7.9 2022  7 29 19 56 59.160  0.00   6
   109385  40.314148 -124.361580    31.938       -2.8      310.9      -42.0      8.1     12.9      9.8 2022  8  9  4 38 31.500  0.00   6
   109386  40.314657 -124.361768    31.925      -18.7      367.3      -54.6      8.3     15.5      9.4 2022  8  9 18 41 47.920  0.00   6
   109393  40.314657 -124.361108    31.968       37.4      367.3      -12.3      8.0     14.8      8.4 2022  8 30  6  3 39.840  0.00   6
   109395  40.314246 -124.361466    31.972        6.9      321.7       -8.1      7.7     13.4      8.5 2022  9  3 12  0 10.600  0.00   6
   109396  40.314319 -124.361450    31.957        8.3      329.8      -23.3      7.4     13.2      9.1 2022  9 14  1 47 59.060  0.00   6
   109397  40.314884 -124.360864    31.986       58.1      392.6        5.5      7.6     14.1      8.2 2022  9 14  1 51 22.500  0.00   6
   109398  40.314543 -124.361068    31.978       40.8      354.7       -2.3      8.3     13.8      8.9 2022  9 28 10 10 30.060  0.00   6
   109399  40.314266 -124.361613    31.979       -5.5      324.0       -1.2      8.2     13.1      9.4 2022 10  1 11  0 21.440  0.00   6
   109403  40.322656 -124.364665    32.610     -264.9     1255.6      630.3     26.6     37.4     24.1 2022 10 10  5 11 55.860  0.00   6
   109404  40.313757 -124.361532    31.946        1.4      267.5      -34.0     11.6     16.3     10.6 2022 10 13 13 52 48.680  0.00   6
   109405  40.314726 -124.361361    31.974       15.9      375.0       -6.1      7.7     14.1      8.5 2022 10 15  1  6 50.180  0.00   6
   109406  40.315153 -124.361475    31.965        6.2      422.5      -14.6      7.5     14.4      8.6 2022 10 15  7 41 36.280  0.00   6
   109407  40.314193 -124.361214    31.968       28.4      315.8      -12.1      8.4     15.9      7.8 2022 10 20  4  3 58.380  0.00   6
   109408  40.314705 -124.361816    31.975      -22.8      372.8       -5.0      8.8     13.4      9.3 2022 10 30 12 59 54.920  0.00   6
   109411  40.313957 -124.361092    31.970       38.7      289.6      -10.1      7.4     13.7      8.8 2022 11 18  1 57 26.740  0.00   6
   109412  40.313888 -124.360994    31.971       47.0      281.9       -8.8      8.2     12.9      8.1 2022 11 19 10 54 49.280  0.00   6
   110617  40.313770 -124.361532    32.068        1.4      268.8       87.9      6.1     10.8      6.7 2022 12  2 13 23 47.570  2.13   6
