   108362  40.490617 -124.206868    20.679     -247.0      -79.1     -387.9      8.4      7.3      7.0 2020  7 11 17 19 52.600  0.00  43
   108363  40.491020 -124.206641    20.671     -227.7      -34.3     -396.5     10.7      9.9      7.5 2020  8 12 11 28 24.940  0.00  43
   108364  40.490715 -124.206706    20.674     -233.2      -68.2     -392.9      6.8      7.8      7.4 2020  8 12 11 23 32.820  0.00  43
   108365  40.491117 -124.205273    20.769     -111.8      -23.5     -298.2     11.9      5.4      6.6 2020  8 16 23 21 48.480  0.00  43
   108366  40.490051 -124.207495    20.695     -300.1     -141.9     -371.9     11.1     12.8     10.2 2020 10  4  9 37 29.720  0.00  43
   108367  40.491093 -124.206502    20.705     -215.9      -26.2     -362.7      4.7      3.5      5.5 2020 10  8  4 46 56.680  0.00  43
   108369  40.490873 -124.206632    20.723     -227.0      -50.6     -343.9      6.5      5.0      5.7 2021  2 19  9 54 21.040  0.00  43
   108370  40.491016 -124.207292    20.708     -282.9      -34.8     -359.3     11.2      7.3      5.3 2021  6  1 21 55 42.420  0.00  43
   108373  40.491553 -124.206299    20.639     -198.7       24.9     -427.9      9.8      9.0      8.6 2022  2  7 11 46 35.280  0.00  43
   108374  40.490971 -124.206828    20.702     -243.5      -39.8     -365.2      5.9      4.3      5.0 2022  2 12 15 44 27.500  0.00  43
   108375  40.491313 -124.206177    20.680     -188.4       -1.8     -387.6     11.0      8.4      6.8 2022  4 21 17  7 41.100  0.00  43
   108376  40.491101 -124.206291    20.695     -198.0      -25.3     -372.0      6.8      5.9      6.3 2022  4 22 17 55 41.660  0.00  43
   108378  40.491020 -124.206657    20.704     -229.1      -34.3     -363.3      7.7      4.4      4.9 2022  7 27  4 35 27.980  0.00  43
   108379  40.491357 -124.206966    20.699     -255.3        3.2     -368.4     11.6      7.3      5.9 2022  8  3  6 33 48.060  0.00  43
   108380  40.491589 -124.206429    20.704     -209.7       28.9     -363.0      9.5      7.4      5.3 2022  9  1 10 45  9.880  0.00  43
   108381  40.491064 -124.206673    20.703     -230.4      -29.4     -364.0      6.1      4.6      4.8 2022 11 26 10 34 34.000  0.00  43
   108454  40.483968 -124.237044    19.097    -2805.4     -817.4    -1970.1      9.6      5.6      5.4 2021 12 22  7 38 16.620  0.00  43
   109536  40.490214 -124.199959    22.418      338.8     -123.8     1351.0      8.9      8.4      8.3 2021  3  3 21 43  3.720  0.00  43
   109537  40.490771 -124.199642    22.452      365.7      -61.9     1385.2     11.4      8.7     10.1 2021  9 27  2 58  8.360  0.00  43
   109538  40.489095 -124.200960    22.400      253.9     -248.1     1332.4      9.4     10.4      9.4 2021 12 23 14 37 21.580  0.00  43
   109539  40.490198 -124.199731    22.445      358.1     -125.6     1377.2      7.7      7.1      7.2 2022  9 12  3 59 29.200  0.00  43
   109540  40.490194 -124.199723    22.444      358.8     -126.1     1377.1      7.7      7.1      7.1 2022 10  8  6 41 27.060  0.00  43
   109635  40.498556 -124.182292    21.400     1836.5      802.5      332.9     59.1     20.3     30.0 2021  6  4 21 21 58.240  0.00  43
   109636  40.500293 -124.188102    21.846     1343.9      995.4      779.0     12.5      8.7     10.5 2021 12 20 21 17 32.980  0.00  43
   109637  40.496578 -124.191707    21.610     1038.3      582.9      543.1     15.5     24.3     16.0 2022  5 25  8  4 48.420  0.00  43
   110460  40.486442 -124.182373    20.363     1829.8     -542.7     -704.2      6.5      5.8      7.9 2023  3 15  6  1 38.120  0.94  43
   110498  40.491081 -124.206323    20.711     -200.8      -27.6     -356.8      4.8      3.3      4.2 2023  1 15 11 51 19.200  1.50  43
   110504  40.484001 -124.237394    19.096    -2835.1     -813.8    -1971.1      9.5      5.6      5.4 2023  2  5 13 48 53.130  1.08  43
   110642  40.489294 -124.199618    22.450      367.7     -225.9     1383.0      7.6      7.2      7.7 2023  2 27 12 40  1.270  1.39  43
   110662  40.500456 -124.189583    21.945     1218.3     1013.5      877.6     11.0      7.8      9.3 2023  5  9 11 38 20.680  1.02  43
