   109139  40.455180 -124.291577    27.488       -7.6       -2.3       -2.3     24.6     15.8     16.2 2021 12 20 23 49  2.700  0.00  54
   109140  40.455868 -124.290047    27.437      122.2       74.1      -52.9     67.0     39.6     45.9 2021 12 20 20 27  8.300  0.00  54
   109141  40.454924 -124.290560    27.414       78.7      -30.7      -76.3     70.1     72.5     65.5 2021 12 20 20 14 54.440  0.00  54
   109143  40.453748 -124.288216    27.307      277.5     -161.3     -183.2     68.1     62.2     56.3 2021 12 21  4 34 24.360  0.00  54
   109146  40.455123 -124.291325    27.485       13.8       -8.6       -4.7     23.2     17.5     26.8 2021 12 23  1 13 24.040  0.00  54
   109148  40.455286 -124.291357    27.472       11.0        9.5      -17.8     26.8     28.4     23.3 2021 12 26 17 36 29.900  0.00  54
   109149  40.455269 -124.291471    27.495        1.4        7.7        4.8     24.4     20.3     19.2 2021 12 27 14 12 20.840  0.00  54
   109151  40.455249 -124.291545    27.493       -4.8        5.4        3.4     21.4     19.8     20.1 2022  1  4  3 37 23.060  0.00  54
   109152  40.455261 -124.291463    27.502        2.1        6.8       11.6     31.7     21.7     22.5 2022  1  5 20 20 38.220  0.00  54
   109153  40.455188 -124.291764    27.487      -23.5       -1.4       -3.2     38.5     24.4     19.3 2022  1  5 15 37  2.560  0.00  54
   109154  40.455196 -124.291390    27.458        8.3       -0.5      -31.7     23.0     26.1     20.2 2022  1  6  4 31 33.680  0.00  54
   109155  40.455790 -124.295044    27.541     -301.7       65.5       51.1    162.8     21.0     38.6 2022  1 12 15  0 18.900  0.00  54
   109158  40.455229 -124.291870    27.501      -32.4        3.2       11.1     33.0     27.8     23.3 2022  1 27 16 44 23.740  0.00  54
   109160  40.454679 -124.293514    27.480     -171.9      -57.8       -9.7     34.5     22.7     22.7 2022  2  4 23 36 57.940  0.00  54
   109163  40.455229 -124.292464    27.523      -82.8        3.2       33.0     50.9     31.2     34.5 2022  2 28 23  1 31.800  0.00  54
   109165  40.454932 -124.291642    27.478      -13.1      -29.8      -11.8     30.6     36.3     21.7 2022  3 25  7 29 24.500  0.00  54
   109166  40.455155 -124.291715    27.486      -19.3       -5.0       -4.4     36.4     17.9     18.0 2022  4  3 17 21 51.500  0.00  54
   109168  40.455241 -124.291463    27.494        2.1        4.5        3.8     20.0     17.9     17.9 2022  4 16  9 26 42.300  0.00  54
   109169  40.455192 -124.291772    27.485      -24.2       -0.9       -4.9     45.8     17.6     20.0 2022  6 15  2 52 15.320  0.00  54
   109170  40.455306 -124.291504    27.499       -1.4       11.7        8.9     20.6     21.1     19.8 2022  8 16 10 40 30.580  0.00  54
   110610  40.455221 -124.291447    27.495        3.5        2.3        4.8     17.7     15.0     17.2 2023  3 18 18 52 34.560  2.06  54
