   103991  40.298397 -124.339111     9.655    -2557.0    -1634.3     -143.8    840.3    909.2    642.9 2020  1 17  9 45 59.140  0.00  47
   103993  40.298710 -124.339575     9.650    -2596.4    -1599.5     -148.9    388.6    438.1    427.0 2020  5 10  3 42 52.940  0.00  47
   103994  40.299097 -124.339526     9.639    -2592.3    -1556.5     -160.1    438.2    414.1    456.9 2020  5 10  5 35 35.000  0.00  47
   103998  40.298999 -124.340291     9.704    -2657.3    -1567.4      -94.7    419.8    559.4    621.3 2020  9 14  9  1 19.540  0.00  47
   104000  40.298877 -124.340674     9.702    -2689.8    -1580.9      -97.0    340.6    678.6    460.8 2021  3 25  0  8 59.680  0.00  47
   104002  40.299276 -124.340519     9.696    -2676.7    -1536.7     -102.9    329.8    347.8    431.8 2021  8 22  5 40 15.640  0.00  47
   104004  40.299674 -124.340389     9.703    -2665.6    -1492.4      -96.0    347.5    477.4    395.0 2021  9  4  3 28 39.640  0.00  47
   104007  40.298987 -124.340340     9.694    -2661.4    -1568.7     -104.5    366.5    632.2    437.1 2022  5 10 23 26 29.780  0.00  47
   104008  40.298572 -124.340625     9.696    -2685.7    -1614.8     -103.0    349.2    590.5    533.8 2022  5 30  7 25 58.420  0.00  47
   104010  40.299170 -124.340283     9.715    -2656.6    -1548.4      -84.3    964.1   1511.6   1167.4 2022  6 28  1 22 18.540  0.00  47
   104011  40.298454 -124.339901     9.676    -2624.1    -1627.9     -122.4    347.3    545.8    352.8 2022 10 19 21 53 36.280  0.00  47
   106813  40.294112 -124.330640     9.472    -1836.9    -2110.0     -327.3    445.7    550.7    390.7 2020  3 17  5 56 19.560  0.00  47
   106827  40.293632 -124.330672     9.434    -1839.6    -2163.3     -364.8    345.3    439.4    429.4 2022  2 25  5 29 56.100  0.00  47
   106830  40.293355 -124.330786     9.436    -1849.3    -2194.1     -362.7    351.5    506.2    404.3 2022  7  5 15 16 47.800  0.00  47
   106831  40.294222 -124.330640     9.473    -1836.9    -2097.8     -326.1    362.3    462.7    368.0 2022  8 21 21 28 41.340  0.00  47
   106832  40.293628 -124.330745     9.461    -1845.9    -2163.8     -338.2    327.4    444.3    313.9 2022  8 21 21 40 11.720  0.00  47
   106834  40.293856 -124.330347     9.393    -1812.0    -2138.5     -406.2    499.3    580.9    594.3 2022 10 20 17 49 27.620  0.00  47
   107004  40.333765 -124.210938     7.108     8337.1     2293.0    -2690.7    600.6    529.1    334.6 2022  3  4 18 57 23.080  0.00  47
   107006  40.333468 -124.211385     7.117     8299.1     2260.0    -2681.5    383.8    261.3    535.2 2022 10 10 12 43 31.860  0.00  47
   108402  40.380530 -124.250472    12.742     4975.4     7485.9     2943.3    429.7    557.9    550.1 2022 10  8 11 13  1.020  0.00  47
   108407  40.380672 -124.250212    12.755     4997.5     7501.7     2956.4    481.7    684.1    651.6 2022 11 12 15 29 41.060  0.00  47
   110332  40.299023 -124.340438     9.665    -2669.8    -1564.7     -133.8    484.4    675.9    576.5 2023  3 12 10 38 34.580  0.73  47
   110415  40.294454 -124.330575     9.518    -1831.3    -2072.1     -280.4    580.5    633.1    542.4 2023  3 15 21 22 18.100  1.02  47
   110424  40.333525 -124.211133     7.113     8320.5     2266.4    -2685.4    366.0    368.8    439.9 2023  5  3  7 32 56.730  0.50  47
   110499  40.379834 -124.250895    12.680     4939.5     7408.6     2880.8    468.8    566.5    580.7 2023  3 19 16 35 12.330  0.73  47
   110740  40.347904 -124.248486    12.173     5145.3     3863.1     2374.7    456.6    634.2    533.9 2023  2  1  5  8 29.030  0.91  47
