   104071  40.315308 -124.624585    17.422      -49.8      -12.7      -57.6     15.4     33.8     33.8 2020  2 12 16  7 41.000  0.00  12
   104073  40.313656 -124.624748    17.372      -63.6     -196.1     -107.9     22.7     34.9     34.1 2020  3 23 10  8  1.320  0.00  12
   104081  40.321806 -124.622827    17.751       99.6      708.9      271.2     27.8     47.0     55.5 2020  6 20 14 32 12.460  0.00  12
   104084  40.319149 -124.624235    17.594      -20.1      413.9      114.0     20.8     37.1     40.9 2020  8 23 13 32 49.620  0.00  12
   104093  40.315413 -124.624137    17.374      -11.8       -0.9     -106.4     23.2     26.6     32.3 2021  4 14  8 37 28.880  0.00  12
   104094  40.307760 -124.623885    17.489        9.7     -850.8        9.2     31.7     77.1     61.2 2021  4 27 15 38  2.160  0.00  12
   104095  40.314148 -124.622437    17.219      132.8     -141.4     -260.6     46.8     56.2     84.7 2021  5  9  1 43 27.920  0.00  12
   104097  40.316097 -124.624146    17.581      -12.5       75.0      101.1     22.7     24.7     23.1 2021  6  2  4  0 20.340  0.00  12
   104100  40.325260 -124.622786    18.032      103.1     1092.5      551.8     21.9     59.6     50.3 2021  7 11  8 17 13.640  0.00  12
   104103  40.315247 -124.624227    17.547      -19.4      -19.4       67.1     23.8     27.1     26.3 2021  9  7  8 40 28.240  0.00  12
   104110  40.315352 -124.624292    17.551      -24.9       -7.7       70.8     21.5     25.7     25.7 2021 12 20 20 33 55.560  0.00  12
   104114  40.318250 -124.623511    17.736       41.5      314.0      256.4     14.8     40.1     30.1 2021 12 20 22 51 13.920  0.00  12
   104116  40.311865 -124.619043    18.236      421.3     -394.9      755.7     49.3     76.4    196.8 2021 12 20  8 18 44.340  0.00  12
   104123  40.321692 -124.624089    17.552       -7.6      696.3       72.2     26.6     47.4     72.2 2021 12 20 20 19  7.280  0.00  12
   104126  40.325488 -124.624390    17.598      -33.2     1117.8      118.2     17.3     72.2     55.3 2021 12 20 23  8  0.740  0.00  12
   104127  40.316500 -124.624080    16.633       -6.9      119.7     -846.8     18.3     71.3     65.5 2021 12 20 22 49 16.500  0.00  12
   104132  40.323051 -124.621313    17.931      228.3      847.2      450.6     53.5    112.3    103.7 2021 12 20 21 36  0.060  0.00  12
   104134  40.313566 -124.624829    17.344      -70.6     -206.0     -136.2     19.3     29.6     28.8 2021 12 21  6  4 42.940  0.00  12
   104135  40.318648 -124.623722    17.649       23.5      358.3      169.5     27.3     39.0     38.4 2021 12 21  8 17 30.500  0.00  12
   104136  40.314799 -124.624373    17.420      -31.8      -69.1      -59.8     22.0     28.4     26.5 2021 12 21  7  6  6.440  0.00  12
   104137  40.315112 -124.624259    17.442      -22.1      -34.3      -37.8     21.0     26.0     24.0 2021 12 21 10 44  8.200  0.00  12
   104138  40.316223 -124.624089    17.657       -7.6       89.0      177.4     32.4     42.1     32.3 2021 12 21  4 44  7.140  0.00  12
   104140  40.315019 -124.624292    17.549      -24.9      -44.7       68.8     21.9     28.2     26.4 2021 12 21  0 12  8.960  0.00  12
   104141  40.315352 -124.623934    17.518        5.5       -7.7       38.2     25.8     26.1     25.4 2021 12 21 11 42 54.940  0.00  12
   104142  40.314396 -124.624382    17.419      -32.5     -113.9      -61.2     16.5     40.7     34.3 2021 12 21  3 50  3.100  0.00  12
   104145  40.304569 -124.623592    17.738       34.6    -1205.0      257.9     18.6     80.8     71.8 2021 12 21  1 25 18.900  0.00  12
   104147  40.313448 -124.624438    17.510      -37.4     -219.1       29.7     15.9     38.3     30.4 2021 12 21  3 10  2.140  0.00  12
   104152  40.330640 -124.622502    18.502      127.3     1689.8     1021.6     23.6    106.9    110.0 2021 12 21 10 57 46.160  0.00  12
   104153  40.320333 -124.622461    17.873      130.7      545.4      393.3     42.5     83.9     78.7 2021 12 21 13  3 59.100  0.00  12
   104158  40.311418 -124.624390    17.598      -33.2     -444.6      117.7     19.0     55.8     45.6 2021 12 21  8  0 24.060  0.00  12
   104160  40.313517 -124.624585    17.481      -49.8     -211.5        1.5     17.0     43.0     29.8 2021 12 21  3  2 34.460  0.00  12
   104161  40.312927 -124.624447    17.575      -38.0     -277.0       95.2     17.2     43.3     35.5 2021 12 21  0 48 47.160  0.00  12
   104164  40.306881 -124.621151    14.690      242.1     -948.4    -2789.8     51.2     94.3     87.9 2021 12 22  0 15 59.180  0.00  12
   104165  40.312919 -124.619694    17.152      365.9     -277.9     -328.3     53.1     40.3     58.8 2021 12 22  7 29 29.280  0.00  12
   104167  40.312805 -124.624569    17.314      -48.4     -290.5     -165.9     15.6     46.9     38.7 2021 12 22  4 58 57.640  0.00  12
   104172  40.313916 -124.624357    17.540      -30.4     -167.2       60.0     22.6     50.1     42.5 2021 12 22 20 56 28.420  0.00  12
   104177  40.320825 -124.623405    17.783       50.5      600.0      303.4     32.0     49.8     56.7 2021 12 23  6 43 14.700  0.00  12
   104184  40.312467 -124.624870    17.557      -74.0     -328.0       76.6     28.8     31.2     42.1 2021 12 24 18 41 32.720  0.00  12
   104197  40.321684 -124.622241    18.120      149.4      695.4      639.5     18.6     67.3     55.2 2021 12 27  6 30  0.400  0.00  12
   104203  40.316756 -124.622713    18.075      109.3      148.2      595.5     30.9     95.5     72.9 2021 12 28 12 38 54.840  0.00  12
   104204  40.319340 -124.623193    17.766       68.5      435.1      286.2     36.5     79.6     66.4 2021 12 28  7 25 16.640  0.00  12
   104212  40.312488 -124.624390    17.379      -33.2     -325.8     -101.4     17.7     46.6     37.9 2021 12 31 18  4 52.480  0.00  12
   104213  40.312866 -124.624609    17.375      -51.9     -283.7     -105.1     16.3     39.5     39.1 2021 12 31 19 42 46.640  0.00  12
   104215  40.306458 -124.625415    16.797     -120.4     -995.4     -682.9     19.2     57.9     46.5 2022  1  1  8  5 50.220  0.00  12
   104216  40.305326 -124.623706    17.416       24.9    -1121.0      -64.5     24.5     85.7     85.6 2022  1  2 21 35  0.220  0.00  12
   104217  40.327897 -124.622388    18.625      136.9     1385.3     1145.5     26.2     96.9     96.9 2022  1  2  8 38 54.940  0.00  12
   104227  40.317570 -124.623812    17.502       15.9      238.6       22.2     23.8     37.8     64.5 2022  1 11  4 59 19.220  0.00  12
   104229  40.317558 -124.623120    17.193       74.7      237.2     -286.7     26.6     31.6     66.4 2022  1 12  7 26 41.160  0.00  12
   104232  40.313074 -124.624536    17.348      -45.7     -260.7     -132.1     15.9     51.0     32.4 2022  1 12 18 40 23.420  0.00  12
   104236  40.314591 -124.624780    17.415      -66.4      -92.2      -65.2     45.3    102.6     57.9 2022  1 16 21 19 22.200  0.00  12
   104237  40.313306 -124.624772    17.368      -65.7     -234.9     -112.4     17.3     39.4     30.6 2022  1 19 15 34 54.720  0.00  12
   104238  40.317171 -124.624520    17.609      -44.3      194.3      129.1     25.8     51.9     58.7 2022  1 20  1 22  9.700  0.00  12
   104240  40.314144 -124.624666    17.335      -56.7     -141.9     -144.9     15.5     37.3     35.9 2022  1 25  4 41 54.420  0.00  12
   104243  40.315218 -124.620760    18.007      275.3      -22.6      527.5     41.0     95.9     78.0 2022  1 31  0 15 57.560  0.00  12
   104246  40.316028 -124.623511    17.120       41.5       67.3     -359.8     22.2     38.6     61.2 2022  2  1  4 42 25.500  0.00  12
   104247  40.319230 -124.622428    17.306      133.5      422.9     -173.8     27.0     42.9     73.8 2022  2  2  2  8 40.520  0.00  12
   104250  40.316691 -124.624341    17.526      -29.1      141.0       46.1     22.7     55.3     34.4 2022  2 11 15  2 29.200  0.00  12
   104255  40.333000 -124.622469    18.637      130.0     1951.9     1156.9     25.9    112.1    104.2 2022  2 17 12 34 44.060  0.00  12
   104256  40.331278 -124.621313    17.854      228.2     1760.8      374.0     25.4     68.6     61.0 2022  2 17 19 47 40.280  0.00  12
   104258  40.314372 -124.624943    17.075      -80.2     -116.6     -404.7     17.3     35.1     39.0 2022  2 19 16 56  9.340  0.00  12
   104262  40.322286 -124.621908    18.899      177.8      762.2     1419.3     29.9     38.3     86.5 2022  3  6 10  1 24.540  0.00  12
   104268  40.332011 -124.621745    18.490      191.6     1842.1     1010.2     18.2     63.1     67.3 2022  4  2  5 20 28.220  0.00  12
   104269  40.318241 -124.623193    17.322       68.5      313.1     -158.1     22.8     40.5     63.7 2022  4  3  0 46 40.820  0.00  12
   104275  40.314189 -124.624284    17.397      -24.2     -136.9      -83.4     31.5     47.6     42.8 2022  4 28  4  5 59.740  0.00  12
   104279  40.312972 -124.624577    17.436      -49.1     -272.0      -44.2     18.1     44.3     38.2 2022  5 14 18 23 41.400  0.00  12
   104283  40.315670 -124.624121    17.551      -10.4       27.6       70.6     35.3     88.1     65.3 2022  5 28  3 41 10.840  0.00  12
   104284  40.319702 -124.624398    17.397      -33.9      475.3      -83.2     37.0     92.2     68.4 2022  6  9  0 44 52.000  0.00  12
   104285  40.315592 -124.624276    17.512      -23.5       19.0       32.4     22.2     51.8     32.2 2022  6 12 11  3 14.460  0.00  12
   104296  40.318502 -124.624870    19.402      -74.0      342.0     1922.0     34.3     88.5     66.9 2022  8 30  3  4 18.340  0.00  12
   104297  40.304220 -124.625944    16.832     -165.3    -1243.9     -648.0     22.5     41.3     50.0 2022  9 16  4 43 17.240  0.00  12
   104302  40.314213 -124.624626    17.393      -53.3     -134.2      -86.5     16.3     32.3     29.7 2022 10  9 10 45 57.720  0.00  12
   104308  40.323104 -124.623031    17.642       82.3      853.0      162.4     43.1     54.3     49.4 2022 11 12 12 57 10.420  0.00  12
   110335  40.312878 -124.624268    17.361      -22.8     -282.4     -118.5     18.4     24.9     24.7 2023  5 10 10  0 52.980  1.31  12
