   103372  40.278805 -124.521265    19.952       23.5       67.3      -18.1    317.8    486.7    370.0 2020  1 13  4 35 54.740  0.00  32
   103373  40.278760 -124.521289    19.967       21.5       62.4       -2.6    302.8    464.0    298.4 2020  1 14 13 28 33.620  0.00  32
   103376  40.278597 -124.521322    19.830       18.7       44.3     -140.1    232.9    644.4    879.6 2020  4 23  2 43 50.960  0.00  32
   103380  40.278333 -124.521533    19.940        0.7       14.9      -30.0    231.2    345.8    341.3 2020  6 22 23 31  2.020  0.00  32
   103381  40.278536 -124.521427    20.002        9.7       37.5       31.8    239.9    416.7    394.9 2020  6 28 17 22 53.120  0.00  32
   103383  40.278129 -124.521631    19.967       -7.6       -7.7       -3.0    218.8    379.7    236.6 2020  7 13 10 22  7.320  0.00  32
   103384  40.278658 -124.521403    19.985       11.8       51.1       14.8    282.3    410.6    410.2 2020  8  3  9  6  1.760  0.00  32
   103389  40.278662 -124.521362    19.956       15.2       51.5      -14.4    271.0    403.8    285.9 2020 11  5 12 38 58.240  0.00  32
   103390  40.278544 -124.521419    19.948       10.4       38.4      -21.8    260.6    369.3    192.5 2020 11  5 12 39 36.040  0.00  32
   103391  40.278507 -124.521452    19.963        7.6       34.3       -6.6    238.6    344.4    191.5 2020 11  6  8 25 13.440  0.00  32
   103392  40.277563 -124.521956    19.959      -35.3      -70.5      -11.0    392.8    602.6    257.4 2020 12 29  9  1 15.600  0.00  32
   103397  40.278678 -124.521362    20.009       15.2       53.3       38.9    281.1    508.4    670.0 2021  3  4 17  8 37.200  0.00  32
   103400  40.278707 -124.521322    19.963       18.7       56.5       -6.9    275.7    422.1    297.7 2021  3 27 10 50 25.740  0.00  32
   103401  40.278805 -124.521281    20.003       22.1       67.3       32.7    328.1    580.1    724.6 2021  4  5 11 42 43.140  0.00  32
   103403  40.278707 -124.521354    19.946       15.9       56.5      -23.5    270.7    419.6    282.8 2021  5 29 16 34 35.700  0.00  32
   103404  40.278520 -124.521460    20.003        6.9       35.7       32.7    259.1    480.4    658.8 2021  6 13  0 34 11.440  0.00  32
   103412  40.277307 -124.522152    20.183      -51.9      -98.9      212.6    407.4    658.1    757.2 2021  9 19 22 24 28.280  0.00  32
   103413  40.277287 -124.522168    20.219      -53.3     -101.2      248.7    421.7    687.0    730.5 2021  9 23  7 46 21.640  0.00  32
   103414  40.278219 -124.521558    19.962       -1.4        2.3       -8.2    200.2    342.0    249.0 2021 10 10  2 35 36.640  0.00  32
   103415  40.277783 -124.521769    19.954      -19.4      -46.1      -15.9    252.4    601.1    626.3 2021 10 12 11 35 15.460  0.00  32
   103416  40.277991 -124.521672    19.965      -11.1      -23.0       -4.8    234.1    403.4    357.0 2021 10 13  3 15 11.500  0.00  32
   103417  40.277592 -124.521940    19.960      -33.9      -67.3      -10.5    393.8    605.0    316.4 2021 10 25 12 13 10.580  0.00  32
   103418  40.278080 -124.521672    19.970      -11.1      -13.1       -0.5    211.2    362.7    245.0 2021 11 10 23 37 13.460  0.00  32
   103420  40.278312 -124.521533    19.950        0.7       12.7      -20.2    234.4    378.2    318.6 2021 11 16 10 50 11.560  0.00  32
   103421  40.278678 -124.521362    20.002       15.2       53.3       32.4    312.7    570.6    726.3 2021 11 18 14 19 52.740  0.00  32
   103422  40.278194 -124.521598    19.962       -4.8       -0.5       -8.1    205.8    327.4    300.2 2021 12  7 14 41 31.160  0.00  32
   103423  40.278577 -124.521395    19.927       12.5       42.0      -43.2    266.1    391.4    439.5 2021 12 15 14 48 20.300  0.00  32
   103424  40.278239 -124.521566    19.959       -2.1        4.5      -11.0    207.3    372.3    273.4 2021 12 20 14 25 10.760  0.00  32
   103426  40.278023 -124.521688    19.981      -12.5      -19.4       11.2    205.2    335.8    270.0 2021 12 20 20  7 39.320  0.00  32
   103427  40.277913 -124.521688    19.961      -12.5      -31.6       -9.2    219.7    491.8    488.8 2021 12 20 21 43 57.240  0.00  32
   103429  40.278723 -124.521362    19.948       15.2       58.3      -22.0    304.4    452.4    305.3 2021 12 22 16  0 10.800  0.00  32
   103430  40.278532 -124.521436    20.006        9.0       37.0       35.7    273.8    458.6    386.1 2021 12 24 11  3 50.560  0.00  32
   103431  40.278650 -124.521379    20.001       13.8       50.2       30.9    289.9    537.8    667.4 2021 12 26 21 48 44.840  0.00  32
   103434  40.278084 -124.521631    19.969       -7.6      -12.7       -1.1    208.5    412.3    203.8 2022  4 30 21  3 55.400  0.00  32
   103435  40.277327 -124.521989    19.961      -38.1      -96.7       -8.9    338.7    578.3    725.9 2022  5 31 11 52 23.980  0.00  32
   103436  40.278133 -124.521623    19.974       -6.9       -7.2        3.5    208.6    330.5    286.1 2022  9  1 13  9 26.560  0.00  32
   103439  40.278011 -124.521623    19.955       -6.9      -20.8      -15.5    232.8    463.5    432.3 2022  9 23 17 55 19.120  0.00  32
   103440  40.278105 -124.521598    19.969       -4.8      -10.4       -1.3    236.8    390.8    352.0 2022  9 26 16 59 43.680  0.00  32
   110321  40.278105 -124.521647    19.973       -9.0      -10.4        3.5    201.2    312.4    275.5 2022 12 23 14 21 11.630  0.91  32
