   102889  40.365833 -124.141602    33.248    -5982.0    -6344.7     7889.8      9.3      7.5      5.1 2021  4  4  8 10 32.760  0.00   7
   102890  40.366032 -124.143774    33.251    -6166.5    -6322.5     7893.3      8.5      7.5      5.1 2021  4  4  3 35 44.280  0.00   7
   102891  40.366158 -124.143864    33.256    -6174.1    -6308.5     7898.0      8.0      7.4      5.3 2021  4  4 18 25 54.640  0.00   7
   102894  40.367558 -124.144271    33.267    -6208.5    -6153.1     7908.9     12.3     11.5      6.0 2021  7 19 15 24 44.800  0.00   7
   102896  40.371619 -124.146729    33.386    -6417.0    -5702.2     8028.3     14.8      8.5      6.0 2021 12 20 21 22 32.640  0.00   7
   103941  40.488688 -123.982357    29.903     7531.1     7297.6     4544.6      7.6      7.7      7.0 2020  3 22 17 12 28.000  0.00   7
   103945  40.479521 -123.990934    29.730     6804.0     6279.6     4371.6      8.4      7.1      9.9 2022  5 17 10 23 27.700  0.00   7
   103946  40.483647 -123.982503    30.063     7519.0     6737.8     4705.3      8.4      8.2      6.9 2022  9 14  8 41 34.640  0.00   7
   104013  40.412463 -124.116203    21.464    -3824.3    -1166.6    -3894.4     16.3     10.8     11.0 2020  1 18 21  9  0.700  0.00   7
   104015  40.414152 -124.118563    21.654    -4024.6     -979.1    -3704.0      7.9      5.7      6.6 2020  4  2 13  1 52.880  0.00   7
   104024  40.410946 -124.115161    21.487    -3736.0    -1335.2    -3871.3      5.5      3.5      4.4 2021  1 18  2 38 58.800  0.00   7
   104025  40.409721 -124.116992    21.553    -3891.4    -1471.2    -3805.0      8.1      5.5      6.3 2021 10  6  6 27 37.560  0.00   7
   104028  40.424967 -124.115885    21.020    -3797.0      221.9    -4338.4     10.9     30.8      8.5 2021 12 20 23  8 40.760  0.00   7
   105276  40.398466 -124.096102    21.706    -2118.5    -2720.9    -3651.5      5.2      5.7      2.6 2020  1 29  0  2 55.980  0.00   7
   105277  40.399154 -124.095540    21.672    -2070.9    -2644.6    -3686.4      3.4      2.9      1.9 2020  1 30 21 48 49.880  0.00   7
   105278  40.399377 -124.096916    21.741    -2187.6    -2619.7    -3617.1      5.8      5.8      5.1 2020  3  5 21  0 42.600  0.00   7
   105279  40.399988 -124.096265    21.701    -2132.3    -2552.0    -3657.4      2.5      2.6      2.1 2020 12 23 12 13 31.360  0.00   7
   105280  40.400004 -124.094670    21.710    -1997.0    -2550.2    -3647.7      4.9      3.5      3.4 2021  1  1 12 27 47.320  0.00   7
   105281  40.399337 -124.096541    21.710    -2155.8    -2624.3    -3648.0      4.1      4.0      2.7 2021  5 10 19 32 46.180  0.00   7
   105282  40.398364 -124.095394    21.739    -2058.5    -2732.2    -3618.9      5.3      4.4      3.2 2021  5 20 10 18 33.860  0.00   7
   105285  40.398531 -124.095109    21.691    -2034.3    -2713.7    -3667.4      5.5      4.6      4.2 2021 10  4 20 34 35.760  0.00   7
   105286  40.398665 -124.096476    21.708    -2150.3    -2698.8    -3650.3      3.7      4.8      2.3 2021 10 31 14 32 48.000  0.00   7
   105287  40.401294 -124.095850    21.663    -2097.1    -2406.9    -3694.7      4.8      4.7      4.2 2021 10 31 15  9 13.180  0.00   7
   105289  40.398543 -124.094165    21.690    -1954.1    -2712.4    -3667.8      6.8      7.5      2.4 2021 11 28  4 35 26.220  0.00   7
   105290  40.401115 -124.094141    21.570    -1952.0    -2426.8    -3787.7      5.3      4.9      3.6 2022  2 13 11 43  3.040  0.00   7
   105291  40.398425 -124.095776    21.709    -2090.9    -2725.5    -3648.6      5.6      6.3      2.6 2022  4  5  1 19 10.660  0.00   7
   105292  40.398653 -124.096444    21.668    -2147.6    -2700.2    -3690.4      3.8      4.1      2.2 2022  5 29 17 19 38.600  0.00   7
   105293  40.398568 -124.096403    21.706    -2144.1    -2709.7    -3651.6      3.5      4.5      2.3 2022  7 28  6 53 34.280  0.00   7
   105295  40.398735 -124.095931    21.727    -2104.0    -2691.1    -3631.4      3.4      3.9      3.4 2022  8 22  4 34 43.360  0.00   7
   105296  40.399064 -124.096118    21.711    -2119.9    -2654.5    -3647.4      2.9      3.9      2.5 2022 11  4 22 38  7.100  0.00   7
   106489  40.433993 -123.982137    25.100     7552.8     1224.0     -257.8      7.8      8.6     10.3 2020  2 18 22 54 46.760  0.00   7
   106490  40.439787 -123.981608    25.455     7597.4     1867.4       97.2     13.1     10.8     15.1 2021  6 26 10 12  6.320  0.00   7
   106491  40.441305 -123.974870    25.457     8169.1     2036.0       98.7      7.0      7.8      8.7 2021  7 10 12 28 45.800  0.00   7
   106872  40.394332 -124.058748    30.558     1052.1    -3180.0     5199.8     10.6      6.8     10.8 2020  2 25 11 51 37.820  0.00   7
   106873  40.407198 -124.052279    29.840     1601.1    -1751.3     4481.6      7.7      9.5      4.7 2020  3 19 10 36 36.040  0.00   7
   106875  40.408875 -124.063534    29.874      645.8    -1565.2     4515.7     11.6      7.7      7.3 2021 12 21  0 10  7.280  0.00   7
   107831  40.465295 -124.036190    22.663     2965.3     4700.0    -2695.1     12.3      9.5     13.0 2022 10 19  0 15 29.200  0.00   7
   107832  40.379891 -124.133024    32.998    -5253.2    -4783.6     7640.4     14.7     15.5      8.6 2020  3 18 22 26 34.000  0.00   7
   107841  40.372803 -124.135921    32.853    -5499.5    -5570.7     7494.9     10.7     11.3      6.9 2021  8  4  3 22  9.320  0.00   7
   108026  40.433700 -123.976831    30.593     8003.1     1191.5     5235.0      6.6      8.5      6.3 2020  3 19  6  4 27.540  0.00   7
   108027  40.417778 -123.981502    30.657     7607.6     -576.5     5299.0      8.1     16.9     10.5 2020  4  5  7 40 43.480  0.00   7
   108029  40.432491 -123.979012    30.689     7818.1     1057.3     5331.4      8.6      9.8      6.9 2021 12 29  8 57 56.420  0.00   7
   108443  40.452706 -124.036930    26.167     2902.8     3302.0      808.7     23.9     17.0     22.7 2020  4 15  2  5 45.300  0.00   7
   108444  40.441146 -124.037931    25.566     2818.1     2018.3      207.6      9.5      8.6      5.6 2020  9 13 11 44 12.660  0.00   7
   108445  40.445243 -124.035701    25.501     3007.2     2473.3      143.4      7.2      8.1      7.8 2021  4  5 21 32  1.320  0.00   7
   108446  40.449186 -124.040080    24.766     2635.6     2911.2     -592.0      7.3      7.9      7.9 2021  6 28 16 28  2.920  0.00   7
   108619  40.447957 -124.026880    26.118     3755.6     2774.7      760.5      6.4      7.4      7.5 2020  5 30 15  6  2.180  0.00   7
   108621  40.458187 -124.018709    26.238     4448.6     3910.6      879.7      6.7      6.2      8.0 2021 10 15 19 10  7.840  0.00   7
   108875  40.359875 -124.103507    23.204    -2747.9    -7006.2    -2154.1      7.6      5.8      3.9 2021  6 17 12 35 13.960  0.00   7
   108883  40.370121 -124.104907    23.343    -2866.5    -5868.4    -2014.9      6.0      8.4      7.7 2021 12 16  2 34 44.300  0.00   7
   108968  40.464014 -123.992456    22.943     6675.7     4557.7    -2415.2     10.3     11.2     13.1 2020  8 24 14 37 42.000  0.00   7
   108969  40.455151 -123.982568    23.126     7515.0     3573.6    -2231.6     38.0     28.6      9.7 2020  9 30  6 44 49.540  0.00   7
   109100  40.371370 -124.160449    30.966    -7581.9    -5729.7     5607.8      8.7     11.6      7.4 2020 10  4 21 32 36.540  0.00   7
   109102  40.366931 -124.172510    30.562    -8606.0    -6222.7     5203.7      5.8      9.2      5.2 2021 10 19  7 26 57.180  0.00   7
   109104  40.365592 -124.171965    30.562    -8559.8    -6371.3     5204.5      8.1      9.9      7.3 2021 12 20 20 51 53.600  0.00   7
   109499  40.466361 -123.974113    22.480     8231.8     4818.4    -2877.7     13.4     18.3     10.4 2021  2 19 20 48 55.420  0.00   7
   109500  40.467440 -123.979704    22.042     7757.4     4938.1    -3316.1      8.3      7.1      6.8 2021  6 14 21 41 19.180  0.00   7
   109503  40.468876 -123.979850    22.124     7744.9     5097.6    -3233.5      7.1     11.5      6.4 2021  6 14 21 42 47.200  0.00   7
   109505  40.465759 -123.978589    21.984     7852.1     4751.5    -3374.4      4.5      4.9      5.4 2021  6 14 22 44 53.320  0.00   7
   109506  40.468673 -123.979980    22.124     7733.8     5075.0    -3233.9      7.1     11.5      6.7 2021  6 14 21 51  5.400  0.00   7
   109507  40.466333 -123.979565    21.985     7769.2     4815.2    -3372.7      8.4      7.8      6.2 2021  6 14 22 52  3.640  0.00   7
   109508  40.467578 -123.978215    22.044     7883.7     4953.5    -3313.9      7.3     10.2      5.0 2021  6 14 15  0 25.220  0.00   7
   109510  40.466414 -123.978589    22.031     7852.0     4824.2    -3326.6      5.0      5.6      5.5 2021  6 15  9 40 32.620  0.00   7
   109511  40.467069 -123.980241    22.000     7711.8     4897.0    -3358.3      8.5      7.0      6.3 2021  6 15  6 13 15.620  0.00   7
   109513  40.466427 -123.979395    21.982     7783.7     4825.6    -3375.9      6.8      5.8      5.7 2021  6 15  5 24 54.660  0.00   7
   109514  40.468791 -123.979736    22.103     7754.5     5088.1    -3254.8      6.2     11.7      7.3 2021  6 15  3 58 23.420  0.00   7
   109515  40.466671 -123.978923    21.966     7823.7     4852.7    -3392.4      6.7      6.0      6.3 2021  6 15  3 24 41.680  0.00   7
   109516  40.466838 -123.978711    22.033     7841.6     4871.2    -3324.7      8.4      6.4      6.1 2021  6 15  7  5 48.180  0.00   7
   109517  40.466280 -123.978621    21.985     7849.3     4809.3    -3373.1      7.0      6.3      5.7 2021  6 15  3 27 10.880  0.00   7
   109518  40.466410 -123.978345    22.002     7872.7     4823.8    -3356.4      5.7      6.0      6.8 2021  6 15  7 40  9.320  0.00   7
   109519  40.466174 -123.978101    21.980     7893.5     4797.6    -3378.1      5.2      4.5      4.9 2021  6 15  6 46 13.080  0.00   7
   109520  40.466313 -123.978890    22.022     7826.5     4812.9    -3335.8      6.2      6.0      5.2 2021  6 15  0  0 36.560  0.00   7
   109522  40.468941 -123.979207    22.041     7799.4     5104.8    -3316.7      5.4      8.4      6.2 2021  6 15  5  2 36.180  0.00   7
   109523  40.466313 -123.978597    22.078     7851.3     4812.9    -3280.1      4.9      5.3      5.4 2021  6 15  4 42  5.060  0.00   7
   109524  40.466475 -123.978556    22.026     7854.8     4831.0    -3331.5      4.5      4.4      5.4 2021  6 15 10 19 32.620  0.00   7
   109525  40.466117 -123.978133    21.987     7890.7     4791.3    -3371.1      4.3      5.1      5.5 2021  6 15  6 28  1.200  0.00   7
   109526  40.465865 -123.978516    21.986     7858.3     4763.2    -3371.5      4.5      4.6      5.0 2021  6 16  1 29  3.400  0.00   7
   109527  40.468551 -123.978703    22.072     7842.2     5061.5    -3286.2      4.6     10.4      7.1 2021  6 24 14 55 33.640  0.00   7
   109529  40.460697 -123.978288    22.131     7877.9     4189.4    -3226.6      7.1      4.2      7.0 2022  8 12  1 20 23.680  0.00   7
   109530  40.464392 -123.980859    22.021     7659.5     4599.7    -3336.5      6.0      5.2      6.0 2022  8 23 13 40  9.980  0.00   7
   109531  40.441667 -124.008203    28.326     5340.6     2076.2     2968.5      9.3      5.9      5.1 2021  2 20  0 31  6.820  0.00   7
   109532  40.435148 -124.010205    28.656     5171.0     1352.3     3298.5      6.5      7.1      2.9 2021  5 25  1 57 35.200  0.00   7
   109662  40.390202 -124.039062    29.486     2723.1    -3638.6     4128.0     12.7     14.5      9.0 2021  6 28 12 31 10.080  0.00   7
   109806  40.384554 -124.249658    26.889   -15154.0    -4265.8     1531.2      7.2     11.5      9.1 2021 11  9 19 48 34.540  0.00   7
   109807  40.388700 -124.247168    26.869   -14942.1    -3805.4     1511.5      5.9      5.8      3.9 2021 12 20 21 53 50.200  0.00   7
   109812  40.388464 -124.241121    26.788   -14428.9    -3831.6     1430.1      8.5      4.7      3.8 2021 12 21 17 56 14.380  0.00   7
   109813  40.387126 -124.246720    27.099   -14904.3    -3980.2     1741.1      5.0      9.4      4.3 2021 12 21 10 42 55.620  0.00   7
   109814  40.388395 -124.241195    26.791   -14435.1    -3839.2     1433.5      7.9      4.8      3.9 2021 12 21  0 36 47.480  0.00   7
   109816  40.388155 -124.269303    26.951   -16821.2    -3865.9     1592.6     10.8      8.7      3.7 2021 12 21  6 47 31.940  0.00   7
   109819  40.390495 -124.236849    26.559   -14066.0    -3606.1     1201.4     28.2      9.0      9.4 2021 12 21  5 34  4.380  0.00   7
   109820  40.393949 -124.246875    26.821   -14916.7    -3222.5     1463.0     16.2     11.1      8.2 2021 12 21  1 42 43.340  0.00   7
   109822  40.387280 -124.239893    26.786   -14324.7    -3963.0     1428.3     13.0      6.0      3.7 2021 12 21  0  6 22.480  0.00   7
   109824  40.376245 -124.248722    25.994   -15075.4    -5188.4      636.3      9.4     16.5      6.7 2021 12 21  3 26 33.380  0.00   7
   109825  40.386812 -124.267944    27.023   -16706.0    -4015.0     1665.2      6.3      9.9      6.7 2021 12 21  6 26 47.400  0.00   7
   109827  40.382703 -124.249902    26.955   -15174.9    -4471.4     1597.0     16.5      7.6      9.4 2021 12 24 12 46 23.800  0.00   7
   109829  40.394686 -124.262354    27.036   -16230.4    -3140.7     1678.1     24.0     14.9     11.7 2021 12 26  9 14 12.100  0.00   7
   109831  40.384408 -124.241927    26.427   -14497.7    -4282.0     1068.9     14.8      7.3      8.2 2022  1  8 17  8 29.240  0.00   7
   109832  40.388456 -124.243001    26.733   -14588.4    -3832.5     1374.9      8.9      6.3      3.9 2022  1 25 11 31 58.500  0.00   7
   109835  40.373039 -124.257935    27.030   -15857.9    -5544.5     1672.0     10.5     20.5     10.1 2022 10 19 20 59 36.440  0.00   7
   110135  40.399589 -124.147078    21.642    -6445.4    -2596.2    -3715.6      6.5      7.0      2.3 2021 12 20 22 59 59.900  0.00   7
   110284  40.465710 -124.019548    26.355     4377.2     4746.1      997.1     10.2     10.9     13.1 2022 11 23  5 59 44.720  0.00   7
   110309  40.365361 -124.141414    33.268    -5966.1    -6397.1     7909.8      8.9      7.8      5.3 2023  1 19  5  8  4.700  1.05   7
   110329  40.482821 -123.986507    29.579     7179.4     6646.0     4220.8      5.5      5.9      4.9 2023  1  2  1 54 21.740  1.00   7
   110333  40.411056 -124.119385    21.447    -4094.4    -1323.0    -3910.7      6.3      4.2      4.6 2022 12 23  0 32  6.750  0.86   7
   110358  40.447697 -124.017424    26.314     4558.0     2745.8      955.9      4.9      5.8      5.1 2023  1  1 18 46 17.900  1.73   7
   110363  40.399158 -124.096330    21.685    -2137.9    -2644.1    -3673.4      3.0      2.7      2.4 2022 12 14 10 39 54.760  1.83   7
   110389  40.455652 -124.017716    27.140     4532.9     3629.1     1782.3      7.0      7.2      7.2 2023  1 17  6 16 20.570  0.99   7
   110405  40.434001 -123.983089    25.483     7472.0     1224.9      125.2      6.2      6.7      7.7 2023  1 14  2 18  4.460  1.07   7
   110419  40.401534 -124.054557    29.982     1407.7    -2380.3     4623.6      7.3      5.7      4.9 2023  3 11 22  2  2.000  2.25   7
   110456  40.464217 -124.036605    21.986     2930.1     4580.3    -3371.5     12.2      9.4     12.3 2023  1  1 23 43 15.800  0.87   7
   110457  40.373002 -124.138696    32.940    -5735.0    -5548.5     7581.8     10.2     10.2      6.4 2023  1 18 23 33 23.240  1.29   7
   110472  40.427755 -123.975594    30.685     8108.4      531.4     5327.2      6.0      8.7      6.3 2023  2  1 13  7  8.630  2.17   7
   110493  40.437866 -123.997103    29.441     6282.7     1654.2     4083.3      9.8     11.6      9.9 2023  1  1 20 39 27.200  0.90   7
   110503  40.443278 -124.035124    25.565     3056.3     2255.1      207.5      5.8      5.6      4.7 2023  1  2  5 55 55.720  1.08   7
   110536  40.447640 -124.020207    26.139     4321.9     2739.5      781.3      5.9      6.2      6.7 2023  1  1 19  9 40.500  1.03   7
   110563  40.365312 -124.109269    23.129    -3237.0    -6402.5    -2229.2      6.1      6.1      6.0 2023  3 13  6 22 55.270  1.07   7
   110576  40.456368 -123.999504    23.381     6078.1     3708.7    -1977.3     10.5     11.3      8.9 2023  1  1 19 17 41.680  1.12   7
   110601  40.363798 -124.170890    30.442    -8468.8    -6570.6     5083.6      4.1      5.8      4.2 2022 12 21 11 23 41.660  0.93   7
   110606  40.449719 -124.001351    28.174     5921.7     2970.4     2815.7     10.7     11.6     11.5 2023  1  1 19 51  1.960  0.91   7
   110616  40.440922 -124.037337    25.838     2868.5     1993.5      480.1      5.0      4.8      5.0 2023  4 19  4 14 25.130  0.93   7
   110639  40.461239 -123.979191    22.141     7801.2     4249.5    -3216.8      5.3      6.0      4.9 2023  1  1 20 22 17.380  1.37   7
   110640  40.436422 -124.013965    29.039     4851.9     1493.8     3680.9      7.4      6.1      3.0 2023  1  1 18 55 10.060  2.21   7
   110668  40.395911 -124.045532    29.499     2173.8    -3004.7     4140.9     13.2     14.0      9.0 2023  1  1 19 18 40.760  1.27   7
   110693  40.459660 -124.040999    25.421     2557.4     4074.2       63.3      7.0      6.5      7.2 2023  1  1 19  3 59.640  1.01   7
   110701  40.456173 -124.022095    24.891     4161.4     3687.0     -467.3      5.8      5.5      6.1 2023  1  2 23 43  1.560  1.21   7
   110704  40.476868 -124.046281    23.793     2109.0     5985.0    -1564.7     13.2     10.3     12.3 2022 12 29 13 14 49.800  1.45   7
   110709  40.387089 -124.246143    26.786   -14855.2    -3984.3     1427.5      4.5      4.4      3.4 2023  4 18 21  0 30.040  1.34   7
   110733  40.412236 -124.129297    22.019    -4935.6    -1191.9    -3338.9     11.5     13.2      2.3 2023  1 17  1 49  9.700  2.75   7
   110764  40.424585 -123.980705    24.663     7674.9      179.4     -694.7      8.4     10.0     14.4 2023  1  1 19 14 27.920  2.17   7
   110775  40.427417 -124.063542    27.496      645.0      493.9     2137.8      5.8      5.5      5.5 2023  1 25 22  4 46.680  1.02   7
   110792  40.435563 -124.028377    24.136     3628.9     1398.4    -1222.1      6.2      6.1      7.3 2023  2  2  4 36 49.580  0.83   7
   110811  40.462162 -124.030941    27.735     3410.7     4352.1     2376.9     10.5     11.1     11.8 2023  1  1 20 19 37.080  1.15   7
