   105726  40.377490 -124.252083    26.418      205.2     -399.9     -883.3      7.6     13.3      8.1 2020  4  8  8 21 58.120  0.00  14
   105730  40.376729 -124.250993    26.408      297.9     -484.4     -893.5      5.2      5.1      4.5 2020  8 18 23 54 39.920  0.00  14
   105732  40.392037 -124.252889    26.675      136.8     1215.4     -626.6      6.0     24.7      5.5 2020 12 18 23 41 26.600  0.00  14
   105733  40.387004 -124.243612    26.097      924.6      656.5    -1204.0     13.2     19.6     12.8 2021  3 13  9 16 42.120  0.00  14
   105734  40.387463 -124.248014    26.400      550.7      707.6     -901.3     10.6     12.2      9.2 2021  3 28 18 51 39.620  0.00  14
   105739  40.369918 -124.259945    26.488     -462.4    -1240.7     -813.5      9.1     11.7      5.2 2021  8 26  7 46  5.300  0.00  14
   105740  40.376270 -124.250277    26.457      358.7     -535.4     -843.9      8.6      8.9      6.0 2021 11  3  0 24 55.500  0.00  14
   105742  40.376872 -124.249894    26.417      391.2     -468.5     -883.9      6.0      6.8      8.7 2021 11  3  0 56  1.640  0.00  14
   105743  40.379293 -124.246729    26.346      660.0     -199.7     -954.8     11.9     10.6      6.4 2021 11  3  7 36 58.280  0.00  14
   105744  40.360315 -124.252303    26.064      186.6    -2307.1    -1237.0     10.8     18.7     10.0 2021 11  3  4 55 54.820  0.00  14
   105745  40.377954 -124.250741    26.321      319.3     -348.4     -980.1     10.1     11.4      6.9 2021 11  3  3 50 44.720  0.00  14
   105747  40.375313 -124.247616    26.200      584.7     -641.6    -1101.3     19.7     22.4     12.8 2021 11  3  2 39 53.560  0.00  14
   105749  40.380107 -124.238875    26.014     1326.8     -109.3    -1287.6      8.5      5.6      7.9 2021 11  3  2 37 16.800  0.00  14
   105750  40.375631 -124.250000    26.443      382.2     -606.4     -858.4      7.9      7.7      6.0 2021 11  3  0 41 54.400  0.00  14
   105751  40.376843 -124.250505    26.408      339.3     -471.7     -893.6      5.8      5.8      7.3 2021 11  3  0 39 12.580  0.00  14
   105752  40.377584 -124.250863    26.381      308.9     -389.5     -920.6      8.8     10.4      4.8 2021 11  3  0 34 13.400  0.00  14
   105754  40.377116 -124.248771    26.389      486.5     -441.4     -912.5      7.3      6.1      4.1 2021 11  3  0 32  6.680  0.00  14
   105757  40.376176 -124.250358    26.434      351.8     -545.8     -867.6      8.0      6.9      6.7 2021 11  4  7 12  1.600  0.00  14
   105762  40.375342 -124.249455    26.560      428.5     -638.4     -741.0      9.9     13.9      7.7 2021 11 11 13 42 18.820  0.00  14
   105763  40.378910 -124.252352    26.368      182.4     -242.2     -932.8     12.1     17.4      9.1 2021 12 20 22  5 44.360  0.00  14
   105764  40.368258 -124.258960    26.619     -378.7    -1425.1     -682.2      8.1     12.5      5.6 2021 12 20 21 35 24.780  0.00  14
   105765  40.372579 -124.255444    26.229      -80.2     -945.2    -1072.3      7.0      5.3      4.9 2021 12 20 20 32  9.520  0.00  14
   105768  40.375724 -124.247021    26.370      635.1     -596.0     -931.1     12.5     14.3     12.0 2021 12 21  6 11 58.360  0.00  14
   105769  40.374471 -124.248592    25.913      501.7     -735.1    -1388.5     11.8     22.4     10.6 2021 12 21  7 56 43.800  0.00  14
   105772  40.380986 -124.253784    26.543       60.8      -11.7     -758.3     11.5     14.8     10.3 2021 12 21  0 19 42.020  0.00  14
   105774  40.389327 -124.256038    26.957     -130.6      914.5     -344.3      8.4      9.4      7.1 2021 12 21 20 50 48.500  0.00  14
   105775  40.381661 -124.242562    26.242     1013.8       63.3    -1059.4     10.7     14.7      5.7 2021 12 22  3 33 33.340  0.00  14
   105777  40.382027 -124.250334    26.270      353.8      103.9    -1030.9     12.4     23.7     10.9 2021 12 22 18 39 56.880  0.00  14
   105778  40.378133 -124.252905    26.366      135.5     -328.5     -934.8      8.7     14.6      8.6 2021 12 22  3  7 48.260  0.00  14
   105780  40.375822 -124.252384    26.386      179.7     -585.1     -915.2      5.5      5.3      4.2 2021 12 24  3 24 30.240  0.00  14
   105782  40.389034 -124.252246    26.608      191.4      882.0     -693.6     11.3     14.4     12.4 2021 12 24 10 12  5.420  0.00  14
   105784  40.371838 -124.251880    26.307      222.5    -1027.5     -993.7      8.4     13.5      7.7 2021 12 25 17 31 35.020  0.00  14
   105787  40.370907 -124.257235    26.537     -232.2    -1130.9     -764.7      6.9     10.5      5.2 2021 12 26 19 40 33.940  0.00  14
   105789  40.381189 -124.248112    26.175      542.5       10.8    -1125.8     10.3     24.3     10.4 2021 12 29 23 58 51.860  0.00  14
   105791  40.370288 -124.254297    26.253       17.3    -1199.6    -1047.9     11.2      9.9      9.0 2022  1  4 13 16 11.840  0.00  14
   105793  40.376050 -124.252124    26.401      201.8     -559.8     -900.5      5.4      5.1      4.4 2022  1  9  0 23 57.200  0.00  14
   105794  40.375712 -124.251831    26.419      226.7     -597.3     -882.6      6.8      6.8      4.8 2022  1  9  0 25 32.700  0.00  14
   105796  40.376119 -124.252409    26.396      177.6     -552.1     -905.1      5.3      5.0      4.3 2022  1 26 19 43 31.500  0.00  14
   105798  40.372762 -124.251652    26.490      241.9     -924.9     -811.6      8.2     10.7      7.6 2022  2  6 19 27 40.580  0.00  14
   105802  40.369649 -124.257210    26.574     -230.1    -1270.6     -727.1     10.1     14.8      8.3 2022  3 23  1 53 21.540  0.00  14
   107897  40.400716 -124.263875    28.458     -796.0     2179.2     1156.3     12.0      6.9      8.1 2020  6 13 20  4 41.920  0.00  14
   107899  40.396700 -124.261556    28.180     -599.1     1733.2      878.4      5.2      6.6      5.1 2021 11  3 20 34 30.060  0.00  14
   107900  40.396619 -124.260457    28.177     -505.8     1724.2      875.6      5.3      6.3      5.6 2021 11  3  5 51 50.700  0.00  14
   107907  40.396639 -124.260872    28.148     -541.0     1726.4      847.1      8.5      8.7      6.8 2021 12 21  5  6 47.280  0.00  14
   107910  40.397054 -124.261320    28.214     -579.0     1772.5      912.6      9.0      7.7      8.0 2021 12 27  0 40 32.520  0.00  14
   107911  40.396940 -124.263802    28.214     -789.8     1759.9      913.3      8.6      6.1      5.3 2021 12 29 17 56  6.640  0.00  14
   107912  40.401567 -124.261255    28.169     -573.5     2273.6      867.4     12.2      7.7     10.3 2022  1  4  6 25 11.060  0.00  14
   107914  40.397168 -124.261247    28.169     -572.8     1785.2      867.5      8.0      8.2      5.9 2022  1 18  8 29 53.180  0.00  14
   107915  40.398364 -124.281063    28.537    -2255.3     1918.0     1236.0     21.5     21.1     16.3 2022  1 20 19 35 45.720  0.00  14
   107916  40.395284 -124.263778    28.178     -787.7     1576.0      877.0     12.5      8.2      5.3 2022  3 10 19 43 36.080  0.00  14
   107917  40.397705 -124.260067    28.141     -472.6     1844.8      839.3     12.2      6.7      5.0 2022  3 21 15 45 36.680  0.00  14
   107919  40.398124 -124.261784    28.145     -618.4     1891.4      844.1      8.5     10.1      7.1 2022  4 28 16 18 59.900  0.00  14
   107920  40.397209 -124.261076    28.171     -558.3     1789.7      869.8      6.7      8.0      5.3 2022  4 30 20 33  4.260  0.00  14
   107922  40.398230 -124.261458    28.205     -590.8     1903.1      903.9     11.2      5.4      4.5 2022  7  3 16 44 36.540  0.00  14
   107924  40.398088 -124.260628    28.212     -520.3     1887.3      910.5     10.7      5.1      4.4 2022  7 19  9 28  3.620  0.00  14
   107925  40.396611 -124.261702    28.179     -611.5     1723.3      877.4      6.0      7.3      4.9 2022  8 20 18 57 36.780  0.00  14
   108010  40.368490 -124.254972    29.991      -40.1    -1399.3     2689.7      7.6      6.0      5.8 2020  4  7 16 19 13.760  0.00  14
   108011  40.369360 -124.259513    30.199     -425.7    -1302.6     2897.9      5.6      6.0      6.7 2021  5 20  8  1 14.180  0.00  14
   108012  40.365653 -124.255249    30.236      -63.6    -1714.2     2935.3     14.6     14.8      5.9 2021  6  9 14 43 15.220  0.00  14
   108013  40.370931 -124.252580    30.150      163.1    -1128.2     2848.3     16.7      8.7      5.6 2021  7 19  0 53 28.240  0.00  14
   108019  40.367244 -124.255306    30.103      -68.4    -1537.6     2801.8     10.1      7.3      5.9 2021 11  3  6 42 52.940  0.00  14
   108021  40.375920 -124.261434    30.123     -588.8     -574.3     2821.4      6.0     15.1      8.4 2021 12 21  2 47 39.000  0.00  14
   108024  40.375146 -124.268758    30.103    -1210.8     -660.1     2801.4     21.8      8.5      7.4 2022  1  7  2 30  4.920  0.00  14
   110380  40.375940 -124.251465    26.394      257.8     -572.0     -907.4      5.3      4.5      4.4 2022 12 26  3 17 37.280  0.86  14
   110463  40.398848 -124.261890    28.190     -627.4     1971.8      888.5      4.3      4.2      3.8 2023  5 18 12 50 14.940  1.05  14
   110471  40.366968 -124.251530    30.108      252.3    -1568.3     2806.5      5.0      4.6      3.9 2023  3 30 14 41 33.470  1.24  14
