   104481  40.457605 -124.594336    15.174     1504.3     2101.5     -921.0     41.3     35.7    102.9 2020  3 18 23  8 26.040  0.00  33
   104487  40.457300 -124.595508    14.623     1404.9     2067.6    -1471.8     14.1     28.6     42.9 2020 10  8  1 55 57.720  0.00  33
   104490  40.457035 -124.594067    15.454     1527.1     2038.2     -641.0     40.6     48.6     39.8 2021  5  6 21 17  8.520  0.00  33
   104492  40.456510 -124.595020    15.060     1446.3     1979.9    -1034.5     26.5     58.4     87.3 2021  5 22 23 14 19.040  0.00  33
   104497  40.457227 -124.595630    14.752     1394.6     2059.5    -1342.4     15.5     22.6     37.0 2021  9 11  3  0 21.140  0.00  33
   104498  40.456360 -124.595719    15.059     1387.0     1963.2    -1036.1     20.8     28.8     46.3 2021  9 11  3  1  4.800  0.00  33
   104499  40.457210 -124.594857    14.903     1460.1     2057.7    -1191.7     25.7     22.4     61.2 2021 11 16  9  0 22.520  0.00  33
   104500  40.456368 -124.595280    15.053     1424.3     1964.1    -1041.9     20.8     40.2     52.3 2021 12 10 12 25 58.640  0.00  33
   104501  40.457080 -124.595199    14.860     1431.1     2043.2    -1235.1     22.6     20.4     58.7 2021 12 10 12 35 52.640  0.00  33
   104502  40.456038 -124.595898    14.815     1371.8     1927.5    -1279.6     28.5     42.7     93.2 2021 12 20 12 11 43.960  0.00  33
   104507  40.456942 -124.595435    15.301     1411.1     2027.8     -794.0     25.3     48.4     67.5 2022 11 12 18 19 26.940  0.00  33
   104508  40.456344 -124.596102    14.934     1354.5     1961.4    -1161.1     33.1     48.3     99.0 2022 11 13 22 28 58.880  0.00  33
   108030  40.442830 -124.586694    20.151     2152.8      460.9     4055.8     41.5     54.2     92.6 2020  3 20  4 57 46.360  0.00  33
   108034  40.445166 -124.589559    20.735     1909.7      720.2     4639.7     64.7    115.4     93.5 2020  4 18  6  9 25.600  0.00  33
   108040  40.441463 -124.586060    20.934     2206.7      309.1     4839.3     28.1     48.1     49.7 2022  5 14  3 53 43.320  0.00  33
   108050  40.444625 -124.585604    20.396     2245.3      660.1     4300.7     46.9     82.5    114.2 2022  9 25  5 36 43.760  0.00  33
   109018  40.426274 -124.625985    15.939    -1180.8    -1377.6     -155.9     37.3     48.5     33.8 2020  9 11 21 15 56.120  0.00  33
   109019  40.426111 -124.625659    15.992    -1153.2    -1395.7     -103.0     28.1     46.7     42.2 2020  9 11 21 24 14.140  0.00  33
   109020  40.424988 -124.625838    16.176    -1168.4    -1520.4       81.3     27.3     41.6     36.1 2021  7 18  4  2  8.360  0.00  33
   109021  40.428092 -124.625659    15.829    -1153.2    -1175.7     -265.9     31.5     43.0     47.2 2022  1  6 16 11 51.780  0.00  33
   109022  40.428243 -124.625708    15.833    -1157.3    -1159.0     -261.9     32.9     38.6     38.9 2022  1  7  3 48 25.000  0.00  33
   109023  40.428003 -124.625521    16.016    -1141.4    -1185.6      -78.6     36.4     55.6     75.8 2022  7 28 23 32 44.180  0.00  33
   109024  40.425114 -124.625993    16.059    -1181.5    -1506.4      -35.7     29.6     42.1     65.6 2022  9  3  4 53  8.380  0.00  33
   109025  40.424679 -124.625350    16.813    -1127.0    -1554.8      718.0     35.8     55.4     77.8 2022  9 26 20 40 26.760  0.00  33
   109026  40.428638 -124.624870    15.428    -1086.2    -1115.1     -666.6     29.3     65.5     76.0 2022 11  8 12 31 51.720  0.00  33
   109720  40.415100 -124.648812    14.060    -3118.0    -2618.4    -2035.2     55.8     90.1    110.3 2021  7 23  3 43  1.120  0.00  33
   109722  40.412882 -124.650472    15.109    -3258.9    -2864.6     -985.4     37.9     71.1    131.0 2022  5 16 16 24 49.400  0.00  33
   109723  40.410055 -124.651042    15.136    -3307.4    -3178.7     -958.4     50.0     82.9    138.5 2022  5 16 16 26 37.480  0.00  33
   110340  40.456954 -124.595557    14.733     1400.8     2029.2    -1362.3     13.6     25.5     46.4 2023  5 28 21 51 34.820  1.43  33
   110473  40.441996 -124.586377    21.091     2179.8      368.2     4996.6     24.4     38.0     58.1 2022 12 29 18 28  9.820  1.32  33
   110585  40.427364 -124.625578    15.898    -1146.3    -1256.6     -196.7     29.8     34.2     33.9 2023  1 23  1 44 26.910  2.18  33
   110680  40.412524 -124.649902    16.207    -3210.6    -2904.4      112.6     37.7     64.0    160.1 2022 12 20 19 17  5.280  2.32  33
   110800  40.454061 -124.584334    19.092     2352.9     1707.9     2997.3     39.6     59.0     67.2 2023  4  2 19 37 29.680  0.86  33
