   103372  40.279126 -124.521086    19.954       38.8      103.0      -16.1    234.7    358.2    249.5 2020  1 13  4 35 54.740  0.00  32
   103373  40.279053 -124.521126    19.972       35.3       94.9        2.5    225.4    344.9    201.6 2020  1 14 13 28 33.620  0.00  32
   103376  40.278442 -124.521379    19.803       13.8       27.1     -167.0    274.3    451.8    150.0 2020  4 23  2 43 50.960  0.00  32
   103380  40.278418 -124.521501    19.926        3.5       24.4      -44.4    166.6    245.3    257.4 2020  6 22 23 31  2.020  0.00  32
   103381  40.278707 -124.521354    20.001       15.9       56.5       31.3    166.1    304.9    401.4 2020  6 28 17 22 53.120  0.00  32
   103383  40.278092 -124.521647    19.967       -9.0      -11.7       -3.2    146.5    254.4    166.3 2020  7 13 10 22  7.320  0.00  32
   103384  40.278902 -124.521305    20.003       20.1       78.2       33.3    216.5    344.4    316.4 2020  8  3  9  6  1.760  0.00  32
   103389  40.278894 -124.521257    19.956       24.2       77.3      -14.1    201.0    306.6    272.2 2020 11  5 12 38 58.240  0.00  32
   103390  40.278735 -124.521330    19.943       18.0       59.6      -27.3    191.8    277.6    163.1 2020 11  5 12 39 36.040  0.00  32
   103391  40.278674 -124.521379    19.964       13.8       52.9       -6.2    177.8    260.4    203.8 2020 11  6  8 25 13.440  0.00  32
   103392  40.277242 -124.522135    19.952      -50.5     -106.2      -18.2    262.4    402.4    191.2 2020 12 29  9  1 15.600  0.00  32
   103397  40.278914 -124.521257    20.012       24.2       79.5       41.7    182.9    346.0    464.7 2021  3  4 17  8 37.200  0.00  32
   103400  40.278951 -124.521183    19.965       30.5       83.6       -4.7    205.2    314.3    178.9 2021  3 27 10 50 25.740  0.00  32
   103401  40.279061 -124.521151    20.001       33.2       95.8       31.1    189.2    338.2    370.4 2021  4  5 11 42 43.140  0.00  32
   103403  40.278951 -124.521240    19.938       25.6       83.6      -31.5    196.3    309.0    246.0 2021  5 29 16 34 35.700  0.00  32
   103404  40.278715 -124.521379    20.011       13.8       57.4       41.2    173.5    347.9    494.4 2021  6 13  0 34 11.440  0.00  32
   103412  40.276908 -124.522388    20.287      -72.0     -143.2      316.9    294.6    474.5    576.0 2021  9 19 22 24 28.280  0.00  32
   103413  40.276880 -124.522412    20.318      -74.1     -146.4      348.3    306.1    498.8    564.0 2021  9 23  7 46 21.640  0.00  32
   103414  40.278206 -124.521549    19.960       -0.7        0.9       -9.8    136.0    238.2    173.4 2021 10 10  2 35 36.640  0.00  32
   103415  40.277539 -124.521867    19.939      -27.7      -73.2      -30.8    172.7    435.0    500.1 2021 10 12 11 35 15.460  0.00  32
   103416  40.277869 -124.521720    19.964      -15.2      -36.6       -6.0    162.3    288.3    282.3 2021 10 13  3 15 11.500  0.00  32
   103417  40.277287 -124.522103    19.950      -47.8     -101.2      -19.8    252.0    386.2    225.6 2021 10 25 12 13 10.580  0.00  32
   103418  40.278056 -124.521688    19.969      -12.5      -15.8       -1.4    144.3    240.4    172.1 2021 11 10 23 37 13.460  0.00  32
   103420  40.278365 -124.521509    19.941        2.8       18.5      -29.2    165.5    279.9    228.7 2021 11 16 10 50 11.560  0.00  32
   103421  40.278874 -124.521273    20.006       22.8       75.0       36.5    167.5    298.7    328.9 2021 11 18 14 19 52.740  0.00  32
   103422  40.278186 -124.521606    19.959       -5.5       -1.4      -10.6    140.8    225.2    212.6 2021 12  7 14 41 31.160  0.00  32
   103423  40.278768 -124.521297    19.908       20.8       63.3      -62.3    195.0    280.9    341.1 2021 12 15 14 48 20.300  0.00  32
   103424  40.278223 -124.521566    19.955       -2.1        2.7      -14.6    135.7    247.8    210.6 2021 12 20 14 25 10.760  0.00  32
   103426  40.277962 -124.521720    19.985      -15.2      -26.2       14.9    142.9    232.9    187.0 2021 12 20 20  7 39.320  0.00  32
   103427  40.277730 -124.521745    19.953      -17.3      -52.0      -17.4    154.4    375.4    393.6 2021 12 20 21 43 57.240  0.00  32
   103429  40.279008 -124.521240    19.940       25.6       89.9      -30.4    215.7    329.3    272.3 2021 12 22 16  0 10.800  0.00  32
   103430  40.278670 -124.521370    20.006       14.5       52.4       36.1    153.4    268.7    265.3 2021 12 24 11  3 50.560  0.00  32
   103431  40.278853 -124.521289    20.004       21.5       72.7       33.9    169.6    317.1    375.2 2021 12 26 21 48 44.840  0.00  32
   103434  40.278040 -124.521647    19.969       -9.0      -17.6       -1.2    142.5    280.3    139.6 2022  4 30 21  3 55.400  0.00  32
   103435  40.276937 -124.522168    19.958      -53.3     -140.1      -11.9    242.3    363.1    447.0 2022  5 31 11 52 23.980  0.00  32
   103436  40.278084 -124.521647    19.976       -9.0      -12.7        5.9    143.8    226.9    199.3 2022  9  1 13  9 26.560  0.00  32
   103439  40.277824 -124.521663    19.948      -10.4      -41.6      -21.7    159.7    352.0    340.3 2022  9 23 17 55 19.120  0.00  32
   103440  40.278040 -124.521615    19.970       -6.2      -17.6       -0.4    162.1    256.8    248.2 2022  9 26 16 59 43.680  0.00  32
   110321  40.278064 -124.521663    19.972      -10.4      -14.9        2.1    137.0    212.8    159.6 2022 12 23 14 21 11.630  0.91  32
