   101493  40.325826 -124.367367    18.820      -74.7       14.9       30.4    302.2    437.4    298.6 2020  2 11  9 19 30.880  0.00  64
   101495  40.325850 -124.366838    18.769      -29.7       17.6      -20.5    336.6    438.4    313.6 2020  5  8 14 19  3.300  0.00  64
   101497  40.325578 -124.366414    18.781        6.2      -12.7       -8.7    223.7    325.1    242.0 2020  8 31 23 45 31.400  0.00  64
   101498  40.326619 -124.367025    18.822      -45.6      103.0       31.9    248.1    348.3    270.7 2020 10  2 17  4  0.640  0.00  64
   101499  40.325598 -124.366732    18.804      -20.7      -10.4       13.8    167.5    245.6    218.9 2021  1 10 20 29 48.820  0.00  64
   101502  40.325916 -124.366960    18.813      -40.1       24.9       22.5    206.7    310.0    219.8 2021  7  7  8 30 52.060  0.00  64
   101505  40.325944 -124.366878    18.803      -33.2       28.0       12.9    195.3    253.5    218.8 2021  9 16  6 39 23.680  0.00  64
   101507  40.326383 -124.367277    18.812      -67.1       76.8       22.1    276.8    330.8    297.5 2021 10  5  5  0 45.320  0.00  64
   101545  40.325663 -124.366675    18.795      -15.9       -3.2        5.3    200.2    244.2    195.0 2022  4 17 22 59 31.240  0.00  64
   101547  40.330314 -124.367432    18.802      -80.2      513.3       11.8    267.4    961.8    305.6 2022  5 16 11 54 22.560  0.00  64
   101549  40.326192 -124.366805    18.812      -27.0       55.6       21.6    234.4    331.1    204.3 2022  6 20  5 49 12.560  0.00  64
   101556  40.327580 -124.367220    18.812      -62.2      209.6       22.3    217.4    544.5    222.8 2022  9  1 16 52 14.460  0.00  64
   101559  40.324243 -124.365845    18.764       54.6     -160.9      -25.8    417.0    615.7    395.0 2022  9 17 21 37 56.320  0.00  64
   101560  40.324565 -124.365967    18.768       44.3     -125.2      -21.5    397.1    575.1    385.6 2022  9 17 20 44 21.300  0.00  64
   101563  40.326497 -124.366846    18.801      -30.4       89.5       10.6    219.1    357.2    244.8 2022  9 23  1  2 28.580  0.00  64
   110297  40.325525 -124.366203    18.782       24.2      -18.5       -8.4    192.3    259.6    208.0 2023  1  2 14 24 18.160  1.18  64
