   103037  40.494324 -124.704085    26.193      -78.6      -75.0      563.0      5.4      6.6     12.3 2020  1  9  2 28 46.420  0.00  21
   103039  40.497298 -124.702677    25.736       40.7      255.3      105.8      6.1      8.7     19.7 2020  2 13  3 49 16.980  0.00  21
   103041  40.497583 -124.702490    25.716       56.6      286.9       86.1      6.0      9.1     22.6 2020  2 13  4 46  3.640  0.00  21
   103047  40.494055 -124.704020    26.278      -73.1     -104.8      648.4      5.9      7.9     17.9 2020  3 24  7 13 13.600  0.00  21
   103049  40.492778 -124.703630    25.750      -40.0     -246.7      120.3      4.2      7.6     17.8 2020  4  2  6 14 42.300  0.00  21
   103050  40.492814 -124.703556    25.453      -33.8     -242.6     -177.5      5.3      9.8     21.7 2020  4  2  9 24  2.020  0.00  21
   103052  40.496704 -124.704736    26.853     -133.8      189.3     1223.0      6.1      9.2     14.6 2020  5  2 14 30  4.400  0.00  21
   103053  40.492529 -124.703841    25.750      -58.0     -274.3      120.4      4.9      9.4     12.7 2020  5 26 13 46 53.380  0.00  21
   103054  40.494368 -124.703743    25.883      -49.7      -70.0      253.5      4.1      6.1     12.7 2020  5 27 14 13 23.920  0.00  21
   103056  40.502226 -124.701082    25.712      175.9      802.5       81.6      9.3     20.1     24.9 2020  6  3  7 51 45.780  0.00  21
   103059  40.499491 -124.701025    26.294      180.7      498.8      663.5     11.3     15.0     33.4 2020  6 26  3 47 36.160  0.00  21
   103060  40.500545 -124.701172    25.407      168.3      615.9     -222.9     11.7     15.2     40.4 2020  7  3  9 58 33.980  0.00  21
   103061  40.499084 -124.701839    25.856      111.8      453.6      225.9      7.8     16.4     31.5 2020  7  8 14  3 32.400  0.00  21
   103063  40.493290 -124.703890    26.041      -62.1     -189.8      411.0      4.0      7.0     15.6 2020  9  7  3 44 39.520  0.00  21
   103068  40.500920 -124.701660    25.154      126.9      657.4     -476.5      5.5     14.1     17.2 2020 10  2  7 32  2.120  0.00  21
   103070  40.500151 -124.701929    25.614      104.2      572.0      -16.2      7.8     13.2     21.5 2020 10 18  5 17 38.540  0.00  21
   103073  40.499121 -124.702271    25.415       75.2      457.7     -214.8      7.0     11.7     31.8 2020 11  6  4 14 13.540  0.00  21
   103074  40.499207 -124.698804    23.609      369.1      467.2    -2021.3     12.1     19.9     15.2 2020 11 15 10  1 52.660  0.00  21
   103075  40.495951 -124.697697    22.498      462.9      105.7    -3131.8     34.7     47.3     46.8 2020 12  2  4 36 19.100  0.00  21
   103076  40.493571 -124.703752    26.192      -50.4     -158.6      562.1      3.9      6.9     13.3 2020 12 17  6 44 45.740  0.00  21
   103077  40.486462 -124.694670    21.407      719.6     -948.0    -4223.0     48.2     65.4     57.0 2021  1 12  2  8 19.400  0.00  21
   103078  40.497160 -124.697713    23.263      461.5      239.9    -2367.0     10.8     11.3     13.4 2021  1 19 17 42 49.980  0.00  21
   103079  40.501595 -124.701318    23.713      155.9      732.4    -1916.8      7.5     11.1      9.2 2021  1 19 18  1 13.300  0.00  21
   103083  40.495748 -124.704427    26.337     -107.6       83.1      706.7      6.6      5.9     14.7 2021  2  1  4 12  8.800  0.00  21
   103084  40.494690 -124.703882    26.185      -61.4      -34.3      554.9      3.9      6.1     13.6 2021  3 23  9 45 54.260  0.00  21
   103086  40.501343 -124.700830    23.866      197.3      704.4    -1764.3     12.5     19.3     15.3 2021  4 26  7  2 45.300  0.00  21
   103089  40.497522 -124.698397     9.160      403.6      280.1   -16470.4     10.7     17.2    908.3 2021  6 15 10 46 43.260  0.00  21
   103090  40.499235 -124.708317    29.721     -437.4      470.4     4091.4     10.6      8.6     23.7 2021  7  4  0  5 36.200  0.00  21
   103091  40.494377 -124.703760    25.958      -51.1      -69.1      327.6      4.9      5.5     17.4 2021  7 13 21 59  0.800  0.00  21
   103092  40.493156 -124.703841    25.980      -58.0     -204.7      350.4      4.2      7.9     19.6 2021  7 18  2  1  4.540  0.00  21
   103093  40.494360 -124.703882    26.329      -61.4      -70.9      699.0      5.5      7.6     17.3 2021  7 21 10 36 48.460  0.00  21
   103097  40.492749 -124.703727    25.843      -48.3     -249.9      212.9      5.3      6.1     17.0 2021 11 22  2 25 23.060  0.00  21
   103098  40.492586 -124.703564    25.799      -34.5     -267.9      168.7      4.7      9.0     12.3 2021 11 22  1 57 48.440  0.00  21
   103099  40.495317 -124.703345    25.602      -15.9       35.2      -27.5      7.5     10.4     25.6 2021 11 22 21 23 58.880  0.00  21
   103100  40.502629 -124.698551    23.842      390.5      847.2    -1788.3      6.2     14.5      7.7 2021 11 27 13 33 29.400  0.00  21
   103105  40.493555 -124.703882    26.288      -61.4     -160.4      657.6      3.9      7.0     15.4 2022  2 16 13 34 40.600  0.00  21
   103107  40.499923 -124.702433    25.900       61.4      546.7      269.7      8.3      7.5     21.2 2022  3 12  7 11 15.140  0.00  21
   103108  40.492497 -124.703874    25.674      -60.7     -277.9       43.7      4.1      9.6     22.0 2022  4  4 11 35  9.120  0.00  21
   103110  40.499833 -124.701945    25.334      102.8      536.8     -296.0      8.3     14.5     23.5 2022  4  9 17 16  5.540  0.00  21
   103112  40.493193 -124.703695    25.845      -45.5     -200.6      215.4      4.1      7.3     16.8 2022  5 30 13 48 37.440  0.00  21
   103113  40.493595 -124.703776    25.865      -52.4     -155.9      235.1      4.1      7.6     16.8 2022  5 30 13 30 56.840  0.00  21
   103114  40.492957 -124.703597    25.897      -37.3     -226.8      266.9      4.5      8.7     14.0 2022  5 30 13 39 35.600  0.00  21
   103116  40.501717 -124.705900    26.803     -232.5      746.0     1173.3      7.1      9.6     26.1 2022  6 14  6 34  6.200  0.00  21
   103117  40.493534 -124.703646    25.836      -41.4     -162.7      206.3      4.1      6.9     13.2 2022  6 23 22 54 39.680  0.00  21
   103120  40.494430 -124.703776    26.007      -52.4      -63.3      377.4      3.9      6.5     19.4 2022  9 22  3 48 37.700  0.00  21
   110315  40.493514 -124.703711    25.718      -46.9     -164.9       88.2      4.0      5.2     12.4 2023  5 17 16 10 52.790  2.77  21
