   104838  40.291618 -124.388892    21.317       49.1       -9.9      -53.3      7.6      5.7     10.1 2020  1 25 14 20 47.820  0.00  34
   104839  40.291650 -124.388932    21.326       45.7       -6.3      -44.0      7.5      5.4      9.1 2020  1 25 14 22 23.940  0.00  34
   104842  40.291597 -124.388639    21.295       70.6      -12.2      -75.2      8.2      6.7     11.0 2020  3 13 13 44 40.320  0.00  34
   104843  40.293302 -124.389128    21.341       29.1      177.1      -29.3      7.0     15.8      5.6 2020  5 23 16 19  5.400  0.00  34
   104844  40.294600 -124.389087    21.336       32.5      321.2      -33.6      9.0     23.1      5.6 2020  5 24 12  7 13.140  0.00  34
   104845  40.291545 -124.389502    21.371       -2.8      -18.1        0.9      3.9      7.2      3.3 2020  6  5 12  0 20.420  0.00  34
   104848  40.291614 -124.388737    21.305       62.3      -10.4      -64.6      8.0      6.4     11.1 2020 12 25 11 55 38.020  0.00  34
   104849  40.291638 -124.388737    21.307       62.3       -7.7      -62.6      7.8      6.2     10.9 2020 12 25 14 25 57.040  0.00  34
   104850  40.291585 -124.388810    21.308       56.0      -13.6      -62.4      7.4      5.9     13.2 2021  1 13 10  0 21.440  0.00  34
   104851  40.291691 -124.389437    21.363        2.8       -1.8       -6.8      3.6      6.0      4.2 2021  2  5 11 24  9.360  0.00  34
   104854  40.291431 -124.389453    21.368        1.4      -30.7       -1.6      3.8      7.9      3.5 2021  9 17  3 49 29.860  0.00  34
   104855  40.291545 -124.389640    21.378      -14.5      -18.1        7.7      6.0      8.4      4.9 2021 10 23 10 36 54.840  0.00  34
   104857  40.291394 -124.389429    21.369        3.5      -34.8       -1.5      4.0      8.4      3.4 2021 11 10 22 12  7.100  0.00  34
   104858  40.292318 -124.389502    21.365       -2.8       67.8       -4.7      4.4      9.5      4.1 2021 11 17 11 58 34.440  0.00  34
   104859  40.291882 -124.389583    21.370       -9.7       19.4        0.4      4.8      7.5      4.0 2021 12 20 22 16 24.420  0.00  34
   104862  40.291691 -124.389518    21.370       -4.2       -1.8        0.4      4.0      6.4      3.4 2021 12 21  0  0 44.500  0.00  34
   104863  40.291667 -124.389575    21.372       -9.0       -4.5        2.3      4.3      5.5      3.2 2021 12 21  7 32  7.940  0.00  34
   104864  40.291630 -124.389543    21.372       -6.2       -8.6        1.9      4.7      5.8      3.7 2021 12 21  7 32 38.440  0.00  34
   104866  40.291675 -124.389486    21.369       -1.4       -3.6       -0.6      3.9      6.8      3.3 2021 12 21 13 12 35.900  0.00  34
   104868  40.291663 -124.389551    21.374       -6.9       -5.0        4.1      4.2      7.3      3.5 2021 12 21  7 35 40.760  0.00  34
   104869  40.291882 -124.389518    21.370       -4.2       19.4        0.1      3.9      6.6      3.3 2021 12 21  5 59 26.840  0.00  34
   104870  40.291549 -124.389478    21.368       -0.7      -17.6       -1.8      4.1      7.2      3.3 2021 12 21  2 41 56.780  0.00  34
   104872  40.291764 -124.390145    21.414      -57.4        6.3       43.9      8.4      7.1      6.9 2021 12 21  5 35 36.300  0.00  34
   104874  40.291870 -124.389299    21.360       14.5       18.1      -10.4      4.9      6.6      4.6 2021 12 21 13 40 27.300  0.00  34
   104875  40.291463 -124.389502    21.374       -2.8      -27.1        4.4      3.8      8.3      3.9 2021 12 22  2 25 36.120  0.00  34
   104876  40.291496 -124.389526    21.373       -4.8      -23.5        3.1      4.4      7.6      3.7 2021 12 22  4 43 41.600  0.00  34
   104878  40.291585 -124.389526    21.373       -4.8      -13.6        2.8      4.3      7.3      4.1 2021 12 23 13 23  2.200  0.00  34
   104881  40.291752 -124.389478    21.369       -0.7        5.0       -0.6      3.7      6.4      3.5 2021 12 31 17  4  4.900  0.00  34
   104884  40.291675 -124.389486    21.371       -1.4       -3.6        0.9      3.7      6.6      3.3 2022  1 28 17 21 49.780  0.00  34
   104885  40.291760 -124.389494    21.371       -2.1        5.9        1.4      4.1      7.4      3.6 2022  1 28 15 57 19.160  0.00  34
   104886  40.291842 -124.389453    21.369        1.4       14.9       -0.8      3.8      5.5      3.3 2022  1 28 15 48 35.980  0.00  34
   104888  40.291585 -124.389551    21.372       -6.9      -13.6        1.9      4.5      6.8      3.4 2022  2 22  1 59 45.720  0.00  34
   104889  40.291858 -124.389526    21.369       -4.8       16.7       -0.9      4.1      6.6      3.5 2022  9  2 17 28 49.180  0.00  34
   110352  40.291732 -124.389600    21.372      -11.1        2.7        2.2      3.8      4.3      3.5 2023  3 28  2 26 28.480  2.85  34
