   103299  40.301078 -124.441056    16.099     -341.8      651.5     4794.9      2.1      7.6      2.3 2020  1 11  8  9 53.220  0.00   3
   103302  40.319116 -124.441113    15.811     -346.6     2654.5     4506.8      3.5      5.0      4.7 2020  6 20  1 12  2.720  0.00   3
   103304  40.296826 -124.446948    15.262     -842.8      179.4     3957.5      3.2     10.3      7.0 2021  9  3 16 25 22.980  0.00   3
   103305  40.303430 -124.441886    16.098     -412.4      912.7     4794.2      2.0      3.8      3.2 2021 10 26 20 14 25.640  0.00   3
   103306  40.302974 -124.442342    16.338     -451.1      862.1     5033.5      2.1      3.8      3.0 2021 11 29  3 55 54.720  0.00   3
   103308  40.298442 -124.446379    15.326     -794.3      358.7     4021.9      3.8      5.1      6.8 2022  1 17  0 41 16.960  0.00   3
   103309  40.302177 -124.447803    15.758     -915.4      773.5     4454.0      3.7      5.0      4.7 2022  4 21 18 50  2.480  0.00   3
   103310  40.294645 -124.448250    15.375     -953.5      -62.8     4070.4      3.0      5.2      2.7 2022  6 13 23 51 29.320  0.00   3
   104529  40.272856 -124.451619    14.288    -1240.2    -2482.3     2983.6      2.4      4.9      4.1 2020  3 14  9  6 38.520  0.00   3
   104530  40.268294 -124.449780    14.627    -1083.8    -2988.8     3322.9      3.3      3.7      4.7 2020  7  5  7 46  8.620  0.00   3
   104531  40.277596 -124.452498    15.379    -1314.8    -1955.9     4075.0      1.4      3.8      2.2 2021  6 10 16  5 44.680  0.00   3
   104533  40.271619 -124.451864    14.309    -1260.9    -2619.7     3004.8      1.7      3.6      2.3 2022  4 17 20 31 47.720  0.00   3
   104534  40.271098 -124.453573    14.463    -1406.3    -2677.5     3158.3      2.2      3.2      4.1 2022  5 15  1 35 15.920  0.00   3
   104535  40.278589 -124.449300    15.158    -1042.9    -1845.7     3853.7      2.7      4.6      3.4 2022  9 24 21 28 45.640  0.00   3
   104693  40.297192 -124.469027     7.065    -2720.0      220.0    -4239.7      2.1      6.4      4.7 2020  1 24  1 39  2.400  0.00   3
   104694  40.291447 -124.466870     8.466    -2536.7     -417.9    -2838.5      1.7      3.0      3.6 2020  2 21  1 12  7.100  0.00   3
   104696  40.292033 -124.465169     8.827    -2392.1     -352.9    -2477.5      2.6      4.4      7.1 2021  1  1 15 20 43.060  0.00   3
   104698  40.289901 -124.470955     7.049    -2884.1     -589.6    -4254.7      1.4      4.5      3.8 2021  5 16  2 25 38.800  0.00   3
   104703  40.307898 -124.467017     7.412    -2548.9     1408.8    -3892.0      1.8      4.2      3.9 2021  9 20 16 48 26.020  0.00   3
   104712  40.293807 -124.466447     8.343    -2500.7     -155.9    -2961.0      1.5      3.0      3.8 2022  8  6  8 20 30.200  0.00   3
   104713  40.292216 -124.467155     8.453    -2560.9     -332.5    -2851.1      2.0      3.2      3.4 2022  8  7  0 51 52.880  0.00   3
   104715  40.311446 -124.467041     8.414    -2550.9     1802.8    -2890.0      1.8     12.5      6.1 2022  9 22  7  9 12.140  0.00   3
   104895  40.293245 -124.434359    10.218      227.7     -218.2    -1085.9      3.1      5.1      4.5 2021  1  2 20 59 55.420  0.00   3
   104900  40.288774 -124.434823     9.803      188.2     -714.8    -1501.4      3.4      6.0      4.6 2022  6 30 13 34 13.920  0.00   3
   105395  40.291024 -124.476188     9.981    -3329.0     -464.9    -1323.5      2.5      5.8      3.8 2020  2 27  1 53 26.280  0.00   3
   105396  40.291227 -124.475806    10.015    -3296.5     -442.3    -1288.8      2.5      4.6      4.5 2020  2 27  1  4 58.680  0.00   3
   105401  40.289473 -124.473844     9.875    -3129.8     -637.1    -1428.8      2.4      5.1      4.1 2021  5 27 20 55 42.820  0.00   3
   105402  40.288700 -124.475635     9.913    -3282.0     -722.9    -1390.8      2.4      2.9      2.7 2021 11  2 18 31 25.320  0.00   3
   105405  40.298962 -124.476310     9.710    -3339.2      416.6    -1594.1      3.0      6.8      4.2 2022  2  5 14  9 41.840  0.00   3
   105567  40.296021 -124.410221     9.072     2279.9       89.9    -2232.1      1.3      1.6      1.3 2020  2  6 20  4 39.780  0.00   3
   105568  40.295793 -124.410173     9.118     2284.1       64.6    -2185.8      1.6      1.0      1.5 2020  2  6 12 55 50.160  0.00   3
   105573  40.295365 -124.409831     9.225     2313.1       17.2    -2078.9      1.5      1.6      1.5 2020  2  6  9 49 16.800  0.00   3
   105578  40.292102 -124.409741     9.070     2320.8     -345.2    -2233.9      4.2      6.2      5.2 2020  2  6  8 23 41.280  0.00   3
   105580  40.291252 -124.409888     9.095     2308.4     -439.6    -2208.8      2.1      4.5      3.7 2020  2  6  8 22 33.120  0.00   3
   105582  40.296057 -124.409823     9.217     2313.8       94.0    -2087.3      1.8      1.4      2.2 2020  2  6  9 57 11.480  0.00   3
   105583  40.295235 -124.409798     9.179     2315.9        2.7    -2125.6      2.1      2.3      2.2 2020  2  6  8 34 54.000  0.00   3
   105586  40.301640 -124.410262     9.066     2276.4      713.9    -2238.2      2.9      8.0      4.0 2020  2  6 12  3  0.260  0.00   3
   105587  40.291211 -124.410360     9.018     2268.2     -444.1    -2286.3      1.9      3.9      2.8 2020  2  6  9 41 35.420  0.00   3
   105589  40.295117 -124.409587     9.255     2333.9      -10.4    -2049.3      1.3      1.9      1.5 2020  2  6  8 20 25.240  0.00   3
   105590  40.296301 -124.409440     9.299     2346.3      121.1    -2005.3      2.5      1.8      3.2 2020  2  6 10  7 53.040  0.00   3
   105591  40.303560 -124.410750     9.076     2234.8      927.1    -2228.1      1.2      2.7      1.7 2020  2  6 15 55 41.420  0.00   3
   105592  40.291541 -124.410295     8.571     2273.8     -407.5    -2733.4      1.9      4.7      4.8 2020  2  6  9 51 27.520  0.00   3
   105594  40.299833 -124.412744     8.713     2065.4      513.3    -2591.0      3.0      5.6      3.8 2020  2  6  9 27 33.820  0.00   3
   105597  40.290715 -124.410645     9.034     2244.0     -499.3    -2270.4      2.5      5.2      3.5 2020  2  6  8 53 42.040  0.00   3
   105604  40.295154 -124.410286     9.084     2274.4       -6.3    -2220.2      1.2      1.5      1.2 2020  2  7  7 15 45.340  0.00   3
   105609  40.296423 -124.409456     9.151     2344.9      134.6    -2153.0      2.1      1.6      1.4 2020  4 19 12 52 19.420  0.00   3
   105610  40.300911 -124.410791     9.002     2231.4      633.0    -2302.1      2.9      4.7      4.3 2020  4 30  7 39 39.040  0.00   3
   105616  40.296273 -124.410002     9.129     2298.6      117.9    -2175.3      1.7      1.9      1.6 2020  8  4  3 15 29.880  0.00   3
   105617  40.296021 -124.410221     9.137     2279.9       89.9    -2167.1      1.5      2.8      2.0 2020  8  4  3 11 39.640  0.00   3
   105625  40.296419 -124.410457     9.083     2259.8      134.2    -2221.0      1.1      2.1      1.4 2020 10  5 20  6 31.680  0.00   3
   105626  40.295125 -124.409408     9.207     2349.1       -9.5    -2097.3      1.9      1.6      2.1 2020 10 17 13 13 57.540  0.00   3
   105632  40.288464 -124.411320     7.849     2186.6     -749.1    -3455.3      1.9      4.2      2.8 2020 11  6  0 35 33.340  0.00   3
   105636  40.293205 -124.408984     8.621     2385.1     -222.7    -2683.2      1.6      3.1      5.5 2020 11 22 18 48 25.880  0.00   3
   105639  40.287447 -124.410034     9.331     2296.0     -862.1    -1972.8      2.2      6.1      3.6 2021  1  8  0  5 36.980  0.00   3
   105643  40.290283 -124.410221     9.121     2280.0     -547.2    -2183.5      1.7      2.4      1.9 2021  1 14 18  3 40.280  0.00   3
   105647  40.309558 -124.410010     9.036     2297.7     1593.1    -2268.5      2.9      6.1      4.3 2021  4  5  1 28  0.080  0.00   3
   105651  40.298287 -124.410213     9.231     2280.6      341.6    -2073.0      3.1      5.7      3.6 2021  4 25 19 33 56.380  0.00   3
   105652  40.295841 -124.410645     9.216     2243.9       70.0    -2088.2      2.7      2.6      2.4 2021  4 25 21 29  3.360  0.00   3
   105653  40.298808 -124.410018     9.226     2297.2      399.4    -2078.2      2.9      6.9      3.2 2021  4 25 19 57 12.780  0.00   3
   105655  40.295740 -124.410783     9.062     2232.2       58.7    -2242.3      2.2      1.6      1.4 2021  6 18  6 16 35.580  0.00   3
   105657  40.286401 -124.409880     9.272     2309.1     -978.2    -2032.2      1.7      3.1      2.7 2021  8 11  0 30 31.640  0.00   3
   105659  40.296277 -124.409888     9.068     2308.3      118.4    -2236.6      1.7      3.0      3.1 2021  8 18  4 22 52.080  0.00   3
   105660  40.296139 -124.410278     9.075     2275.1      103.0    -2228.8      1.3      1.3      1.3 2021  8 29 18  9 38.000  0.00   3
   105663  40.298088 -124.410685     8.949     2240.4      319.4    -2355.3      2.0      3.8      3.3 2021  9 23 10 13 37.280  0.00   3
   105664  40.296102 -124.409823     9.086     2313.8       98.9    -2218.2      2.1      1.6      1.4 2021 10  8 15 58 36.020  0.00   3
   105669  40.296212 -124.410645     9.059     2243.9      111.1    -2245.1      1.3      1.8      1.8 2022  1  7 21 32 16.160  0.00   3
   105670  40.280050 -124.410970     9.078     2216.5    -1683.5    -2226.3      2.6      4.1      4.4 2022  1 29 22 57 58.940  0.00   3
   105671  40.280233 -124.410734     9.079     2236.6    -1663.2    -2225.4      2.8      4.7      4.5 2022  1 29 22 56 14.480  0.00   3
   105672  40.300557 -124.410067     9.199     2293.0      593.7    -2105.6      4.2      8.3      6.8 2022  2 19 21 35 38.840  0.00   3
   105673  40.297323 -124.410799     9.131     2230.8      234.5    -2173.4      1.8      3.6      1.8 2022  2 19 23 16 35.580  0.00   3
   105679  40.295443 -124.410400     9.176     2264.7       25.8    -2128.6      2.6      3.6      1.9 2022  4 25 10 16 52.960  0.00   3
   105680  40.296301 -124.410653     9.275     2243.2      121.1    -2029.0      3.3      5.4      2.5 2022  4 25  7 10 34.500  0.00   3
   105681  40.295605 -124.410579     9.166     2249.5       43.8    -2138.0      2.6      4.0      2.2 2022  4 25  7 16 11.420  0.00   3
   105684  40.295959 -124.411320     9.164     2186.5       83.1    -2139.8      3.4      4.0      5.9 2022  8 10 20 46 20.420  0.00   3
   105685  40.295483 -124.409595     9.098     2333.2       30.3    -2206.6      2.8      3.6      2.0 2022  9  2 17 54  0.080  0.00   3
   105686  40.296143 -124.409985     9.080     2300.0      103.5    -2223.8      1.4      2.1      2.1 2022  9 11  2 28 21.580  0.00   3
   105687  40.296261 -124.410099     9.081     2290.3      116.6    -2222.9      1.6      1.6      2.0 2022  9 11 12 26 35.060  0.00   3
   105688  40.296346 -124.410107     9.059     2289.6      126.1    -2244.9      1.6      1.7      1.5 2022  9 11  3 24  6.220  0.00   3
   105690  40.296480 -124.410376     9.037     2266.8      141.0    -2267.6      1.0      1.3      1.6 2022  9 24 15 21 42.660  0.00   3
   105691  40.296102 -124.410441     9.060     2261.2       98.9    -2244.3      1.0      1.0      1.5 2022  9 24 15 21 16.720  0.00   3
   105692  40.296200 -124.410620     9.057     2246.0      109.8    -2247.0      1.1      1.8      1.5 2022  9 24 21 44  3.460  0.00   3
   105694  40.295142 -124.409570     8.971     2335.3       -7.7    -2333.2      2.7      3.4      1.9 2022 11  8 22 47 56.820  0.00   3
   105696  40.294462 -124.409774     8.910     2318.0      -83.1    -2394.7      3.4      8.0      4.9 2022 11  8 17 35  8.240  0.00   3
   105697  40.294954 -124.410490     9.102     2257.1      -28.5    -2201.8      1.2      1.8      1.6 2022 11  8 18 59 51.840  0.00   3
   105699  40.295496 -124.409814     9.060     2314.5       31.6    -2244.1      1.6      3.9      2.5 2022 11  9 12 22 28.280  0.00   3
   105700  40.295785 -124.409692     9.065     2324.9       63.7    -2238.8      1.8      4.6      2.8 2022 11 11  1 39  8.080  0.00   3
   105703  40.295780 -124.410091     9.151     2291.0       63.3    -2153.4      1.1      1.6      1.4 2022 11 19  3  3  9.960  0.00   3
   105704  40.296110 -124.409993     8.992     2299.3       99.9    -2312.3      3.1      6.2      4.5 2022 11 26 18 35 17.380  0.00   3
   105968  40.290946 -124.483529     8.697    -3953.2     -473.5    -2607.4      3.2      5.1      7.2 2020  7 20 10 55 41.360  0.00   3
   105969  40.292253 -124.482324     8.833    -3850.7     -328.5    -2471.6      2.5      2.8      3.5 2020  7 21  9 15 14.060  0.00   3
   105970  40.291101 -124.483081     8.927    -3915.1     -456.3    -2377.0      3.1      3.9      4.7 2020  7 21 21 15 11.400  0.00   3
   105971  40.290043 -124.482503     8.639    -3866.0     -573.8    -2665.3      1.1      2.7      3.2 2020  7 21 17 28  7.260  0.00   3
   105972  40.292362 -124.482251     8.625    -3844.5     -316.3    -2679.0      2.2      4.0      5.4 2020  7 23  2 34 15.900  0.00   3
   105974  40.292049 -124.482389     8.728    -3856.2     -351.1    -2575.8      1.6      1.8      3.3 2020  9 13  2 27 30.260  0.00   3
   105980  40.291512 -124.482064     8.868    -3828.6     -410.7    -2436.6      1.2      2.1      3.1 2021  4 30 22 52 27.680  0.00   3
   105981  40.291423 -124.482625     8.762    -3876.3     -420.6    -2542.5      2.0      3.8      4.9 2021  5 18 18 56 59.020  0.00   3
   105983  40.293892 -124.482129     8.764    -3834.1     -146.4    -2540.5      1.0      3.4      1.9 2021  7 16 12 23  3.900  0.00   3
   105985  40.291789 -124.483805     8.659    -3976.7     -380.0    -2644.9      2.0      3.8      5.7 2022  2 19 13 54 44.280  0.00   3
   105992  40.291549 -124.482682     8.813    -3881.2     -406.6    -2490.8      1.1      4.1      2.6 2022  4 15  0 12 22.780  0.00   3
   105994  40.292163 -124.482300     8.672    -3848.6     -338.4    -2632.6      1.5      2.6      3.0 2022  6 13  7  3 31.880  0.00   3
   106894  40.302470 -124.453320    12.707    -1384.5      806.1     1403.2      2.5      4.7      4.0 2020  3  9 15 21  5.000  0.00   3
   106901  40.308960 -124.453410    12.914    -1392.0     1526.7     1609.8      2.0      7.3      4.7 2021  6  6  1 39 40.840  0.00   3
   106903  40.309054 -124.453337    12.897    -1385.8     1537.1     1592.7      2.1      6.6      4.4 2022  1 24  1 49 57.800  0.00   3
   106905  40.298735 -124.453654    13.156    -1412.9      391.3     1851.7      3.3      6.1      3.1 2022  9  3 12  2 18.720  0.00   3
   106906  40.299052 -124.452718    12.844    -1333.3      426.5     1540.1      1.6      5.4      3.8 2022 11 15 19 56 24.360  0.00   3
   107733  40.298059 -124.436385    14.856       55.4      316.3     3551.9      2.1      2.3      3.5 2020  7 29 15 46 20.300  0.00   3
   107735  40.298173 -124.435937    14.758       93.4      328.9     3454.1      1.7      3.1      3.0 2020  9  4  2 42 39.160  0.00   3
   107737  40.299382 -124.435897    15.051       96.9      463.1     3746.5      2.7      3.5      2.8 2020  9 16  7 22  8.180  0.00   3
   107742  40.298128 -124.437467    14.449      -36.7      324.0     3145.2      1.7      3.3      5.0 2021  1 21 15  1 43.620  0.00   3
   107743  40.298328 -124.434627    14.957      204.8      346.1     3653.1      1.8      1.9      3.5 2021  2 10  9 13 35.100  0.00   3
   107745  40.297441 -124.435710    14.819      112.8      247.6     3514.9      2.2      2.3      3.5 2021  5  2 16 32  4.860  0.00   3
   107747  40.297786 -124.436849    14.680       15.9      286.0     3375.5      2.0      2.0      2.7 2021  6 19  9  7 31.460  0.00   3
   107749  40.298006 -124.434839    15.003      186.8      310.4     3699.2      2.5      2.6      3.2 2021  8  4 16 55 19.760  0.00   3
   107750  40.298218 -124.435848    14.756      101.0      333.9     3451.5      1.8      3.0      3.2 2021  8  5 13 56 27.560  0.00   3
   107751  40.299036 -124.436662    15.057       31.8      424.7     3753.1      2.2      2.4      3.4 2021 10  4 13 30 54.640  0.00   3
   107754  40.297432 -124.437728    14.579      -58.8      246.7     3275.1      1.6      4.6      3.2 2021 11 29 17 37 32.460  0.00   3
   107755  40.297904 -124.435189    14.907      157.1      299.1     3602.9      2.0      2.4      3.0 2021 12 26  7 17 50.120  0.00   3
   107756  40.297786 -124.435579    14.708      123.9      286.0     3403.3      2.6      3.1      2.9 2021 12 28 17 48 55.620  0.00   3
   107758  40.297355 -124.436165    14.723       74.0      238.1     3418.5      3.1      5.6      4.4 2022  1 22  0  4 57.400  0.00   3
   107760  40.300859 -124.436149    14.799       75.4      627.1     3495.3      3.4      5.0      3.9 2022  2  4 23 36 48.780  0.00   3
   107761  40.299235 -124.436646    15.100       33.2      446.9     3795.8      2.7      2.2      3.5 2022  2 10 11 52 51.360  0.00   3
   107764  40.297900 -124.435636    14.781      119.0      298.7     3476.6      2.4      2.4      3.2 2022  3 20 23 32 39.400  0.00   3
   107766  40.298942 -124.435571    14.829      124.5      414.3     3524.7      1.9      4.3      2.4 2022  3 28  2 57 46.540  0.00   3
   107767  40.297860 -124.436068    14.728       82.3      294.1     3424.1      1.9      1.9      2.9 2022  4  2 10 43 37.000  0.00   3
   107769  40.297982 -124.437012    14.774        2.1      307.7     3470.2      2.0      4.3      3.5 2022  4 28 17 13  7.820  0.00   3
   107770  40.298840 -124.435758    15.011      108.6      403.0     3707.2      2.1      2.1      3.0 2022  5 13  1 16 48.300  0.00   3
   107772  40.297888 -124.435010    14.753      172.3      297.3     3448.7      1.9      2.2      3.1 2022  5 21 13 41 32.340  0.00   3
   107773  40.296912 -124.435726    14.739      111.4      188.9     3434.9      2.7      3.9      3.0 2022  5 22 19 28 25.500  0.00   3
   107774  40.298242 -124.433830    14.961      272.6      336.6     3656.4      2.0      2.7      2.9 2022  6 11 12 56  1.180  0.00   3
   107778  40.298287 -124.434408    14.906      223.5      341.6     3602.0      1.9      2.4      2.9 2022  7  7 10 44 49.700  0.00   3
   107780  40.298210 -124.436564    14.707       40.1      333.0     3402.8      2.3      2.3      3.0 2022  7 10 20 40 42.680  0.00   3
   107781  40.297603 -124.436100    14.795       79.6      265.7     3490.5      2.1      1.9      3.2 2022  7 17 22  5 39.680  0.00   3
   107782  40.298527 -124.434896    14.894      182.0      368.2     3589.6      2.5      2.8      3.8 2022  7 26 21 59  5.840  0.00   3
   107785  40.300545 -124.435173    15.069      158.4      592.3     3764.7      3.6      4.9      4.6 2022  8  7  7 26 12.620  0.00   3
   107786  40.298063 -124.435270    14.855      150.1      316.7     3550.9      2.2      2.4      3.2 2022  8  9  3 28 29.720  0.00   3
   107788  40.300411 -124.435693    14.834      114.2      577.4     3530.1      3.3      3.9      3.9 2022  8 14 16 35 40.980  0.00   3
   107792  40.304236 -124.438371    14.618     -113.5     1002.1     3314.0      1.9      6.5      3.7 2022  8 30 14  2  1.080  0.00   3
   107793  40.299084 -124.436987    15.131        4.2      430.1     3827.0      2.8      2.6      3.5 2022  9  6 17 29 43.260  0.00   3
   107795  40.297469 -124.435555    14.734      125.9      250.8     3429.3      2.6      3.8      2.9 2022 10  6  1 28  7.480  0.00   3
   107796  40.299691 -124.435954    14.972       92.0      497.5     3667.7      2.8      3.3      3.7 2022 10 21 12 57 48.880  0.00   3
   107797  40.297990 -124.436434    14.641       51.2      308.6     3336.5      1.9      2.2      2.8 2022 10 30  5  0 39.040  0.00   3
   107798  40.298230 -124.438395    14.705     -115.6      335.3     3401.2      2.3      3.0      4.8 2022 11  2 11  0 10.360  0.00   3
   107799  40.297782 -124.436263    14.753       65.7      285.6     3448.5      1.8      2.1      2.9 2022 11  5 13 55 55.220  0.00   3
   107804  40.298263 -124.434676    14.960      200.7      338.9     3655.6      2.6      3.0      3.6 2022 11 29  6 33  6.480  0.00   3
   108087  40.285262 -124.449658     9.752    -1073.3    -1104.7    -1551.8      1.6      3.2      2.4 2020 11  2 19 25 14.760  0.00   3
   108098  40.302279 -124.450488     8.537    -1143.7      784.8    -2767.2      1.3      4.8      1.9 2022  7 31  9  3 31.640  0.00   3
   108101  40.310811 -124.450944     8.205    -1182.4     1732.3    -3099.2      2.0      6.2      7.0 2022  9 21 11  5 36.240  0.00   3
   108715  40.299146 -124.439054    11.838     -171.6      436.9      533.8      2.0      4.3      3.6 2020  6  7 18 13 58.060  0.00   3
   108716  40.300350 -124.442448    11.690     -460.1      570.7      386.1      2.3      3.7      4.0 2020  8 14 12 38 33.660  0.00   3
   108717  40.299398 -124.442472    11.808     -462.2      464.9      504.1      2.0      3.8      3.7 2021  5 18 12  5 50.720  0.00   3
   108718  40.297917 -124.440202    11.726     -269.2      300.5      421.9      2.5      9.4      4.2 2021  7 18 19 18 32.920  0.00   3
   108719  40.299955 -124.442839    11.878     -493.3      526.8      574.2      2.2      4.4      4.6 2022  2  3  9 12 34.820  0.00   3
   108720  40.298364 -124.441064    11.661     -342.5      350.2      356.9      2.9      5.3      4.6 2022 11 14  0 20 45.400  0.00   3
   108721  40.299015 -124.439168    11.677     -181.3      422.5      372.9      2.7      3.1      2.8 2022 11 15  3 39 49.740  0.00   3
   108722  40.292249 -124.442188    11.725     -438.0     -328.9      421.2      2.3      5.0      2.9 2022 11 15  3 35 34.140  0.00   3
   108734  40.307434 -124.431266     8.635      490.5     1357.3    -2669.6      3.2      6.1      6.2 2020  6 14  9 19 55.660  0.00   3
   108737  40.307043 -124.432666     8.349      371.5     1313.9    -2955.1      1.9      3.3      3.6 2021  7  3  4  9  4.600  0.00   3
   108740  40.307971 -124.432251     8.366      406.8     1416.9    -2937.8      1.8      3.2      3.3 2021  8 20 23 51  4.580  0.00   3
   108741  40.308036 -124.432699     8.485      368.8     1424.2    -2819.3      2.5      3.8      3.1 2021  8 20 17 34 19.920  0.00   3
   108742  40.308305 -124.432406     8.419      393.7     1454.0    -2885.5      2.2      3.4      3.4 2021  8 20 21 38  4.660  0.00   3
   108745  40.308826 -124.432373     8.436      396.4     1511.8    -2868.0      2.1      4.5      3.4 2021  8 22 13  1 31.960  0.00   3
   108746  40.309281 -124.433529     8.202      298.2     1562.4    -3102.1      2.0      3.9      2.9 2021  9 20 22 54 47.060  0.00   3
   108747  40.306104 -124.432186     8.428      412.4     1209.5    -2876.3      2.6      2.9      2.9 2021 11 29 10 57 42.520  0.00   3
   108748  40.306624 -124.432438     8.581      390.9     1267.4    -2723.7      2.0      2.9      3.1 2021 11 29 19 42  7.460  0.00   3
   108906  40.275753 -124.492757     8.998    -4738.4    -2160.6    -2306.2      2.0      4.5      3.4 2020 11 25  7 46 37.480  0.00   3
   108908  40.276371 -124.492896     8.831    -4750.1    -2091.9    -2473.3      1.9      4.4      3.7 2022  9  2 10 39  0.760  0.00   3
   108911  40.277307 -124.493156     8.854    -4772.2    -1988.0    -2450.5      1.5      2.6      3.2 2022  9  3  0 18  5.460  0.00   3
   109091  40.280656 -124.404020    14.036     2807.5    -1616.2     2732.5      2.5      4.0      4.6 2021  1  4 22  6 23.820  0.00   3
   109092  40.280196 -124.402181    13.923     2963.9    -1667.2     2618.7      3.2      5.1      6.0 2021  1 23 22 32 45.160  0.00   3
   109093  40.277482 -124.406885    14.365     2564.0    -1968.6     3060.9      2.8      4.1      6.7 2021  5 29 22  7 48.900  0.00   3
   109094  40.277779 -124.406559    14.337     2591.6    -1935.6     3032.5      2.6      4.0      6.2 2021 12  5 19 33 15.380  0.00   3
   109634  40.295532 -124.444735    16.637     -654.6       35.7     5332.6      4.2      7.4      5.6 2021  8 20 12 43  0.920  0.00   3
   109759  40.284981 -124.478638    17.102    -3537.4    -1135.9     5798.1      2.8      4.3      4.0 2021  9 15 12 25 18.520  0.00   3
   109760  40.274858 -124.483732    15.773    -3970.9    -2260.0     4468.6      2.8      5.6      3.9 2021  9 17 18 39 17.700  0.00   3
   109763  40.275252 -124.480119    15.705    -3663.6    -2216.2     4401.0      2.2      4.0      3.4 2021 11  6 13  8 56.220  0.00   3
   109764  40.274845 -124.481795    15.874    -3806.2    -2261.4     4570.1      2.8      4.7      3.4 2021 11 19 21 25 30.120  0.00   3
   109765  40.285640 -124.477214    17.182    -3416.3    -1062.7     5878.1      2.2      3.4      3.4 2022  7 10 23 46 28.140  0.00   3
   109766  40.286560 -124.477417    17.231    -3433.6     -960.6     5926.8      2.1      3.3      3.2 2022  8 21  2 28 17.120  0.00   3
   109769  40.274495 -124.481649    15.922    -3793.8    -2300.2     4618.0      2.4      4.3      3.4 2022 11  7 22 22 57.180  0.00   3
   110319  40.297900 -124.445142    15.594     -689.2      298.7     4289.5      1.7      4.3      2.0 2023  4 23  3 48 36.540  1.34   3
   110343  40.300895 -124.405835    10.819     2652.8      631.2     -485.5      2.8      7.7      3.0 2023  2 27  0 14 11.430  1.57   3
   110344  40.270972 -124.452336    14.407    -1301.1    -2691.5     3103.3      1.1      2.5      2.2 2023  3 19  5 41 40.620  0.92   3
   110349  40.292354 -124.466048     8.457    -2466.8     -317.2    -2847.6      1.5      2.2      2.7 2023  4 14 19 20 25.080  1.57   3
   110353  40.290206 -124.432381    10.329      395.8     -555.7     -975.1      2.7      4.8      3.9 2023  5  2 13 44  6.040  1.79   3
   110369  40.288562 -124.476009     9.996    -3313.8     -738.3    -1308.2      2.5      2.5      1.9 2023  4  1  7 44 57.710  1.31   3
   110377  40.296033 -124.409513     9.104     2340.1       91.3    -2200.6      0.9      1.3      1.1 2023  5 20 23 47 40.440  1.10   3
   110383  40.291890 -124.482520     8.708    -3867.3     -368.7    -2596.5      1.2      1.9      2.5 2023  3  7 12 11 57.690  1.17   3
   110421  40.297713 -124.452547    12.780    -1318.8      277.9     1475.4      1.5      2.5      2.5 2023  2  3 10  4 53.380  1.07   3
   110450  40.298987 -124.437077    14.816       -3.5      419.3     3511.6      1.6      2.0      2.5 2022 12  9  5  6 23.270  2.34   3
   110478  40.298910 -124.449813     9.052    -1086.3      410.7    -2252.6      1.3      3.8      3.3 2023  4 16 19 40  2.760  1.19   3
   110545  40.299613 -124.443123    11.784     -517.6      488.9      479.8      1.6      2.1      2.3 2023  1 26 19 34 22.320  1.51   3
   110548  40.307133 -124.435042     8.456      169.5     1323.8    -2848.7      1.8      2.4      2.8 2023  2 24 19 10 37.800  1.22   3
   110567  40.277193 -124.493856     8.878    -4831.7    -2000.7    -2426.1      1.6      3.8      3.3 2023  5 16 14 31 27.390  0.62   3
   110599  40.280131 -124.404346    14.094     2779.8    -1674.5     2789.5      2.2      3.5      4.0 2023  5 24 13 54 23.240  1.23   3
   110661  40.283097 -124.451921    15.552    -1265.7    -1345.1     4247.3      4.1      5.7      5.7 2023  3 20  2 26 25.420  1.09   3
   110696  40.275285 -124.481950    15.960    -3819.4    -2212.6     4655.7      2.3      4.1      3.3 2023  4 10  6 54  3.150  0.88   3
   110763  40.295113 -124.392741    13.036     3766.2      -10.8     1731.9      4.0      8.2      5.0 2023  2  8 10 13  5.860  1.00   3
