   109139  40.455176 -124.291626    27.487      -11.7       -2.7       -2.9     22.5     14.3     14.6 2021 12 20 23 49  2.700  0.00  54
   109140  40.455961 -124.290373    27.451       94.6       84.5      -38.5     50.0     29.8     34.7 2021 12 20 20 27  8.300  0.00  54
   109141  40.455216 -124.290934    27.442       46.9        1.8      -48.3     53.8     53.1     50.2 2021 12 20 20 14 54.440  0.00  54
   109143  40.453381 -124.287712    27.271      320.3     -202.0     -218.5     57.9     49.0     47.8 2021 12 21  4 34 24.360  0.00  54
   109146  40.455090 -124.291260    27.484       19.3      -12.2       -5.7     20.6     15.7     23.9 2021 12 23  1 13 24.040  0.00  54
   109148  40.455257 -124.291317    27.467       14.5        6.3      -22.8     24.0     25.0     20.0 2021 12 26 17 36 29.900  0.00  54
   109149  40.455302 -124.291455    27.497        2.8       11.3        6.8     21.7     18.0     16.8 2021 12 27 14 12 20.840  0.00  54
   109151  40.455269 -124.291569    27.495       -6.9        7.7        4.7     18.5     17.3     17.5 2022  1  4  3 37 23.060  0.00  54
   109152  40.455286 -124.291423    27.506        5.5        9.5       16.1     28.0     20.8     20.2 2022  1  5 20 20 38.220  0.00  54
   109153  40.455180 -124.291878    27.485      -33.1       -2.3       -5.1     34.1     23.2     17.3 2022  1  5 15 37  2.560  0.00  54
   109154  40.455212 -124.291374    27.457        9.7        1.4      -33.2     20.5     23.9     17.6 2022  1  6  4 31 33.680  0.00  54
   109155  40.455790 -124.296265    27.533     -405.2       65.5       43.4    141.4     20.3     36.3 2022  1 12 15  0 18.900  0.00  54
   109158  40.455229 -124.291984    27.503      -42.1        3.2       13.2     28.8     23.6     19.1 2022  1 27 16 44 23.740  0.00  54
   109160  40.454647 -124.293408    27.477     -162.9      -61.4      -13.4     27.1     17.9     18.0 2022  2  4 23 36 57.940  0.00  54
   109163  40.455143 -124.292033    27.513      -46.3       -6.3       22.9     45.4     25.0     28.0 2022  2 28 23  1 31.800  0.00  54
   109165  40.454830 -124.291699    27.474      -17.9      -41.1      -15.6     28.2     34.0     19.3 2022  3 25  7 29 24.500  0.00  54
   109166  40.455139 -124.291821    27.484      -28.3       -6.8       -6.0     33.2     16.2     16.3 2022  4  3 17 21 51.500  0.00  54
   109168  40.455257 -124.291439    27.495        4.1        6.3        5.0     18.1     16.4     16.1 2022  4 16  9 26 42.300  0.00  54
   109169  40.455192 -124.291927    27.483      -37.3       -0.9       -6.8     41.5     15.7     18.0 2022  6 15  2 52 15.320  0.00  54
   109170  40.455339 -124.291496    27.502       -0.7       15.4       11.6     18.3     18.4     17.1 2022  8 16 10 40 30.580  0.00  54
   110610  40.455229 -124.291455    27.495        2.8        3.2        5.0     15.7     13.2     15.4 2023  3 18 18 52 34.560  2.06  54
