   106728  40.457613 -124.270841    25.341       39.3       85.4      381.0      0.7      0.6      0.7 2020  3 18 22 39 56.960  0.00  17
   106731  40.457694 -124.270866    25.335       37.3       94.4      375.3      0.5      0.4      0.4 2020  4 28 22 46 41.280  0.00  17
   106736  40.457694 -124.270825    25.333       40.7       94.4      373.0      0.9      0.7      0.7 2020  9 13 12 45 25.840  0.00  17
   106739  40.457642 -124.270890    25.333       35.2       88.6      373.6      0.5      0.5      0.5 2021  3 17  1 49 22.520  0.00  17
   106742  40.457654 -124.270890    25.336       35.2       89.9      376.2      0.6      0.5      0.3 2021  6  9 13 49 49.100  0.00  17
   106743  40.457711 -124.270768    25.336       45.6       96.2      376.6      1.1      0.6      0.7 2021  6 10 16 57 49.660  0.00  17
   106745  40.457601 -124.270776    25.342       44.9       84.0      382.8      0.8      0.5      0.6 2021  7 18 16 42 41.440  0.00  17
   106753  40.457711 -124.270833    25.333       40.0       96.2      373.4      0.7      0.4      0.6 2021 12 20 20 16 29.340  0.00  17
   106754  40.457682 -124.270882    25.333       35.9       93.1      373.0      0.5      0.5      0.6 2021 12 21  2 26  2.820  0.00  17
   106755  40.457780 -124.269694    25.313      136.7      103.9      353.1      1.9      0.8      0.9 2021 12 21  3 30 46.600  0.00  17
   106756  40.457650 -124.270915    25.335       33.1       89.5      375.7      0.8      0.5      0.6 2021 12 21 19  5 18.040  0.00  17
   106757  40.457568 -124.270947    25.340       30.4       80.4      380.0      1.2      0.7      0.6 2021 12 21  1 43 20.320  0.00  17
   106758  40.457670 -124.270516    25.338       67.0       91.7      378.1      1.0      0.5      0.6 2021 12 21 21 41 57.480  0.00  17
   106760  40.457601 -124.270947    25.337       30.4       84.0      377.8      0.8      0.6      0.6 2021 12 21 23 39 48.460  0.00  17
   106761  40.457707 -124.270703    25.334       51.1       95.8      374.2      0.7      0.4      0.5 2021 12 21  6 12 22.560  0.00  17
   106762  40.457703 -124.270459    25.331       71.8       95.3      371.6      1.1      0.4      0.5 2021 12 21 13 12 47.980  0.00  17
   106765  40.457475 -124.271167    25.325       11.7       70.0      365.1      1.2      2.0      1.5 2021 12 21  4 45 19.380  0.00  17
   106768  40.457711 -124.269759    25.327      131.2       96.2      366.9      1.4      0.5      0.6 2021 12 21  1 42  0.360  0.00  17
   106770  40.457487 -124.271094    25.326       17.9       71.4      366.6      0.9      1.6      0.9 2021 12 21 20  6 12.260  0.00  17
   106771  40.457617 -124.270565    25.334       62.8       85.8      374.7      0.9      0.7      0.5 2021 12 21  9 13 30.740  0.00  17
   106772  40.457707 -124.270703    25.334       51.1       95.8      374.2      0.8      0.4      0.5 2021 12 21  7  6 27.260  0.00  17
   106774  40.457609 -124.270890    25.338       35.2       84.9      378.4      0.9      0.7      0.6 2021 12 21  8  1 41.180  0.00  17
   106775  40.457666 -124.270866    25.335       37.3       91.3      375.4      0.5      0.4      0.4 2021 12 22 11 57 26.320  0.00  17
   106776  40.457686 -124.270841    25.331       39.3       93.5      371.8      0.7      0.8      0.8 2021 12 22 20 17 58.960  0.00  17
   106778  40.457646 -124.270890    25.337       35.2       89.0      377.4      0.7      0.6      0.6 2021 12 23  3 20 39.960  0.00  17
   106780  40.457694 -124.270858    25.333       38.0       94.4      373.4      0.7      0.6      0.7 2021 12 26 10  1 21.900  0.00  17
   106781  40.457694 -124.270866    25.332       37.3       94.4      372.8      0.5      0.5      0.5 2021 12 26 23 20 59.320  0.00  17
   106783  40.457686 -124.270833    25.332       40.0       93.5      371.9      0.8      0.8      0.8 2021 12 27  1  9 16.580  0.00  17
   106787  40.457564 -124.270972    25.331       28.3       80.0      371.5      0.6      0.7      0.6 2022  1  2 22  0  9.380  0.00  17
   106789  40.457638 -124.270841    25.338       39.3       88.1      378.6      0.7      0.6      0.6 2022  1  2  4 53 31.180  0.00  17
   106790  40.457625 -124.270882    25.339       35.9       86.8      379.6      0.8      0.5      0.6 2022  1  2  8 17  5.880  0.00  17
   106793  40.457585 -124.270947    25.341       30.4       82.2      381.6      0.8      0.7      0.7 2022  1 13 13 37 23.880  0.00  17
   106795  40.457723 -124.269727    25.332      133.9       97.6      372.5      1.7      0.5      0.7 2022  1 15 16 20  8.480  0.00  17
   106796  40.457694 -124.270776    25.336       44.9       94.4      376.8      1.0      0.7      0.6 2022  1 18  1  5 22.860  0.00  17
   106798  40.457593 -124.270549    25.333       64.2       83.1      373.6      0.8      0.8      0.8 2022  1 29 10 59 48.560  0.00  17
   106799  40.457670 -124.270866    25.336       37.3       91.7      376.3      0.5      0.5      0.5 2022  1 30 22 25  8.500  0.00  17
   106801  40.457682 -124.270825    25.331       40.7       93.1      371.8      0.4      0.5      0.4 2022  2 25  4  3 34.000  0.00  17
   106803  40.457617 -124.270736    25.334       48.3       85.8      374.4      0.6      0.4      0.3 2022  4 12  0 54 20.500  0.00  17
   106804  40.457670 -124.270882    25.334       35.9       91.7      374.8      0.6      0.5      0.3 2022  4 15  9 43 42.080  0.00  17
   106807  40.457682 -124.270833    25.337       40.0       93.1      377.1      0.8      0.7      0.8 2022  8 27  0 17 55.680  0.00  17
   106808  40.457703 -124.270597    25.337       60.1       95.3      377.1      0.8      0.5      0.6 2022  9 12 11 16 51.400  0.00  17
   106809  40.457686 -124.270841    25.336       39.3       93.5      376.6      0.4      0.4      0.4 2022 11  3 19 20 57.480  0.00  17
   106810  40.457796 -124.269173    25.339      180.9      105.7      379.4      2.0      0.6      1.0 2022 11 17 18 30  3.780  0.00  17
   110130  40.457353 -124.272331    25.392      -87.0       56.5      432.1      1.4      0.9      1.0 2021 12 20 21 19 35.360  0.00  17
   110131  40.457279 -124.272860    25.394     -131.8       48.3      434.6      1.7      1.0      1.3 2021 12 20 23 14 29.400  0.00  17
   110133  40.457373 -124.272201    25.390      -75.9       58.7      430.0      1.3      0.8      1.0 2021 12 23 18 20 46.720  0.00  17
   110134  40.457536 -124.272241    25.398      -79.4       76.8      438.0      1.1      0.9      1.1 2022  3  4 15 40 56.400  0.00  17
   110169  40.450716 -124.284351    21.949    -1106.6     -680.5    -3011.1      0.9      0.7      0.6 2021 12 21 17 40 43.880  0.00  17
   110170  40.450004 -124.279598    21.888     -703.4     -759.5    -3071.7      2.7      1.6      1.4 2021 12 21 17 46 54.000  0.00  17
   110171  40.450704 -124.284416    21.945    -1112.1     -681.8    -3014.4      1.5      1.0      1.0 2021 12 21  0 56 54.660  0.00  17
   110172  40.450203 -124.280737    21.866     -800.1     -737.4    -3093.5     10.1      1.6      1.5 2021 12 21  9 29 42.380  0.00  17
   110173  40.450537 -124.288037    21.862    -1419.3     -700.3    -3097.7      8.6      1.5      1.3 2021 12 31  7 54 22.740  0.00  17
   110414  40.457629 -124.270728    25.327       49.0       87.2      367.3      0.6      0.4      0.5 2023  4 18  6 30 20.240  1.21  17
   110732  40.457556 -124.272306    25.384      -84.9       79.1      424.0      1.3      0.8      1.1 2023  4 20  6 34 58.960  0.73  17
   110744  40.450956 -124.289510    21.893    -1544.2     -653.8    -3066.2      1.8      1.0      1.2 2022 12  6 14 13  7.240  1.22  17
