   104947  40.375899 -124.586483    27.443       40.1      209.2      -67.4     77.9    175.9    126.9 2020  1 27  3 33 37.900  0.00  23
   104948  40.374402 -124.587093    27.542      -11.7       42.9       32.2     61.9    119.7    103.2 2020  3 15 11  8 54.480  0.00  23
   104949  40.374447 -124.587166    27.658      -18.0       47.9      148.1     92.7    138.2    159.8 2020  3 15 10 40 25.300  0.00  23
   104950  40.375069 -124.586434    27.473       44.2      117.0      -37.1     83.8    138.5    114.5 2020  3 24 22 40 56.940  0.00  23
   104951  40.374304 -124.587036    27.520       -6.9       32.1        9.9     69.6    104.2    115.1 2020  3 29 19 50 48.940  0.00  23
   104952  40.374955 -124.586572    27.461       32.5      104.4      -48.6     81.3    126.8    127.1 2020  5 20 21 10 40.540  0.00  23
   104953  40.374146 -124.587036    27.550       -6.9       14.5       40.4     89.2    138.2    140.7 2020  5 28  3 30 49.200  0.00  23
   104954  40.374833 -124.586670    27.497       24.2       90.8      -13.4     76.0    132.5    112.2 2020  6 11  3 50 51.180  0.00  23
   104955  40.372119 -124.588363    27.966     -119.6     -210.6      456.2    142.5    237.0    230.3 2020  6 14  8 41  4.880  0.00  23
   104956  40.374699 -124.586589    27.452       31.1       75.9      -57.8     77.7    113.3    126.1 2020  7 14  7 25 47.800  0.00  23
   104958  40.374943 -124.588192    27.855     -105.1      103.0      345.2    117.3    191.1    215.0 2020  9 10  2  4 47.040  0.00  23
   104959  40.374817 -124.586564    27.474       33.2       89.0      -36.4     78.5    137.1    126.4 2020  9 12 10 40  0.480  0.00  23
   104960  40.373783 -124.586995    27.496       -3.5      -25.8      -13.9     78.0    151.0    143.9 2020  9 19  0 33 31.640  0.00  23
   104961  40.374443 -124.587581    27.673      -53.2       47.4      163.3     82.9    122.1    171.8 2020  9 23  9 31 47.320  0.00  23
   104962  40.374076 -124.587712    27.708      -64.3        6.8      198.2    106.8    158.8    229.5 2020  9 29  9 57 55.960  0.00  23
   104964  40.375142 -124.588322    27.788     -116.1      125.2      277.7    106.4    149.6    200.9 2020 12  8 16 42 53.280  0.00  23
   104965  40.374105 -124.587101    27.527      -12.4        9.9       17.2     62.0    117.6    123.7 2020 12 10 19 49 14.260  0.00  23
   104966  40.375468 -124.586279    27.391       57.4      161.3     -119.0     96.5    147.1    158.4 2020 12 22 14 35 10.320  0.00  23
   104967  40.374007 -124.586475    27.358       40.8       -0.9     -152.0    143.3    313.7    283.2 2021  3  6 12 54 27.660  0.00  23
   104969  40.375716 -124.585994    27.370       81.6      188.9     -140.5    107.9    188.2    192.0 2021  5 20  0 50 18.180  0.00  23
   104972  40.374443 -124.587492    27.696      -45.6       47.4      186.0     90.9    131.9    183.7 2021  6 11  8 31 33.560  0.00  23
   104973  40.374996 -124.588298    28.060     -114.0      108.9      549.9    132.4    209.0    246.4 2021  6 20  1 41 22.180  0.00  23
   104974  40.374028 -124.586995    27.511       -3.5        1.4        0.5     87.1    145.2    137.4 2021  7 20 15  5 21.760  0.00  23
   104975  40.373234 -124.587020    27.487       -5.5      -86.8      -23.0     62.7    157.2    131.3 2021  8 28 19 21 44.180  0.00  23
   104976  40.373938 -124.587061    27.547       -9.0       -8.6       37.4     87.7     88.3    181.2 2021  9 27  1  3 32.360  0.00  23
   104977  40.373641 -124.586890    27.495        5.5      -41.6      -14.9     66.9    128.9    110.3 2021 10  6 22  3 24.840  0.00  23
   104978  40.374748 -124.588403    27.926     -123.0       81.3      415.5    152.0    324.1    257.0 2021 11  1  3 56 53.200  0.00  23
   104980  40.372864 -124.587337    27.585      -32.5     -127.9       74.9     74.6    157.2    135.1 2022  2  6 21 50 37.360  0.00  23
   104981  40.374434 -124.587142    27.574      -15.9       46.5       64.2     62.4    118.9    119.8 2022  3 11  9 43 29.740  0.00  23
   104982  40.374849 -124.586369    27.432       49.8       92.6      -78.0     93.9    132.7    154.9 2022  4  3  8 24 39.320  0.00  23
   104983  40.375448 -124.586483    27.488       40.1      159.0      -21.8     87.2    172.1    161.3 2022  4 19 22 16 25.080  0.00  23
   104984  40.369865 -124.586727    27.321       19.4     -460.9     -188.6    101.3    293.1    210.6 2022  5  9 21 52  8.060  0.00  23
   104987  40.374003 -124.586947    27.496        0.7       -1.4      -14.1     63.8    119.0    105.7 2022  6 17 10 22 17.000  0.00  23
   104988  40.374015 -124.586930    27.494        2.1        0.0      -15.8     68.0    110.6    111.6 2022  6 17 10 46 26.820  0.00  23
   104990  40.375053 -124.586491    27.438       39.4      115.2      -72.3     82.3    133.5    132.8 2022  6 24  5  4 53.800  0.00  23
   104991  40.374174 -124.588338    27.744     -117.5       17.6      234.3    178.9    282.5    351.1 2022  7 27  4 54 13.900  0.00  23
   104993  40.373140 -124.588298    27.685     -114.0      -97.1      175.0    119.6    246.4    197.3 2022  8 11  4 39 15.140  0.00  23
   104994  40.375085 -124.586385    27.447       48.4      118.8      -63.4     94.0    138.9    147.7 2022  8 17  8 25 46.520  0.00  23
   104995  40.374089 -124.587044    27.519       -7.6        8.1        8.7     81.9    147.7    131.1 2022  8 30 23 11 16.520  0.00  23
   104996  40.374443 -124.587907    27.809      -80.9       47.4      298.9     94.6    145.6    203.5 2022 10 11 17 23 22.920  0.00  23
   104997  40.374601 -124.586800    27.486       13.1       65.1      -24.0     72.6    121.7    113.8 2022 10 11 14  2 49.700  0.00  23
   104998  40.375997 -124.586214    27.325       62.9      220.0     -184.6     65.5    168.8    157.1 2022 10 11 17 30 39.280  0.00  23
   104999  40.373857 -124.587028    27.514       -6.2      -17.6        4.2     74.7    145.1    147.5 2022 10 24 20  5 38.420  0.00  23
   105000  40.375488 -124.586190    27.388       65.0      163.6     -122.1    102.3    155.2    167.8 2022 11 14  0 17 50.340  0.00  23
   105001  40.373991 -124.586955    27.535        0.0       -2.7       25.2     72.6    119.6    123.8 2022 11 20 20 20 39.340  0.00  23
   105002  40.372843 -124.587524    27.625      -48.4     -130.1      115.2     77.4    141.5    140.0 2022 11 27  4  0 20.280  0.00  23
   110356  40.373584 -124.586995    27.489       -3.5      -47.9      -20.9     64.3    104.1    107.6 2023  5 27  0 55 22.180  2.59  23
