   105298  40.407589 -124.560181    29.067       53.2       32.5     -102.9      5.3      6.8      6.8 2020  2 11 15 19 28.020  0.00  55
   105301  40.407300 -124.560799    29.172        0.7        0.5        1.6      2.0      2.1      2.6 2020  2 25  5 13 53.560  0.00  55
   105305  40.407104 -124.560636    29.125       14.5      -21.2      -44.6      3.5      4.1      7.0 2020  4 29 23  1 49.900  0.00  55
   105309  40.407275 -124.560783    29.167        2.1       -2.3       -2.8      1.9      1.9      2.6 2020  7 31 12 47 13.580  0.00  55
   105313  40.407353 -124.560799    29.169        0.7        6.3       -1.4      1.8      2.3      3.6 2021  1  5  0 23  5.820  0.00  55
   105319  40.407129 -124.560832    29.170       -2.1      -18.5       -0.3      2.3      4.6      2.6 2021  7 21 11 28 57.520  0.00  55
   105321  40.407406 -124.560767    29.171        3.5       12.2        0.6      2.2      3.6      2.5 2021  8 18  8 21 26.720  0.00  55
   105322  40.407402 -124.560856    29.179       -4.1       11.7        9.1      2.9      4.5      4.1 2021  8 19  7 18 10.260  0.00  55
   105325  40.407271 -124.560783    29.170        2.1       -2.7       -0.1      2.1      3.1      2.8 2021  9  3 21 30 53.400  0.00  55
   105331  40.407275 -124.560783    29.168        2.1       -2.3       -2.2      2.0      3.1      2.8 2021 12 25 10 34 41.640  0.00  55
   105333  40.407430 -124.560726    29.164        6.9       14.9       -6.1      2.2      4.6      2.7 2022  1 25 11 52 13.660  0.00  55
   105336  40.407279 -124.560783    29.168        2.1       -1.8       -1.6      2.0      3.0      2.7 2022  2  4 20 41 36.720  0.00  55
   105337  40.407198 -124.560864    29.176       -4.8      -10.8        6.1      2.2      4.1      2.6 2022  2 26  7 23 30.220  0.00  55
   105340  40.407039 -124.560905    29.173       -8.3      -28.5        3.0      3.1      6.2      2.5 2022  3 12 15 17  2.720  0.00  55
   105351  40.407251 -124.560856    29.173       -4.1       -5.0        3.4      2.3      3.9      2.9 2022  7 31 17 59 40.980  0.00  55
   105356  40.407340 -124.560824    29.174       -1.4        5.0        4.3      2.4      3.6      3.4 2022  9  6  2 12 31.600  0.00  55
   105357  40.407279 -124.560881    29.178       -6.2       -1.8        8.3      2.7      4.2      3.0 2022  9  9 11 44 44.400  0.00  55
   105359  40.407284 -124.560815    29.169       -0.7       -1.4       -1.1      1.9      2.4      2.9 2022 11  7 15 50 24.900  0.00  55
   105360  40.407357 -124.560824    29.175       -1.4        6.8        4.7      2.3      3.9      3.4 2022 11 21  5 14 55.680  0.00  55
   110364  40.407308 -124.560815    29.175       -0.7        1.4        4.5      1.9      2.1      2.6 2023  4 18 11 40  6.890  2.03  55
