   103149  40.403141 -124.387948    27.619      295.7     1124.2    -1266.4     10.1     15.5      9.6 2020  1 20  7 59 56.880  0.00  50
   103155  40.400525 -124.386646    27.454      406.2      833.6    -1431.2      5.6     16.2      9.6 2020  5  8 15 27 24.500  0.00  50
   103157  40.403129 -124.387126    27.606      365.5     1122.8    -1278.8      8.9     10.0      7.6 2020 10 12 20 48 16.180  0.00  50
   103162  40.402950 -124.387337    27.619      347.5     1102.9    -1266.2      5.1      6.6      9.7 2021  8  3  3 28  0.360  0.00  50
   103163  40.403353 -124.387223    27.601      357.2     1147.7    -1283.7      6.1     10.6      5.5 2021 10  2  9 49 41.900  0.00  50
   103164  40.403259 -124.387345    27.589      346.8     1137.3    -1296.4      4.8      6.4      7.9 2021 10  2  8 27 36.460  0.00  50
   103166  40.403646 -124.386922    27.599      382.7     1180.2    -1286.5      5.6      9.3      5.3 2021 10 25  1 19 40.240  0.00  50
   103167  40.404118 -124.389771    27.778      140.9     1232.6    -1107.2     13.1     24.4     18.3 2021 12 20 22  9 19.760  0.00  50
   103176  40.403813 -124.387109    27.599      366.9     1198.7    -1286.4      6.0      6.2      7.6 2022  8 19 12 11 19.800  0.00  50
   103178  40.403463 -124.387248    27.625      355.1     1159.9    -1259.6      5.3      9.2      4.4 2022 10 17  8 21 57.480  0.00  50
   103179  40.403345 -124.387183    27.602      360.6     1146.8    -1282.9      6.5     11.4      5.6 2022 10 17  8 33 17.800  0.00  50
   103180  40.403471 -124.387435    27.603      339.2     1160.8    -1282.5      4.9      6.4      6.9 2022 11 15  2 32 57.340  0.00  50
   103660  40.366585 -124.403239    31.387    -1002.7    -2935.1     2501.5      8.9     18.1      8.7 2020  3 19  2 25 29.840  0.00  50
   103662  40.381873 -124.405640    31.112    -1206.5    -1237.6     2227.4      8.4     10.9      7.4 2021  8  1  9 57 47.140  0.00  50
   103663  40.372506 -124.397909    30.899     -550.1    -2277.7     2013.9     12.6      9.9     10.8 2021  9  4 15 10 50.460  0.00  50
   103664  40.384989 -124.403475    31.037    -1022.6     -891.5     2151.6     15.3     17.4     12.9 2021  9 24 22 55 12.600  0.00  50
   103665  40.385360 -124.403467    31.026    -1022.0     -850.3     2141.5     15.0     17.1     12.7 2021  9 25  0 45 28.340  0.00  50
   103666  40.372673 -124.398560    30.944     -605.4    -2259.2     2058.7      9.5      7.5     12.1 2021 10  2  8 10 25.060  0.00  50
   103670  40.386532 -124.402539    31.224     -943.2     -720.2     2339.2     10.9     16.0      7.2 2021 12 21 20 41 34.660  0.00  50
   103671  40.381051 -124.401904    30.991     -889.3    -1328.8     2106.1      7.9     19.2      8.4 2022  2 12  1 43 15.200  0.00  50
   110317  40.404203 -124.386898    27.588      384.8     1242.1    -1296.7      3.5      6.1      5.4 2023  3 22 15 19 23.600  1.19  50
   110324  40.379862 -124.405713    31.204    -1212.7    -1460.8     2319.5      7.9      7.9      7.4 2022 12 22 11 49 54.180  3.63  50
