   103149  40.403748 -124.387199    27.619      359.3     1191.5    -1266.1   1030.6   1620.2   1210.1 2020  1 20  7 59 56.880  0.00  50
   103155  40.404240 -124.387280    27.643      352.3     1246.2    -1241.9   1149.1   1480.9   1226.9 2020  5  8 15 27 24.500  0.00  50
   103157  40.399886 -124.384985    27.298      547.2      762.7    -1586.8   1940.0   2159.7   2059.4 2020 10 12 20 48 16.180  0.00  50
   103162  40.402690 -124.387191    27.620      360.0     1074.0    -1265.3   1229.1   1610.3   1276.5 2021  8  3  3 28  0.360  0.00  50
   103163  40.403829 -124.388021    27.667      289.5     1200.5    -1218.3   1080.3   1963.6   1282.5 2021 10  2  9 49 41.900  0.00  50
   103164  40.403914 -124.387988    27.663      292.2     1210.0    -1221.9   1088.4   1944.6   1289.5 2021 10  2  8 27 36.460  0.00  50
   103166  40.403475 -124.386841    27.579      389.7     1161.2    -1306.5   1133.9   1608.8   1258.1 2021 10 25  1 19 40.240  0.00  50
   103167  40.403772 -124.386938    27.491      381.4     1194.2    -1394.4   1083.1   1649.8   1427.3 2021 12 20 22  9 19.760  0.00  50
   103176  40.403556 -124.386890    27.587      385.5     1170.2    -1298.2   1130.8   1576.5   1253.8 2022  8 19 12 11 19.800  0.00  50
   103178  40.402389 -124.386735    27.547      398.6     1040.6    -1337.7   1057.1   1637.9   1264.6 2022 10 17  8 21 57.480  0.00  50
   103179  40.403768 -124.388037    27.668      288.1     1193.7    -1217.1   1087.1   1980.4   1290.0 2022 10 17  8 33 17.800  0.00  50
   103180  40.403951 -124.387956    27.662      295.0     1214.1    -1223.5   1084.1   1937.7   1287.3 2022 11 15  2 32 57.340  0.00  50
   103660  40.373145 -124.399886    30.994     -718.0    -2206.8     2109.0   3465.2   5657.2   3486.4 2020  3 19  2 25 29.840  0.00  50
   103662  40.378597 -124.407951    31.239    -1402.8    -1601.3     2353.9   2694.2   4003.0   2361.6 2021  8  1  9 57 47.140  0.00  50
   103663  40.373446 -124.397249    30.760     -494.1    -2173.3     1874.9   2968.3   2503.1   3491.8 2021  9  4 15 10 50.460  0.00  50
   103664  40.379948 -124.398568    30.708     -606.0    -1451.3     1822.5   2616.5   4776.6   2462.9 2021  9 24 22 55 12.600  0.00  50
   103665  40.380151 -124.398592    30.706     -608.1    -1428.7     1821.3   2578.2   4777.7   2420.7 2021  9 25  0 45 28.340  0.00  50
   103666  40.373315 -124.397355    30.782     -503.1    -2187.8     1896.7   2971.6   1945.7   3401.5 2021 10  2  8 10 25.060  0.00  50
   103670  40.382898 -124.400317    30.963     -754.6    -1123.7     2077.6   3928.4   5565.2   3951.6 2021 12 21 20 41 34.660  0.00  50
   103671  40.377657 -124.399146    30.756     -655.1    -1705.7     1871.4   2734.2   4482.4   2628.5 2022  2 12  1 43 15.200  0.00  50
   110317  40.404049 -124.386654    27.553      405.5     1224.9    -1332.3   1379.0   2338.5   1359.5 2023  3 22 15 19 23.600  1.19  50
   110324  40.379692 -124.406974    31.367    -1319.8    -1479.8     2481.6   2075.5   3178.3   2192.7 2022 12 22 11 49 54.180  3.63  50
