   108189  40.446456 -124.512939    19.545       15.9      -27.1      -45.0    110.7    230.7    230.3 2020  3 27 13 34 19.020  0.00  39
   108190  40.446472 -124.512915    19.542       18.0      -25.3      -47.9    147.9    207.1    209.7 2020  3 28 10 12 16.960  0.00  39
   108191  40.446383 -124.512899    19.499       19.3      -35.2      -91.3    110.7    193.0    250.1 2020  4 10  1 35 50.980  0.00  39
   108192  40.446745 -124.513102    19.599        2.1        5.0        8.6     65.8     74.4    102.1 2020  6 23  3 29 24.020  0.00  39
   108194  40.446696 -124.513037    19.579        7.6       -0.5      -10.6     68.9    105.7    121.9 2020  7 11 16 58 31.400  0.00  39
   108197  40.446729 -124.513118    19.598        0.7        3.2        7.6    130.5    161.3    242.7 2020  9 14 16 46 33.180  0.00  39
   108200  40.446733 -124.513118    19.597        0.7        3.6        6.9     68.3     79.9    119.4 2020 10 26  4 23 33.540  0.00  39
   108202  40.446765 -124.513135    19.602       -0.7        7.2       12.0    106.5    135.6    177.8 2020 12 16 23 23  1.620  0.00  39
   108203  40.446716 -124.513078    19.590        4.1        1.8       -0.4     80.2     72.1     74.5 2020 12 17 22 23 47.820  0.00  39
   108205  40.446724 -124.513094    19.595        2.8        2.7        5.1     70.8     84.8    124.2 2020 12 22 19 31 24.840  0.00  39
   108206  40.446529 -124.512964    19.544       13.8      -19.0      -46.1    176.8    221.9    347.8 2020 12 29 12 34  8.260  0.00  39
   108207  40.446769 -124.513094    19.596        2.8        7.7        5.7     73.4     65.7    108.2 2020 12 29 12 51  3.280  0.00  39
   108208  40.446505 -124.512996    19.548       11.0      -21.7      -41.6    148.6    198.8    301.5 2020 12 29 12 51 15.880  0.00  39
   108209  40.446716 -124.513086    19.589        3.5        1.8       -0.8     70.6     69.8    110.0 2020 12 31 14 30  9.560  0.00  39
   108210  40.446867 -124.513070    19.599        4.8       18.5        8.6    108.2    186.5    137.5 2021  1  1 17 23 28.080  0.00  39
   108211  40.446855 -124.513118    19.611        0.7       17.2       20.9    118.7    159.5    230.6 2021  1  2  0 53 59.600  0.00  39
   108212  40.446643 -124.512996    19.563       11.0       -6.3      -27.4    138.5    172.5    249.7 2021  1  3 13 46 28.400  0.00  39
   108215  40.446716 -124.513078    19.590        4.1        1.8       -0.3     71.1     59.6     57.6 2021  1 29 12 17 19.180  0.00  39
   108219  40.446602 -124.513005    19.560       10.4      -10.8      -30.1    123.0    190.7    258.1 2021  3 17  5  8 35.880  0.00  39
   108220  40.446769 -124.513151    19.605       -2.1        7.7       14.7     82.1    105.1    144.9 2021  4  6 16  5 23.180  0.00  39
   108221  40.446753 -124.513102    19.597        2.1        5.9        6.7     81.6    101.9    158.0 2021  4  7 21 22 43.000  0.00  39
   108223  40.446692 -124.513078    19.589        4.1       -0.9       -1.3     64.3     66.0    113.2 2021  4 12  8 34 11.060  0.00  39
   108226  40.446672 -124.513094    19.586        2.8       -3.2       -4.3     75.2     75.6    129.7 2021  4 27 23 51 32.640  0.00  39
   108229  40.446729 -124.513053    19.595        6.2        3.2        5.2     85.6     86.6    134.6 2021  6 17  6 25 14.280  0.00  39
   108231  40.446773 -124.513110    19.602        1.4        8.1       12.1     88.6    130.6    162.5 2021  9 26 19 36 49.140  0.00  39
   108232  40.446753 -124.513094    19.598        2.8        5.9        8.0     91.5    112.9    171.0 2021 10 18 20 27 11.000  0.00  39
   108233  40.445805 -124.513265    19.508      -11.7      -99.4      -81.5    295.0    557.5    616.9 2021 12 22 21 36 58.160  0.00  39
   108234  40.446680 -124.513053    19.587        6.2       -2.3       -3.4     96.0    116.2    156.2 2022  1 19 11 39 48.020  0.00  39
   108235  40.446659 -124.513070    19.586        4.8       -4.5       -4.4     69.1     95.3    118.0 2022  3 20 20 28  9.780  0.00  39
   108236  40.446761 -124.513086    19.599        3.5        6.8        8.8     79.2     88.3    108.2 2022  3 23 10  7 40.400  0.00  39
   108238  40.446663 -124.513086    19.577        3.5       -4.1      -12.6     71.3     85.0    112.4 2022  9  3 19 35 51.900  0.00  39
   110485  40.446716 -124.513127    19.597        0.0        1.8        6.5     73.8     88.6    110.5 2023  4  8 11 17 36.020  1.06  39
