   104602  40.401603 -124.568660    27.540       38.0      -33.9      -90.1    339.9    662.8    587.2 2021  4  9  2 44 10.240  0.00  56
   104608  40.401937 -124.569124    27.634       -1.4        3.2        4.1    132.7    211.7    208.7 2021  6 16 21 28 14.920  0.00  56
   104609  40.401937 -124.569116    27.634       -0.7        3.2        3.9    118.3    164.2    221.4 2021  7 17 13 58 12.280  0.00  56
   104610  40.401953 -124.569092    27.628        1.4        5.0       -1.6     91.0    208.4    184.3 2021  7 17 16 51 33.280  0.00  56
   104611  40.401851 -124.569076    27.625        2.8       -6.3       -5.5    143.2    221.9    220.7 2021  7 18 17 30 30.400  0.00  56
   104614  40.401823 -124.569116    27.623       -0.7       -9.5       -6.8    150.9    285.2    257.5 2021  7 21  6 38  0.500  0.00  56
   104616  40.402124 -124.569198    27.650       -7.6       23.9       20.0    230.7    326.0    383.5 2021  7 26 15  6 34.040  0.00  56
   104617  40.401892 -124.569100    27.628        0.7       -1.8       -2.0    134.7    219.2    218.5 2021  7 27 18 17 36.420  0.00  56
   104624  40.401986 -124.569084    27.628        2.1        8.6       -1.6     85.2    255.8    187.6 2021 10 15  0 32 56.840  0.00  56
   104626  40.401799 -124.569124    27.634       -1.4      -12.2        3.7    167.8    305.3    255.2 2021 11 22  6 32 57.800  0.00  56
   104627  40.401872 -124.569092    27.624        1.4       -4.1       -6.2    138.7    220.7    229.5 2021 12  4  6 54 31.440  0.00  56
   104629  40.401868 -124.569084    27.628        2.1       -4.5       -2.0    138.3    221.9    215.8 2021 12  7  1 37 44.380  0.00  56
   104631  40.401892 -124.569100    27.628        0.7       -1.8       -2.1    135.9    216.8    218.2 2022  1 16  7 10  3.240  0.00  56
   104633  40.401921 -124.569108    27.630        0.0        1.4       -0.0    134.4    212.8    215.4 2022  2 15 16  0  9.380  0.00  56
   104641  40.401917 -124.569108    27.629        0.0        0.9       -0.7    136.2    211.7    214.2 2022  6 14 18 33 26.960  0.00  56
   104647  40.401941 -124.569124    27.634       -1.4        3.6        4.1    132.9    213.5    207.2 2022  9 14 19 39 58.380  0.00  56
   104651  40.401827 -124.569092    27.623        1.4       -9.0       -6.9    138.7    234.0    226.7 2022 10 25  1  1  6.660  0.00  56
   104652  40.401839 -124.569084    27.622        2.1       -7.7       -7.6    148.5    242.3    231.8 2022 10 25  1 46 12.000  0.00  56
   110347  40.401896 -124.569100    27.632        0.7       -1.4        2.2    124.6    189.3    212.2 2023  5  9 16 44 27.070  1.07  56
