   100575  40.368693 -124.459749    17.757     -777.5     -677.7     -802.1      1.1      1.7      1.0 2020  1  3 15 57 51.560  0.00  30
   100576  40.368152 -124.459847    17.741     -785.8     -737.8     -817.9      1.0      1.7      1.2 2020  1 14  1  9 31.340  0.00  30
   100577  40.368343 -124.460075    17.718     -805.2     -716.6     -840.6      1.2      1.6      1.3 2020  2 16  2 38  6.780  0.00  30
   100578  40.367818 -124.459782    17.775     -780.3     -774.9     -783.6      0.9      1.5      1.1 2020  2 28  7 47  9.140  0.00  30
   100580  40.367932 -124.459863    17.765     -787.2     -762.2     -793.6      0.7      1.2      1.1 2020  3 24 20 10 18.920  0.00  30
   100581  40.368022 -124.459814    17.766     -783.1     -752.3     -793.0      1.0      1.5      1.0 2020  5  4 10 41 42.840  0.00  30
   100582  40.368030 -124.459847    17.761     -785.8     -751.4     -798.0      0.9      1.4      1.0 2020  5 13  5 11 45.540  0.00  30
   100583  40.368205 -124.459774    17.763     -779.6     -732.0     -796.3      0.9      1.3      1.3 2020  6  9 10 47  6.140  0.00  30
   100584  40.368123 -124.459814    17.759     -783.1     -741.0     -799.4      0.8      1.2      1.0 2020  6 13  7  8 34.340  0.00  30
   100587  40.368005 -124.459814    17.764     -783.1     -754.1     -794.3      0.6      1.3      1.0 2020  8 20 18 40 55.160  0.00  30
   100588  40.368009 -124.459831    17.768     -784.5     -753.7     -791.2      1.1      1.6      1.3 2020  9 12 21 54 44.740  0.00  30
   100589  40.368001 -124.459823    17.767     -783.8     -754.6     -791.6      1.0      1.5      1.3 2020  9 12 21 37 16.080  0.00  30
   100590  40.368123 -124.459790    17.762     -781.0     -741.0     -796.9      0.8      1.1      1.0 2020 11 29 17 24 14.040  0.00  30
   100591  40.367891 -124.459863    17.769     -787.2     -766.8     -789.6      1.2      1.5      1.3 2021  4 17 10 27 49.580  0.00  30
   100592  40.367957 -124.459814    17.770     -783.1     -759.5     -789.2      1.1      1.4      1.3 2021  4 26 21 46 39.180  0.00  30
   100593  40.367912 -124.459920    17.766     -792.1     -764.5     -792.4      0.8      1.4      1.3 2021  5 11 12 13 44.620  0.00  30
   100594  40.367891 -124.459839    17.770     -785.2     -766.8     -789.2      0.8      1.3      1.1 2021  5 20  1 35 27.000  0.00  30
   100595  40.369401 -124.460425    17.676     -834.9     -599.1     -883.0      1.4      2.1      1.8 2021  6 15 11 27 24.780  0.00  30
   100596  40.368864 -124.459928    17.731     -792.8     -658.8     -828.0      0.9      1.7      1.0 2021  6 15 11 31  8.000  0.00  30
   100597  40.368180 -124.460099    17.736     -807.3     -734.7     -822.4      0.8      1.3      0.9 2021  6 15 11 58 52.480  0.00  30
   100598  40.368168 -124.460042    17.726     -802.4     -736.0     -832.9      0.9      1.8      1.2 2021  6 15 13  9 16.300  0.00  30
   100600  40.369059 -124.460067    17.718     -804.5     -637.1     -840.8      1.2      2.0      1.3 2021  8 12 11 50 12.180  0.00  30
   100602  40.369169 -124.460002    17.722     -799.0     -624.9     -836.9      1.1      2.1      1.3 2021  9 15  3 21  7.320  0.00  30
   100603  40.367765 -124.460002    17.755     -799.0     -780.8     -803.3      1.0      1.6      0.8 2021  9 24  8 15 17.120  0.00  30
   100604  40.368217 -124.459880    17.728     -788.6     -730.6     -830.9      1.4      1.9      1.7 2021 10 10 16 46 24.120  0.00  30
   100605  40.368176 -124.460311    17.676     -825.2     -735.1     -883.1      1.5      2.2      2.0 2021 10 29  1 24 55.020  0.00  30
   100606  40.368176 -124.460311    17.676     -825.2     -735.1     -883.2      1.5      2.2      2.0 2021 11  8 10 41 50.820  0.00  30
   100607  40.368197 -124.460262    17.731     -821.1     -732.9     -827.5      1.1      1.5      1.2 2021 11 15  1 46 35.440  0.00  30
   100610  40.368612 -124.460124    17.693     -809.3     -686.8     -865.9      1.5      2.2      1.9 2021 12 31 10  4 37.000  0.00  30
   100611  40.368018 -124.459912    17.754     -791.4     -752.8     -805.1      1.1      1.9      1.1 2022  3 22 11  4 35.800  0.00  30
   100612  40.368290 -124.460018    17.742     -800.4     -722.5     -816.9      0.8      1.5      1.0 2022  6  5  8 21 59.320  0.00  30
   100613  40.368018 -124.459961    17.747     -795.5     -752.8     -811.6      1.1      1.8      0.9 2022  8 17  5  6 21.800  0.00  30
   100614  40.367924 -124.459757    17.770     -778.2     -763.1     -788.6      1.0      1.5      1.2 2022  8 21  5 51  8.080  0.00  30
   100615  40.367912 -124.459798    17.771     -781.7     -764.5     -787.6      0.8      1.5      1.1 2022 10 25 21 20 54.620  0.00  30
   106864  40.405375 -124.414486    25.157     3065.8     3395.5     6598.6      1.3      2.2      1.0 2021 10  4  7 13 43.640  0.00  30
   106865  40.404806 -124.414331    25.193     3079.0     3332.3     6634.1      2.9      5.3      1.9 2021 12 21 23 35 58.700  0.00  30
   106871  40.405717 -124.414445    25.148     3069.3     3433.5     6589.2      2.8      5.0      1.9 2022 11 22 23  5 32.660  0.00  30
   109433  40.412211 -124.398730    19.916     4403.3     4154.6     1357.5      2.4      2.6      2.3 2021 12 22  1 59 55.300  0.00  30
   109434  40.412415 -124.398779    19.868     4399.2     4177.2     1309.3      2.3      2.5      2.2 2022  4 16 21  8 59.900  0.00  30
   110289  40.368844 -124.460425    17.702     -834.9     -661.0     -857.2      1.4      2.0      1.6 2023  1 26 21 33 28.920  1.26  30
   110418  40.405656 -124.417310    24.923     2826.1     3426.7     6363.9      1.7      2.4      2.5 2023  2 15 12  9 12.570  0.98  30
   110621  40.413513 -124.397257    19.949     4528.3     4299.2     1389.7      2.5      2.5      2.2 2023  2 12 15 30 31.930  3.14  30
