   103444  40.379854 -124.311157    29.991       53.2       82.7       31.3    818.4    912.2    395.4 2020  1 13 20  0 48.700  0.00  35
   103445  40.379036 -124.311589    29.959       16.6       -8.1       -0.8    657.0    505.8    316.4 2020  1 17  9  4 28.060  0.00  35
   103446  40.381372 -124.312386    30.068      -51.1      251.2      108.0    781.5   1072.6    663.4 2020  2 15 13 19 42.000  0.00  35
   103448  40.379077 -124.313582    30.000     -152.7       -3.6       40.3    812.1    641.4    424.8 2020  3  9  6 29 22.020  0.00  35
   103449  40.379439 -124.311410    29.955       31.8       36.6       -5.0    531.9    563.9    290.2 2020  3 18 23 28 44.420  0.00  35
   103450  40.379883 -124.313249    30.005     -124.4       85.8       45.2    741.7    548.6    461.1 2020  3 19  0 16 10.640  0.00  35
   103451  40.379000 -124.311613    29.949       14.5      -12.2      -10.6    418.5    434.8    330.3 2020  3 19  2 22 37.140  0.00  35
   103456  40.378267 -124.310490    29.900      109.9      -93.5      -59.8    947.9    852.9    683.9 2020  9 20 22 11 49.360  0.00  35
   103458  40.379492 -124.311011    29.948       65.7       42.5      -12.3    591.0    577.8    350.7 2021  5 23 13 43 10.780  0.00  35
   103459  40.379277 -124.311743    29.962        3.5       18.5        2.1    412.5    405.2    285.4 2021  5 28  2  1 24.580  0.00  35
   103460  40.379423 -124.311914    29.980      -11.1       34.8       20.0    364.6    457.2    302.0 2021  5 29  0 44  3.080  0.00  35
   103462  40.379468 -124.311995    29.988      -18.0       39.8       27.8    475.9    614.1    342.8 2021  7 28  6 52 50.280  0.00  35
   103463  40.379496 -124.312394    29.986      -51.8       42.9       25.6    663.8    580.6    416.0 2021  7 28  6 55  0.800  0.00  35
   103464  40.379728 -124.310474    29.946      111.3       68.7      -13.6    741.7    663.2    303.1 2021  8  5  8  0 52.700  0.00  35
   103465  40.378564 -124.311507    29.925       23.5      -60.5      -35.3    782.1    633.0    462.4 2021  9 21 10 44 24.620  0.00  35
   103466  40.379053 -124.311759    29.960        2.1       -6.3       -0.0    403.5    441.1    295.1 2021 10 12 19 30 52.540  0.00  35
   103467  40.379057 -124.311759    29.963        2.1       -5.9        3.0    360.5    474.9    304.1 2021 11  1 23 30 58.980  0.00  35
   103468  40.379012 -124.311825    29.956       -3.5      -10.8       -3.6    471.2    437.9    300.9 2021 12 20 21 35  3.460  0.00  35
   103469  40.379134 -124.311727    29.961        4.8        2.7        1.3    366.9    447.7    301.9 2021 12 20 20 41 52.700  0.00  35
   103476  40.379191 -124.311759    29.965        2.1        9.0        4.7    379.2    424.2    289.2 2021 12 21  7 34 40.340  0.00  35
   103478  40.379382 -124.311906    29.979      -10.4       30.3       18.8    478.5    583.1    333.6 2021 12 21  2 24 30.100  0.00  35
   103481  40.379289 -124.311011    29.945       65.7       19.9      -14.9    617.8    562.1    370.1 2021 12 21 13 38 46.280  0.00  35
   103483  40.379097 -124.308561    29.872      273.7       -1.4      -87.9   1000.8    888.3    503.4 2021 12 21 18  6 14.020  0.00  35
   103485  40.378906 -124.311637    29.959       12.4      -22.6       -0.6    565.1    675.1    473.9 2021 12 21 12 55 44.420  0.00  35
   103487  40.380387 -124.312476    30.009      -58.7      141.9       48.7    587.7    668.0    459.2 2021 12 22 20 10 26.700  0.00  35
   103488  40.379346 -124.312174    29.975      -33.2       26.2       15.3    648.4    538.1    363.4 2021 12 24  1  7 26.940  0.00  35
   103490  40.379065 -124.311800    29.958       -1.4       -5.0       -2.4    415.0    409.2    292.4 2021 12 25 22 20 25.620  0.00  35
   103491  40.379240 -124.312004    29.977      -18.7       14.5       16.8    392.7    617.6    351.7 2022  1  1  8 26 24.020  0.00  35
   103494  40.379488 -124.312565    29.979      -66.3       42.0       18.6    812.9    646.6    413.4 2022  1  9 11 44 48.340  0.00  35
   103495  40.379354 -124.312134    29.981      -29.7       27.1       21.1    711.3    571.9    419.6 2022  1 15  9 42 46.520  0.00  35
   103496  40.380579 -124.308683    29.899      263.3      163.1      -61.2   1071.7   1104.0    432.6 2022  1 23 12 56  0.000  0.00  35
   103498  40.379093 -124.311906    29.962      -10.4       -1.8        1.6    439.9    440.8    274.7 2022  4  8 14 16 31.500  0.00  35
   103499  40.379240 -124.311857    29.966       -6.2       14.5        6.3    364.9    470.5    295.0 2022  5 22  8  2 34.980  0.00  35
   110322  40.378898 -124.311930    29.956      -12.4      -23.5       -3.9    412.9    442.9    290.8 2023  4 30  3 17 51.430  0.24  35
