   106728  40.457609 -124.270858    25.339       38.0       84.9      379.6      1.5      1.2      1.5 2020  3 18 22 39 56.960  0.00  17
   106731  40.457699 -124.270874    25.335       36.6       94.9      375.7      0.7      0.8      0.8 2020  4 28 22 46 41.280  0.00  17
   106736  40.457694 -124.270817    25.333       41.4       94.4      373.1      1.6      1.4      1.5 2020  9 13 12 45 25.840  0.00  17
   106739  40.457638 -124.270915    25.334       33.1       88.1      374.3      1.0      1.0      1.2 2021  3 17  1 49 22.520  0.00  17
   106742  40.457650 -124.270915    25.336       33.1       89.5      376.2      1.0      1.0      0.8 2021  6  9 13 49 49.100  0.00  17
   106743  40.457711 -124.270760    25.336       46.2       96.2      376.5      2.0      1.3      1.5 2021  6 10 16 57 49.660  0.00  17
   106745  40.457609 -124.270809    25.343       42.1       84.9      383.4      1.5      1.1      1.2 2021  7 18 16 42 41.440  0.00  17
   106753  40.457715 -124.270841    25.334       39.3       96.7      374.2      1.3      0.9      1.3 2021 12 20 20 16 29.340  0.00  17
   106754  40.457686 -124.270882    25.333       35.9       93.5      373.3      1.0      0.9      1.2 2021 12 21  2 26  2.820  0.00  17
   106755  40.457751 -124.269442    25.309      158.1      100.8      349.2      3.0      1.5      1.8 2021 12 21  3 30 46.600  0.00  17
   106756  40.457654 -124.270955    25.335       29.7       89.9      375.3      1.4      1.0      1.0 2021 12 21 19  5 18.040  0.00  17
   106757  40.457552 -124.271053    25.339       21.4       78.6      379.0      2.2      1.4      1.3 2021 12 21  1 43 20.320  0.00  17
   106758  40.457666 -124.270483    25.336       69.7       91.3      376.7      1.9      0.8      1.0 2021 12 21 21 41 57.480  0.00  17
   106760  40.457593 -124.270996    25.336       26.2       83.1      376.8      1.4      1.0      1.0 2021 12 21 23 39 48.460  0.00  17
   106761  40.457711 -124.270695    25.335       51.8       96.2      375.0      1.2      0.7      0.8 2021 12 21  6 12 22.560  0.00  17
   106762  40.457694 -124.270435    25.330       73.9       94.4      370.6      2.0      0.7      0.9 2021 12 21 13 12 47.980  0.00  17
   106765  40.457373 -124.271224    25.327        6.9       58.7      367.1      1.8      2.9      1.4 2021 12 21  4 45 19.380  0.00  17
   106768  40.457699 -124.269572    25.328      147.0       94.9      368.3      2.5      0.9      1.2 2021 12 21  1 42  0.360  0.00  17
   106770  40.457393 -124.271167    25.327       11.7       61.0      367.8      2.1      2.4      1.7 2021 12 21 20  6 12.260  0.00  17
   106771  40.457625 -124.270500    25.334       68.3       86.8      374.3      1.5      1.2      1.0 2021 12 21  9 13 30.740  0.00  17
   106772  40.457711 -124.270695    25.335       51.8       96.2      375.0      1.2      0.7      0.8 2021 12 21  7  6 27.260  0.00  17
   106774  40.457593 -124.270947    25.338       30.4       83.1      377.9      1.6      1.3      1.0 2021 12 21  8  1 41.180  0.00  17
   106775  40.457670 -124.270874    25.335       36.6       91.7      375.7      0.8      1.1      1.0 2021 12 22 11 57 26.320  0.00  17
   106776  40.457690 -124.270833    25.331       40.0       94.0      371.4      1.3      1.4      1.4 2021 12 22 20 17 58.960  0.00  17
   106778  40.457642 -124.270923    25.336       32.4       88.6      375.9      1.3      0.9      1.0 2021 12 23  3 20 39.960  0.00  17
   106780  40.457703 -124.270866    25.334       37.3       95.3      373.9      1.5      1.3      1.7 2021 12 26 10  1 21.900  0.00  17
   106781  40.457699 -124.270874    25.333       36.6       94.9      373.5      0.9      0.9      1.1 2021 12 26 23 20 59.320  0.00  17
   106783  40.457690 -124.270825    25.331       40.7       94.0      371.6      1.3      1.4      1.4 2021 12 27  1  9 16.580  0.00  17
   106787  40.457544 -124.271004    25.332       25.5       77.7      372.7      1.3      1.2      1.5 2022  1  2 22  0  9.380  0.00  17
   106789  40.457629 -124.270858    25.337       38.0       87.2      377.2      1.3      1.0      1.0 2022  1  2  4 53 31.180  0.00  17
   106790  40.457621 -124.270923    25.338       32.4       86.3      378.2      1.4      1.0      1.2 2022  1  2  8 17  5.880  0.00  17
   106793  40.457581 -124.271021    25.342       24.2       81.8      382.3      1.3      1.2      1.4 2022  1 13 13 37 23.880  0.00  17
   106795  40.457735 -124.269539    25.336      149.8       99.0      376.0      2.9      0.7      1.1 2022  1 15 16 20  8.480  0.00  17
   106796  40.457694 -124.270785    25.336       44.2       94.4      376.3      1.8      1.4      1.4 2022  1 18  1  5 22.860  0.00  17
   106798  40.457585 -124.270475    25.331       70.4       82.2      371.8      1.5      1.3      1.4 2022  1 29 10 59 48.560  0.00  17
   106799  40.457674 -124.270874    25.336       36.6       92.2      376.8      1.0      1.3      1.2 2022  1 30 22 25  8.500  0.00  17
   106801  40.457686 -124.270825    25.331       40.7       93.5      371.4      0.8      0.8      0.9 2022  2 25  4  3 34.000  0.00  17
   106803  40.457621 -124.270711    25.334       50.4       86.3      374.0      1.1      0.8      0.9 2022  4 12  0 54 20.500  0.00  17
   106804  40.457666 -124.270898    25.334       34.5       91.3      374.9      1.0      0.8      0.6 2022  4 15  9 43 42.080  0.00  17
   106807  40.457694 -124.270882    25.337       35.9       94.4      377.4      1.6      1.1      1.3 2022  8 27  0 17 55.680  0.00  17
   106808  40.457703 -124.270549    25.337       64.2       95.3      376.9      1.7      1.2      1.3 2022  9 12 11 16 51.400  0.00  17
   106809  40.457686 -124.270850    25.336       38.7       93.5      376.7      0.9      1.0      1.0 2022 11  3 19 20 57.480  0.00  17
   106810  40.457813 -124.268970    25.345      198.1      107.5      385.2      3.5      1.0      1.7 2022 11 17 18 30  3.780  0.00  17
   110130  40.457328 -124.272298    25.392      -84.2       53.8      432.1      2.1      1.8      1.8 2021 12 20 21 19 35.360  0.00  17
   110131  40.457259 -124.272778    25.391     -124.9       46.1      431.2      2.9      1.8      2.3 2021 12 20 23 14 29.400  0.00  17
   110133  40.457361 -124.272152    25.392      -71.8       57.4      432.5      1.4      1.8      2.1 2021 12 23 18 20 46.720  0.00  17
   110134  40.457520 -124.272192    25.394      -75.2       75.0      434.8      1.7      1.8      1.9 2022  3  4 15 40 56.400  0.00  17
   110169  40.450704 -124.284351    21.949    -1106.6     -681.8    -3010.2      2.6      1.6      1.8 2021 12 21 17 40 43.880  0.00  17
   110170  40.450081 -124.279199    21.891     -669.6     -751.0    -3069.1      5.5      3.1      2.9 2021 12 21 17 46 54.000  0.00  17
   110171  40.450700 -124.284424    21.945    -1112.8     -682.3    -3014.9      2.1      1.3      1.4 2021 12 21  0 56 54.660  0.00  17
   110172  40.450179 -124.279940    21.864     -732.4     -740.1    -3096.0     15.6      2.5      2.3 2021 12 21  9 29 42.380  0.00  17
   110173  40.450529 -124.285531    21.861    -1206.7     -701.3    -3098.4     14.2      2.2      2.1 2021 12 31  7 54 22.740  0.00  17
   110414  40.457638 -124.270703    25.326       51.1       88.1      366.6      1.2      0.9      1.0 2023  4 18  6 30 20.240  1.21  17
   110732  40.457552 -124.272241    25.388      -79.4       78.6      428.3      1.6      1.7      2.0 2023  4 20  6 34 58.960  0.73  17
   110744  40.450960 -124.289535    21.893    -1546.3     -653.4    -3066.2      3.0      1.6      1.9 2022 12  6 14 13  7.240  1.22  17
