   104481  40.457357 -124.594710    14.941     1472.6     2073.9    -1154.2     48.6     46.6    132.6 2020  3 18 23  8 26.040  0.00  33
   104487  40.457214 -124.595524    14.659     1403.5     2058.1    -1436.3     18.3     38.0     60.7 2020 10  8  1 55 57.720  0.00  33
   104490  40.457279 -124.594263    15.434     1510.5     2065.3     -661.3     61.3     74.8     66.0 2021  5  6 21 17  8.520  0.00  33
   104492  40.456238 -124.595247    15.012     1427.0     1949.7    -1082.4     32.7     77.8    108.1 2021  5 22 23 14 19.040  0.00  33
   104497  40.457104 -124.595581    14.750     1398.7     2045.9    -1344.6     19.3     29.6     44.4 2021  9 11  3  0 21.140  0.00  33
   104498  40.456226 -124.595605    15.094     1396.6     1948.3    -1000.6     27.8     40.4     66.2 2021  9 11  3  1  4.800  0.00  33
   104499  40.457194 -124.594979    14.831     1449.8     2055.9    -1263.8     32.9     31.2     83.2 2021 11 16  9  0 22.520  0.00  33
   104500  40.456319 -124.595418    15.055     1412.5     1958.7    -1039.8     28.7     54.2     66.4 2021 12 10 12 25 58.640  0.00  33
   104501  40.457023 -124.595280    14.798     1424.2     2036.9    -1296.7     25.8     28.2     71.0 2021 12 10 12 35 52.640  0.00  33
   104502  40.456148 -124.595630    14.958     1394.6     1939.7    -1136.9     34.8     58.1    118.5 2021 12 20 12 11 43.960  0.00  33
   104507  40.456527 -124.595459    15.225     1409.1     1981.8     -869.7     36.3     65.2     86.4 2022 11 12 18 19 26.940  0.00  33
   104508  40.456340 -124.595776    15.056     1382.1     1961.0    -1038.4     51.3     68.7    130.3 2022 11 13 22 28 58.880  0.00  33
   108030  40.443209 -124.586759    20.263     2147.3      502.9     4167.7     60.9     92.9    143.1 2020  3 20  4 57 46.360  0.00  33
   108034  40.444307 -124.588232    20.954     2022.3      624.9     4859.1     90.7    156.8    129.9 2020  4 18  6  9 25.600  0.00  33
   108040  40.441736 -124.586100    20.945     2203.2      339.3     4850.3     62.5     92.4    118.7 2022  5 14  3 53 43.320  0.00  33
   108050  40.444043 -124.586296    20.265     2186.6      595.5     4170.1     69.6    121.6    177.3 2022  9 25  5 36 43.760  0.00  33
   109018  40.425838 -124.625806    15.951    -1165.6    -1426.0     -144.3     46.8     54.6     43.0 2020  9 11 21 15 56.120  0.00  33
   109019  40.425773 -124.625570    15.967    -1145.6    -1433.2     -127.6     33.7     48.7     51.3 2020  9 11 21 24 14.140  0.00  33
   109020  40.424817 -124.625806    16.180    -1165.6    -1539.4       84.9     34.6     50.7     43.5 2021  7 18  4  2  8.360  0.00  33
   109021  40.428349 -124.625692    15.840    -1155.9    -1147.2     -255.2     39.7     51.6     60.3 2022  1  6 16 11 51.780  0.00  33
   109022  40.428166 -124.625635    15.835    -1151.1    -1167.5     -260.2     42.7     49.4     49.5 2022  1  7  3 48 25.000  0.00  33
   109023  40.427458 -124.625700    15.920    -1156.6    -1246.2     -174.4     46.6     60.8     83.5 2022  7 28 23 32 44.180  0.00  33
   109024  40.425248 -124.625887    16.137    -1172.5    -1491.5       41.7     36.1     49.9     69.6 2022  9  3  4 53  8.380  0.00  33
   109025  40.424670 -124.625366    16.816    -1128.3    -1555.7      721.2     46.2     71.6    101.0 2022  9 26 20 40 26.760  0.00  33
   109026  40.429350 -124.624740    15.507    -1075.1    -1036.1     -588.3     36.2     76.1     88.4 2022 11  8 12 31 51.720  0.00  33
   109720  40.414498 -124.649748    13.604    -3197.4    -2685.3    -2490.6     75.9     94.1    194.3 2021  7 23  3 43  1.120  0.00  33
   109722  40.413037 -124.650659    14.796    -3274.8    -2847.5    -1298.5     43.3     65.5    164.7 2022  5 16 16 24 49.400  0.00  33
   109723  40.410010 -124.651131    14.796    -3315.0    -3183.6    -1298.8     56.2     93.2    167.9 2022  5 16 16 26 37.480  0.00  33
   110340  40.457043 -124.595549    14.719     1401.5     2039.1    -1375.5     15.7     33.7     61.7 2023  5 28 21 51 34.820  1.43  33
   110473  40.442074 -124.586499    21.142     2169.4      376.8     5047.2     54.9     84.7     89.7 2022 12 29 18 28  9.820  1.32  33
   110585  40.427364 -124.625602    15.891    -1148.3    -1256.6     -204.2     37.3     39.9     41.8 2023  1 23  1 44 26.910  2.18  33
   110680  40.412712 -124.649561    16.500    -3181.6    -2883.6      405.3     50.0     72.4    138.7 2022 12 20 19 17  5.280  2.32  33
   110800  40.454228 -124.584440    19.123     2343.9     1726.5     3027.9     60.8    100.4    122.7 2023  4  2 19 37 29.680  0.86  33
