   105726  40.376343 -124.250781    26.395      315.8     -527.3     -906.3      2.8      3.3      2.2 2020  4  8  8 21 58.120  0.00  14
   105730  40.376326 -124.250895    26.401      306.1     -529.1     -900.1      1.6      1.8      1.2 2020  8 18 23 54 39.920  0.00  14
   105732  40.376371 -124.250798    26.399      314.4     -524.1     -902.6      1.8      2.7      1.5 2020 12 18 23 41 26.600  0.00  14
   105733  40.376388 -124.250846    26.399      310.3     -522.3     -901.8      1.4      2.3      1.3 2021  3 13  9 16 42.120  0.00  14
   105734  40.376314 -124.250822    26.396      312.4     -530.5     -905.0      1.7      1.7      1.3 2021  3 28 18 51 39.620  0.00  14
   105739  40.376294 -124.250887    26.390      306.8     -532.7     -911.6      1.9      1.9      1.4 2021  8 26  7 46  5.300  0.00  14
   105740  40.376241 -124.250968    26.397      299.9     -538.6     -904.6      1.5      2.0      1.3 2021 11  3  0 24 55.500  0.00  14
   105742  40.376339 -124.250863    26.401      308.9     -527.7     -899.9      1.6      2.1      1.1 2021 11  3  0 56  1.640  0.00  14
   105743  40.376611 -124.250675    26.389      324.8     -497.5     -912.4      3.9      3.0      1.3 2021 11  3  7 36 58.280  0.00  14
   105744  40.376038 -124.250993    26.397      297.9     -561.2     -904.6      2.4      4.1      1.5 2021 11  3  4 55 54.820  0.00  14
   105745  40.376339 -124.250903    26.398      305.5     -527.7     -903.5      2.0      2.1      1.2 2021 11  3  3 50 44.720  0.00  14
   105747  40.376221 -124.250846    26.393      310.3     -540.8     -907.9      3.3      2.6      1.8 2021 11  3  2 39 53.560  0.00  14
   105749  40.376294 -124.250798    26.397      314.4     -532.7     -904.5      1.6      2.0      1.2 2021 11  3  2 37 16.800  0.00  14
   105750  40.376375 -124.250846    26.398      310.3     -523.7     -903.7      1.2      3.1      1.4 2021 11  3  0 41 54.400  0.00  14
   105751  40.376355 -124.250854    26.401      309.6     -525.9     -900.3      1.6      2.2      1.0 2021 11  3  0 39 12.580  0.00  14
   105752  40.376318 -124.250822    26.400      312.4     -530.0     -901.1      1.7      1.7      1.2 2021 11  3  0 34 13.400  0.00  14
   105754  40.376253 -124.251017    26.392      295.8     -537.2     -909.0      2.7      2.7      1.6 2021 11  3  0 32  6.680  0.00  14
   105757  40.376331 -124.250887    26.401      306.8     -528.6     -899.9      1.6      1.9      1.2 2021 11  4  7 12  1.600  0.00  14
   105762  40.376074 -124.250871    26.391      308.2     -557.1     -910.4      2.4      3.8      1.7 2021 11 11 13 42 18.820  0.00  14
   105763  40.376164 -124.251009    26.392      296.5     -547.2     -909.7      2.4      2.2      1.5 2021 12 20 22  5 44.360  0.00  14
   105764  40.376274 -124.250936    26.398      302.7     -535.0     -903.1      1.3      2.1      1.3 2021 12 20 21 35 24.780  0.00  14
   105765  40.376090 -124.250952    26.383      301.3     -555.3     -917.9      4.6      3.7      1.9 2021 12 20 20 32  9.520  0.00  14
   105768  40.376286 -124.250895    26.396      306.1     -533.6     -904.9      1.8      2.8      1.2 2021 12 21  6 11 58.360  0.00  14
   105769  40.376424 -124.250846    26.400      310.3     -518.3     -900.8      1.4      3.3      1.2 2021 12 21  7 56 43.800  0.00  14
   105772  40.376282 -124.250903    26.395      305.5     -534.1     -905.8      2.2      3.1      2.1 2021 12 21  0 19 42.020  0.00  14
   105774  40.376095 -124.251066    26.393      291.6     -554.8     -908.0      3.3      4.1      1.7 2021 12 21 20 50 48.500  0.00  14
   105775  40.376310 -124.250830    26.396      311.7     -530.9     -905.5      1.8      1.9      1.2 2021 12 22  3 33 33.340  0.00  14
   105777  40.376282 -124.250846    26.398      310.3     -534.1     -903.7      1.4      2.7      1.2 2021 12 22 18 39 56.880  0.00  14
   105778  40.376257 -124.250936    26.388      302.7     -536.8     -913.4      2.2      2.0      1.6 2021 12 22  3  7 48.260  0.00  14
   105780  40.376404 -124.251750    26.380      233.6     -520.5     -921.2      2.3      2.3      1.4 2021 12 24  3 24 30.240  0.00  14
   105782  40.376245 -124.250871    26.396      308.2     -538.1     -905.7      1.4      2.5      1.4 2021 12 24 10 12  5.420  0.00  14
   105784  40.376257 -124.250903    26.400      305.5     -536.8     -901.5      1.6      1.8      1.5 2021 12 25 17 31 35.020  0.00  14
   105787  40.376270 -124.250944    26.398      302.0     -535.4     -903.2      1.3      2.1      1.3 2021 12 26 19 40 33.940  0.00  14
   105789  40.376204 -124.250879    26.399      307.5     -542.6     -901.9      1.7      2.5      1.7 2021 12 29 23 58 51.860  0.00  14
   105791  40.376261 -124.250854    26.396      309.6     -536.3     -905.6      1.5      2.1      1.3 2022  1  4 13 16 11.840  0.00  14
   105793  40.376400 -124.251766    26.380      232.2     -521.0     -921.5      2.2      2.4      1.4 2022  1  9  0 23 57.200  0.00  14
   105794  40.376322 -124.250822    26.400      312.4     -529.5     -901.1      1.7      1.6      1.2 2022  1  9  0 25 32.700  0.00  14
   105796  40.376278 -124.251872    26.374      223.2     -534.5     -927.3      2.4      3.2      1.6 2022  1 26 19 43 31.500  0.00  14
   105798  40.376318 -124.250854    26.400      309.6     -530.0     -901.3      2.0      2.4      1.5 2022  2  6 19 27 40.580  0.00  14
   105802  40.376294 -124.250863    26.398      308.9     -532.7     -903.1      1.7      1.5      1.4 2022  3 23  1 53 21.540  0.00  14
   107897  40.397502 -124.261125    28.200     -562.5     1822.2      898.7      3.0      1.9      2.2 2020  6 13 20  4 41.920  0.00  14
   107899  40.396456 -124.261825    28.199     -621.9     1706.1      897.8      2.7      1.4      0.9 2021 11  3 20 34 30.060  0.00  14
   107900  40.396464 -124.261833    28.198     -622.6     1707.0      897.1      2.8      1.4      1.0 2021 11  3  5 51 50.700  0.00  14
   107907  40.396452 -124.261833    28.199     -622.6     1705.7      897.8      2.7      1.4      1.0 2021 12 21  5  6 47.280  0.00  14
   107910  40.397266 -124.261410    28.194     -586.6     1796.0      893.2      3.0      2.1      1.5 2021 12 27  0 40 32.520  0.00  14
   107911  40.399036 -124.262329    28.211     -664.7     1992.6      909.7      2.3      2.2      1.4 2021 12 29 17 56  6.640  0.00  14
   107912  40.397900 -124.261401    28.212     -585.9     1866.5      911.2      2.7      3.3      2.2 2022  1  4  6 25 11.060  0.00  14
   107914  40.395943 -124.261938    28.146     -631.6     1649.2      844.5      1.7      6.0      1.9 2022  1 18  8 29 53.180  0.00  14
   107915  40.395886 -124.263615    28.205     -773.9     1642.9      903.6      5.9      3.2      2.6 2022  1 20 19 35 45.720  0.00  14
   107916  40.398055 -124.261995    28.201     -636.4     1883.7      899.9      2.0      2.6      1.5 2022  3 10 19 43 36.080  0.00  14
   107917  40.397290 -124.260059    28.198     -471.9     1798.7      897.0      5.9      3.8      3.1 2022  3 21 15 45 36.680  0.00  14
   107919  40.396777 -124.260986    28.181     -550.7     1741.8      879.6      3.7      2.5      2.1 2022  4 28 16 18 59.900  0.00  14
   107920  40.396476 -124.261792    28.196     -619.1     1708.4      894.7      2.4      2.1      1.7 2022  4 30 20 33  4.260  0.00  14
   107922  40.397424 -124.261182    28.205     -567.3     1813.7      903.4      4.3      3.1      2.4 2022  7  3 16 44 36.540  0.00  14
   107924  40.397298 -124.260050    28.199     -471.2     1799.6      898.1      5.1      2.9      1.9 2022  7 19  9 28  3.620  0.00  14
   107925  40.396460 -124.261825    28.199     -621.9     1706.6      897.6      2.7      1.4      1.0 2022  8 20 18 57 36.780  0.00  14
   108010  40.367745 -124.255648    30.027      -97.4    -1482.0     2726.0      4.8      3.4      3.5 2020  4  7 16 19 13.760  0.00  14
   108011  40.370398 -124.254419    30.139        6.9    -1187.4     2837.6      5.7      4.5      3.1 2021  5 20  8  1 14.180  0.00  14
   108012  40.372595 -124.250521    30.215      337.9     -943.4     2914.2     12.1      8.7      4.3 2021  6  9 14 43 15.220  0.00  14
   108013  40.368209 -124.253117    30.203      117.5    -1430.5     2901.6      4.4      3.2      2.3 2021  7 19  0 53 28.240  0.00  14
   108019  40.368132 -124.251628    30.191      244.0    -1439.1     2889.4      4.5      3.4      3.1 2021 11  3  6 42 52.940  0.00  14
   108021  40.371248 -124.257454    30.079     -250.9    -1093.0     2777.6      6.4      7.9      3.8 2021 12 21  2 47 39.000  0.00  14
   108024  40.373490 -124.253833    30.074       56.7     -844.0     2772.8      6.5      4.7      3.4 2022  1  7  2 30  4.920  0.00  14
   110380  40.376253 -124.251554    26.378      250.2     -537.2     -923.5      1.8      2.6      1.3 2022 12 26  3 17 37.280  0.86  14
   110463  40.398946 -124.262834    28.203     -707.6     1982.6      902.3      3.2      2.6      1.9 2023  5 18 12 50 14.940  1.05  14
   110471  40.367558 -124.254354    30.095       12.4    -1502.8     2794.0      3.9      2.8      3.2 2023  3 30 14 41 33.470  1.24  14
