   101456  40.432955 -124.421086    26.416       18.0       72.3      136.1     77.3     90.6    104.4 2020  3 19  0 45 30.320  0.00  70
   101458  40.433118 -124.419995    26.314      110.5       90.4       34.3     93.2    110.2     98.4 2021  7 25 14  2 37.360  0.00  70
   101459  40.433541 -124.422030    26.489      -62.1      137.4      208.7     92.6     71.7    122.5 2021  9 21 10 52 22.640  0.00  70
   101460  40.432353 -124.423136    26.334     -156.1        5.4       53.9     95.4    126.1    111.6 2021 10 18  5  4 35.880  0.00  70
   101461  40.433720 -124.421851    26.413      -47.0      157.2      132.9     69.3    100.8    107.6 2021 11 21  4 48 40.760  0.00  70
   101463  40.432536 -124.420947    26.259       29.7       25.8      -21.1     69.1     84.0     62.6 2021 12 21  4 13  9.900  0.00  70
   101464  40.432585 -124.420907    26.260       33.1       31.2      -19.6     74.0     87.6     64.8 2021 12 21  6 51 11.380  0.00  70
   101465  40.432804 -124.420996    26.303       25.5       55.6       22.5     65.8    100.5     70.6 2021 12 21  3 44  9.940  0.00  70
   101467  40.431856 -124.419694    26.324      136.0      -49.7       44.3    117.3     96.5    107.3 2021 12 25 20 27 16.480  0.00  70
   101470  40.431816 -124.421069    26.257       19.3      -54.2      -22.6     63.4     72.4     73.0 2022  3 25 23 42  8.160  0.00  70
   101471  40.430147 -124.418848    26.051      207.9     -239.5     -229.5    124.7    113.5    113.3 2022  4 15 15  6 52.560  0.00  70
   101474  40.431750 -124.421208    26.191        7.6      -61.4      -89.1     82.2     66.3     85.3 2022  9 11 17 19  8.660  0.00  70
   110295  40.432389 -124.421720    26.299      -35.9        9.5       19.1     60.7     75.6     63.6 2023  4 28  6 44 51.220  1.27  70
