   105415  40.279806 -124.509212    18.705       -1.4        1.4       15.0    507.0    993.5   1463.6 2020 10 14 15 34 41.400  0.00  67
   105416  40.279797 -124.509188    18.684        0.7        0.5       -5.7    471.8    786.7    983.0 2021  4  1  8 19  1.020  0.00  67
   105417  40.279130 -124.509326    18.717      -11.1      -73.6       26.6    694.6   2216.2   1670.2 2021  5 26 14 28  8.260  0.00  67
   105420  40.279822 -124.509196    18.694        0.0        3.2        3.6    502.8    819.0    905.1 2021 11  1  8 47 28.700  0.00  67
   105423  40.278540 -124.509465    18.740      -22.8     -139.2       49.6   1129.3   2560.7   1759.9 2021 12 21 13 39 48.980  0.00  67
   105425  40.279822 -124.509204    18.691       -0.7        3.2        1.0    585.5   1034.9    925.7 2021 12 29 15 42 35.260  0.00  67
   105426  40.279879 -124.509180    18.689        1.4        9.5       -1.4    544.0   1138.6   1148.0 2021 12 29 15 33 22.240  0.00  67
   105431  40.279773 -124.509204    18.690       -0.7       -2.3       -0.1    479.6    835.8    859.8 2022  2  7  7 47 12.980  0.00  67
   105432  40.279891 -124.509180    18.686        1.4       10.8       -4.1    534.3   1038.7    896.1 2022  2  7 14 35 53.840  0.00  67
   105435  40.279822 -124.509196    18.683        0.0        3.2       -6.6    510.4    844.7    920.2 2022  5 14 19 48 33.060  0.00  67
   105436  40.279806 -124.509188    18.683        0.7        1.4       -7.5    489.9   1153.0   1051.3 2022  5 14 20  5 32.740  0.00  67
   105438  40.280452 -124.509049    18.637       12.5       73.2      -52.5    924.6   2051.5   1489.4 2022  8  1 20 28 59.300  0.00  67
   105440  40.279781 -124.509204    18.687       -0.7       -1.4       -2.8    496.6    858.6    864.2 2022 11  5 20 49 14.100  0.00  67
   110371  40.279838 -124.509188    18.687        0.7        5.0       -3.2    493.9    896.9    915.8 2023  3 11  3 37 51.890  1.01  67
