   103991  40.298201 -124.338770     9.634    -2527.9    -1655.9     -165.0    720.6    769.5    553.7 2020  1 17  9 45 59.140  0.00  47
   103993  40.298442 -124.339299     9.625    -2572.9    -1629.3     -173.9    339.1    391.0    371.5 2020  5 10  3 42 52.940  0.00  47
   103994  40.298979 -124.339258     9.610    -2569.4    -1569.6     -188.9    382.6    360.6    398.5 2020  5 10  5 35 35.000  0.00  47
   103998  40.298804 -124.340226     9.692    -2651.8    -1589.1     -106.8    365.6    500.5    543.6 2020  9 14  9  1 19.540  0.00  47
   104000  40.298604 -124.340796     9.685    -2700.2    -1611.2     -113.8    302.8    582.4    398.9 2021  3 25  0  8 59.680  0.00  47
   104002  40.299223 -124.340584     9.675    -2682.2    -1542.5     -123.3    317.1    297.0    376.8 2021  8 22  5 40 15.640  0.00  47
   104004  40.299809 -124.340373     9.685    -2664.2    -1477.5     -113.8    304.7    405.0    342.5 2021  9  4  3 28 39.640  0.00  47
   104007  40.298759 -124.340299     9.674    -2658.0    -1594.0     -125.3    324.1    543.6    382.5 2022  5 10 23 26 29.780  0.00  47
   104008  40.298210 -124.340698     9.677    -2691.9    -1655.0     -122.3    307.1    505.5    457.0 2022  5 30  7 25 58.420  0.00  47
   104010  40.298934 -124.340161     9.698    -2646.2    -1574.6     -100.4    811.2   1277.1    985.6 2022  6 28  1 22 18.540  0.00  47
   104011  40.298083 -124.339754     9.657    -2611.7    -1669.0     -141.7    300.3    473.5    308.6 2022 10 19 21 53 36.280  0.00  47
   106813  40.294181 -124.330412     9.481    -1817.5    -2102.3     -318.0    390.0    461.9    340.1 2020  3 17  5 56 19.560  0.00  47
   106827  40.293486 -124.330526     9.430    -1827.2    -2179.6     -369.0    301.3    381.4    378.5 2022  2 25  5 29 56.100  0.00  47
   106830  40.293091 -124.330680     9.431    -1840.3    -2223.4     -367.7    305.9    437.6    353.2 2022  7  5 15 16 47.800  0.00  47
   106831  40.294356 -124.330420     9.484    -1818.2    -2082.9     -314.9    321.7    392.5    320.8 2022  8 21 21 28 41.340  0.00  47
   106832  40.293473 -124.330575     9.465    -1831.3    -2181.0     -333.8    288.0    393.2    274.2 2022  8 21 21 40 11.720  0.00  47
   106834  40.293783 -124.330127     9.378    -1793.3    -2146.6     -421.0    435.0    505.0    519.8 2022 10 20 17 49 27.620  0.00  47
   107004  40.333895 -124.210767     7.115     8351.6     2307.5    -2684.2    518.8    449.7    283.7 2022  3  4 18 57 23.080  0.00  47
   107006  40.333415 -124.211434     7.130     8295.0     2254.2    -2669.2    326.4    286.4    470.3 2022 10 10 12 43 31.860  0.00  47
   108402  40.380115 -124.250635    12.707     4961.6     7439.8     2907.9    367.8    493.3    484.5 2022 10  8 11 13  1.020  0.00  47
   108407  40.380290 -124.250244    12.722     4994.8     7459.2     2922.9    407.3    609.0    581.5 2022 11 12 15 29 41.060  0.00  47
   110332  40.298836 -124.340479     9.628    -2673.2    -1585.5     -170.4    422.0    562.5    513.2 2023  3 12 10 38 34.580  0.73  47
   110415  40.294731 -124.330233     9.550    -1802.3    -2041.4     -249.1    506.3    538.6    478.5 2023  3 15 21 22 18.100  1.02  47
   110424  40.333508 -124.211084     7.126     8324.7     2264.6    -2672.7    318.7    326.1    400.0 2023  5  3  7 32 56.730  0.50  47
   110499  40.379224 -124.251270    12.631     4907.7     7340.8     2832.3    408.3    493.8    507.2 2023  3 19 16 35 12.330  0.73  47
   110740  40.348792 -124.248966    12.238     5104.5     3961.6     2440.6    394.7    551.6    465.8 2023  2  1  5  8 29.030  0.91  47
