   105485  40.699068 -124.201180    17.522      -32.3        0.9       39.6     12.0      6.9     10.7 2020  2  5  5 58 25.560  0.00  53
   105486  40.699064 -124.199976    17.104       69.5        0.5     -378.9    103.3     67.0     17.6 2020  3 17 12 51 45.720  0.00  53
   105487  40.698918 -124.200724    17.404        6.2      -15.8      -79.0     11.9      7.9      7.3 2020  4 15  7 17 47.580  0.00  53
   105489  40.699345 -124.200659    17.507       11.7       31.6       24.7     11.4      6.4     12.8 2020  9  1  3 23  1.060  0.00  53
   105491  40.699980 -124.195662    17.074      434.0      102.1     -408.3     15.6      5.6     11.6 2022  6 26  6 12 19.280  0.00  53
   105492  40.699426 -124.199854    17.378       79.8       40.7     -104.9      5.4      3.5      4.2 2022  9 22  6  0 32.400  0.00  53
   105493  40.699455 -124.199886    17.398       77.0       43.8      -84.6      5.0      3.3      4.6 2022  9 22  6  2 18.960  0.00  53
   105494  40.699581 -124.199935    17.390       72.9       57.8      -92.4      5.0      3.1      5.3 2022  9 22  7 21 46.180  0.00  53
   105495  40.699764 -124.199618    17.423       99.7       78.2      -60.1      4.8      4.7      6.6 2022  9 22 15 52 11.740  0.00  53
   105496  40.699536 -124.200065    17.383       61.9       52.9      -99.2      5.7      4.5      5.0 2022  9 23  7 36 42.680  0.00  53
   105498  40.699475 -124.200098    17.396       59.2       46.1      -87.2      5.4      2.9      4.4 2022  9 25 11 10 14.460  0.00  53
   105501  40.699520 -124.200203    17.357       50.2       51.1     -125.4      4.9      3.7      5.2 2022 10 26 12 52 38.720  0.00  53
   105502  40.699487 -124.199813    17.385       83.2       47.4      -98.0      6.8      3.6      4.6 2022 10 28 19 52 59.400  0.00  53
   105503  40.699504 -124.200195    17.376       50.9       49.3     -106.4      5.4      3.2      5.3 2022 10 28 19 54 10.800  0.00  53
   108833  40.723246 -124.237028    17.108    -3061.5     2685.8     -374.9     26.3      7.5     14.7 2020  7  7 22 53  4.560  0.00  53
   108870  40.673486 -124.176278    17.835     2072.7    -2839.9      351.9     16.9      6.0     12.2 2021  3 19  7  6 30.900  0.00  53
   108873  40.674487 -124.165446    18.606     2988.3    -2728.8     1122.8     23.8      5.7     12.8 2022  9 22 18 46  5.320  0.00  53
   110375  40.699308 -124.199593    17.432      101.8       27.6      -51.2      5.0      3.2      3.9 2023  4 18 21 27 56.500  2.49  53
   110555  40.722909 -124.234424    17.662    -2841.5     2648.3      179.7     27.1      7.5     14.7 2023  5  5 10 40  9.930  1.00  53
   110562  40.671985 -124.174764    18.938     2200.7    -3006.7     1455.2     18.0      4.8     10.4 2023  2  1  1 28 26.490  1.31  53
   110714  40.704102 -124.194686    17.895      516.5      559.9      411.9      5.5      4.2      5.6 2023  1  6 12 27 19.440  3.44  53
