   103673  40.376489 -124.631934    26.220       32.5       56.0     -299.9     38.5     73.0     78.1 2020  1 14 15 15 17.280  0.00  15
   103674  40.375911 -124.632113    26.581       17.3       -8.1       60.7     21.2     40.9     51.4 2020  1 16 22 39 17.780  0.00  15
   103675  40.375631 -124.632292    26.606        2.1      -39.3       86.4     22.4     32.2     47.4 2020  1 16 23 52  2.380  0.00  15
   103680  40.369027 -124.633903    26.395     -134.8     -772.6     -124.7     38.8    131.8     82.6 2020  3 15  8 13 26.920  0.00  15
   103681  40.375391 -124.631982    26.151       28.3      -66.0     -368.9     28.4     47.7     61.3 2020  3 19  1 14 44.660  0.00  15
   103683  40.381694 -124.633097    26.593      -66.3      633.9       73.3     27.7     71.2     72.1 2020  4  6  8 32 34.940  0.00  15
   103684  40.379285 -124.632756    26.384      -37.3      366.4     -136.3     37.3     80.3     68.9 2020  4  6  8 26 12.640  0.00  15
   103685  40.374320 -124.631673    25.759       54.6     -184.8     -760.6     41.2     65.0     89.9 2020  4 11  0 30 15.880  0.00  15
   103686  40.381962 -124.629980    25.874      198.3      663.7     -646.2     41.4    112.6     89.3 2020  4 18  1 52 31.020  0.00  15
   103688  40.377185 -124.631592    25.580       61.5      133.3     -939.5     53.2     97.3    128.9 2020  4 30 20 36 37.720  0.00  15
   103690  40.374837 -124.630404    23.289      162.4     -127.4    -3230.8     32.3     78.3     88.0 2020  5  9  0 55 49.540  0.00  15
   103693  40.372982 -124.631852    22.819       39.4     -333.5    -3700.6     46.1    103.9    251.4 2020  5 19  5  8 33.060  0.00  15
   103694  40.366850 -124.633016    24.261      -59.4    -1014.4    -2259.1     36.6    141.5    175.6 2020  5 19  5 15 33.100  0.00  15
   103697  40.376021 -124.632137    26.471       15.2        4.1      -48.7     20.2     35.6     49.8 2020  6  4 14 54 40.800  0.00  15
   103705  40.376115 -124.632235    26.470        6.9       14.5      -49.8     17.0     39.5     41.4 2020  8  7 15  6  9.460  0.00  15
   103712  40.376912 -124.632113    26.423       17.3      103.0      -96.5     18.8     69.3     54.3 2020  9 20  6  7  5.560  0.00  15
   103713  40.375041 -124.632780    26.755      -39.4     -104.8      235.4     34.4     60.0     89.3 2020  9 29 16 41  7.480  0.00  15
   103717  40.375391 -124.632332    26.536       -1.4      -66.0       15.5     16.5     40.2     42.9 2020 11  9  3 26 14.900  0.00  15
   103721  40.377116 -124.633553    27.182     -105.0      125.6      661.6     38.8     64.5     97.1 2021  1 21 20 44 37.900  0.00  15
   103724  40.376689 -124.632096    26.459       18.7       78.2      -60.5     18.8     58.9     46.3 2021  1 28  8  1 18.460  0.00  15
   103725  40.372904 -124.633219    26.791      -76.7     -342.0      270.6     29.9     84.0     51.0 2021  2 12  4 13 46.120  0.00  15
   103726  40.377104 -124.633618    26.938     -110.6      124.3      417.9     31.9     58.3     71.2 2021  2 12  4  5 42.100  0.00  15
   103727  40.376827 -124.632568    26.516      -21.4       93.5       -3.6     28.0     50.6     82.1 2021  2 28 17 42  1.520  0.00  15
   103733  40.375220 -124.632772    26.712      -38.7      -84.9      191.7     25.1     50.4     44.4 2021  3 16 22 26 59.680  0.00  15
   103736  40.374886 -124.632430    26.586       -9.7     -122.0       65.8     19.8     47.0     54.0 2021  4 24 19 55 12.980  0.00  15
   103737  40.374630 -124.632625    26.591      -26.3     -150.5       71.5     19.4     56.7     63.5 2021  4 24 21 25 22.420  0.00  15
   103738  40.377600 -124.632039    26.463       23.5      179.4      -56.8     22.1     75.9     67.2 2021  5  2 10 15 15.360  0.00  15
   103739  40.375472 -124.632137    26.392       15.2      -56.9     -127.9     18.2     45.2     48.7 2021  5 17  1 51 15.000  0.00  15
   103743  40.374776 -124.632690    26.590      -31.8     -134.2       69.8     24.0     50.5     37.4 2021  6  3  9 11 16.620  0.00  15
   103746  40.374211 -124.633016    26.578      -59.4     -197.0       58.5     24.6     74.1     54.2 2021  6 21 18 25 58.900  0.00  15
   103747  40.374377 -124.633130    26.638      -69.1     -178.5      118.0     27.1     75.4     57.2 2021  6 21 18 56 10.100  0.00  15
   103748  40.373568 -124.632845    26.539      -44.9     -268.4       19.3     27.0     76.4     50.9 2021  6 26 21 34 53.920  0.00  15
   103749  40.373482 -124.633472    26.681      -98.1     -277.9      160.8     32.9     82.5     60.0 2021  6 26 21 52 52.480  0.00  15
   103752  40.376213 -124.632137    26.487       15.2       25.3      -33.3     19.8     38.0     47.5 2021  7 16  4 38  9.540  0.00  15
   103753  40.376921 -124.631665    26.462       55.3      103.9      -57.7     24.5     69.6     68.7 2021  7 23 17 27  4.080  0.00  15
   103765  40.376074 -124.633740    26.883     -120.9        9.9      363.4     43.5     78.1     70.9 2021  9 14 11  7 22.460  0.00  15
   103766  40.375248 -124.632389    26.586       -6.2      -81.8       66.0     22.7     37.0     38.9 2021  9 15 10 50 21.940  0.00  15
   103770  40.375496 -124.632373    26.529       -4.8      -54.2        8.9     20.4     34.9     37.8 2021  9 22 19 29 33.580  0.00  15
   103780  40.374837 -124.632300    26.506        1.4     -127.4      -14.5     20.1     47.7     44.7 2021 11 29  2 31 57.980  0.00  15
   103781  40.375952 -124.632096    26.514       18.7       -3.6       -6.0     18.5     46.3     43.5 2021 12  5 11 19 17.180  0.00  15
   103782  40.375822 -124.632349    26.537       -2.8      -18.1       17.4     18.3     35.5     38.6 2021 12  5 11 20 39.060  0.00  15
   103787  40.375151 -124.632780    26.656      -39.4      -92.6      135.8     26.4     50.5     40.0 2021 12 19  2 14 40.560  0.00  15
   103793  40.375297 -124.632357    26.537       -3.5      -76.4       16.8     19.6     37.6     38.6 2022  1 14  5 18 12.200  0.00  15
   103796  40.378556 -124.633415    26.683      -93.3      285.6      163.5     48.4     66.8     77.5 2022  2 18 12 44 56.020  0.00  15
   103797  40.370064 -124.631746    26.092       48.4     -657.4     -428.0     48.9    127.9     95.7 2022  2 19 12 21  1.500  0.00  15
   103802  40.378573 -124.631576    26.464       62.9      287.4      -56.5     28.9     87.1     63.4 2022  3 12  4 33 48.940  0.00  15
   103804  40.379089 -124.631055    26.403      107.1      344.7     -117.0     52.8     99.9    126.1 2022  3 15 10 40 38.520  0.00  15
   103811  40.375736 -124.632153    26.439       13.8      -27.6      -81.5     18.3     42.0     40.3 2022  5 14  0 44  9.960  0.00  15
   103814  40.380339 -124.630802    26.197      128.5      483.5     -322.5     46.2    109.1     70.9 2022  5 31 12 38 59.980  0.00  15
   103815  40.376461 -124.632292    26.488        2.1       52.9      -32.1     20.5     38.3     43.2 2022  5 31 16 45 19.300  0.00  15
   103820  40.375602 -124.632170    26.444       12.4      -42.5      -76.4     19.3     38.2     43.1 2022  6 16 23 23 11.160  0.00  15
   103822  40.375346 -124.632756    26.602      -37.3      -70.9       81.8     27.8     49.8     43.3 2022  7  2  3 27 26.160  0.00  15
   103828  40.375720 -124.632259    26.459        4.8      -29.4      -61.4     16.8     62.9     38.0 2022  7 30 10  3 37.460  0.00  15
   103829  40.375391 -124.632349    26.511       -2.8      -66.0       -9.2     17.8     42.1     43.0 2022  8  8 16 29 41.540  0.00  15
   103831  40.375468 -124.632544    26.544      -19.4      -57.4       23.7     21.1     39.6     37.5 2022  8 21  3 43 30.740  0.00  15
   103834  40.374589 -124.632788    26.673      -40.1     -155.0      152.5     23.0     59.1     38.6 2022  9  5 17 44 25.060  0.00  15
   103835  40.374178 -124.633317    26.877      -85.0     -200.6      356.8     42.2     86.6     59.1 2022  9 22 18 37 12.600  0.00  15
   103836  40.368892 -124.631486    26.504       70.5     -787.5      -16.4     27.3     72.6     47.1 2022  9 23 19 40  3.100  0.00  15
   103837  40.375940 -124.632300    26.473        1.4       -5.0      -47.0     17.6     41.9     36.4 2022  9 25  0 13 36.240  0.00  15
   103842  40.375785 -124.632316    26.492        0.0      -22.1      -27.9     17.6     38.7     35.2 2022 10 27 16  1  8.480  0.00  15
   103843  40.376025 -124.632153    26.450       13.8        4.5      -70.0     19.2     38.6     45.9 2022 10 27 19 13 41.200  0.00  15
   103844  40.375513 -124.632397    26.502       -6.9      -52.4      -18.2     18.1     40.7     38.7 2022 10 27 19 10 46.000  0.00  15
   103850  40.375618 -124.632227    26.551        7.6      -40.7       31.2     18.7     37.0     45.9 2022 11 22 17 13 20.760  0.00  15
   110325  40.376200 -124.632186    26.565       11.1       23.9       45.0     17.6     35.7     37.9 2023  1  6  2 11 23.440  2.07  15
