   104399  40.353874 -124.279639    23.878     1117.8     -767.7    -3110.2    524.6    592.3    432.0 2021  6 15  4 44 44.800  0.00  26
   104401  40.355029 -124.279085    23.850     1164.8     -639.3    -3138.5    314.1    595.9    274.5 2021  8 29  1 56 52.440  0.00  26
   104403  40.356055 -124.278052    23.850     1252.6     -525.5    -3138.5    467.1    489.3    278.5 2021 12 20 21  4 59.220  0.00  26
   104405  40.352490 -124.279012    23.799     1171.1     -921.3    -3189.1    491.5    632.2    329.4 2021 12 20 20 53 33.680  0.00  26
   104406  40.351652 -124.279924    23.787     1093.7    -1014.4    -3201.5    679.8    597.4    297.9 2021 12 20 20 26 28.100  0.00  26
   104407  40.352869 -124.280583    23.875     1037.7     -879.3    -3113.3    607.0    636.3    385.5 2021 12 20 21 31 11.760  0.00  26
   104410  40.355147 -124.278426    23.843     1220.8     -626.2    -3145.2    305.7    563.0    267.0 2021 12 21  0  8 11.860  0.00  26
   104411  40.355904 -124.278451    23.815     1218.7     -542.2    -3173.8    544.3    520.9    380.6 2021 12 21 19 31 39.840  0.00  26
   104412  40.357161 -124.278833    23.908     1186.2     -402.6    -3080.5    910.5    758.5    483.7 2021 12 21 11 59  9.720  0.00  26
   104413  40.352677 -124.278947    23.802     1176.6     -900.5    -3186.2    470.8    645.8    338.1 2021 12 22  8  8 37.840  0.00  26
   104420  40.355103 -124.278621    23.846     1204.2     -631.2    -3142.9    268.0    577.7    256.0 2022  1 14  0 17 25.780  0.00  26
   104421  40.354289 -124.279850    23.907     1099.9     -721.6    -3081.6   1157.4    890.9    774.5 2022  1 14  4 26 58.700  0.00  26
   104423  40.355485 -124.280998    23.870     1002.4     -588.7    -3118.0    926.1    864.2    597.6 2022  1 26 22 58 55.500  0.00  26
   104426  40.355469 -124.278711    23.827     1196.6     -590.5    -3161.5    427.0    717.8    353.8 2022 11 19 20 44  5.320  0.00  26
   107213  40.338892 -124.297445    27.696     -394.8    -2431.3      708.0    840.3   1036.1    762.3 2020  3 23  6 34  8.940  0.00  26
   107215  40.342269 -124.293237    27.560      -37.3    -2056.3      571.8    786.4    689.9    378.7 2021 12  1  3 23 46.460  0.00  26
   107219  40.341349 -124.296737    27.678     -334.6    -2158.4      689.7    865.0    959.2    719.2 2021 12 24 22 23 25.560  0.00  26
   107222  40.339335 -124.297192    27.771     -373.3    -2382.0      782.8    878.6   1225.4    771.9 2022  1  1 10 24 30.560  0.00  26
   107224  40.343966 -124.295288    27.584     -211.6    -1867.9      595.6   1085.3    456.6    839.0 2022  1 17  7 33 11.240  0.00  26
   107232  40.372266 -124.308455    29.456    -1329.9     1274.6     2467.7    484.4    511.5    405.1 2021  3 11 20  6  4.280  0.00  26
   107235  40.371895 -124.308521    29.428    -1335.4     1233.5     2439.7    371.4    460.9    304.2 2021 11  3  5 58  4.920  0.00  26
   107243  40.372339 -124.308301    29.448    -1316.8     1282.7     2459.4    335.9    396.6    293.7 2021 12 20 23 27 36.080  0.00  26
   107244  40.372339 -124.308341    29.446    -1320.2     1282.7     2458.1    349.9    401.5    292.1 2021 12 20 20 50 16.880  0.00  26
   107245  40.371903 -124.308016    29.437    -1292.6     1234.4     2448.3    292.2    407.3    261.7 2021 12 20 23 41 45.320  0.00  26
   107246  40.372339 -124.308325    29.447    -1318.8     1282.7     2458.7    351.5    402.1    296.8 2021 12 20 20 17 10.900  0.00  26
   107247  40.371879 -124.308032    29.435    -1293.9     1231.7     2446.2    335.9    467.8    290.9 2021 12 20 21 11 30.880  0.00  26
   107254  40.371965 -124.308374    29.431    -1323.0     1241.2     2442.2    435.0    377.5    267.5 2021 12 21 18  1 23.800  0.00  26
   107256  40.371867 -124.308049    29.438    -1295.3     1230.3     2449.8    321.2    421.5    302.8 2021 12 21  7 25 52.440  0.00  26
   107257  40.372274 -124.308512    29.487    -1334.7     1275.5     2499.1    370.2    511.6    386.2 2021 12 21  2 34 43.280  0.00  26
   107258  40.371460 -124.308569    29.389    -1339.6     1185.2     2400.1    456.1    652.5    379.4 2021 12 21 13  6 14.120  0.00  26
   107260  40.371903 -124.308114    29.434    -1300.9     1234.4     2445.8    328.8    414.2    265.2 2021 12 23 19 15  5.580  0.00  26
   107262  40.371338 -124.308488    29.420    -1332.7     1171.6     2431.4    413.1    479.6    243.7 2021 12 24 12 38 47.180  0.00  26
   107267  40.371769 -124.307983    29.431    -1289.8     1219.5     2443.0    432.5    625.1    408.7 2021 12 26  2 14 54.480  0.00  26
   107272  40.371912 -124.308105    29.436    -1300.2     1235.3     2447.5    269.8    365.0    221.1 2022  1  2 13 57 49.500  0.00  26
   107274  40.371724 -124.308512    29.445    -1334.7     1214.5     2456.4    343.9    492.9    288.7 2022  1 15 12 26  6.380  0.00  26
   107277  40.371940 -124.308333    29.430    -1319.5     1238.5     2441.7    420.8    365.1    250.1 2022  7  1  1 40 55.500  0.00  26
   107280  40.371965 -124.308382    29.431    -1323.7     1241.2     2442.2    431.3    374.4    265.1 2022  7 16 23 34 14.380  0.00  26
   109841  40.359318 -124.251888    26.086     3475.0     -163.1     -902.3   3439.2   1048.6   1121.6 2021 12 21  1 16 23.360  0.00  26
   109842  40.359570 -124.266349    25.909     2246.6     -135.1    -1079.8   1364.9   1090.3   1257.9 2021 12 23  3 36 15.740  0.00  26
   109843  40.357931 -124.264941    25.878     2366.3     -317.2    -1110.7    929.8   1042.6    849.7 2021 12 31 10  3  5.180  0.00  26
   110338  40.354508 -124.279858    23.879     1099.2     -697.2    -3109.1    557.3    539.3    375.0 2022 12 19 23 29  6.160  1.05  26
   110427  40.341296 -124.295296    27.687     -212.2    -2164.3      699.0    783.2    875.4    566.1 2022 12 25  7 31 55.070  0.83  26
   110428  40.371891 -124.308114    29.434    -1300.9     1233.0     2445.5    346.3    431.4    283.6 2023  4 29  3  1 22.660  0.62  26
   110713  40.360372 -124.266829    25.846     2205.8      -46.1    -1141.9    936.5    864.8    719.0 2022 12 12  1  4 54.750  2.37  26
