   107012  40.449561 -124.509505    19.781       53.8       14.5     -158.8     21.3     64.3     65.7 2020  3 13 20 49 46.760  0.00  20
   107018  40.450037 -124.510701    19.980      -47.6       67.3       40.4     40.0     47.3     54.1 2020  3 16 15  0 15.800  0.00  20
   107019  40.450391 -124.510881    20.170      -62.8      106.6      230.4     34.0     36.0     68.1 2020  3 19  5 28 35.140  0.00  20
   107025  40.449121 -124.509774    19.807       31.1      -34.3     -132.8     44.8     51.2     81.8 2020  4 13 16 19 31.580  0.00  20
   107026  40.449231 -124.509285    19.697       72.5      -22.1     -243.0     29.6     80.4     58.5 2020  4 13 15 50 34.720  0.00  20
   107027  40.449019 -124.509676    19.791       39.4      -45.6     -149.1     47.9     54.6     83.6 2020  4 13 19 50 27.360  0.00  20
   107028  40.449740 -124.512199    20.228     -174.7       34.3      288.3     45.4     48.5     90.7 2020  4 14 17  8 38.280  0.00  20
   107033  40.448918 -124.509554    19.731       49.7      -56.9     -209.1     52.2     59.0     83.4 2020  4 18  4 37 30.240  0.00  20
   107036  40.449060 -124.509717    19.779       35.9      -41.1     -160.6     32.1     35.9     49.3 2020  4 20  0 18 25.620  0.00  20
   107039  40.449011 -124.509660    19.651       40.7      -46.5     -288.8     51.3     58.3     87.8 2020  4 22  4  6 12.460  0.00  20
   107041  40.450566 -124.511190    19.952      -89.1      126.1       11.8     75.3     87.6     92.8 2020  4 23 14 12 34.780  0.00  20
   107046  40.449028 -124.509660    19.696       40.7      -44.7     -243.9     44.5     50.4     72.7 2020  5 11  2 24 50.380  0.00  20
   107047  40.449048 -124.509676    19.681       39.4      -42.5     -258.7     46.0     52.1     77.1 2020  5 15  1  9 24.220  0.00  20
   107074  40.449524 -124.510181    19.962       -3.5       10.4       21.8     18.5     24.2     30.6 2020  6 26 21 11 31.440  0.00  20
   107076  40.449544 -124.510229    19.969       -7.6       12.7       29.1     19.5     22.1     37.4 2020  6 26 21 41 55.120  0.00  20
   107085  40.449406 -124.510083    19.937        4.8       -2.7       -3.4     19.3     25.6     33.1 2020  7  3 12 39 44.800  0.00  20
   107090  40.449467 -124.510205    19.965       -5.5        4.1       24.5     25.3     20.1     49.2 2020  7  5  5 27 39.000  0.00  20
   107091  40.449479 -124.510132    19.951        0.7        5.4       11.4     19.4     30.0     33.1 2020  7  5 22 14 38.140  0.00  20
   107097  40.449406 -124.510107    19.940        2.8       -2.7        0.1     21.5     24.2     33.2 2020  7 13 15 22 48.300  0.00  20
   107104  40.449447 -124.510156    19.953       -1.4        1.8       13.2     20.9     22.7     38.2 2020  7 24 15 25  2.280  0.00  20
   107107  40.449581 -124.510254    19.975       -9.7       16.7       34.8     19.5     22.6     34.3 2020  7 26 17 32 18.560  0.00  20
   107108  40.449443 -124.510050    19.936        7.6        1.4       -4.4     20.9     35.9     32.4 2020  7 29 23 21 13.380  0.00  20
   107109  40.449556 -124.510107    19.938        2.8       14.0       -2.5     22.6     35.3     40.5 2020  7 30  0 33 38.560  0.00  20
   107110  40.449451 -124.510132    19.946        0.7        2.3        6.0     20.7     25.0     32.9 2020  7 31 15 58 31.680  0.00  20
   107112  40.449491 -124.510164    19.955       -2.1        6.8       14.8     19.2     22.5     39.0 2020  8 21  3 38  0.900  0.00  20
   107113  40.448954 -124.510319    20.002      -15.2      -52.9       62.5     24.5     33.2     59.1 2020  8 22  8 28 36.020  0.00  20
   107117  40.449573 -124.510034    19.921        9.0       15.8      -18.8     21.1     41.1     36.2 2020  9  5 22 11 56.180  0.00  20
   107122  40.449394 -124.510197    19.964       -4.8       -4.1       24.3     24.1     32.6     35.7 2020 10 21 11 51 21.820  0.00  20
   107125  40.449312 -124.510002    19.920       11.7      -13.1      -20.1     19.5     28.2     35.3 2020 12 11 12 11 46.140  0.00  20
   107129  40.449386 -124.510099    19.935        3.5       -5.0       -5.0     20.7     22.8     32.8 2020 12 29  1 47 27.420  0.00  20
   107140  40.449211 -124.510148    19.946       -0.7      -24.4        5.8     27.3     41.7     35.0 2021  6  8  0 28 30.380  0.00  20
   107142  40.449426 -124.510124    19.941        1.4       -0.5        0.8     23.2     26.2     29.7 2021  6  9 13 25 38.980  0.00  20
   107144  40.449483 -124.510156    19.950       -1.4        5.9        9.6     21.4     28.2     28.4 2021  6 10 12 39 30.160  0.00  20
   107146  40.450020 -124.510726    19.994      -49.7       65.5       54.3     25.8     30.1     70.1 2021  6 15  3  3 59.900  0.00  20
   107147  40.449463 -124.510148    19.955       -0.7        3.6       14.6     19.8     23.0     30.2 2021  6 22 21 20 11.860  0.00  20
   107148  40.449495 -124.510164    19.958       -2.1        7.2       17.5     18.2     20.1     26.9 2021  6 23 21 32 51.880  0.00  20
   107150  40.449361 -124.510156    19.945       -1.4       -7.7        4.8     28.0     28.8     28.6 2021  6 26  5  4 28.020  0.00  20
   107153  40.449365 -124.510205    19.948       -5.5       -7.2        7.7     23.8     35.7     37.7 2021  8 22  8 46 23.040  0.00  20
   107155  40.449373 -124.510205    19.951       -5.5       -6.3       10.6     23.8     35.6     34.4 2021  8 30  9 39 56.700  0.00  20
   107156  40.449227 -124.510164    19.944       -2.1      -22.6        4.2     32.0     42.3     32.9 2021  8 30  7 17 22.420  0.00  20
   107158  40.449211 -124.510295    19.985      -13.1      -24.4       44.8     24.6     22.7     28.5 2021  9  3  9 32  4.260  0.00  20
   107160  40.449223 -124.510099    19.944        3.5      -23.0        3.6     23.3     39.2     38.8 2021  9 13  8  1 39.740  0.00  20
   107162  40.449459 -124.510148    19.954       -0.7        3.2       13.8     19.4     23.0     30.1 2021  9 14 18 20 35.760  0.00  20
   107165  40.449451 -124.510140    19.958        0.0        2.3       17.7     19.4     24.4     42.4 2021  9 14 23 19 12.780  0.00  20
   107168  40.449463 -124.510148    19.955       -0.7        3.6       14.9     19.8     22.9     30.6 2021  9 22 20 32 26.380  0.00  20
   107170  40.449459 -124.510164    19.957       -2.1        3.2       17.4     19.6     22.1     40.3 2021 10  8  8  3 23.660  0.00  20
   107171  40.449459 -124.510140    19.956        0.0        3.2       16.1     20.5     23.2     32.3 2021 11 14 20 50 55.920  0.00  20
   107178  40.449288 -124.509985    19.903       13.1      -15.8      -36.8     26.1     30.7     41.5 2022 11 27 18 31 58.100  0.00  20
   110425  40.449430 -124.510083    19.966        4.8        0.0       26.3     18.9     20.3     27.9 2023  4 20 17 48 59.220  0.86  20
