   100045  40.492029 -124.337948    19.026       -3.4        7.2        6.2      0.4      0.5      0.5 2021  8 26 18 32 24.440  0.00  11
   100046  40.491964 -124.337866    19.015        3.4        0.0       -4.6      0.5      0.4      0.5 2021  8 26 19 24  2.720  0.00  11
   100064  40.491630 -124.336377    18.884      129.7      -37.1     -136.5      1.8      1.7      1.9 2021 12 20 21 52  7.440  0.00  11
   100066  40.491996 -124.337899    19.020        0.7        3.6       -0.0      0.5      0.4      0.5 2021 12 21 21 30 51.420  0.00  11
   100067  40.492013 -124.337882    19.020        2.1        5.4        0.3      0.5      0.4      0.5 2021 12 21 12 55 53.380  0.00  11
   100068  40.492021 -124.337899    19.021        0.7        6.3        0.9      0.5      0.4      0.4 2021 12 21 12 45 57.660  0.00  11
   100069  40.491972 -124.337891    19.017        1.4        0.9       -3.2      0.5      0.4      0.5 2021 12 21 12 37 28.080  0.00  11
   100070  40.492008 -124.337874    19.020        2.8        5.0       -0.5      0.5      0.4      0.5 2021 12 21 13 17 10.920  0.00  11
   100072  40.492033 -124.337988    19.027       -6.9        7.7        6.8      0.5      0.6      0.6 2021 12 21 12 47 57.820  0.00  11
   100086  40.492029 -124.337939    19.025       -2.8        7.2        5.2      0.4      0.4      0.5 2021 12 22  5 15 45.380  0.00  11
   100092  40.491984 -124.337923    19.020       -1.4        2.3       -0.0      0.5      0.4      0.5 2021 12 23 12 18 27.560  0.00  11
   100099  40.491992 -124.337882    19.018        2.1        3.2       -2.3      0.5      0.4      0.5 2021 12 26 10 40 33.820  0.00  11
   100101  40.492061 -124.337939    19.029       -2.8       10.8        8.9      0.4      0.5      0.6 2021 12 28 20 37  0.280  0.00  11
   100106  40.492013 -124.337956    19.024       -4.1        5.4        3.5      0.4      0.5      0.4 2021 12 31 19 14 39.200  0.00  11
   100107  40.491996 -124.337948    19.023       -3.4        3.6        2.5      0.4      0.5      0.4 2021 12 31 19 57 44.880  0.00  11
   100108  40.492029 -124.337899    19.023        0.7        7.2        3.4      0.5      0.4      0.4 2021 12 31 15  4  0.320  0.00  11
   100110  40.491956 -124.337915    19.016       -0.7       -0.9       -4.2      0.5      0.5      0.5 2021 12 31 20 59 57.000  0.00  11
   100114  40.492033 -124.337882    19.023        2.1        7.7        2.5      0.5      0.4      0.4 2021 12 31 23 29 55.280  0.00  11
   100115  40.491992 -124.337939    19.020       -2.8        3.2        0.2      0.4      0.5      0.5 2021 12 31 21  9 58.240  0.00  11
   100116  40.491992 -124.337939    19.020       -2.8        3.2        0.1      0.4      0.5      0.5 2021 12 31 21 35 51.300  0.00  11
   100117  40.492086 -124.337915    19.029       -0.7       13.6        9.4      0.6      0.6      0.6 2021 12 31 20 55  7.260  0.00  11
   100120  40.492013 -124.337939    19.022       -2.8        5.4        2.0      0.4      0.5      0.5 2021 12 31 21 53 53.900  0.00  11
   100121  40.492000 -124.337988    19.024       -6.9        4.1        4.0      0.5      0.6      0.5 2021 12 31 22 47 38.720  0.00  11
   100123  40.492078 -124.337907    19.029        0.0       12.7        9.1      0.6      0.6      0.6 2021 12 31 21 19 47.040  0.00  11
   100124  40.492074 -124.337874    19.028        2.8       12.2        7.5      0.6      0.6      0.5 2021 12 31 22 39 32.540  0.00  11
   100127  40.492008 -124.337915    19.021       -0.7        5.0        0.6      0.4      0.4      0.4 2021 12 31 21 23 57.420  0.00  11
   100128  40.491988 -124.337964    19.021       -4.8        2.7        0.6      0.5      0.6      0.6 2021 12 31 23 19 30.920  0.00  11
   100129  40.491984 -124.337964    19.021       -4.8        2.3        0.5      0.5      0.5      0.6 2021 12 31 21 37 52.420  0.00  11
   100134  40.492065 -124.337834    19.024        6.2       11.3        4.5      0.7      0.6      0.5 2021 12 31 21 16 16.260  0.00  11
   100143  40.492082 -124.337891    19.028        1.4       13.1        8.1      0.6      0.6      0.5 2021 12 31 20 59 17.960  0.00  11
   100148  40.492021 -124.337874    19.022        2.8        6.3        1.5      0.5      0.4      0.5 2021 12 31 21  8 19.840  0.00  11
   100178  40.492179 -124.337907    19.034        0.0       23.9       14.3      0.8      0.9      0.9 2021 12 31 21  3 45.720  0.00  11
   100182  40.492053 -124.337874    19.025        2.8        9.9        5.1      0.6      0.5      0.5 2022  1  1 11  0 43.600  0.00  11
   100185  40.491935 -124.337899    19.013        0.7       -3.2       -6.7      0.6      0.5      0.5 2022  1  1 18 22 21.660  0.00  11
   100190  40.492074 -124.337866    19.025        3.4       12.2        4.5      0.6      0.6      0.5 2022  1  1  0 10 48.480  0.00  11
   100192  40.491984 -124.337915    19.019       -0.7        2.3       -1.4      0.5      0.4      0.5 2022  1  1  0 27 55.780  0.00  11
   100204  40.492008 -124.337817    19.018        7.6        5.0       -2.5      0.6      0.5      0.6 2022  1  1 16 47 26.520  0.00  11
   100206  40.492074 -124.337899    19.028        0.7       12.2        8.3      0.6      0.5      0.5 2022  1  1 16 43 47.340  0.00  11
   100207  40.492078 -124.337899    19.028        0.7       12.7        8.4      0.6      0.6      0.5 2022  1  1  8 28  6.960  0.00  11
   100217  40.492078 -124.337907    19.029        0.0       12.7        8.7      0.6      0.5      0.5 2022  1  1  6 41  0.200  0.00  11
   100224  40.492065 -124.337874    19.022        2.8       11.3        1.8      0.5      0.5      0.6 2022  1  1 15  9 42.160  0.00  11
   100253  40.492021 -124.337980    19.026       -6.2        6.3        6.2      0.5      0.5      0.5 2022  1  2  2 34 13.020  0.00  11
   100259  40.492090 -124.337866    19.026        3.4       14.0        5.9      0.6      0.6      0.5 2022  1  2  3  0 10.440  0.00  11
   100304  40.491976 -124.337899    19.018        0.7        1.4       -1.7      0.5      0.4      0.5 2022  1  6 12  5 41.240  0.00  11
   100308  40.492053 -124.337866    19.025        3.4        9.9        4.6      0.6      0.5      0.5 2022  1  6 20 13 30.520  0.00  11
   100314  40.492041 -124.337785    19.017       10.3        8.6       -2.9      0.7      0.7      0.6 2022  1  6  8 13  8.760  0.00  11
   100328  40.491903 -124.337785    19.008       10.3       -6.8      -12.5      0.7      0.6      0.7 2022  1  7  1 20 21.340  0.00  11
   100337  40.492049 -124.337891    19.026        1.4        9.5        6.2      0.5      0.5      0.5 2022  1  9 19 50 37.000  0.00  11
   100342  40.490812 -124.337158    18.932       63.5     -127.9      -87.9      1.6      2.0      2.4 2022  1  9 22  8 42.720  0.00  11
   100344  40.492065 -124.337809    19.021        8.3       11.3        1.4      0.7      0.7      0.5 2022  1 10  3 24 18.400  0.00  11
   100347  40.492041 -124.337980    19.029       -6.2        8.6        9.0      0.4      0.5      0.6 2022  1 11 16 49 23.060  0.00  11
   100350  40.492065 -124.337866    19.025        3.4       11.3        4.7      0.6      0.6      0.4 2022  1 13  3 20 48.560  0.00  11
   100353  40.492021 -124.337850    19.020        4.8        6.3        0.0      0.6      0.5      0.5 2022  1 14  7 11 12.220  0.00  11
   100357  40.491980 -124.337988    19.022       -6.9        1.8        1.6      0.6      0.6      0.5 2022  1 15  8 56 29.000  0.00  11
   100367  40.491935 -124.337915    19.015       -0.7       -3.2       -5.4      0.6      0.5      0.5 2022  1 18  3 51 51.180  0.00  11
   100375  40.491988 -124.337923    19.021       -1.4        2.7        0.7      0.5      0.4      0.5 2022  1 20  2 30 19.360  0.00  11
   100385  40.491951 -124.337899    19.016        0.7       -1.4       -4.4      0.6      0.4      0.6 2022  1 22  7 52  7.580  0.00  11
   100396  40.491984 -124.337882    19.019        2.1        2.3       -1.1      0.5      0.4      0.5 2022  1 26  5 31  8.980  0.00  11
   100410  40.491956 -124.337923    19.017       -1.4       -0.9       -3.2      0.6      0.5      0.5 2022  1 28 14 42  3.420  0.00  11
   100411  40.492078 -124.337874    19.022        2.8       12.7        2.0      0.6      0.6      0.7 2022  1 28 15 13 34.140  0.00  11
   100413  40.491939 -124.337915    19.012       -0.7       -2.7       -8.2      0.6      0.5      0.7 2022  1 28 23 37 47.680  0.00  11
   100418  40.491964 -124.337956    19.020       -4.1        0.0        0.1      0.5      0.5      0.4 2022  1 30 14  9  6.460  0.00  11
   100424  40.491911 -124.337964    19.015       -4.8       -5.9       -4.5      0.7      0.7      0.5 2022  1 31  3 44  9.420  0.00  11
   100444  40.492013 -124.337842    19.019        5.5        5.4       -1.2      0.6      0.5      0.5 2022  2 12 11 58 56.260  0.00  11
   100446  40.491984 -124.337996    19.023       -7.6        2.3        2.9      0.6      0.6      0.5 2022  2 13  7 26 59.800  0.00  11
   100462  40.492013 -124.337834    19.018        6.2        5.4       -1.7      0.6      0.5      0.5 2022  2 23  8 39 44.380  0.00  11
   100464  40.491996 -124.337907    19.021        0.0        3.6        1.1      0.4      0.4      0.5 2022  2 24 10 51 31.540  0.00  11
   100470  40.491992 -124.337972    19.024       -5.5        3.2        4.5      0.5      0.5      0.5 2022  3  1  0  4 49.940  0.00  11
   100477  40.492037 -124.337956    19.026       -4.1        8.1        6.0      0.4      0.4      0.5 2022  3 15 19 13 55.500  0.00  11
   100483  40.491968 -124.337899    19.016        0.7        0.5       -3.7      0.4      0.5      0.5 2022  3 23 22 33 50.700  0.00  11
   100492  40.492013 -124.337842    19.019        5.5        5.4       -1.2      0.6      0.5      0.5 2022  4  8 18 15 50.020  0.00  11
   100505  40.492021 -124.337891    19.023        1.4        6.3        2.7      0.5      0.4      0.5 2022  5 29  1 15 33.020  0.00  11
   100517  40.492106 -124.337809    19.024        8.3       15.8        4.2      0.8      0.8      0.5 2022  8 22 11 28 24.380  0.00  11
   100521  40.491988 -124.337948    19.022       -3.4        2.7        1.9      0.5      0.5      0.4 2022 10  9  0 31 56.300  0.00  11
   110287  40.491988 -124.337899    19.019        0.7        2.7       -1.2      0.4      0.4      0.4 2022 12 19 13 16 26.360  0.85  11
