   109139  40.455196 -124.291504    27.490       -1.4       -0.5       -0.2      1.3      0.9      1.0 2021 12 20 23 49  2.700  0.00  54
   109140  40.455245 -124.291398    27.486        7.6        5.0       -3.6      2.5      2.7      1.7 2021 12 20 20 27  8.300  0.00  54
   109141  40.455168 -124.291390    27.482        8.3       -3.6       -7.6      2.8      2.7      2.8 2021 12 20 20 14 54.440  0.00  54
   109143  40.455058 -124.291081    27.467       34.5      -15.8      -22.7      4.9      3.7      4.1 2021 12 21  4 34 24.360  0.00  54
   109146  40.455192 -124.291479    27.490        0.7       -0.9       -0.4      1.2      0.8      1.4 2021 12 23  1 13 24.040  0.00  54
   109148  40.455216 -124.291488    27.488        0.0        1.8       -1.5      1.6      1.8      1.2 2021 12 26 17 36 29.900  0.00  54
   109149  40.455208 -124.291496    27.491       -0.7        0.9        0.6      1.4      1.0      1.1 2021 12 27 14 12 20.840  0.00  54
   109151  40.455204 -124.291504    27.490       -1.4        0.5        0.4      1.3      1.2      1.2 2022  1  4  3 37 23.060  0.00  54
   109152  40.455204 -124.291496    27.491       -0.7        0.5        1.3      1.6      0.8      1.2 2022  1  5 20 20 38.220  0.00  54
   109153  40.455204 -124.291528    27.490       -3.5        0.5        0.4      1.5      1.5      1.2 2022  1  5 15 37  2.560  0.00  54
   109154  40.455204 -124.291488    27.487        0.0        0.5       -3.3      1.9      1.8      1.6 2022  1  6  4 31 33.680  0.00  54
   109155  40.455278 -124.291870    27.497      -32.4        8.6        6.7      4.5      3.2      2.9 2022  1 12 15  0 18.900  0.00  54
   109158  40.455204 -124.291545    27.491       -4.8        0.5        1.5      1.5      1.5      1.4 2022  1 27 16 44 23.740  0.00  54
   109160  40.455135 -124.291724    27.485      -20.0       -7.2       -4.6      4.2      2.4      2.0 2022  2  4 23 36 57.940  0.00  54
   109163  40.455204 -124.291618    27.494      -11.0        0.5        3.8      2.4      2.0      1.9 2022  2 28 23  1 31.800  0.00  54
   109165  40.455172 -124.291512    27.489       -2.1       -3.2       -1.3      1.6      1.8      1.3 2022  3 25  7 29 24.500  0.00  54
   109166  40.455196 -124.291520    27.490       -2.8       -0.5       -0.4      1.5      1.1      1.2 2022  4  3 17 21 51.500  0.00  54
   109168  40.455204 -124.291496    27.491       -0.7        0.5        0.6      1.3      0.9      1.1 2022  4 16  9 26 42.300  0.00  54
   109169  40.455200 -124.291520    27.490       -2.8        0.0       -0.4      2.0      1.1      1.2 2022  6 15  2 52 15.320  0.00  54
   109170  40.455212 -124.291496    27.491       -0.7        1.4        1.2      1.4      1.2      1.2 2022  8 16 10 40 30.580  0.00  54
   110610  40.455200 -124.291488    27.490        0.0        0.0        0.3      1.2      1.0      1.1 2023  3 18 18 52 34.560  2.06  54
