   104513  40.406718 -124.349471    28.515    -1107.5     1697.5     -272.6     18.8     20.1     15.8 2020  1 21  3  0 13.680  0.00  57
   104515  40.407418 -124.351351    28.597    -1267.1     1775.2     -190.1      9.7     13.1      9.1 2020  7 27  8 38 54.500  0.00  57
   104516  40.407971 -124.350781    28.603    -1218.7     1836.7     -184.4     10.3      8.0      7.6 2021  5  6 16  3 56.100  0.00  57
   104518  40.407397 -124.351286    28.600    -1261.5     1773.0     -187.4      8.4     10.8      6.9 2021  5 21  0  9 12.220  0.00  57
   104520  40.408264 -124.350781    28.622    -1218.7     1869.2     -165.4     11.7     13.2     12.6 2021 12 20 21 40 27.420  0.00  57
   104521  40.406335 -124.348543    28.424    -1028.7     1655.1     -363.0     25.5     17.8     24.0 2022  1  6  1  8 41.420  0.00  57
   104522  40.406986 -124.351229    28.585    -1256.7     1727.4     -201.9     11.6     12.8      9.0 2022  8 10  4 54 15.660  0.00  57
   108928  40.379378 -124.325431    28.934      933.6    -1338.3      146.6      5.4      5.3      5.2 2020  8 18  7 42 21.560  0.00  57
   108931  40.379293 -124.325602    28.911      919.0    -1347.8      123.6      5.9      6.4      3.1 2021 11  3  1  3 27.500  0.00  57
   108935  40.379187 -124.326017    28.884      883.8    -1359.6       96.8     11.7      8.6     10.1 2021 12 20 23 44 13.940  0.00  57
   108936  40.379700 -124.325407    28.915      935.6    -1302.6      127.9      9.9     13.4      9.1 2021 12 20 20 20  4.260  0.00  57
   108937  40.379358 -124.325285    28.914      946.0    -1340.6      126.6      9.6      9.2      8.5 2021 12 20 20 39 20.900  0.00  57
   108940  40.379716 -124.325667    28.986      913.5    -1300.8      199.1     13.4     13.7     14.5 2021 12 20 23 54 29.040  0.00  57
   108946  40.379012 -124.325692    28.891      911.5    -1379.0      103.8      9.3     12.8      9.4 2021 12 22  6 16 37.920  0.00  57
   108949  40.379639 -124.325374    28.918      938.4    -1309.4      130.6      9.9     13.2      9.0 2021 12 23 21 58  8.480  0.00  57
   108950  40.379476 -124.325871    28.942      896.2    -1327.5      155.0     11.2      5.3     10.6 2021 12 23 10 55 57.180  0.00  57
   108955  40.379639 -124.325741    29.009      907.3    -1309.4      222.0     18.6     17.6     17.4 2022  3  8 12 56 15.060  0.00  57
   110342  40.408195 -124.351286    28.565    -1261.5     1861.5     -222.6     12.5     11.7     11.6 2023  5 15 11 35 50.560  2.49  57
   110571  40.379541 -124.325065    28.959      964.7    -1320.3      171.7     10.2      9.6      8.4 2023  5 18 17 14 50.720  1.28  57
