   100045  40.492041 -124.338013    19.033       -9.0        8.6       12.8     19.7     19.6     23.3 2021  8 26 18 32 24.440  0.00  11
   100046  40.491886 -124.337809    19.006        8.3       -8.6      -13.8     19.8     18.4     22.9 2021  8 26 19 24  2.720  0.00  11
   100064  40.491349 -124.333586    18.682      366.4      -68.2     -337.7     79.9     83.5     88.3 2021 12 20 21 52  7.440  0.00  11
   100066  40.491947 -124.337858    19.014        4.1       -1.8       -5.8     21.7     18.5     24.2 2021 12 21 21 30 51.420  0.00  11
   100067  40.491996 -124.337809    19.015        8.3        3.6       -4.8     21.9     18.6     23.8 2021 12 21 12 55 53.380  0.00  11
   100068  40.492033 -124.337858    19.015        4.1        7.7       -5.2     22.6     20.1     21.9 2021 12 21 12 45 57.660  0.00  11
   100069  40.491895 -124.337874    19.007        2.8       -7.7      -12.8     21.3     18.4     23.0 2021 12 21 12 37 28.080  0.00  11
   100070  40.491984 -124.337793    19.013        9.7        2.3       -6.9     21.8     19.3     23.9 2021 12 21 13 17 10.920  0.00  11
   100072  40.492004 -124.338127    19.028      -18.6        4.5        7.5     24.6     19.6     21.0 2021 12 21 12 47 57.820  0.00  11
   100086  40.492033 -124.337956    19.027       -4.1        7.7        6.7     21.0     17.3     22.1 2021 12 22  5 15 45.380  0.00  11
   100092  40.491899 -124.337923    19.014       -1.4       -7.2       -6.1     22.1     18.7     24.5 2021 12 23 12 18 27.560  0.00  11
   100099  40.491956 -124.337826    19.010        6.9       -0.9      -10.1     21.4     18.0     22.5 2021 12 26 10 40 33.820  0.00  11
   100101  40.492126 -124.337907    19.038        0.0       18.1       17.8     21.7     20.5     24.9 2021 12 28 20 37  0.280  0.00  11
   100106  40.491984 -124.338070    19.023      -13.8        2.3        2.9     23.5     19.3     21.6 2021 12 31 19 14 39.200  0.00  11
   100107  40.491947 -124.338062    19.022      -13.1       -1.8        2.0     23.0     20.0     21.5 2021 12 31 19 57 44.880  0.00  11
   100108  40.492053 -124.337842    19.022        5.5        9.9        1.8     22.7     20.0     21.7 2021 12 31 15  4  0.320  0.00  11
   100110  40.491870 -124.337996    19.007       -7.6      -10.4      -12.9     22.0     19.7     24.3 2021 12 31 20 59 57.000  0.00  11
   100114  40.492102 -124.337785    19.024       10.3       15.4        3.5     24.5     21.8     21.2 2021 12 31 23 29 55.280  0.00  11
   100115  40.491968 -124.338086    19.019      -15.2        0.5       -1.1     24.7     24.3     31.6 2021 12 31 21  9 58.240  0.00  11
   100116  40.491968 -124.338086    19.019      -15.2        0.5       -1.1     24.6     24.1     31.6 2021 12 31 21 35 51.300  0.00  11
   100117  40.492232 -124.337817    19.037        7.6       29.8       16.7     27.9     26.1     22.0 2021 12 31 20 55  7.260  0.00  11
   100120  40.492045 -124.338062    19.025      -13.1        9.0        5.0     23.3     23.9     32.1 2021 12 31 21 53 53.900  0.00  11
   100121  40.491927 -124.338192    19.023      -24.1       -4.1        3.3     27.5     24.7     24.6 2021 12 31 22 47 38.720  0.00  11
   100123  40.492188 -124.337801    19.036        9.0       24.9       15.6     26.8     24.6     22.9 2021 12 31 21 19 47.040  0.00  11
   100124  40.492200 -124.337663    19.034       20.7       26.2       14.0     30.6     28.4     26.4 2021 12 31 22 39 32.540  0.00  11
   100127  40.491980 -124.337948    19.015       -3.4        1.8       -5.2     21.1     18.5     22.9 2021 12 31 21 23 57.420  0.00  11
   100128  40.491968 -124.338159    19.021      -21.4        0.5        1.1     24.9     25.5     33.5 2021 12 31 23 19 30.920  0.00  11
   100129  40.491968 -124.338151    19.021      -20.7        0.5        1.2     24.9     25.6     33.5 2021 12 31 21 37 52.420  0.00  11
   100134  40.492196 -124.337581    19.030       27.6       25.8        9.7     31.1     26.8     24.4 2021 12 31 21 16 16.260  0.00  11
   100143  40.492228 -124.337769    19.036       11.7       29.4       15.6     27.9     25.7     21.8 2021 12 31 20 59 17.960  0.00  11
   100148  40.492021 -124.337801    19.020        9.0        6.3        0.5     19.2     17.3     24.3 2021 12 31 21  8 19.840  0.00  11
   100178  40.492692 -124.337777    19.066       11.0       80.9       45.7     45.7     44.7     47.9 2021 12 31 21  3 45.720  0.00  11
   100182  40.492147 -124.337736    19.029       14.5       20.3        8.6     26.4     24.7     22.2 2022  1  1 11  0 43.600  0.00  11
   100185  40.491777 -124.337980    18.999       -6.2      -20.8      -21.0     27.5     22.7     21.9 2022  1  1 18 22 21.660  0.00  11
   100190  40.492228 -124.337703    19.028       17.2       29.4        7.9     28.6     27.4     22.9 2022  1  1  0 10 48.480  0.00  11
   100192  40.491960 -124.337980    19.013       -6.2       -0.5       -6.8     21.2     19.0     26.8 2022  1  1  0 27 55.780  0.00  11
   100204  40.492033 -124.337524    19.008       32.4        7.7      -11.8     31.1     29.8     31.5 2022  1  1 16 47 26.520  0.00  11
   100206  40.492188 -124.337736    19.034       14.5       24.9       13.8     29.0     27.1     26.1 2022  1  1 16 43 47.340  0.00  11
   100207  40.492192 -124.337728    19.035       15.2       25.3       14.6     29.9     27.9     26.6 2022  1  1  8 28  6.960  0.00  11
   100217  40.492192 -124.337736    19.035       14.5       25.3       15.0     29.7     26.8     25.7 2022  1  1  6 41  0.200  0.00  11
   100224  40.492306 -124.337817    19.030        7.6       38.0       10.1     36.4     32.2     40.7 2022  1  1 15  9 42.160  0.00  11
   100253  40.491988 -124.338110    19.029      -17.2        2.7        8.7     23.7     19.4     21.3 2022  1  2  2 34 13.020  0.00  11
   100259  40.492269 -124.337695    19.030       17.9       33.9       10.4     29.6     28.5     23.7 2022  1  2  3  0 10.440  0.00  11
   100304  40.491882 -124.337882    19.010        2.1       -9.0      -10.5     23.8     19.5     25.0 2022  1  6 12  5 41.240  0.00  11
   100308  40.492151 -124.337703    19.029       17.2       20.8        8.8     26.1     23.8     22.2 2022  1  6 20 13 30.520  0.00  11
   100314  40.492204 -124.337484    19.014       35.9       26.7       -6.0     34.9     32.4     25.0 2022  1  6  8 13  8.760  0.00  11
   100328  40.491821 -124.337622    19.002       24.1      -15.8      -17.6     23.3     24.3     27.7 2022  1  7  1 20 21.340  0.00  11
   100337  40.492110 -124.337744    19.028       13.8       16.3        8.0     27.1     24.7     26.2 2022  1  9 19 50 37.000  0.00  11
   100342  40.489408 -124.336035    18.931      158.7     -283.8      -88.8     59.0     76.3     94.1 2022  1  9 22  8 42.720  0.00  11
   100344  40.492244 -124.337581    19.025       27.6       31.2        4.7     31.5     28.8     25.7 2022  1 10  3 24 18.400  0.00  11
   100347  40.492037 -124.338086    19.035      -15.2        8.1       14.7     22.7     18.0     21.5 2022  1 11 16 49 23.060  0.00  11
   100350  40.492183 -124.337695    19.028       17.9       24.4        7.9     26.8     25.1     21.7 2022  1 13  3 20 48.560  0.00  11
   100353  40.492065 -124.337663    19.015       20.7       11.3       -4.9     27.5     25.7     24.2 2022  1 14  7 11 12.220  0.00  11
   100357  40.491878 -124.338232    19.019      -27.6       -9.5       -1.3     28.8     26.2     25.6 2022  1 15  8 56 29.000  0.00  11
   100367  40.491760 -124.338037    19.004      -11.0      -22.6      -16.3     27.4     25.9     21.0 2022  1 18  3 51 51.180  0.00  11
   100375  40.491915 -124.337988    19.019       -6.9       -5.4       -1.4     24.8     18.5     24.2 2022  1 20  2 30 19.360  0.00  11
   100385  40.491825 -124.337915    19.004       -0.7      -15.4      -16.4     24.9     20.5     24.3 2022  1 22  7 52  7.580  0.00  11
   100396  40.491931 -124.337793    19.014        9.7       -3.6       -6.0     22.3     20.6     28.4 2022  1 26  5 31  8.980  0.00  11
   100410  40.491821 -124.337980    19.005       -6.2      -15.8      -15.1     26.2     21.3     24.3 2022  1 28 14 42  3.420  0.00  11
   100411  40.492338 -124.337817    19.031        7.6       41.6       11.1     38.6     33.3     42.3 2022  1 28 15 13 34.140  0.00  11
   100413  40.491878 -124.338094    19.000      -15.9       -9.5      -20.0     27.3     26.2     38.5 2022  1 28 23 37 47.680  0.00  11
   100418  40.491838 -124.338102    19.017      -16.6      -14.0       -2.5     25.3     25.3     21.6 2022  1 30 14  9  6.460  0.00  11
   100424  40.491646 -124.338208    19.002      -25.5      -35.2      -18.3     39.5     31.5     24.5 2022  1 31  3 44  9.420  0.00  11
   100444  40.492025 -124.337646    19.011       22.1        6.8       -8.7     25.6     23.7     26.1 2022  2 12 11 58 56.260  0.00  11
   100446  40.491882 -124.338265    19.024      -30.4       -9.0        4.3     29.5     29.0     26.6 2022  2 13  7 26 59.800  0.00  11
   100462  40.492021 -124.337638    19.010       22.8        6.3      -10.1     26.0     24.6     26.7 2022  2 23  8 39 44.380  0.00  11
   100464  40.491939 -124.337907    19.020        0.0       -2.7       -0.4     20.2     18.2     25.7 2022  2 24 10 51 31.540  0.00  11
   100470  40.491890 -124.338110    19.026      -17.2       -8.1        5.7     25.7     22.4     24.6 2022  3  1  0  4 49.940  0.00  11
   100477  40.492041 -124.338005    19.029       -8.3        8.6        8.6     21.6     17.1     21.1 2022  3 15 19 13 55.500  0.00  11
   100483  40.491947 -124.337996    19.010       -7.6       -1.8       -9.5     27.2     21.4     29.4 2022  3 23 22 33 50.700  0.00  11
   100492  40.492025 -124.337646    19.011       22.1        6.8       -8.5     26.3     24.3     26.7 2022  4  8 18 15 50.020  0.00  11
   100505  40.492013 -124.337777    19.020       11.0        5.4        0.2     24.5     22.3     29.4 2022  5 29  1 15 33.020  0.00  11
   100517  40.492411 -124.337541    19.038       31.0       49.7       18.1     39.2     35.1     33.3 2022  8 22 11 28 24.380  0.00  11
   100521  40.491895 -124.338062    19.020      -13.1       -7.7        0.3     24.6     21.6     22.5 2022 10  9  0 31 56.300  0.00  11
   110287  40.491980 -124.337939    19.020       -2.8        1.8        0.4     20.8     18.4     20.9 2022 12 19 13 16 26.360  0.85  11
