   104725  40.729911 -124.223608    20.734      -10.3        2.3        3.6      0.6      0.3      0.7 2021  8  1 17 14 21.960  0.00  18
   104728  40.729858 -124.223161    20.720       27.5       -3.6       -9.7      0.4      0.3      0.4 2021  8 12  1  5 10.400  0.00  18
   104729  40.729850 -124.223145    20.720       28.9       -4.5       -9.8      0.5      0.3      0.4 2021  8 12  1  0 35.920  0.00  18
   104730  40.729871 -124.223177    20.711       26.1       -2.3      -18.7      0.5      0.3      0.5 2021  8 12  4  6 13.180  0.00  18
   104731  40.729919 -124.223356    20.719       11.0        3.2      -11.0      0.3      0.3      0.5 2021  8 12  1 11 44.700  0.00  18
   104732  40.729915 -124.223372    20.719        9.6        2.7      -10.9      0.4      0.3      0.4 2021  8 12  4 31 21.500  0.00  18
   104736  40.729895 -124.223210    20.715       23.4        0.5      -14.9      0.4      0.3      0.4 2021  8 12  4 26 21.340  0.00  18
   104738  40.729932 -124.223356    20.714       11.0        4.5      -16.0      0.3      0.3      0.5 2021  8 12  1 38 51.820  0.00  18
   104739  40.729875 -124.223185    20.723       25.4       -1.8       -7.1      0.5      0.3      0.5 2021  8 12  1 40 19.140  0.00  18
   104743  40.729862 -124.223120    20.724       30.9       -3.2       -5.9      0.5      0.3      0.5 2021  8 12  2  8 24.840  0.00  18
   104746  40.729907 -124.223267    20.721       18.6        1.8       -9.2      0.4      0.3      0.4 2021  8 12  1 17 20.740  0.00  18
   104751  40.729936 -124.223332    20.721       13.1        5.0       -9.0      0.5      0.3      0.5 2021  9 25 19 29 33.640  0.00  18
   104752  40.729895 -124.223193    20.728       24.7        0.5       -1.8      0.4      0.3      0.5 2021  9 25 19 41 25.880  0.00  18
   104753  40.729879 -124.223218    20.726       22.7       -1.4       -3.8      0.4      0.2      0.5 2021  9 25 20  4 29.320  0.00  18
   104754  40.729932 -124.223283    20.715       17.2        4.5      -14.6      0.5      0.3      0.4 2021  9 25 19 41 55.140  0.00  18
   104755  40.729907 -124.223324    20.714       13.7        1.8      -15.7      0.4      0.2      0.4 2021  9 25 21 31 36.900  0.00  18
   104756  40.729883 -124.223145    20.726       28.9       -0.9       -4.2      0.5      0.3      0.5 2021  9 25 19 57 59.400  0.00  18
   104757  40.729867 -124.223193    20.718       24.7       -2.7      -11.7      0.5      0.3      0.6 2021  9 25 19 21 20.700  0.00  18
   104758  40.729911 -124.223340    20.725       12.4        2.3       -5.0      0.4      0.3      0.5 2021  9 25 21 50 47.040  0.00  18
   104759  40.729895 -124.223185    20.724       25.4        0.5       -5.6      0.4      0.3      0.5 2021  9 25 19 42 14.420  0.00  18
   104760  40.729952 -124.223348    20.723       11.7        6.8       -6.8      0.4      0.3      0.6 2021  9 25 19 30 41.020  0.00  18
   104765  40.729932 -124.223275    20.724       17.9        4.5       -6.1      0.5      0.3      0.5 2021  9 26  0 23 57.940  0.00  18
   104766  40.729915 -124.223324    20.717       13.7        2.7      -13.5      0.4      0.3      0.4 2021  9 26  4 48 58.440  0.00  18
   104767  40.729932 -124.223421    20.716        5.5        4.5      -14.1      0.5      0.3      0.4 2021  9 26  4 47 56.220  0.00  18
   104768  40.729919 -124.223348    20.718       11.7        3.2      -12.1      0.4      0.3      0.4 2021  9 26  4 58 59.300  0.00  18
   104769  40.729842 -124.223161    20.723       27.5       -5.4       -6.8      0.5      0.3      0.4 2021  9 26  3  8  4.900  0.00  18
   104770  40.729899 -124.223324    20.722       13.7        0.9       -8.3      0.4      0.2      0.5 2021  9 26  6 47  1.820  0.00  18
   104778  40.729814 -124.223226    20.723       22.0       -8.6       -6.9      0.8      0.6      0.8 2021  9 26  4 52 20.080  0.00  18
   104779  40.729907 -124.223185    20.715       25.4        1.8      -14.9      0.5      0.3      0.5 2021  9 27  3 38 24.020  0.00  18
   104780  40.729895 -124.223332    20.729       13.1        0.5       -1.4      0.6      0.3      0.4 2021 10  2 13 58 43.600  0.00  18
   104782  40.729883 -124.223063    20.722       35.7       -0.9       -7.9      0.7      0.2      0.4 2021 10  2 16  3 32.660  0.00  18
   104785  40.729903 -124.223560    20.731       -6.2        1.4        0.6      0.7      0.3      0.6 2021 10 10  8 36 52.560  0.00  18
   104787  40.729899 -124.223592    20.739       -8.9        0.9        9.2      0.7      0.3      0.8 2021 10 10  9 56 51.320  0.00  18
   104791  40.729871 -124.223185    20.716       25.4       -2.3      -14.5      0.5      0.3      0.4 2021 10 18  5  9 10.720  0.00  18
   104793  40.729919 -124.223291    20.711       16.5        3.2      -19.4      0.4      0.2      0.5 2021 10 18  5  9 57.000  0.00  18
   104794  40.729871 -124.223193    20.726       24.7       -2.3       -4.3      0.4      0.2      0.4 2021 10 30 10 59 31.620  0.00  18
   104797  40.729940 -124.223617    20.726      -11.0        5.4       -4.4      0.6      0.3      0.6 2021 11  7 19 48  6.500  0.00  18
   104800  40.729899 -124.223218    20.706       22.7        0.9      -23.7      0.5      0.3      0.6 2022  3 25 13 28 32.140  0.00  18
   104801  40.729871 -124.223145    20.719       28.9       -2.3      -11.2      0.5      0.2      0.5 2022  3 25 22  6 11.360  0.00  18
   104803  40.729907 -124.223242    20.698       20.6        1.8      -32.0      0.5      0.2      0.7 2022  3 25 14  8 59.840  0.00  18
   104804  40.729915 -124.223258    20.709       19.2        2.7      -21.3      0.6      0.2      0.5 2022  3 25 13 50 50.600  0.00  18
   104805  40.729850 -124.223096    20.705       33.0       -4.5      -25.5      0.5      0.3      0.6 2022  3 25  8 23 32.880  0.00  18
   104806  40.729919 -124.223258    20.701       19.2        3.2      -28.6      0.5      0.3      0.7 2022  3 25 14 20 37.640  0.00  18
   104808  40.729879 -124.223104    20.701       32.3       -1.4      -29.1      0.6      0.3      0.7 2022  3 25 15 24 24.460  0.00  18
   104809  40.729915 -124.223250    20.707       19.9        2.7      -23.0      0.6      0.2      0.6 2022  3 25  9 31 23.220  0.00  18
   104810  40.729915 -124.223242    20.698       20.6        2.7      -31.9      0.5      0.2      0.7 2022  3 25 12 25 14.960  0.00  18
   104811  40.729891 -124.223136    20.704       29.6        0.0      -25.7      0.6      0.3      0.6 2022  3 25  8  9 50.540  0.00  18
   104814  40.729911 -124.223218    20.689       22.7        2.3      -41.0      0.6      0.3      0.8 2022  3 25 11 52 42.820  0.00  18
   104825  40.729854 -124.223031    20.715       38.5       -4.1      -15.1      0.6      0.3      0.5 2022  3 27  3 21 36.620  0.00  18
   104826  40.729895 -124.223234    20.702       21.3        0.5      -27.8      0.5      0.3      0.6 2022  6  6  6 54 28.160  0.00  18
   104829  40.729871 -124.223291    20.728       16.5       -2.3       -2.2      0.7      0.3      0.3 2022  6 27 15 18 26.760  0.00  18
   104831  40.729911 -124.223674    20.734      -15.8        2.3        3.9      1.1      0.4      0.6 2022  6 27 15 19 54.380  0.00  18
   104834  40.729838 -124.223470    20.705        1.4       -5.9      -24.5      0.7      0.4      0.7 2022  9 22  6  7 32.900  0.00  18
   104836  40.729928 -124.223462    20.699        2.1        4.1      -31.0      0.5      0.3      0.9 2022 11 19 14 19 54.200  0.00  18
   110351  40.729903 -124.223519    20.741       -2.7        1.4       11.5      0.3      0.2      0.4 2023  1  6 12 32 56.510  1.36  18
