   102927  40.328267 -124.621151    10.867    -5481.7     3983.7    -2558.8   1301.9   2886.0   2434.2 2020  1  9 16 12 46.120  0.00   5
   102930  40.329346 -124.616398    10.513    -5077.6     4103.5    -2913.0   1134.4   1564.8   1736.0 2020  7 10 11 40 51.780  0.00   5
   102931  40.329712 -124.616333    10.503    -5072.1     4144.1    -2922.9    992.4   1498.4   1536.8 2020 10  2  5 29 51.580  0.00   5
   102932  40.329130 -124.616569    10.471    -5092.2     4079.5    -2955.1   1027.1   1362.4   1550.7 2020 12 29 18 56 53.340  0.00   5
   102933  40.329985 -124.618254     9.624    -5235.3     4174.4    -3801.6    899.0   1967.7   1693.6 2021  2 19 14 49 13.520  0.00   5
   102934  40.325834 -124.619295     9.328    -5324.0     3713.5    -4098.3   1334.6   3325.4   2505.9 2021  8 23 20 46 18.340  0.00   5
   102935  40.328056 -124.615763    10.417    -5023.7     3960.2    -3008.7   1228.7   1963.3   2227.6 2021 10 19  7 54 31.220  0.00   5
   102936  40.329378 -124.616569    10.528    -5092.2     4107.1    -2897.9   1056.8   1404.7   1645.7 2021 11  9 11 28 29.120  0.00   5
   102937  40.328174 -124.616829    10.510    -5114.3     3973.3    -2915.8   1023.8   2223.2   1761.1 2021 11 28 21 38 37.840  0.00   5
   102939  40.329077 -124.616512    10.501    -5087.3     4073.7    -2924.5   1122.2   1519.9   1857.1 2021 12 21 23 30 13.180  0.00   5
   102940  40.324373 -124.620662    10.719    -5440.3     3551.3    -2706.6   1078.1   2665.8   2316.6 2021 12 23  8 43 26.880  0.00   5
   102944  40.328215 -124.617261    10.694    -5151.0     3977.9    -2731.9   1109.6   2731.1   2219.9 2022  1 19  8 10 37.440  0.00   5
   102946  40.329586 -124.616520    10.217    -5088.0     4130.1    -3209.3   1144.7   1745.0   2185.9 2022  4 11  4  4 28.440  0.00   5
   102948  40.325606 -124.616919    10.123    -5122.1     3688.2    -3303.0   1615.8   1989.7   2758.5 2022  4 19  9 28 33.920  0.00   5
   102949  40.329102 -124.616593    10.726    -5094.3     4076.4    -2699.9   1236.5   1593.6   1944.2 2022  5  2 22 28 32.800  0.00   5
   102950  40.326717 -124.618107     9.848    -5223.0     3811.6    -3577.9   1245.7   1735.1   2192.0 2022  6 24  0 54  1.540  0.00   5
   102951  40.331921 -124.618433    10.283    -5250.5     4389.5    -3142.6   1209.7   2172.2   2364.4 2022  7 14 16 54 29.000  0.00   5
   102952  40.330888 -124.617472    10.561    -5168.9     4274.7    -2865.3    952.6   1424.8   1504.9 2022  7 22 12 35 35.500  0.00   5
   102953  40.331413 -124.620801     8.922    -5451.8     4333.0    -4503.6   1205.5   3375.7   3079.0 2022  9 19  8 27  9.760  0.00   5
   102955  40.324597 -124.616724    10.116    -5105.5     3576.2    -3309.8   1437.5   2153.4   2538.8 2022 10  7  7 29 37.760  0.00   5
   102957  40.283354 -124.562492    15.053     -495.5    -1003.5     1627.3   1024.2   3669.2   2749.8 2020  1  9  0 25 18.340  0.00   5
   102958  40.298352 -124.563363    15.946     -569.5      661.9     2520.4   1116.4   2159.9   2120.3 2020  1  9  5 40 55.020  0.00   5
   102959  40.295496 -124.562533    16.294     -498.9      344.7     2868.0    965.7   1555.1   2257.7 2020  1 10 16 19 54.400  0.00   5
   102961  40.295915 -124.562891    16.333     -529.3      391.3     2907.2   1053.0   2216.9   2640.2 2020  5 11  5 18  3.180  0.00   5
   102962  40.275936 -124.563110    15.260     -548.1    -1827.2     1833.7    902.1   2528.9   2529.7 2020  5 21 20 27  9.960  0.00   5
   102963  40.291003 -124.563542    15.377     -584.7     -154.1     1951.0    970.7   3579.4   2448.1 2020  6 26 12 41 46.880  0.00   5
   102964  40.294637 -124.563558    14.917     -586.1      249.4     1490.9   1121.5   3393.2   3116.6 2020  8 23 16  5  6.580  0.00   5
   102966  40.294784 -124.562231    15.854     -473.3      265.7     2428.4    930.9   1305.7   2056.0 2020  9 15 23 23  4.260  0.00   5
   102967  40.297416 -124.563354    15.962     -568.8      558.0     2535.9    973.4   1736.0   2547.8 2020  9 26 13 45 23.380  0.00   5
   102968  40.297689 -124.563525    15.217     -583.3      588.3     1790.9    864.0   1946.9   2461.6 2020 10  7 23 57 11.980  0.00   5
   102969  40.293595 -124.563232    15.414     -558.4      133.7     1988.4    912.1   2543.4   2133.7 2021  3 21  4 39 28.380  0.00   5
   102970  40.295927 -124.561662    15.627     -424.9      392.6     2200.9    827.3   1400.0   1532.0 2021  5 26  0 52 22.700  0.00   5
   102971  40.275525 -124.560246    15.000     -304.5    -1872.8     1574.3   1369.1   2864.9   2702.1 2021  6  7  3 30 47.660  0.00   5
   102972  40.292505 -124.563444    15.238     -576.4       12.7     1811.6    912.0   3336.9   2252.4 2021  6 26 19 49 41.240  0.00   5
   102974  40.276050 -124.563143    15.259     -550.9    -1814.5     1832.8    799.0   2382.1   2272.2 2021  8 18  7 53 43.320  0.00   5
   102976  40.288627 -124.562370    15.188     -485.1     -417.9     1762.4    933.3   3007.8   2180.6 2021 10 14 12 29 46.820  0.00   5
   102977  40.275802 -124.563086    15.207     -546.0    -1842.1     1780.7    840.8   2402.3   2298.1 2021 12  9 17 52 24.880  0.00   5
   102978  40.293164 -124.562720    15.914     -514.8       85.8     2487.9    932.5   1930.4   2278.3 2021 12 20 14 26 22.420  0.00   5
   102979  40.302673 -124.561792    15.821     -435.9     1141.8     2394.8    823.4   1760.2   2147.9 2022  1  5 13 58 42.900  0.00   5
   102981  40.286458 -124.562573    15.281     -502.4     -658.8     1855.0    854.7   2712.1   1979.3 2022  2 19 22 27 17.340  0.00   5
   102982  40.294076 -124.563306    15.752     -564.6      187.1     2326.1   1025.0   2043.2   2844.1 2022  4 22 22 11  8.700  0.00   5
   102983  40.298873 -124.563420    16.078     -574.3      719.8     2651.9    989.2   2129.9   2752.1 2022  5 14  6  2 12.840  0.00   5
   102984  40.292102 -124.562305    16.001     -479.5      -32.1     2575.0    902.6   1378.4   2013.5 2022  5 27 21 21 41.400  0.00   5
   102986  40.292493 -124.563477    15.290     -579.2       11.3     1863.6    930.7   3356.2   2256.8 2022  6 10  0 40 50.580  0.00   5
   102987  40.294499 -124.562679    15.962     -511.4      234.0     2535.6   1023.7   1509.2   2081.0 2022  6 11  1 51  4.680  0.00   5
   102988  40.297001 -124.563232    16.325     -558.4      511.9     2898.9   1017.4   1765.7   2415.1 2022  7 24 10  6 19.260  0.00   5
   102989  40.300533 -124.561768    16.033     -433.8      904.1     2607.5    855.4   1849.3   2335.5 2022  8 12  8 51 14.040  0.00   5
   102990  40.282438 -124.560954    15.146     -364.7    -1105.2     1720.0   1032.9   2912.4   2227.7 2022  8 26  5 13 30.220  0.00   5
   105011  40.260999 -124.538713    15.627     1526.8    -3485.8     2200.7   1271.8   2958.9   2058.4 2021  9 14 19 33 56.900  0.00   5
   105019  40.264827 -124.535938    15.100     1762.8    -3060.7     1674.3   1089.2   2301.8   1935.1 2021 12 17 16 25 12.180  0.00   5
   105020  40.268437 -124.536393    16.152     1724.0    -2659.9     2726.4   1557.7   2737.0   2328.6 2021 12 21  3 42 22.440  0.00   5
   105021  40.268327 -124.536540    16.111     1711.5    -2672.1     2685.4   1550.7   2768.7   2408.9 2021 12 21  3 24 24.160  0.00   5
   105023  40.265430 -124.535807    15.415     1773.9    -2993.8     1988.6   1490.1   2615.6   2064.1 2021 12 21 14 59  6.880  0.00   5
   105029  40.264962 -124.536068    15.096     1751.7    -3045.8     1669.8   1080.6   2318.0   1922.2 2021 12 21 16 17 37.440  0.00   5
   105030  40.269356 -124.533179    17.186     1997.3    -2557.8     3760.1   1505.4   2423.6   2624.3 2021 12 21  5  0 54.580  0.00   5
   105031  40.262622 -124.539722    15.412     1441.0    -3305.5     1986.1   2360.7   4902.3   3766.7 2021 12 21 12 38 45.420  0.00   5
   105033  40.271842 -124.536629    16.558     1703.9    -2281.7     3131.6   1513.0   2680.4   2279.6 2021 12 21  9 13 54.680  0.00   5
   105038  40.265637 -124.534269    15.918     1904.7    -2970.7     2492.4   1555.0   2492.2   1523.1 2021 12 26  7 58 23.160  0.00   5
   105039  40.274105 -124.536141    16.960     1745.4    -2030.5     3533.6   1421.1   2582.0   2596.2 2021 12 27  5 43 54.680  0.00   5
   105041  40.265247 -124.538029    16.187     1584.9    -3014.1     2761.2    896.0   1867.1   1553.3 2022  2 11 20 35 36.260  0.00   5
   105043  40.268266 -124.536532    16.105     1712.2    -2678.9     2679.0   1549.5   2768.2   2427.6 2022  4 21  0 49 10.600  0.00   5
   105368  40.277380 -124.538037    10.473     1584.1    -1666.8    -2952.7    887.5   2134.2   1938.1 2020  2  1  1 58 46.340  0.00   5
   105369  40.278333 -124.540186    11.751     1401.4    -1561.1    -1674.8   1031.7   2025.6   2405.2 2020  4 19 18  7 57.940  0.00   5
   105370  40.277332 -124.539648    12.311     1447.1    -1672.2    -1115.3   1385.3   2201.5   2881.5 2020  8 14 11 27 29.760  0.00   5
   105371  40.280603 -124.536711    12.263     1696.8    -1308.9    -1162.6   1096.7   1833.4   2069.2 2020  9 12 12 44  3.120  0.00   5
   105374  40.277173 -124.540885    12.054     1341.9    -1689.8    -1372.3   1200.6   2012.3   2591.9 2021  9 13 23  5 20.040  0.00   5
   105376  40.276611 -124.537866    10.999     1598.6    -1752.2    -2426.8    810.9   1655.8   1753.7 2021 10 28 10 57 51.840  0.00   5
   105377  40.279228 -124.538924    11.489     1508.6    -1461.7    -1937.4    679.6   1684.1   1580.6 2021 11 15  6 11 30.560  0.00   5
   105379  40.278715 -124.540633    11.860     1363.3    -1518.6    -1566.4   1255.3   2018.2   1821.4 2022  1 31 19  7 30.320  0.00   5
   105380  40.278829 -124.539054    11.693     1497.6    -1505.9    -1732.7    884.5   1804.2   1792.3 2022  5  7 21  0 16.060  0.00   5
   105381  40.287329 -124.535360    11.585     1811.6     -562.1    -1841.4   1226.6   2310.8   1869.9 2022  6  7  9 50 42.720  0.00   5
   105382  40.280640 -124.540129    11.568     1406.2    -1304.9    -1857.6   1066.8   2021.7   1982.3 2022  6 16 11  6 32.160  0.00   5
   105383  40.277384 -124.538086    10.765     1579.9    -1666.3    -2660.7    870.1   2285.0   2819.6 2022  8 18 13 36  2.300  0.00   5
   106680  40.274239 -124.555103    18.037      132.9    -2015.6     4610.5    973.9   2842.8   2056.6 2020  2 22 19  6 52.320  0.00   5
   106684  40.276095 -124.554199    17.674      209.7    -1809.6     4248.3   1176.8   2508.0   1485.3 2020  7 11  9 46  0.560  0.00   5
   106685  40.275850 -124.554736    17.801      164.0    -1836.7     4375.2    984.5   2212.0   1514.1 2020  7 24 16 55 42.900  0.00   5
   106687  40.274382 -124.554110    17.584      217.3    -1999.8     4158.0   1231.6   2159.7   2711.1 2020 10  2  4 24 47.100  0.00   5
   106695  40.272571 -124.555452    17.713      103.1    -2200.8     4287.2    970.2   2061.6   1258.6 2021  7 16  7  9  5.340  0.00   5
   106696  40.273360 -124.555623    17.274       88.6    -2113.2     3847.8   1118.2   2283.1   2032.8 2021  7 18  4 33 15.200  0.00   5
   106697  40.274919 -124.555485    17.880      100.3    -1940.1     4454.2    933.0   1822.0   1512.3 2021  7 27 10 19 27.640  0.00   5
   106700  40.278975 -124.556217    17.222       38.1    -1489.7     3795.7   1003.4   1758.9   2004.6 2021  8 24 13 36 31.660  0.00   5
   106702  40.274202 -124.556006    17.433       56.1    -2019.7     4006.9    888.0   1906.4   1169.5 2021 10 21 19  2  0.520  0.00   5
   106706  40.271594 -124.554989    17.921      142.6    -2309.3     4494.7    927.5   2572.3   2148.8 2021 12 21  0 21 19.000  0.00   5
   106710  40.278739 -124.555737    17.930       78.9    -1515.9     4504.2   1013.1   2098.8   1836.6 2022  1  6 21 12 58.500  0.00   5
   106711  40.273612 -124.554313    17.597      200.0    -2085.2     4171.1   1096.7   1914.2   2227.8 2022  1 23 11 45  1.040  0.00   5
   106713  40.267680 -124.556453    17.242       18.0    -2743.9     3816.3   1314.9   2296.7   1912.9 2022  3  7 10 52 39.260  0.00   5
   106714  40.272957 -124.554679    17.753      168.9    -2157.9     4326.8   1058.7   1961.4   2134.1 2022  4  6 12 30 20.240  0.00   5
   106716  40.274536 -124.553678    17.967      254.0    -1982.6     4541.3    987.5   2171.0   1771.5 2022  6  3  4 32 25.640  0.00   5
   106718  40.288180 -124.556730    18.208       -5.5     -467.6     4781.9   1134.8   2678.4   2147.4 2022  6 15 20 50 14.340  0.00   5
   106719  40.275289 -124.554435    17.834      189.6    -1899.0     4407.8   1172.0   1936.4   2341.3 2022  8  6  0 50 42.000  0.00   5
   106720  40.275667 -124.554793    17.455      159.2    -1857.0     4029.3   1155.0   2045.6   2289.1 2022  8 11  6 16 43.060  0.00   5
   106721  40.280745 -124.556592    17.631        6.2    -1293.1     4205.0   1201.1   2208.2   2288.2 2022  8 21 10 39 36.560  0.00   5
   106722  40.276359 -124.555086    17.891      134.3    -1780.2     4465.4    905.3   1812.6   1643.4 2022  9 18 22 30 39.860  0.00   5
   106724  40.285376 -124.554940    18.445      146.7     -778.9     5018.7   1014.2   2626.9   2417.4 2022 11 23 23 40 19.840  0.00   5
   107850  40.271358 -124.543376    17.058     1130.2    -2335.5     3632.3   1328.5   2949.3   2989.1 2020  3 18 10 33 16.280  0.00   5
   107851  40.281437 -124.542041    18.306     1243.6    -1216.3     4880.2   1027.9   2418.9   3867.0 2020  7 23  7 57 52.860  0.00   5
   107854  40.280098 -124.544059    17.836     1071.9    -1365.0     4410.3    827.0   2528.2   2556.3 2021  2 23 21 22 50.460  0.00   5
   107855  40.287508 -124.543498    17.371     1119.6     -542.2     3944.8    741.0   2985.3   3081.2 2021  3  1 21 39  8.000  0.00   5
   107856  40.272119 -124.545573    17.267      943.3    -2251.0     3841.4   1081.3   2742.8   2662.6 2021  5 30 21 13 23.020  0.00   5
   107857  40.267700 -124.544295    16.289     1052.0    -2741.7     2863.5   1208.3   2994.6   3025.3 2021  8 10 16 52 12.400  0.00   5
   107858  40.275236 -124.545093    16.902      984.1    -1904.9     3476.0    853.1   2266.4   2432.3 2021 10 30 23 24 21.000  0.00   5
   107859  40.275037 -124.543164    16.872     1148.1    -1927.0     3445.9    873.6   2395.4   2413.2 2021 10 31  0  6 14.000  0.00   5
   107860  40.271472 -124.543604    16.873     1110.8    -2322.8     3446.6    909.1   2551.6   2299.5 2021 11  1  0  2 32.120  0.00   5
   107863  40.271037 -124.544621    16.453     1024.3    -2371.2     3026.8    941.0   2537.1   2882.7 2021 12 11 17 33  8.300  0.00   5
   107867  40.266960 -124.544328    16.649     1049.2    -2823.9     3222.9    795.7   2727.9   2234.0 2022  8 11  3 22 48.620  0.00   5
   107868  40.268368 -124.544059    16.737     1072.0    -2667.6     3311.1    847.3   2738.8   2484.2 2022 10  5 10 28  0.800  0.00   5
   107869  40.276318 -124.542432    16.827     1210.4    -1784.7     3401.0   1211.6   2717.0   2814.2 2022 10 29  1 50 33.240  0.00   5
   108328  40.350623 -124.557528    18.622      -73.3     6466.1     5195.8   1412.8   3487.8  10811.8 2020  4  5  1 31 54.900  0.00   5
   108329  40.339807 -124.562980     4.264     -536.8     5265.1    -9162.1   1115.3   2357.6   2651.6 2020 12 28 14 19 23.260  0.00   5
   108330  40.348096 -124.562036     5.937     -456.5     6185.5    -7488.5   1052.8   2510.7   2839.9 2021  2  8 21 55 39.180  0.00   5
   108331  40.339299 -124.563265     4.340     -561.0     5208.6    -9085.5   1112.1   2408.7   2570.8 2021  5 31 14 18  8.300  0.00   5
   108334  40.344271 -124.562484     4.246     -494.6     5760.8    -9179.5   1041.3   2563.6   3280.7 2022  1 23  9 42 53.580  0.00   5
   108336  40.340507 -124.562948     4.227     -534.0     5342.8    -9198.8   1090.3   2351.6   2568.0 2022  8 25  9 19 46.880  0.00   5
   108337  40.348226 -124.561597     4.608     -419.2     6199.9    -8818.1   1059.9   2529.3   3276.4 2022  8 30 16 15 52.160  0.00   5
   108338  40.351001 -124.561239     5.920     -388.7     6508.1    -7505.8   1030.7   2770.5   2609.8 2022  8 31 20 32 49.120  0.00   5
   108522  40.288888 -124.520239     9.120     3097.3     -389.0    -4305.5    712.1   2284.6   2657.4 2020  8 27  8 48 36.060  0.00   5
   108523  40.289360 -124.520801     9.473     3049.6     -336.6    -3952.6    718.3   1721.3   2174.4 2020 11 19  0  1 55.140  0.00   5
   108524  40.289990 -124.520321     9.317     3090.4     -266.6    -4108.9    768.5   1715.4   2011.7 2020 12 19 23 43 53.180  0.00   5
   108525  40.293795 -124.519621     9.178     3149.8      155.9    -4248.4    743.0   1705.3   2098.1 2020 12 22 13 56 55.800  0.00   5
   108526  40.297860 -124.519629     9.563     3149.0      607.3    -3862.8    855.2   2779.6   2374.9 2020 12 22  2 31 25.280  0.00   5
   108527  40.289657 -124.520361     9.267     3086.9     -303.6    -4158.8    682.1   2151.6   2157.4 2021  3  6  5 49 50.980  0.00   5
   108528  40.286377 -124.520622     9.253     3064.8     -667.8    -4173.4    972.5   2678.2   2150.4 2021  3  7  9 29 35.160  0.00   5
   108529  40.289628 -124.520467     9.413     3077.9     -306.8    -4013.1    754.1   1860.6   2196.4 2021  3 22 14 28 21.180  0.00   5
   108530  40.288558 -124.520711     9.401     3057.2     -425.6    -4025.4    634.4   1824.1   2091.3 2021  3 22 16 43  7.420  0.00   5
   108531  40.288538 -124.520728     9.305     3055.8     -427.9    -4120.5    570.3   1690.9   2034.8 2021  3 22 15 19 46.300  0.00   5
   108532  40.280302 -124.519678     8.116     3145.3    -1342.4    -5309.9   1118.0   2799.9   1877.1 2021  3 27 20 11 40.180  0.00   5
   108533  40.292692 -124.519637     9.452     3148.4       33.4    -3974.4    682.6   1816.3   2068.1 2021  3 28  8 38 14.200  0.00   5
   108534  40.285266 -124.520516     9.209     3073.9     -791.1    -4217.5    660.9   2060.8   2410.0 2021  3 28  5 19 46.660  0.00   5
   108537  40.288875 -124.520345     8.999     3088.3     -390.4    -4426.7    935.7   2062.8   2108.2 2021  5 23 16 14  8.300  0.00   5
   108542  40.290531 -124.520671     9.373     3060.6     -206.5    -4052.8    774.9   2001.5   2149.5 2022  1  7 18 16 14.140  0.00   5
   108546  40.291146 -124.520215     8.941     3099.3     -138.3    -4484.9    793.5   2363.6   2282.1 2022  8  3 22 11 41.100  0.00   5
   108547  40.292887 -124.520182     9.276     3102.1       55.1    -4150.4    697.8   1399.5   2114.1 2022  9 28  8 42 51.820  0.00   5
   108548  40.291650 -124.520614     9.352     3065.4      -82.2    -4074.0    744.6   1740.4   2180.9 2022  9 28  8 39 11.060  0.00   5
   108549  40.292017 -124.520557     9.358     3070.3      -41.6    -4067.9    789.4   1755.6   2072.6 2022 10  9  8 23  0.040  0.00   5
   108551  40.292570 -124.520532     9.344     3072.3       19.9    -4082.4    804.3   1785.8   2139.7 2022 10 27 19 46 36.020  0.00   5
   108552  40.295614 -124.519572     9.293     3153.9      357.8    -4133.1    732.1   1965.2   2021.2 2022 11 21 18 13 32.080  0.00   5
   108553  40.293465 -124.520239     9.368     3097.2      119.3    -4058.5    770.8   2160.8   2127.2 2022 11 22  5 12  0.300  0.00   5
   108554  40.293274 -124.520117     9.175     3107.6       98.0    -4251.0    757.0   1520.7   2009.0 2022 11 22  5 12 34.720  0.00   5
   108762  40.310921 -124.552897    11.321      320.3     2057.6    -2105.4   1378.7   2072.3   2279.4 2020  6 18 16  6 43.080  0.00   5
   108763  40.291382 -124.555534    11.236       96.2     -112.1    -2189.9   1182.7   2964.6   2232.9 2021 11 11 11 57 34.060  0.00   5
   108764  40.312056 -124.553931    11.162      232.5     2183.7    -2263.7   1435.7   1899.0   1481.3 2022  1  9  2 48 12.520  0.00   5
   108765  40.316650 -124.554338    11.272      197.9     2693.8    -2154.0   1341.0   1890.9   1521.5 2022  5 12  9 11 34.360  0.00   5
   108766  40.311035 -124.554907    11.449      149.4     2070.3    -1977.0   1319.6   2003.1   1927.8 2022  6  7  9 49  1.260  0.00   5
   109011  40.303939 -124.575439    15.842    -1596.2     1282.3     2416.0   1295.8   3235.7   5566.1 2021  7 14 15 14  4.960  0.00   5
   109012  40.305139 -124.575700    19.428    -1618.4     1415.6     6002.3   1425.7   2399.4   4331.4 2022  5 15 19 18 57.920  0.00   5
   109013  40.303239 -124.575968    15.982    -1641.2     1204.6     2556.1   1292.2   2867.5   4289.2 2022  6  2 22  6 51.080  0.00   5
   109014  40.308781 -124.577075    17.656    -1735.2     1819.9     4230.3   1170.4   2599.0   3832.9 2022  7 23 23  7 35.680  0.00   5
   110256  40.300749 -124.565885    12.379     -783.9      928.0    -1047.4   1067.4   2796.7   2265.7 2022  8  2 21 55 39.100  0.00   5
   110258  40.315186 -124.564209    11.558     -641.3     2531.1    -1867.7    855.7   2438.8   1876.3 2022  8  2 21 44 11.520  0.00   5
   110264  40.314404 -124.564779    11.973     -689.8     2444.4    -1452.5    913.9   2128.8   1880.8 2022  8  7 15 10 49.300  0.00   5
   110312  40.330668 -124.617277    10.633    -5152.3     4250.3    -2793.3    959.0   1435.9   1463.8 2022 12 19 12 20 31.700  1.28   5
   110313  40.299878 -124.561556    15.655     -415.8      831.4     2229.5    899.8   1676.5   1721.0 2023  2  9  8  8 42.800  2.99   5
   110357  40.261926 -124.534521    15.216     1883.3    -3382.8     1790.3   1327.7   2733.3   1908.2 2023  4 23 16  9  0.470  1.48   5
   110366  40.280599 -124.538582    11.307     1537.7    -1309.4    -2119.0    675.4   1618.4   1410.1 2023  2 15  9 40 37.830  1.30   5
   110413  40.271558 -124.555070    17.600      135.6    -2313.3     4174.4    966.8   1777.4   1474.6 2023  3 25 19 24 32.400  1.25   5
   110459  40.274272 -124.545020    16.909      990.3    -2012.0     3482.9    888.2   2306.6   2346.7 2023  2 23  1 16  2.860  1.71   5
   110492  40.340942 -124.563021     3.940     -540.2     5391.2    -9485.8   1083.2   2359.3   2742.2 2023  4 17  9 13 51.230  2.06   5
   110520  40.292253 -124.519588     9.090     3152.6      -15.4    -4335.6    750.9   1860.6   1844.0 2023  1 16  3 19  0.680  1.26   5
   110550  40.310286 -124.552669    11.510      339.7     1987.1    -1915.7   1304.6   2228.1   2061.5 2023  3 30 19 31 15.280  1.92   5
   110583  40.302380 -124.575415    14.217    -1594.2     1109.2      790.9   1257.9   2112.3   2758.8 2023  2  7 18 35 28.040  1.14   5
   110795  40.327787 -124.567025    13.045     -880.6     3930.4     -380.5   1172.1   3632.2   3230.4 2023  2 25 22 37 46.280  1.26   5
