   103444  40.379272 -124.311613    29.969       14.5       18.1        8.6     15.9      9.0      7.5 2020  1 13 20  0 48.700  0.00  35
   103445  40.379093 -124.311759    29.960        2.1       -1.8        0.2     10.4      8.0      5.1 2020  1 17  9  4 28.060  0.00  35
   103446  40.379818 -124.311979    29.995      -16.6       78.6       35.0     11.5     17.7     11.0 2020  2 15 13 19 42.000  0.00  35
   103448  40.379102 -124.312394    29.975      -51.8       -0.9       15.4     13.4     13.9      8.8 2020  3  9  6 29 22.020  0.00  35
   103449  40.379215 -124.311670    29.959        9.7       11.7       -1.4      7.5     10.0      5.4 2020  3 18 23 28 44.420  0.00  35
   103450  40.379378 -124.312288    29.977      -42.8       29.8       16.9     13.9     11.6      9.0 2020  3 19  0 16 10.640  0.00  35
   103451  40.379065 -124.311727    29.956        4.8       -5.0       -3.9      6.7      8.0      6.0 2020  3 19  2 22 37.140  0.00  35
   103456  40.378833 -124.311377    29.941       34.6      -30.7      -19.2     15.7     14.5     11.9 2020  9 20 22 11 49.360  0.00  35
   103458  40.379236 -124.311532    29.956       21.4       14.0       -4.4      9.3     11.6      5.8 2021  5 23 13 43 10.780  0.00  35
   103459  40.379163 -124.311784    29.961        0.0        5.9        0.9      6.4      7.0      5.1 2021  5 28  2  1 24.580  0.00  35
   103460  40.379220 -124.311841    29.967       -4.8       12.2        7.3      5.9      9.0      5.5 2021  5 29  0 44  3.080  0.00  35
   103462  40.379211 -124.311865    29.969       -6.9       11.3        8.5      7.1     10.1      5.7 2021  7 28  6 52 50.280  0.00  35
   103463  40.379220 -124.311979    29.968      -16.6       12.2        7.9     12.0     10.5      7.7 2021  7 28  6 55  0.800  0.00  35
   103464  40.379309 -124.311353    29.954       36.6       22.1       -5.5     12.3     13.7      5.9 2021  8  5  8  0 52.700  0.00  35
   103465  40.378955 -124.311719    29.950        5.5      -17.2      -10.0     11.3      8.6      6.9 2021  9 21 10 44 24.620  0.00  35
   103466  40.379089 -124.311784    29.960        0.0       -2.3        0.1      6.5      8.3      5.0 2021 10 12 19 30 52.540  0.00  35
   103467  40.379093 -124.311784    29.961        0.0       -1.8        1.1      5.8      9.1      5.0 2021 11  1 23 30 58.980  0.00  35
   103468  40.379073 -124.311808    29.959       -2.1       -4.1       -1.2      7.7      8.1      5.2 2021 12 20 21 35  3.460  0.00  35
   103469  40.379118 -124.311776    29.960        0.7        0.9        0.5      5.7      8.4      5.0 2021 12 20 20 41 52.700  0.00  35
   103476  40.379134 -124.311792    29.962       -0.7        2.7        1.8      6.1      7.7      4.9 2021 12 21  7 34 40.340  0.00  35
   103478  40.379175 -124.311825    29.965       -3.5        7.2        5.1      6.5      9.4      5.2 2021 12 21  2 24 30.100  0.00  35
   103481  40.379183 -124.311540    29.955       20.7        8.1       -4.6      9.3     10.4      5.6 2021 12 21 13 38 46.280  0.00  35
   103483  40.379089 -124.310693    29.927       92.6       -2.3      -33.3     17.2     20.4     10.8 2021 12 21 18  6 14.020  0.00  35
   103485  40.378939 -124.311686    29.955        8.3      -19.0       -5.1      8.9     13.2      6.0 2021 12 21 12 55 44.420  0.00  35
   103487  40.379557 -124.312044    29.980      -22.1       49.7       19.6     10.5     12.7      9.5 2021 12 22 20 10 26.700  0.00  35
   103488  40.379167 -124.311898    29.964       -9.7        6.3        4.1     10.3      9.0      6.2 2021 12 24  1  7 26.940  0.00  35
   103490  40.379093 -124.311800    29.959       -1.4       -1.8       -0.7      6.7      7.8      5.2 2021 12 25 22 20 25.620  0.00  35
   103491  40.379142 -124.311849    29.965       -5.5        3.6        4.5      5.9      9.7      5.2 2022  1  1  8 26 24.020  0.00  35
   103494  40.379203 -124.312004    29.965      -18.7       10.4        4.8     12.8     10.2      6.6 2022  1  9 11 44 48.340  0.00  35
   103495  40.379167 -124.311890    29.966       -9.0        6.3        5.6     10.9      9.3      7.1 2022  1 15  9 42 46.520  0.00  35
   103496  40.379578 -124.310742    29.937       88.5       52.0      -23.4     18.1     21.9      9.9 2022  1 23 12 56  0.000  0.00  35
   103498  40.379093 -124.311833    29.960       -4.1       -1.8        0.4      6.9      8.3      4.9 2022  4  8 14 16 31.500  0.00  35
   103499  40.379138 -124.311808    29.962       -2.1        3.2        1.8      5.9      8.6      4.9 2022  5 22  8  2 34.980  0.00  35
   110322  40.379036 -124.311849    29.959       -5.5       -8.1       -0.9      6.6      7.8      5.1 2023  4 30  3 17 51.430  0.24  35
