   106142  40.497375 -124.327604    17.852      257.3       73.2        1.9     10.7      9.5     10.8 2020  2 16  9 47  5.060  0.00   4
   106144  40.496647 -124.331982    17.737     -113.8       -7.7     -113.3     14.2     15.7     28.9 2020  4 12  4 35  0.980  0.00   4
   106147  40.496745 -124.330737    17.821       -8.3        3.2      -29.1      4.7      4.4      4.4 2020  9 14 10 23  2.500  0.00   4
   106154  40.497611 -124.330575    17.779        5.5       99.4      -71.1      4.4      5.0      7.6 2021  1 30 22 57 38.840  0.00   4
   106155  40.496924 -124.329932    17.796       60.0       23.0      -53.6     10.3     11.2     12.4 2021  2  2 17 23 41.100  0.00   4
   106164  40.496757 -124.330103    17.862       45.5        4.5       11.8     11.9      7.4     10.7 2021  7 22 15 35 57.140  0.00   4
   106167  40.497005 -124.330518    17.824       10.3       32.1      -25.6      4.1      4.2      6.5 2021 10  2  5 23 38.340  0.00   4
   106168  40.497115 -124.330314    17.841       27.6       44.3       -8.7      5.7      4.4      6.7 2021 10  3 11 37  2.540  0.00   4
   106170  40.497286 -124.330591    17.780        4.1       63.3      -69.8      4.0      4.1      5.6 2021 10  8  7 30 49.160  0.00   4
   106171  40.497148 -124.330575    17.810        5.5       47.9      -40.0      5.2      4.0      8.0 2021 10 12 12 22 10.580  0.00   4
   106173  40.497168 -124.330721    17.822       -6.9       50.2      -28.4      4.1      3.4      6.5 2021 11 18  7  5 20.520  0.00   4
   106176  40.497119 -124.330688    17.824       -4.1       44.7      -25.9      4.9      5.1      6.2 2021 12 11  7 52 35.460  0.00   4
   106178  40.497339 -124.330607    17.805        2.8       69.1      -44.7      5.7      5.4      8.9 2021 12 15  7 38 28.900  0.00   4
   106186  40.496834 -124.330876    17.878      -20.0       13.1       27.7      3.2      3.2      3.7 2021 12 23 19 12 18.300  0.00   4
   106187  40.496155 -124.330802    17.894      -13.8      -62.4       44.1      6.3      6.0      7.7 2021 12 23  7  0 19.640  0.00   4
   106191  40.501827 -124.324976    17.525      480.1      567.5     -324.6     12.1     10.3     14.0 2021 12 23  4 46 17.660  0.00   4
   106193  40.496578 -124.331152    17.827      -43.5      -15.4      -23.0      5.1      4.6      3.7 2021 12 25  3 17 58.440  0.00   4
   106194  40.496692 -124.330688    17.835       -4.1       -2.7      -15.4      3.2      2.5      3.7 2021 12 30  5 48 27.460  0.00   4
   106196  40.496700 -124.330680    17.843       -3.4       -1.8       -7.3      3.9      2.9      3.9 2021 12 31 13 20 26.880  0.00   4
   106197  40.496712 -124.330859    17.890      -18.6       -0.5       39.6      3.5      3.8      5.7 2021 12 31 10 15 16.680  0.00   4
   106200  40.496488 -124.330713    17.868       -6.2      -25.3       17.7      4.6      3.5      4.2 2022  1  2 14 54 27.660  0.00   4
   106201  40.496533 -124.330794    17.865      -13.1      -20.3       15.5      5.0      4.6      5.3 2022  1  2  0 12 25.180  0.00   4
   106202  40.496505 -124.331234    17.814      -50.4      -23.5      -35.8      8.3      5.5      7.6 2022  1  2 23 12 20.980  0.00   4
   106204  40.496631 -124.330924    17.852      -24.1       -9.5        2.2      3.2      3.3      4.0 2022  1  7  3  3 58.940  0.00   4
   106208  40.496940 -124.330632    17.863        0.7       24.9       13.2      4.6      2.6      4.7 2022  1 16  3  3 43.240  0.00   4
   106209  40.496753 -124.330599    17.861        3.4        4.1       11.2      5.1      3.7      4.9 2022  1 16 22 15  6.960  0.00   4
   106210  40.496769 -124.331006    17.831      -31.0        5.9      -18.8      5.0      4.0      4.4 2022  1 16  4  9 53.760  0.00   4
   106211  40.496379 -124.330949    17.862      -26.2      -37.5       12.5      4.8      4.1      4.8 2022  1 16  9 17 39.940  0.00   4
   106216  40.496619 -124.330607    17.882        2.8      -10.8       32.4      5.1      4.4      6.6 2022  1 18 12  7 24.920  0.00   4
   106217  40.496643 -124.330754    17.830       -9.7       -8.1      -20.5      3.3      2.5      3.4 2022  1 18  3 25 18.740  0.00   4
   106218  40.496541 -124.330729    17.908       -7.6      -19.4       57.8      3.4      3.7      6.6 2022  1 19  6 54 58.540  0.00   4
   106220  40.496362 -124.330778    17.885      -11.7      -39.3       34.6      5.2      4.2      5.7 2022  1 21  8 26 27.620  0.00   4
   106221  40.496741 -124.330607    17.822        2.8        2.7      -27.7      2.7      2.7      3.6 2022  1 22 13 18 17.780  0.00   4
   106223  40.496692 -124.330745    17.849       -9.0       -2.7       -0.9      2.5      2.7      3.5 2022  1 23 14 11 22.260  0.00   4
   106225  40.496993 -124.330656    17.857       -1.4       30.7        7.1      4.8      3.7      4.8 2022  1 28 18 30 21.440  0.00   4
   106226  40.496566 -124.330900    17.829      -22.1      -16.7      -20.6      4.7      3.0      4.1 2022  1 29 17 47 53.300  0.00   4
   106227  40.497034 -124.330892    17.849      -21.4       35.2       -1.0      4.3      3.7      5.5 2022  1 31  9 38 58.340  0.00   4
   106229  40.497013 -124.330900    17.839      -22.1       33.0      -11.1      3.8      4.0      5.8 2022  2  2 22 24 23.440  0.00   4
   106230  40.496639 -124.330819    17.845      -15.2       -8.6       -4.9      3.6      2.8      3.1 2022  2  3  2  3 31.060  0.00   4
   106231  40.496187 -124.330859    17.890      -18.6      -58.7       39.9      5.3      5.3      6.9 2022  2  3  8 40 22.780  0.00   4
   106232  40.496529 -124.330859    17.844      -18.6      -20.8       -5.8      3.8      3.7      4.2 2022  2  3  8 37  7.500  0.00   4
   106234  40.496643 -124.330859    17.849      -18.6       -8.1       -1.3      2.8      2.4      2.8 2022  2  6 11 55 37.920  0.00   4
   106235  40.496781 -124.331022    17.880      -32.4        7.2       29.7      3.8      2.8      4.0 2022  2 12  0 51 57.080  0.00   4
   106239  40.496700 -124.330819    17.857      -15.2       -1.8        6.7      3.0      2.6      3.2 2022  2 14 16 43 46.920  0.00   4
   106240  40.496659 -124.330843    17.851      -17.2       -6.3        1.4      3.6      3.0      3.4 2022  2 14 22 32 21.620  0.00   4
   106241  40.496680 -124.330892    17.844      -21.4       -4.1       -6.5      4.3      2.9      3.5 2022  2 14 21 24 22.540  0.00   4
   106242  40.496643 -124.330924    17.839      -24.1       -8.1      -10.7      3.6      2.4      2.9 2022  2 14 15 35 37.440  0.00   4
   106243  40.496379 -124.330811    17.901      -14.5      -37.5       51.4      4.7      4.6      6.9 2022  2 15  3 24 39.820  0.00   4
   106244  40.496228 -124.330713    17.868       -6.2      -54.2       18.4      5.9      5.9      6.5 2022  2 20  9 12 22.280  0.00   4
   106247  40.496619 -124.330802    17.817      -13.8      -10.8      -33.2      3.2      3.4      3.9 2022  2 21 15 40 58.540  0.00   4
   106248  40.496692 -124.330566    17.853        6.2       -2.7        3.1      3.8      3.8      5.4 2022  2 21 12 54 43.620  0.00   4
   106251  40.496488 -124.330827    17.897      -15.9      -25.3       46.8      3.0      3.9      6.5 2022  2 26  5  4 41.160  0.00   4
   106252  40.496639 -124.330868    17.857      -19.3       -8.6        7.4      3.1      2.1      3.3 2022  2 26 12 40 18.540  0.00   4
   106254  40.496464 -124.330843    17.884      -17.2      -28.0       33.8      4.3      3.9      6.1 2022  2 27 19 37 49.380  0.00   4
   106255  40.496903 -124.330835    17.805      -16.6       20.8      -44.7      3.9      4.4      6.7 2022  2 28  3 42 20.260  0.00   4
   106257  40.496908 -124.330802    17.861      -13.8       21.2       11.1      5.9      4.9      6.0 2022  3  1  1  4 35.500  0.00   4
   106258  40.496619 -124.330729    17.861       -7.6      -10.8       10.7      3.8      3.5      4.3 2022  3  1  4 33 33.320  0.00   4
   106259  40.497156 -124.330558    17.833        6.9       48.8      -16.7      5.2      5.4      4.7 2022  3  2  2 19 41.560  0.00   4
   106264  40.496838 -124.330770    17.871      -11.0       13.6       21.5      3.5      3.4      3.5 2022  3  4 23 16  6.440  0.00   4
   106265  40.496545 -124.330859    17.897      -18.6      -19.0       46.6      5.3      4.8      5.0 2022  3  8 17 12 20.840  0.00   4
   106270  40.496566 -124.330688    17.842       -4.1      -16.7       -7.9      3.2      3.2      4.5 2022  3 27  7 11  2.900  0.00   4
   106271  40.496639 -124.330835    17.855      -16.6       -8.6        4.7      4.2      3.9      4.6 2022  4  1  6 31 38.080  0.00   4
   106272  40.496647 -124.330583    17.839        4.8       -7.7      -11.0      4.4      4.1      4.1 2022  4  1  7 37 43.900  0.00   4
   106273  40.496659 -124.330656    17.853       -1.4       -6.3        3.4      4.0      4.0      4.5 2022  4  1  7  8 51.380  0.00   4
   106275  40.496680 -124.330868    17.853      -19.3       -4.1        3.2      4.0      3.6      4.6 2022  4  2  2 16 50.200  0.00   4
   106276  40.496940 -124.330851    17.825      -17.9       24.9      -25.0      4.3      4.4      6.2 2022  4  7 12 46 34.800  0.00   4
   106278  40.496810 -124.330859    17.847      -18.6       10.4       -3.4      2.6      2.4      4.3 2022  4 15 23 52 12.400  0.00   4
   106280  40.496472 -124.330835    17.877      -16.6      -27.1       27.4      3.4      3.8      5.7 2022  4 25 11 18  9.700  0.00   4
   106281  40.496847 -124.330786    17.846      -12.4       14.5       -4.1      3.8      2.6      4.9 2022  4 28 17 35 58.900  0.00   4
   106282  40.496855 -124.330713    17.861       -6.2       15.4       11.2      5.2      3.5      5.3 2022  4 29  8 13 25.740  0.00   4
   106283  40.496908 -124.330713    17.869       -6.2       21.2       18.7      4.5      3.9      4.7 2022  5  2  6 55  3.460  0.00   4
   106284  40.496773 -124.330924    17.835      -24.1        6.3      -15.0      2.5      2.3      4.5 2022  5  7 22 39  3.000  0.00   4
   106286  40.496810 -124.330851    17.870      -17.9       10.4       19.7      2.7      2.7      3.2 2022  5 10  8 50 16.200  0.00   4
   106287  40.496696 -124.330542    17.862        8.3       -2.3       11.5      4.0      4.3      4.5 2022  5 10  0 41 41.360  0.00   4
   106288  40.496724 -124.330623    17.870        1.4        0.9       19.8      3.2      4.0      5.4 2022  5 10 14 44 45.480  0.00   4
   106290  40.496615 -124.330680    17.840       -3.4      -11.3       -9.8      3.1      3.1      3.9 2022  5 12  1 30 43.080  0.00   4
   106291  40.496244 -124.330802    17.871      -13.8      -52.4       21.4      6.3      5.6      5.4 2022  5 12  8  6 13.200  0.00   4
   106293  40.496659 -124.330973    17.834      -28.3       -6.3      -16.2      5.2      3.3      4.3 2022  5 14 19  3 30.080  0.00   4
   106294  40.496676 -124.330843    17.861      -17.2       -4.5       11.1      3.4      2.9      3.6 2022  5 15  1 12 12.600  0.00   4
   106295  40.496533 -124.330973    17.851      -28.3      -20.3        0.8      3.2      3.6      4.4 2022  5 15 12 38 43.240  0.00   4
   106296  40.496700 -124.330941    17.832      -25.5       -1.8      -18.0      2.6      2.5      4.5 2022  5 15  3  8 52.300  0.00   4
   106297  40.496903 -124.330876    17.817      -20.0       20.8      -32.8      3.7      3.3      4.6 2022  5 16 17 15 16.940  0.00   4
   106298  40.496785 -124.330908    17.875      -22.8        7.7       24.6      3.6      2.8      3.5 2022  5 20 21  8 41.220  0.00   4
   106299  40.496765 -124.330542    17.893        8.3        5.4       43.2      6.7      4.8      7.0 2022  5 21  1 24 36.560  0.00   4
   106300  40.496493 -124.331128    17.832      -41.4      -24.9      -17.7      5.5      4.5      4.2 2022  5 21 19 48 49.180  0.00   4
   106302  40.496549 -124.330713    17.848       -6.2      -18.5       -1.6      3.1      3.1      4.1 2022  5 27 12 32 31.140  0.00   4
   106304  40.496842 -124.330859    17.882      -18.6       14.0       31.6      2.8      3.1      4.8 2022  5 28  5 20  2.780  0.00   4
   106305  40.497026 -124.330998    17.838      -30.4       34.3      -11.8      3.8      2.7      4.6 2022  5 30 13 20 12.260  0.00   4
   106306  40.496867 -124.330721    17.880       -6.9       16.7       29.5      4.3      2.9      4.5 2022  6  1  2 39 26.760  0.00   4
   106307  40.496582 -124.330713    17.871       -6.2      -14.9       20.8      2.9      3.0      5.0 2022  6  6  9 29 14.760  0.00   4
   106308  40.496822 -124.330868    17.872      -19.3       11.7       21.9      2.7      2.7      3.5 2022  6  6  5 14 25.900  0.00   4
   106310  40.496672 -124.331063    17.853      -35.9       -5.0        3.4      6.2      4.0      5.1 2022  6  8 12 59  0.080  0.00   4
   106311  40.496643 -124.331209    17.864      -48.3       -8.1       13.9      5.2      2.3      5.0 2022  6  9  8 48 36.880  0.00   4
   106312  40.496566 -124.330900    17.833      -22.1      -16.7      -16.9      3.7      3.3      3.2 2022  6 12 14 27 16.560  0.00   4
   106313  40.496525 -124.330835    17.902      -16.6      -21.2       52.3      3.2      4.1      6.4 2022  6 13  3  6 20.360  0.00   4
   106314  40.496590 -124.330851    17.900      -17.9      -14.0       50.0      3.7      4.5      6.2 2022  6 13 23 25 35.040  0.00   4
   106315  40.496708 -124.330827    17.916      -15.9       -0.9       65.8      4.8      3.9      6.8 2022  6 15  9 41 17.600  0.00   4
   106316  40.496566 -124.330737    17.868       -8.3      -16.7       17.5      3.6      4.4      5.3 2022  6 15 15 45 11.840  0.00   4
   106317  40.496647 -124.330794    17.885      -13.1       -7.7       34.7      4.4      4.2      5.3 2022  6 15  4 34 41.940  0.00   4
   106320  40.496395 -124.331421    17.871      -66.2      -35.7       21.4      5.7      6.3      4.5 2022  6 16 12 41 44.740  0.00   4
   106321  40.496757 -124.330859    17.889      -18.6        4.5       39.3      3.4      2.6      6.3 2022  6 16 17 47 27.640  0.00   4
   106322  40.496533 -124.330876    17.911      -20.0      -20.3       60.8      5.0      3.8      6.4 2022  6 17  1 34 31.520  0.00   4
   106323  40.496436 -124.330924    17.858      -24.1      -31.2        7.6      4.6      3.9      4.6 2022  6 17  9 39 54.280  0.00   4
   106326  40.496680 -124.330973    17.878      -28.3       -4.1       27.7      3.7      3.0      4.9 2022  6 17 14 49 41.980  0.00   4
   106327  40.496855 -124.330843    17.877      -17.2       15.4       27.1      4.1      2.2      4.5 2022  6 17  8 11  3.840  0.00   4
   106328  40.496834 -124.330868    17.898      -19.3       13.1       48.1      5.5      3.5      5.8 2022  6 18  5  8  8.580  0.00   4
   106329  40.496570 -124.330859    17.918      -18.6      -16.3       68.0      4.4      3.3      6.6 2022  6 18  8 25 36.840  0.00   4
   106330  40.496667 -124.330965    17.854      -27.6       -5.4        3.7      4.7      4.4      5.3 2022  6 18 16 36  4.940  0.00   4
   106331  40.496639 -124.331071    17.854      -36.6       -8.6        4.2      6.3      4.0      4.8 2022  6 18 15 41  8.700  0.00   4
   106332  40.496830 -124.330819    17.895      -15.2       12.7       44.8      4.4      4.4      6.4 2022  6 18 14 30 21.240  0.00   4
   106333  40.496480 -124.330868    17.895      -19.3      -26.2       45.0      4.7      3.8      5.9 2022  6 20  8 44 39.060  0.00   4
   106334  40.496525 -124.331006    17.840      -31.0      -21.2       -9.8      3.9      3.8      5.2 2022  6 20  4 11 59.280  0.00   4
   106335  40.496753 -124.330477    17.850       13.8        4.1       -0.2      4.9      3.1      4.9 2022  6 20  3 26  5.120  0.00   4
   106336  40.496627 -124.330794    17.911      -13.1       -9.9       60.9      4.1      3.6      6.3 2022  6 21  7 46 44.740  0.00   4
   106337  40.496594 -124.330615    17.848        2.1      -13.6       -2.2      2.9      2.5      3.6 2022  6 21  4 31 16.520  0.00   4
   106338  40.496659 -124.330990    17.856      -29.7       -6.3        6.3      3.7      2.8      3.1 2022  6 23 14 31 49.880  0.00   4
   106339  40.496688 -124.330518    17.873       10.3       -3.2       23.3      4.6      3.9      4.8 2022  6 24  2  4  9.040  0.00   4
   106340  40.496472 -124.331063    17.846      -35.9      -27.1       -4.4      4.9      4.7      4.9 2022  6 24 22 56 45.960  0.00   4
   106341  40.496554 -124.330876    17.853      -20.0      -18.1        2.9      4.5      3.6      4.4 2022  6 25 18 56 46.680  0.00   4
   106342  40.496676 -124.330640    17.875        0.0       -4.5       25.2      3.6      3.7      6.0 2022  6 27 12 33 49.880  0.00   4
   106343  40.496700 -124.330924    17.897      -24.1       -1.8       46.9      3.7      3.2      5.2 2022  7  2 22 22  4.260  0.00   4
   106344  40.496802 -124.330811    17.877      -14.5        9.5       27.4      6.2      4.3      4.7 2022  7  3 13 10  0.780  0.00   4
   106345  40.496757 -124.330981    17.836      -29.0        4.5      -13.5      3.4      3.2      4.6 2022  7  5 14 55 20.380  0.00   4
   106347  40.496842 -124.330819    17.876      -15.2       14.0       25.6      3.5      2.4      4.3 2022  7  5 16  5  1.480  0.00   4
   106350  40.496476 -124.330721    17.859       -6.9      -26.7        8.9      5.6      3.9      5.6 2022  7  7  6 54 26.120  0.00   4
   106351  40.496704 -124.331136    17.847      -42.1       -1.4       -3.3      3.5      2.9      3.8 2022  7  7  2 44 46.460  0.00   4
   106352  40.496769 -124.330672    17.860       -2.8        5.9       10.2      5.2      4.0      4.2 2022  7  7  5 56 40.020  0.00   4
   106353  40.496684 -124.330737    17.845       -8.3       -3.6       -4.6      3.5      2.5      3.5 2022  7  7  8  7  0.840  0.00   4
   106354  40.496651 -124.331030    17.853      -33.1       -7.2        3.2      3.6      2.9      3.1 2022  7  8  4 45 11.940  0.00   4
   106355  40.496802 -124.331030    17.873      -33.1        9.5       23.1      3.9      2.8      3.7 2022  7  8 12  5 48.040  0.00   4
   106357  40.496676 -124.331201    17.840      -47.6       -4.5      -10.4      3.7      2.7      3.6 2022  7 13 21 34 45.100  0.00   4
   106359  40.496187 -124.330835    17.918      -16.6      -58.7       67.5      4.8      5.9      8.7 2022  7 15  9 31 39.120  0.00   4
   106360  40.496590 -124.330729    17.889       -7.6      -14.0       39.3      3.7      4.2      5.4 2022  7 16  4 55 30.700  0.00   4
   106361  40.496790 -124.331925    17.841     -109.0        8.1       -9.3      8.9      7.9      9.8 2022  7 19 17  8 48.180  0.00   4
   106362  40.496700 -124.330615    17.852        2.1       -1.8        2.4      3.0      2.8      3.8 2022  7 26  0 28 21.180  0.00   4
   106363  40.496688 -124.330981    17.845      -29.0       -3.2       -5.0      3.0      3.0      3.7 2022  7 26 11 23 40.860  0.00   4
   106364  40.496749 -124.331079    17.867      -37.3        3.6       16.9      4.1      3.0      3.8 2022  7 26 22 15 23.800  0.00   4
   106365  40.496672 -124.330566    17.878        6.2       -5.0       27.8      3.7      3.9      6.3 2022  7 27 23 25  2.520  0.00   4
   106367  40.496785 -124.330843    17.866      -17.2        7.7       16.4      2.9      2.5      4.0 2022  7 28  2  5 12.120  0.00   4
   106368  40.496834 -124.330859    17.867      -18.6       13.1       17.3      3.3      3.0      3.7 2022  7 28  3  6 30.900  0.00   4
   106369  40.496370 -124.330640    17.882        0.0      -38.4       32.3      5.3      5.1      7.4 2022  7 28 15 13 21.480  0.00   4
   106370  40.496505 -124.330884    17.817      -20.7      -23.5      -33.5      3.4      3.3      3.7 2022  7 28  5 32 16.180  0.00   4
   106371  40.496708 -124.330566    17.874        6.2       -0.9       23.8      3.2      3.6      5.7 2022  7 28  3 11 44.020  0.00   4
   106372  40.496655 -124.330745    17.868       -9.0       -6.8       17.9      4.2      3.4      4.8 2022  7 28 20 57 33.500  0.00   4
   106374  40.496729 -124.330794    17.866      -13.1        1.4       16.1      4.2      3.5      3.7 2022  8  1 18  7 54.160  0.00   4
   106376  40.496488 -124.330843    17.843      -17.2      -25.3       -7.5      5.1      4.0      4.8 2022  8  2  1 26 23.900  0.00   4
   106379  40.496517 -124.330876    17.826      -20.0      -22.1      -23.9      5.7      4.3      4.5 2022  8  5 17  2 40.980  0.00   4
   106380  40.496814 -124.330542    17.852        8.3       10.8        2.3      5.2      3.8      4.6 2022  8  5 10 39 30.180  0.00   4
   106381  40.497058 -124.330591    17.863        4.1       38.0       12.8      4.9      5.3      4.9 2022  8 10  5 55 42.060  0.00   4
   106383  40.496814 -124.330762    17.880      -10.3       10.8       30.2      3.5      2.7      4.7 2022  8 12 15 56 26.800  0.00   4
   106384  40.496855 -124.330501    17.869       11.7       15.4       18.7      4.6      3.8      4.2 2022  8 14  9 10  2.820  0.00   4
   106385  40.496830 -124.330884    17.871      -20.7       12.7       20.8      3.0      3.0      3.3 2022  8 14 22 16 32.640  0.00   4
   106386  40.496281 -124.330819    17.844      -15.2      -48.3       -6.2      4.1      3.7      5.4 2022  8 14  9 32 44.820  0.00   4
   106388  40.496944 -124.330762    17.855      -10.3       25.3        5.3      4.3      3.8      4.6 2022  8 16  9 34  2.840  0.00   4
   106390  40.496521 -124.330575    17.884        5.5      -21.7       34.5      4.7      4.2      5.1 2022  8 18  5 34 57.140  0.00   4
   106391  40.496704 -124.330868    17.861      -19.3       -1.4       10.6      3.4      2.9      4.0 2022  8 18  8 52 50.760  0.00   4
   106393  40.496798 -124.330957    17.866      -26.9        9.0       15.8      2.8      2.4      3.3 2022  8 23 13 22  4.400  0.00   4
   106394  40.496680 -124.330827    17.848      -15.9       -4.1       -1.6      4.8      3.1      4.5 2022  8 23 13  8 26.400  0.00   4
   106397  40.496403 -124.330859    17.850      -18.6      -34.8       -0.4      4.6      3.2      3.5 2022  8 25  0 29 52.800  0.00   4
   106398  40.496631 -124.330705    17.910       -5.5       -9.5       59.6      5.1      4.3      6.8 2022  8 26 23 43 16.640  0.00   4
   106399  40.496712 -124.330534    17.837        9.0       -0.5      -13.0      2.4      2.3      3.8 2022  8 27  5 35 23.340  0.00   4
   106400  40.496895 -124.330819    17.827      -15.2       19.9      -23.2      4.1      3.6      5.4 2022  8 28 16  4 59.980  0.00   4
   106401  40.496956 -124.330811    17.860      -14.5       26.7        9.5      5.5      4.6      4.6 2022  8 31 11 20 31.620  0.00   4
   106403  40.492537 -124.329150    17.402      126.3     -464.0     -448.1     13.6      8.2     11.6 2022  9  2 16 31  6.800  0.00   4
   106404  40.496757 -124.330428    17.864       17.9        4.5       14.3      3.8      3.8      5.1 2022  9  4  1 44  0.500  0.00   4
   106407  40.496533 -124.330615    17.845        2.1      -20.3       -5.0      3.4      3.4      4.2 2022  9 17 10 45 18.920  0.00   4
   106409  40.496541 -124.330705    17.847       -5.5      -19.4       -3.2      4.3      3.4      3.4 2022  9 24  9 49 45.580  0.00   4
   106410  40.496395 -124.330843    17.877      -17.2      -35.7       27.2      3.8      3.8      4.3 2022 10  1 14 55  0.020  0.00   4
   106411  40.496647 -124.330745    17.820       -9.0       -7.7      -29.8      3.4      3.5      4.4 2022 10  9  8 36 16.240  0.00   4
   106412  40.497135 -124.330615    17.847        2.1       46.5       -2.6      5.0      5.1      5.2 2022 10  9  6 22 55.800  0.00   4
   106415  40.497249 -124.330379    17.804       22.1       59.2      -45.7      6.0      6.4      8.2 2022 10 18 18 18 12.480  0.00   4
   106416  40.496273 -124.330778    17.900      -11.7      -49.3       50.4      4.8      4.4      6.5 2022 10 19 13 22  2.300  0.00   4
   106417  40.497026 -124.330745    17.848       -9.0       34.3       -2.0      5.5      5.7      5.4 2022 10 26  9 12 38.720  0.00   4
   106419  40.496655 -124.330811    17.868      -14.5       -6.8       18.1      3.0      3.5      5.1 2022 11  4 19 32 57.460  0.00   4
   106420  40.496676 -124.330705    17.875       -5.5       -4.5       24.9      2.7      3.3      5.3 2022 11  5  0  2  7.900  0.00   4
   106421  40.496692 -124.330802    17.862      -13.8       -2.7       11.7      3.1      3.2      3.5 2022 11  5  0 40 53.500  0.00   4
   106422  40.496537 -124.330640    17.862        0.0      -19.9       11.7      2.7      3.3      4.3 2022 11  6  8 11 30.960  0.00   4
   106423  40.496847 -124.330859    17.877      -18.6       14.5       27.3      2.8      2.5      3.5 2022 11  7 16 28  2.740  0.00   4
   106429  40.496952 -124.330843    17.823      -17.2       26.2      -27.2      4.1      4.4      6.6 2022 11 19 21 55 30.320  0.00   4
   106431  40.496431 -124.330420    17.899       18.6      -31.6       49.4      4.7      3.8      7.4 2022 11 21 11 18 28.660  0.00   4
   106432  40.496777 -124.330745    17.866       -9.0        6.8       16.5      2.6      2.8      3.4 2022 11 27  5 38 46.220  0.00   4
   106433  40.496993 -124.330672    17.849       -2.8       30.7       -1.2      5.8      4.4      3.8 2022 11 29 21 55 22.940  0.00   4
   110398  40.496916 -124.330851    17.844      -17.9       22.1       -6.5      2.5      2.2      3.2 2023  2 11  3 18 22.440  1.85   4
