   100575  40.368388 -124.459993    17.796     -798.3     -711.6     -762.5    326.5    448.8    367.8 2020  1  3 15 57 51.560  0.00  30
   100576  40.368319 -124.460164    17.807     -812.8     -719.3     -751.5    271.5    391.4    365.7 2020  1 14  1  9 31.340  0.00  30
   100577  40.368363 -124.460189    17.799     -814.9     -714.3     -760.0    344.0    476.9    410.9 2020  2 16  2 38  6.780  0.00  30
   100578  40.368306 -124.460164    17.816     -812.8     -720.7     -742.4    292.7    404.9    318.5 2020  2 28  7 47  9.140  0.00  30
   100580  40.368327 -124.460173    17.814     -813.5     -718.4     -744.7    273.1    376.1    314.1 2020  3 24 20 10 18.920  0.00  30
   100581  40.368302 -124.460148    17.811     -811.4     -721.1     -747.8    288.1    413.1    359.5 2020  5  4 10 41 42.840  0.00  30
   100582  40.368197 -124.460099    17.803     -807.3     -732.9     -755.6    256.2    468.1    300.2 2020  5 13  5 11 45.540  0.00  30
   100583  40.368355 -124.460156    17.812     -812.1     -715.2     -746.8    334.0    422.5    387.2 2020  6  9 10 47  6.140  0.00  30
   100584  40.368343 -124.460164    17.811     -812.8     -716.6     -747.7    250.4    350.3    314.7 2020  6 13  7  8 34.340  0.00  30
   100587  40.368347 -124.460181    17.814     -814.2     -716.2     -745.1    273.4    379.7    347.1 2020  8 20 18 40 55.160  0.00  30
   100588  40.368351 -124.460189    17.816     -814.9     -715.7     -742.8    273.0    410.8    372.1 2020  9 12 21 54 44.740  0.00  30
   100589  40.368351 -124.460189    17.816     -814.9     -715.7     -742.7    258.5    389.3    362.7 2020  9 12 21 37 16.080  0.00  30
   100590  40.368355 -124.460181    17.813     -814.2     -715.2     -745.5    265.5    369.4    343.0 2020 11 29 17 24 14.040  0.00  30
   100591  40.368323 -124.460164    17.814     -812.8     -718.9     -745.0    343.2    449.1    403.7 2021  4 17 10 27 49.580  0.00  30
   100592  40.368319 -124.460173    17.813     -813.5     -719.3     -745.7    249.1    353.4    311.6 2021  4 26 21 46 39.180  0.00  30
   100593  40.368323 -124.460213    17.815     -816.9     -718.9     -743.8    260.4    390.2    336.1 2021  5 11 12 13 44.620  0.00  30
   100594  40.368331 -124.460173    17.816     -813.5     -718.0     -743.2    367.4    496.2    428.4 2021  5 20  1 35 27.000  0.00  30
   100595  40.368473 -124.460002    17.748     -799.0     -702.1     -811.2    289.8    462.5    404.1 2021  6 15 11 27 24.780  0.00  30
   100596  40.368449 -124.460010    17.782     -799.7     -704.9     -777.1    231.9    357.0    282.3 2021  6 15 11 31  8.000  0.00  30
   100597  40.368298 -124.460189    17.798     -814.9     -721.6     -760.3    285.9    427.9    368.9 2021  6 15 11 58 52.480  0.00  30
   100598  40.368278 -124.460189    17.797     -814.9     -723.8     -762.0    228.6    367.5    316.0 2021  6 15 13  9 16.300  0.00  30
   100600  40.368490 -124.459993    17.773     -798.3     -700.3     -785.8    264.5    407.3    320.6 2021  8 12 11 50 12.180  0.00  30
   100602  40.368510 -124.459969    17.775     -796.2     -698.1     -784.2    274.5    421.3    341.6 2021  9 15  3 21  7.320  0.00  30
   100603  40.368278 -124.460205    17.811     -816.3     -723.8     -747.6    268.3    335.1    272.6 2021  9 24  8 15 17.120  0.00  30
   100604  40.368164 -124.460018    17.785     -800.4     -736.5     -774.0    514.1    692.1    584.8 2021 10 10 16 46 24.120  0.00  30
   100605  40.368486 -124.460343    17.803     -828.0     -700.8     -755.5    387.1    608.7    520.2 2021 10 29  1 24 55.020  0.00  30
   100606  40.368481 -124.460343    17.803     -828.0     -701.2     -755.7    388.8    612.2    521.5 2021 11  8 10 41 50.820  0.00  30
   100607  40.368286 -124.460205    17.797     -816.3     -722.9     -761.8    297.0    431.8    363.0 2021 11 15  1 46 35.440  0.00  30
   100610  40.368327 -124.460197    17.789     -815.6     -718.4     -770.0    447.6    738.2    497.7 2021 12 31 10  4 37.000  0.00  30
   100611  40.368306 -124.460205    17.810     -816.3     -720.7     -748.3    266.1    435.2    342.3 2022  3 22 11  4 35.800  0.00  30
   100612  40.368250 -124.460140    17.797     -810.7     -727.0     -761.9    253.9    429.9    332.4 2022  6  5  8 21 59.320  0.00  30
   100613  40.368306 -124.460213    17.810     -816.9     -720.7     -749.2    231.3    391.2    309.5 2022  8 17  5  6 21.800  0.00  30
   100614  40.368302 -124.460156    17.814     -812.1     -721.1     -744.3    253.9    356.4    301.4 2022  8 21  5 51  8.080  0.00  30
   100615  40.368323 -124.460173    17.816     -813.5     -718.9     -742.7    273.9    388.5    327.2 2022 10 25 21 20 54.620  0.00  30
   106864  40.406632 -124.407593    24.745     3651.0     3535.1     6186.0    726.2    981.9    617.9 2021 10  4  7 13 43.640  0.00  30
   106865  40.406303 -124.407560    24.757     3653.8     3498.5     6198.5    681.2    956.1    618.9 2021 12 21 23 35 58.700  0.00  30
   106871  40.406755 -124.407479    24.734     3660.7     3548.7     6175.6    746.9   1016.2    629.4 2022 11 22 23  5 32.660  0.00  30
   109433  40.410575 -124.402100    19.551     4117.3     3973.0      992.1    700.4    482.9    580.2 2021 12 22  1 59 55.300  0.00  30
   109434  40.410706 -124.401896    19.528     4134.6     3987.4      968.7    624.1    647.7    547.3 2022  4 16 21  8 59.900  0.00  30
   110289  40.368221 -124.460026    17.759     -801.1     -730.2     -799.9    294.3    512.0    338.1 2023  1 26 21 33 28.920  1.26  30
   110418  40.405375 -124.407218    24.571     3682.9     3395.5     6012.6    784.9   1174.5    770.7 2023  2 15 12  9 12.570  0.98  30
   110621  40.410726 -124.400936    19.518     4216.1     3989.7      959.5    653.1    762.2    578.6 2023  2 12 15 30 31.930  3.14  30
