   109853  40.466801 -124.351799    20.360      -13.8        0.0        0.0      0.5      0.3      0.3 2021 12  7 21 33 47.900  0.00   9
   109854  40.466801 -124.351799    20.360      -13.8        0.0        0.0      0.5      0.4      0.3 2021 12  7 21 45 53.560  0.00   9
   109855  40.466821 -124.351815    20.363      -15.2        2.3        2.9      0.5      0.4      0.5 2021 12  7 12 26 22.200  0.00   9
   109856  40.466801 -124.351799    20.360      -13.8        0.0        0.0      0.5      0.3      0.3 2021 12  7 22  4 32.880  0.00   9
   109857  40.466801 -124.351799    20.360      -13.8        0.0        0.0      0.5      0.4      0.3 2021 12  7 21 45 59.740  0.00   9
   109859  40.466825 -124.351807    20.363      -14.5        2.7        2.9      0.5      0.4      0.5 2021 12  7  9 58 27.360  0.00   9
   109860  40.466793 -124.351799    20.360      -13.8       -0.9       -0.3      0.4      0.4      0.4 2021 12  7  9 46 54.320  0.00   9
   109861  40.466801 -124.351799    20.360      -13.8        0.0        0.1      0.4      0.4      0.3 2021 12  7 12 54  1.480  0.00   9
   109863  40.466821 -124.351807    20.362      -14.5        2.3        1.8      0.4      0.4      0.4 2021 12  7  9 39  7.720  0.00   9
   109864  40.466813 -124.351807    20.362      -14.5        1.4        1.5      0.5      0.4      0.4 2021 12  8  2 22  9.140  0.00   9
   109865  40.466821 -124.351807    20.362      -14.5        2.3        2.0      0.4      0.4      0.4 2021 12  8  4 40 20.140  0.00   9
   109866  40.466801 -124.351799    20.360      -13.8        0.0        0.0      0.4      0.4      0.3 2021 12  8  7 30 43.740  0.00   9
   109868  40.466801 -124.351799    20.360      -13.8        0.0        0.0      0.4      0.4      0.3 2021 12 17  8 58 33.980  0.00   9
   109872  40.466777 -124.351774    20.358      -11.7       -2.7       -2.2      0.6      0.5      0.5 2021 12 22 13  9 47.400  0.00   9
   109873  40.466817 -124.351839    20.364      -17.3        1.8        3.5      0.6      0.5      0.6 2021 12 22 13  8 35.400  0.00   9
   109878  40.466805 -124.351839    20.362      -17.3        0.5        1.6      0.5      0.5      0.4 2021 12 23 17 36 59.880  0.00   9
   109879  40.466825 -124.351799    20.361      -13.8        2.7        1.4      0.5      0.4      0.5 2021 12 31 21 13 47.340  0.00   9
   109880  40.466801 -124.351799    20.360      -13.8        0.0        0.1      0.5      0.4      0.3 2021 12 31 23 22 15.200  0.00   9
   109881  40.466797 -124.351864    20.363      -19.3       -0.5        2.8      0.7      0.6      0.5 2021 12 31 21  1  5.380  0.00   9
   109882  40.466772 -124.351823    20.358      -15.9       -3.2       -1.5      0.7      0.6      0.4 2021 12 31 22 59 29.260  0.00   9
   109884  40.466801 -124.351815    20.360      -15.2        0.0       -0.5      0.6      0.5      0.3 2021 12 31 21 41 34.540  0.00   9
   109885  40.466797 -124.351790    20.360      -13.1       -0.5       -0.3      0.5      0.3      0.4 2021 12 31 23 22 35.980  0.00   9
   109886  40.466768 -124.351815    20.358      -15.2       -3.6       -2.2      0.7      0.6      0.4 2021 12 31 21 36 52.160  0.00   9
   109887  40.466850 -124.351766    20.358      -11.0        5.4       -2.3      0.7      0.6      0.4 2021 12 31 21 24 31.900  0.00   9
   109889  40.466838 -124.351799    20.364      -13.8        4.1        3.6      0.5      0.5      0.5 2021 12 31 22 23  2.420  0.00   9
   109890  40.466846 -124.351701    20.356       -5.5        5.0       -3.7      0.8      0.7      0.6 2021 12 31 21 28 44.320  0.00   9
   109892  40.466874 -124.351750    20.357       -9.7        8.1       -3.2      0.8      0.8      0.5 2021 12 31 20 59  5.800  0.00   9
   109893  40.466846 -124.351758    20.364      -10.4        5.0        4.3      0.7      0.5      0.6 2021 12 31 22 28 36.400  0.00   9
   109894  40.466850 -124.351799    20.366      -13.8        5.4        6.3      0.6      0.5      0.7 2021 12 31 21 34  9.240  0.00   9
   109897  40.466793 -124.351750    20.359       -9.7       -0.9       -0.8      0.5      0.4      0.6 2021 12 31 21 22  1.660  0.00   9
   109899  40.466760 -124.351733    20.356       -8.3       -4.5       -3.8      0.6      0.6      0.8 2021 12 31 21 26 44.180  0.00   9
   109900  40.466809 -124.351790    20.362      -13.1        0.9        2.4      0.4      0.4      0.7 2021 12 31 21 29 28.380  0.00   9
   109901  40.466768 -124.351733    20.357       -8.3       -3.6       -2.8      0.6      0.6      0.8 2021 12 31 23 16 10.100  0.00   9
   109902  40.466789 -124.351782    20.359      -12.4       -1.4       -1.3      0.6      0.5      0.4 2022  1  1  1 11 56.420  0.00   9
   109903  40.466781 -124.351774    20.357      -11.7       -2.3       -2.6      0.6      0.5      0.5 2022  1  1  3  7 56.580  0.00   9
   109904  40.466777 -124.351774    20.357      -11.7       -2.7       -2.7      0.7      0.6      0.6 2022  1  1  3 40 35.120  0.00   9
   109905  40.466785 -124.351782    20.358      -12.4       -1.8       -1.5      0.5      0.4      0.4 2022  1  1 14 50 36.380  0.00   9
   109906  40.466809 -124.351807    20.361      -14.5        0.9        1.5      0.5      0.4      0.4 2022  1  1  3 50 22.380  0.00   9
   109908  40.466833 -124.351831    20.363      -16.6        3.6        3.4      0.6      0.5      0.6 2022  1  1  4 33 10.400  0.00   9
   109909  40.466809 -124.351831    20.362      -16.6        0.9        2.1      0.5      0.4      0.4 2022  1  1  1 24 30.840  0.00   9
   109910  40.466789 -124.351790    20.359      -13.1       -1.4       -0.8      0.4      0.4      0.4 2022  1  1  9 34  2.580  0.00   9
   109912  40.466777 -124.351790    20.357      -13.1       -2.7       -2.8      0.5      0.5      0.5 2022  1  1  3 46 23.700  0.00   9
   109913  40.466809 -124.351839    20.363      -17.3        0.9        3.3      0.6      0.5      0.5 2022  1  1 22 49 28.940  0.00   9
   109914  40.466805 -124.351839    20.362      -17.3        0.5        2.2      0.6      0.6      0.4 2022  1  1  6 56 49.280  0.00   9
   109915  40.466833 -124.351847    20.365      -17.9        3.6        5.4      0.6      0.5      0.6 2022  1  1  7 51 46.140  0.00   9
   109920  40.466777 -124.351709    20.356       -6.2       -2.7       -4.4      0.6      0.6      0.7 2022  1  1  8 39 32.480  0.00   9
   109921  40.466825 -124.351766    20.362      -11.0        2.7        2.2      0.5      0.5      0.6 2022  1  1  6 58 33.460  0.00   9
   109922  40.466821 -124.351766    20.358      -11.0        2.3       -1.8      0.6      0.5      0.4 2022  1  2  0 19 40.280  0.00   9
   109923  40.466801 -124.351799    20.360      -13.8        0.0        0.0      0.5      0.3      0.3 2022  1  2  7  8 33.280  0.00   9
   109927  40.466797 -124.351782    20.359      -12.4       -0.5       -0.8      0.5      0.3      0.4 2022  1  2  8 17 45.540  0.00   9
   109929  40.466842 -124.351758    20.356      -10.4        4.5       -3.7      0.8      0.7      0.7 2022  1  2  5  0 24.040  0.00   9
   109930  40.466732 -124.351758    20.356      -10.4       -7.7       -4.1      0.8      0.7      0.8 2022  1  2  5 38  1.540  0.00   9
   109931  40.466728 -124.351725    20.354       -7.6       -8.1       -5.7      0.7      0.8      0.9 2022  1  2  5  2 12.340  0.00   9
   109932  40.466724 -124.351725    20.353       -7.6       -8.6       -7.0      0.8      0.8      0.9 2022  1  2  3 23  3.540  0.00   9
   109933  40.466699 -124.351717    20.353       -6.9      -11.3       -7.5      0.8      0.9      1.0 2022  1  2  5  1  2.520  0.00   9
   109935  40.466813 -124.351807    20.361      -14.5        1.4        0.9      0.4      0.4      0.4 2022  1  5 18 56  2.500  0.00   9
   109936  40.466801 -124.351799    20.360      -13.8        0.0        0.0      0.4      0.4      0.3 2022  1  5 19  1 24.180  0.00   9
   109938  40.466805 -124.351839    20.362      -17.3        0.5        2.1      0.5      0.5      0.5 2022  1  5 21 32  2.160  0.00   9
   109939  40.466813 -124.351807    20.361      -14.5        1.4        0.9      0.4      0.4      0.4 2022  1  6  0 11 27.980  0.00   9
   109940  40.466821 -124.351847    20.364      -17.9        2.3        3.8      0.6      0.5      0.5 2022  1  7 20  6 20.120  0.00   9
   109943  40.466850 -124.351709    20.357       -6.2        5.4       -3.1      0.8      0.7      0.5 2022  1 11  1 26 21.100  0.00   9
   109945  40.466809 -124.351758    20.359      -10.4        0.9       -0.8      0.5      0.4      0.4 2022  1 15 18  5 10.660  0.00   9
   109947  40.466736 -124.351147    20.353       41.4       -7.2       -7.5      2.0      1.1      1.3 2022  1 17 14 27 17.180  0.00   9
   109951  40.466801 -124.351782    20.359      -12.4        0.0       -0.9      0.5      0.4      0.4 2022  1 27 20 10 53.880  0.00   9
   109952  40.466772 -124.351774    20.357      -11.7       -3.2       -2.9      0.5      0.5      0.5 2022  1 27 22 44  4.980  0.00   9
   109953  40.466817 -124.351847    20.363      -17.9        1.8        3.1      0.7      0.6      0.6 2022  1 27 22 52 11.360  0.00   9
   109954  40.466825 -124.351782    20.360      -12.4        2.7       -0.4      0.5      0.5      0.3 2022  1 27 17 34 18.060  0.00   9
   109955  40.466805 -124.351831    20.362      -16.6        0.5        1.9      0.6      0.5      0.4 2022  1 27 21 47 50.600  0.00   9
   109956  40.466809 -124.351799    20.359      -13.8        0.9       -1.5      0.6      0.5      0.4 2022  1 27 22 16 34.500  0.00   9
   109957  40.466801 -124.351799    20.360      -13.8        0.0        0.0      0.4      0.4      0.3 2022  1 27 23  0 31.100  0.00   9
   109958  40.466805 -124.351782    20.359      -12.4        0.5       -1.0      0.6      0.4      0.4 2022  1 27 21 32 52.980  0.00   9
   109960  40.466801 -124.351847    20.362      -17.9        0.0        2.1      0.7      0.5      0.5 2022  1 27 22  9  2.920  0.00   9
   109961  40.466833 -124.351831    20.363      -16.6        3.6        3.3      0.7      0.6      0.7 2022  1 27 18 33 32.900  0.00   9
   109962  40.466825 -124.351839    20.364      -17.3        2.7        4.0      0.7      0.6      0.7 2022  1 27 22  8  2.040  0.00   9
   109963  40.466785 -124.351782    20.359      -12.4       -1.8       -1.1      0.5      0.4      0.4 2022  1 27 23 14 21.180  0.00   9
   109964  40.466825 -124.351839    20.364      -17.3        2.7        3.9      0.6      0.4      0.5 2022  1 27 22 20 13.740  0.00   9
   109965  40.466801 -124.351799    20.360      -13.8        0.0        0.0      0.4      0.4      0.3 2022  1 27 22 12 45.840  0.00   9
   109983  40.466797 -124.351823    20.361      -15.9       -0.5        1.0      0.6      0.5      0.4 2022  1 28  0 34 32.560  0.00   9
   109984  40.466789 -124.351831    20.361      -16.6       -1.4        1.5      0.6      0.6      0.4 2022  1 28  3 12  7.440  0.00   9
   109985  40.466821 -124.351815    20.361      -15.2        2.3        0.7      0.6      0.4      0.4 2022  1 28  0 44 42.720  0.00   9
   109988  40.466793 -124.351831    20.361      -16.6       -0.9        1.2      0.6      0.5      0.4 2022  1 28  0 27 15.380  0.00   9
   109995  40.466797 -124.351766    20.359      -11.0       -0.5       -1.4      0.4      0.4      0.4 2022  1 28  4 41 54.380  0.00   9
   109997  40.466805 -124.351839    20.362      -17.3        0.5        2.3      0.5      0.5      0.5 2022  1 28  1 21 59.360  0.00   9
   110019  40.466817 -124.351799    20.362      -13.8        1.8        1.9      0.4      0.4      0.4 2022  2 14  4 28  7.640  0.00   9
   110023  40.466854 -124.351774    20.360      -11.7        5.9        0.1      0.7      0.6      0.4 2022  2 23  9 20  4.900  0.00   9
   110025  40.466813 -124.351799    20.362      -13.8        1.4        2.1      0.5      0.3      0.4 2022  2 27 18 36 21.460  0.00   9
   110027  40.466870 -124.351725    20.360       -7.6        7.7       -0.4      0.8      0.7      0.5 2022  3  1  7 32 41.360  0.00   9
   110030  40.466886 -124.351685    20.358       -4.1        9.5       -1.7      0.9      0.8      0.5 2022  3 12  3  5 59.020  0.00   9
   110037  40.466850 -124.351815    20.365      -15.2        5.4        5.0      0.5      0.5      0.6 2022  4 15  4  5 28.260  0.00   9
   110041  40.466821 -124.351799    20.362      -13.8        2.3        2.4      0.4      0.4      0.5 2022  4 23 19 30 21.100  0.00   9
   110043  40.466821 -124.351799    20.362      -13.8        2.3        2.4      0.5      0.4      0.4 2022  5 10 21 12 24.720  0.00   9
   110044  40.466821 -124.351758    20.361      -10.4        2.3        1.5      0.5      0.4      0.5 2022  5 14 20 49  1.740  0.00   9
   110045  40.466850 -124.351766    20.359      -11.0        5.4       -1.2      0.7      0.6      0.4 2022  5 17  9 54 28.320  0.00   9
   110046  40.466805 -124.351839    20.363      -17.3        0.5        3.0      0.6      0.5      0.5 2022  5 19  9 26 51.460  0.00   9
   110049  40.466846 -124.351693    20.355       -4.8        5.0       -4.5      0.8      0.7      0.7 2022  5 25  3 19  0.820  0.00   9
   110063  40.466870 -124.351717    20.358       -6.9        7.7       -2.5      0.8      0.8      0.5 2022  6 27 22 32  8.600  0.00   9
   110065  40.466821 -124.351807    20.363      -14.5        2.3        2.8      0.5      0.4      0.5 2022  6 29  5 19 51.560  0.00   9
   110067  40.466809 -124.351758    20.361      -10.4        0.9        0.9      0.5      0.4      0.4 2022  6 29  4  5 54.560  0.00   9
   110069  40.466850 -124.351758    20.360      -10.4        5.4       -0.4      0.7      0.6      0.4 2022  7  7  0 41 12.360  0.00   9
   110072  40.466858 -124.351668    20.355       -2.8        6.3       -5.4      0.9      0.8      0.7 2022  7 21 12 44 21.120  0.00   9
   110073  40.466870 -124.351725    20.358       -7.6        7.7       -1.6      0.8      0.8      0.4 2022  7 21 16 18 58.860  0.00   9
   110082  40.466781 -124.351831    20.360      -16.6       -2.3        0.2      0.7      0.6      0.3 2022 10 11  8 11 57.980  0.00   9
   110085  40.466805 -124.351750    20.359       -9.7        0.5       -0.7      0.5      0.4      0.4 2022 10 18 11  2 57.480  0.00   9
   110719  40.466789 -124.351807    20.360      -14.5       -1.4       -0.0      0.5      0.4      0.4 2022 12 20 14 12 46.630  1.30   9
