   104725  40.729907 -124.224146    20.728      -55.7        1.8       -1.5     37.3     15.4     22.6 2021  8  1 17 14 21.960  0.00  18
   104728  40.729810 -124.222795    20.705       58.4       -9.0      -24.7     22.2     12.8     21.7 2021  8 12  1  5 10.400  0.00  18
   104729  40.729797 -124.222770    20.707       60.5      -10.4      -22.9     22.2     12.7     20.5 2021  8 12  1  0 35.920  0.00  18
   104730  40.729781 -124.222721    20.680       64.6      -12.2      -49.7     32.1     17.2     31.8 2021  8 12  4  6 13.180  0.00  18
   104731  40.729928 -124.223291    20.704       16.5        4.1      -26.4     21.3     12.1     18.5 2021  8 12  1 11 44.700  0.00  18
   104732  40.729895 -124.223234    20.717       21.3        0.5      -12.7     25.7     14.9     16.6 2021  8 12  4 31 21.500  0.00  18
   104736  40.729826 -124.222738    20.689       63.2       -7.2      -40.7     31.0     16.9     30.0 2021  8 12  4 26 21.340  0.00  18
   104738  40.729940 -124.223242    20.699       20.6        5.4      -30.7     22.6     12.6     17.9 2021  8 12  1 38 51.820  0.00  18
   104739  40.729838 -124.222876    20.731       51.6       -5.9        1.1     27.1     15.7     23.8 2021  8 12  1 40 19.140  0.00  18
   104743  40.729879 -124.222648    20.724       70.8       -1.4       -6.2     31.7     16.3     29.7 2021  8 12  2  8 24.840  0.00  18
   104746  40.729944 -124.223014    20.721       39.9        5.9       -9.4     24.6     17.8     28.0 2021  8 12  1 17 20.740  0.00  18
   104751  40.729952 -124.223193    20.717       24.7        6.8      -13.1     18.5     14.2     17.7 2021  9 25 19 29 33.640  0.00  18
   104752  40.729858 -124.222843    20.723       54.3       -3.6       -6.9     24.9     14.7     16.8 2021  9 25 19 41 25.880  0.00  18
   104753  40.729826 -124.222949    20.718       45.4       -7.2      -12.2     24.5     13.2     16.5 2021  9 25 20  4 29.320  0.00  18
   104754  40.729940 -124.222941    20.692       46.1        5.4      -37.8     23.7     14.5     25.3 2021  9 25 19 41 55.140  0.00  18
   104755  40.729928 -124.223299    20.690       15.8        4.1      -39.8     24.4     14.3     21.3 2021  9 25 21 31 36.900  0.00  18
   104756  40.729854 -124.222827    20.700       55.7       -4.1      -30.2     22.0     12.8     29.5 2021  9 25 19 57 59.400  0.00  18
   104757  40.729801 -124.222892    20.704       50.2       -9.9      -25.6     26.4     15.5     18.9 2021  9 25 19 21 20.700  0.00  18
   104758  40.729915 -124.223315    20.731       14.4        2.7        0.6     18.6     14.5     21.7 2021  9 25 21 50 47.040  0.00  18
   104759  40.729846 -124.222819    20.724       56.4       -5.0       -6.0     26.2     16.5     14.0 2021  9 25 19 42 14.420  0.00  18
   104760  40.729968 -124.223177    20.737       26.1        8.6        6.8     27.0     19.8     25.7 2021  9 25 19 30 41.020  0.00  18
   104765  40.729964 -124.223096    20.720       33.0        8.1       -9.5     18.8     12.7     21.0 2021  9 26  0 23 57.940  0.00  18
   104766  40.729895 -124.223055    20.701       36.4        0.5      -29.1     22.2     14.1     21.1 2021  9 26  4 48 58.440  0.00  18
   104767  40.729936 -124.223250    20.694       19.9        5.0      -36.3     21.8     13.5     22.8 2021  9 26  4 47 56.220  0.00  18
   104768  40.729907 -124.223153    20.706       28.2        1.8      -24.4     21.1     13.5     17.9 2021  9 26  4 58 59.300  0.00  18
   104769  40.729769 -124.222909    20.711       48.8      -13.6      -19.1     26.3     12.6     17.3 2021  9 26  3  8  4.900  0.00  18
   104770  40.729891 -124.223267    20.715       18.6        0.0      -14.8     21.0     12.4     17.0 2021  9 26  6 47  1.820  0.00  18
   104778  40.729683 -124.223014    20.726       39.9      -23.0       -4.0     33.0     21.1     31.6 2021  9 26  4 52 20.080  0.00  18
   104779  40.729891 -124.222778    20.701       59.8        0.0      -29.3     23.2     15.6     20.9 2021  9 27  3 38 24.020  0.00  18
   104780  40.729846 -124.223201    20.731       24.1       -5.0        0.6     32.5     13.5     13.8 2021 10  2 13 58 43.600  0.00  18
   104782  40.729826 -124.222738    20.703       63.2       -7.2      -26.5     24.5     12.7     24.0 2021 10  2 16  3 32.660  0.00  18
   104785  40.729867 -124.223926    20.728      -37.1       -2.7       -1.6     37.6     15.0     22.8 2021 10 10  8 36 52.560  0.00  18
   104787  40.729862 -124.224162    20.749      -57.1       -3.2       19.3     41.1     14.5     26.6 2021 10 10  9 56 51.320  0.00  18
   104791  40.729879 -124.223079    20.689       34.4       -1.4      -40.9     32.1     18.5     25.1 2021 10 18  5  9 10.720  0.00  18
   104793  40.730009 -124.223161    20.674       27.5       13.1      -56.5     33.7     19.1     28.5 2021 10 18  5  9 57.000  0.00  18
   104794  40.729850 -124.222990    20.723       41.9       -4.5       -7.4     19.5     12.2     17.4 2021 10 30 10 59 31.620  0.00  18
   104797  40.729952 -124.223991    20.717      -42.6        6.8      -13.3     34.8     13.9     20.4 2021 11  7 19 48  6.500  0.00  18
   104800  40.729948 -124.222949    20.656       45.4        6.3      -73.6     34.4     13.8     35.6 2022  3 25 13 28 32.140  0.00  18
   104801  40.729915 -124.222803    20.700       57.7        2.7      -30.2     34.1     15.0     26.8 2022  3 25 22  6 11.360  0.00  18
   104803  40.729968 -124.222998    20.639       41.2        8.6      -91.4     35.6     15.7     36.5 2022  3 25 14  8 59.840  0.00  18
   104804  40.729997 -124.223104    20.667       32.3       11.7      -63.2     36.6     16.3     30.3 2022  3 25 13 50 50.600  0.00  18
   104805  40.729842 -124.222770    20.662       60.5       -5.4      -68.1     26.7     11.3     31.1 2022  3 25  8 23 32.880  0.00  18
   104806  40.729989 -124.222998    20.646       41.2       10.8      -83.6     35.5     16.2     35.3 2022  3 25 14 20 37.640  0.00  18
   104808  40.729919 -124.222713    20.644       65.3        3.2      -85.7     38.6     14.3     36.8 2022  3 25 15 24 24.460  0.00  18
   104809  40.729997 -124.223088    20.662       33.7       11.7      -67.5     36.7     16.5     31.2 2022  3 25  9 31 23.220  0.00  18
   104810  40.729993 -124.223063    20.645       35.7       11.3      -84.7     36.9     16.6     32.5 2022  3 25 12 25 14.960  0.00  18
   104811  40.729960 -124.222827    20.658       55.7        7.7      -71.5     39.6     16.2     31.4 2022  3 25  8  9 50.540  0.00  18
   104814  40.730001 -124.223022    20.628       39.2       12.2     -101.8     37.9     17.0     33.6 2022  3 25 11 52 42.820  0.00  18
   104825  40.729867 -124.222526    20.692       81.1       -2.7      -38.1     35.3     14.7     25.3 2022  3 27  3 21 36.620  0.00  18
   104826  40.729883 -124.222892    20.653       50.2       -0.9      -77.5     26.0     15.1     35.4 2022  6  6  6 54 28.160  0.00  18
   104829  40.729826 -124.223136    20.724       29.6       -7.2       -5.9     27.2     12.0     14.9 2022  6 27 15 18 26.760  0.00  18
   104831  40.729903 -124.224170    20.747      -57.7        1.4       17.5     47.6     18.2     26.9 2022  6 27 15 19 54.380  0.00  18
   104834  40.729806 -124.223853    20.678      -30.9       -9.5      -52.1     30.5     17.3     21.9 2022  9 22  6  7 32.900  0.00  18
   104836  40.729997 -124.223739    20.624      -21.3       11.7     -105.5     24.6     15.6     46.8 2022 11 19 14 19 54.200  0.00  18
   110351  40.729907 -124.223698    20.758      -17.9        1.8       28.2     18.3     11.4     19.2 2023  1  6 12 32 56.510  1.36  18
