   107464  40.381238 -124.528516    27.655       -2.8       46.1      -85.5      8.6     13.9     14.7 2020  3 18 22 14 12.440  0.00  25
   107467  40.382019 -124.527970    27.622       43.5      132.8     -118.4     10.1     18.3     13.2 2020  3 18 22 40  6.880  0.00  25
   107472  40.381856 -124.528369    27.475        9.7      114.8     -264.9     15.1     24.2     23.9 2020  5 10 13 14  2.440  0.00  25
   107473  40.376074 -124.530485    27.537     -170.0     -527.3     -203.3     13.7     29.1     20.6 2020  5 16 23  7 35.120  0.00  25
   107476  40.381942 -124.528402    27.693        6.9      124.3      -46.5      6.0     21.7     11.5 2020  7  2  4  6 42.660  0.00  25
   107481  40.380745 -124.529297    27.857      -69.1       -8.6      116.6     11.3     19.9     12.9 2020  7 20 23 54 26.140  0.00  25
   107482  40.380603 -124.528312    27.804       14.5      -24.4       64.0      7.7      9.3     17.7 2020  8  4  9 35 27.100  0.00  25
   107484  40.377799 -124.529557    27.793      -91.2     -335.7       53.4     11.1     31.5     12.9 2020  8 22  1  0 17.680  0.00  25
   107487  40.380835 -124.528182    27.711       25.6        1.4      -29.2      6.5     14.5     12.1 2020 10 27 18 56  9.260  0.00  25
   107488  40.380599 -124.528304    27.713       15.2      -24.9      -27.5      6.5     11.7      9.8 2020 10 29 16 48 21.620  0.00  25
   107491  40.380851 -124.528345    27.705       11.7        3.2      -34.8      5.2      7.8      8.2 2020 11 15  6 10 39.440  0.00  25
   107492  40.381112 -124.528548    27.740       -5.5       32.1       -0.1      5.0      9.4      9.1 2020 11 15  4 31  1.960  0.00  25
   107494  40.380298 -124.528418    27.738        5.5      -58.3       -1.7      6.2     11.7      9.1 2020 12 21  0 56 26.380  0.00  25
   107496  40.379313 -124.529207    27.717      -61.5     -167.6      -23.2     10.6     23.8     14.1 2020 12 26 18 49 37.200  0.00  25
   107497  40.380379 -124.528857    27.762      -31.8      -49.2       22.0      6.5     15.3     11.4 2021  3 13 10 10  5.340  0.00  25
   107498  40.383191 -124.527987    27.653       42.2      263.0      -87.5      9.7     29.2     11.5 2021  4  8 21 40 58.200  0.00  25
   107506  40.383516 -124.527287    27.754      101.6      299.1       14.0      9.7     14.3     15.2 2021  6  2  5  7 25.060  0.00  25
   107507  40.380924 -124.528548    27.716       -5.5       11.3      -23.5      6.6     10.5     10.4 2021  6  8 16 30  4.700  0.00  25
   107514  40.379842 -124.528776    27.752      -24.9     -108.9       12.5      7.3     19.6     10.3 2021 10 23  4 40  5.460  0.00  25
   107515  40.377962 -124.529126    27.731      -54.6     -317.6       -9.3     10.1     18.3     15.5 2021 10 29 15 30 15.320  0.00  25
   107516  40.378617 -124.528800    27.714      -27.0     -244.9      -25.9     11.3     17.7     17.0 2021 10 29 14 41 45.020  0.00  25
   107518  40.380599 -124.528271    27.663       18.0      -24.9      -77.4      6.4     11.1     11.9 2021 10 31 14 53 45.320  0.00  25
   107519  40.379875 -124.528328    27.642       13.1     -105.3      -97.9      6.4     10.5     12.1 2021 10 31 14 28 41.000  0.00  25
   107524  40.380607 -124.528312    27.724       14.5      -23.9      -16.3      5.8     10.1      9.5 2021 11 22  7 24 49.740  0.00  25
   107525  40.381006 -124.528418    27.754        5.5       20.3       13.8      6.3     12.4     10.9 2021 11 22  4  0 43.140  0.00  25
   107526  40.380741 -124.528288    27.766       16.6       -9.0       26.5      7.0     11.1     14.4 2021 11 29 14  6 53.300  0.00  25
   107527  40.378805 -124.529142    27.758      -56.0     -224.1       17.6     12.5     19.8     17.1 2021 12  3  5 48 40.960  0.00  25
   107528  40.379272 -124.528931    27.747      -38.0     -172.1        7.1     11.9     18.6     18.0 2021 12 13 23 35 57.160  0.00  25
   107533  40.381417 -124.528467    27.738        1.4       66.0       -1.6      5.6     14.5      6.7 2022  2  8 12 54 35.300  0.00  25
   107538  40.380754 -124.528459    27.724        2.1       -7.7      -16.1      6.5      9.8      9.0 2022  3 19 23 26 39.880  0.00  25
   107539  40.380888 -124.528337    27.750       12.4        7.2        9.5      7.1     11.9     10.7 2022  3 20 13 12 27.460  0.00  25
   107541  40.378532 -124.529199    27.762      -60.8     -254.4       22.5      7.5     16.8      8.6 2022  4  5  0 55 37.240  0.00  25
   107544  40.382092 -124.527913    27.742       48.4      141.0        2.0      9.0     14.3     10.4 2022  5 10 16 59 43.560  0.00  25
   107545  40.382332 -124.527799    27.737       58.0      167.6       -2.5      9.0     18.3     10.2 2022  5 10 16 14 58.500  0.00  25
   107546  40.379366 -124.528768    27.733      -24.2     -161.8       -7.2      9.6     15.7     14.3 2022  5 13 23 15  7.460  0.00  25
   107547  40.380664 -124.528337    27.686       12.4      -17.6      -53.8      8.3     12.9     11.8 2022  5 22 20 33 55.540  0.00  25
   107548  40.378320 -124.528988    27.681      -42.8     -277.9      -59.3      6.5     11.9      9.9 2022  5 30  1 43 50.600  0.00  25
   107556  40.379472 -124.529256    27.752      -65.7     -150.0       12.1      8.4     22.8     12.6 2022  8 11 16 19 20.340  0.00  25
   107557  40.379659 -124.528841    27.737      -30.4     -129.2       -3.4      7.0     17.6     13.0 2022  8 12 23 24 23.280  0.00  25
   107558  40.381189 -124.528605    27.702      -10.4       40.7      -37.9      6.0     11.1     12.2 2022  8 14 12 51 42.480  0.00  25
   107559  40.381746 -124.528353    27.681       11.1      102.6      -58.6      9.1     15.9     10.3 2022  9 21 13 36 27.500  0.00  25
   107560  40.380811 -124.528402    27.751        6.9       -1.4       11.1      7.0     10.1     10.0 2022  9 26 23 50 11.680  0.00  25
   107567  40.378674 -124.529142    27.757      -56.0     -238.6       16.7     11.5     18.5     16.1 2022  9 26 23  9 34.060  0.00  25
   107571  40.379203 -124.529248    27.781      -65.0     -179.8       41.1     11.2     18.1     15.8 2022 11 14 17  2 42.680  0.00  25
   110438  40.381132 -124.528369    27.757        9.7       34.3       17.2      5.2      7.5      7.5 2023  3  4 21 15 32.500  1.55  25
