   105485  40.699044 -124.201221    17.532      -35.8       -1.8       49.8     10.8      6.0      9.8 2020  2  5  5 58 25.560  0.00  53
   105486  40.544755 -124.214355    17.097    -1147.2   -17135.3     -386.2    127.6    478.8      9.9 2020  3 17 12 51 45.720  0.00  53
   105487  40.698971 -124.200708    17.406        7.6       -9.9      -77.0     10.9      7.0      6.8 2020  4 15  7 17 47.580  0.00  53
   105489  40.699337 -124.200553    17.499       20.6       30.7       15.8     10.8      6.0     12.3 2020  9  1  3 23  1.060  0.00  53
   105491  40.699972 -124.195841    17.063      418.9      101.2     -419.8     13.8      4.9     10.3 2022  6 26  6 12 19.280  0.00  53
   105492  40.699430 -124.199878    17.379       77.7       41.1     -103.5      4.7      2.9      3.7 2022  9 22  6  0 32.400  0.00  53
   105493  40.699451 -124.199902    17.399       75.7       43.4      -83.7      4.4      2.9      4.2 2022  9 22  6  2 18.960  0.00  53
   105494  40.699577 -124.199951    17.391       71.5       57.4      -91.7      4.4      2.8      4.8 2022  9 22  7 21 46.180  0.00  53
   105495  40.699760 -124.199626    17.423       99.0       77.7      -60.1      4.2      4.3      6.0 2022  9 22 15 52 11.740  0.00  53
   105496  40.699544 -124.200065    17.382       61.9       53.8     -100.5      4.8      4.2      4.4 2022  9 23  7 36 42.680  0.00  53
   105498  40.699479 -124.200098    17.396       59.2       46.5      -86.8      4.7      2.4      3.8 2022  9 25 11 10 14.460  0.00  53
   105501  40.699520 -124.200212    17.357       49.5       51.1     -125.6      4.3      3.3      4.5 2022 10 26 12 52 38.720  0.00  53
   105502  40.699483 -124.199805    17.385       83.9       47.0      -98.0      6.0      3.4      3.9 2022 10 28 19 52 59.400  0.00  53
   105503  40.699500 -124.200212    17.377       49.5       48.8     -105.3      4.8      3.0      4.8 2022 10 28 19 54 10.800  0.00  53
   108833  40.723271 -124.237085    17.096    -3066.3     2688.5     -386.2     25.3      6.8     13.3 2020  7  7 22 53  4.560  0.00  53
   108870  40.673494 -124.176294    17.831     2071.4    -2839.0      348.0     16.8      5.0     10.9 2021  3 19  7  6 30.900  0.00  53
   108873  40.674471 -124.165828    18.611     2956.0    -2730.6     1127.9     20.3      6.4     13.5 2022  9 22 18 46  5.320  0.00  53
   110375  40.699308 -124.199585    17.431      102.5       27.6      -51.6      4.4      2.9      3.3 2023  4 18 21 27 56.500  2.49  53
   110555  40.722884 -124.234383    17.674    -2838.0     2645.6      191.1     26.0      6.8     13.3 2023  5  5 10 40  9.930  1.00  53
   110562  40.671993 -124.174520    18.936     2221.4    -3005.7     1453.6     16.3      5.5     11.8 2023  2  1  1 28 26.490  1.31  53
   110714  40.704106 -124.194670    17.895      517.9      560.3      412.3      5.1      3.8      4.8 2023  1  6 12 27 19.440  3.44  53
