   104315  40.499858 -124.471558    28.793       -9.0      -37.5      -26.5     31.6     36.3     35.6 2020  2 29  6 32  4.220  0.00  44
   104316  40.500004 -124.471248    28.783       17.2      -21.2      -36.7     25.8     25.9     31.3 2020  2 29  5 10 55.440  0.00  44
   104318  40.499239 -124.471973    28.790      -44.2     -106.2      -29.5     45.3     63.4     53.2 2020  3  9  4  5 43.220  0.00  44
   104320  40.499577 -124.471102    28.714       29.7      -68.7     -105.8     26.8     32.1     36.9 2020  4  7 20 37 32.440  0.00  44
   104328  40.500269 -124.471362    28.832        7.6        8.1       11.7     31.4     36.3     42.2 2020  8 25  0 14 44.680  0.00  44
   104329  40.499951 -124.471436    28.806        1.4      -27.1      -14.5     26.1     31.8     31.9 2021  2 18  7 41 28.860  0.00  44
   104331  40.499443 -124.472201    28.888      -63.5      -83.6       67.8     30.1     53.6     33.3 2021  5  8  9 20 14.780  0.00  44
   104335  40.499931 -124.471086    28.781       31.0      -29.4      -38.8     26.8     24.8     29.2 2021  7  4  9 17 56.000  0.00  44
   104338  40.500399 -124.471663    28.924      -17.9       22.6      104.1     54.1     50.3     61.7 2021  7  9  8 58 26.480  0.00  44
   104341  40.497852 -124.470435    28.733       86.2     -260.3      -87.5     53.1     45.8     57.1 2021  7 22 17  3 20.420  0.00  44
   104346  40.499829 -124.471468    28.805       -1.4      -40.7      -15.5     27.4     30.6     30.5 2021  8 12 22  5 24.040  0.00  44
   104348  40.500033 -124.470679    28.744       65.5      -18.1      -75.6     32.7     37.6     29.0 2021  9  9 17 29 27.180  0.00  44
   104349  40.500045 -124.471224    28.777       19.3      -16.7      -43.0     25.3     26.5     31.2 2021  9 11  3 40  9.640  0.00  44
   104353  40.503796 -124.477539    29.467     -516.0      399.9      647.3     62.9     58.8     67.9 2021  9 25  2 26 47.460  0.00  44
   104355  40.499622 -124.472054    28.845      -51.0      -63.7       25.0     29.2     44.8     31.6 2021 10 31  6  6 24.240  0.00  44
   104356  40.499581 -124.472119    28.838      -56.6      -68.2       18.2     32.7     49.1     34.7 2021 10 31  6 11 51.880  0.00  44
   104357  40.500187 -124.471387    28.792        5.5       -0.9      -28.3     25.0     27.9     34.4 2021 11 20  7 24  9.400  0.00  44
   104358  40.499910 -124.471257    28.782       16.6      -31.6      -38.5     25.0     26.3     29.9 2021 12 18  9 25 32.000  0.00  44
   104359  40.500346 -124.471387    28.887        5.5       16.7       67.2     43.4     31.2     32.0 2021 12 18 22 39 54.400  0.00  44
   104360  40.500085 -124.471175    28.806       23.5      -12.2      -13.8     29.7     25.8     31.2 2021 12 18  9  9 50.140  0.00  44
   104364  40.500285 -124.471696    28.880      -20.7        9.9       60.4     40.4     41.3     47.4 2021 12 20 21 52 57.420  0.00  44
   104365  40.500081 -124.470695    28.744       64.2      -12.7      -75.9     32.6     39.0     30.0 2021 12 20 20 20 46.040  0.00  44
   104368  40.499349 -124.472152    28.883      -59.3      -94.0       62.6     28.9     48.7     36.7 2022  1 18 19 57 40.240  0.00  44
   104369  40.498983 -124.471379    28.691        6.2     -134.6     -129.1     45.6     50.2     33.7 2022  1 23 14 14 28.080  0.00  44
   104370  40.499630 -124.469368    28.768      176.6      -62.8      -51.8     46.3     49.1     63.3 2022  2 18  3 26 35.760  0.00  44
   104371  40.499532 -124.471794    28.841      -29.0      -73.7       21.2     28.3     35.4     37.4 2022  3  3  0 51 53.940  0.00  44
   104372  40.499561 -124.472510    28.867      -89.7      -70.5       47.0     40.1     59.8     36.2 2022  3 20 12  6 54.320  0.00  44
   104373  40.497713 -124.470068    28.479      117.3     -275.6     -340.6     64.9     80.8     68.3 2022  3 22 20 56 34.200  0.00  44
   110336  40.500321 -124.471289    28.801       13.8       14.0      -18.6     25.0     29.9     29.0 2022 12 22 20 56 54.800  1.39  44
