   103511  40.416528 -124.635636    27.613        8.3      -21.2     -177.5     24.6     50.2     53.2 2020  5  7  4 53 23.220  0.00  19
   103516  40.416972 -124.635718    27.817        1.4       28.0       26.6     10.5     21.2     24.3 2020  6 21  2  0 47.320  0.00  19
   103523  40.416479 -124.635539    27.743       16.6      -26.7      -46.7     15.7     23.3     32.1 2020  8 20 22 23  4.640  0.00  19
   103526  40.416984 -124.635750    27.809       -1.4       29.4       19.4     27.3     41.6     53.0 2020  8 31  6  6  1.700  0.00  19
   103527  40.417297 -124.635978    27.894      -20.7       64.2      103.6     17.6     31.3     30.8 2020  9  2 12 23  8.680  0.00  19
   103528  40.416573 -124.635677    27.786        4.8      -16.3       -4.0     10.9     19.2     23.1 2020  9 21 17 56 19.800  0.00  19
   103529  40.416870 -124.635588    27.789       12.4       16.7       -1.1     20.9     38.6     43.6 2020  9 23  9  0 29.540  0.00  19
   103531  40.416630 -124.635628    27.773        9.0       -9.9      -17.0     11.3     18.4     22.8 2020 10 10  1 19 51.240  0.00  19
   103532  40.416736 -124.635710    27.796        2.1        1.8        5.6     11.3     18.0     23.1 2020 10 11 19 49 37.260  0.00  19
   103533  40.416833 -124.635758    27.809       -2.1       12.7       18.7     13.3     19.0     28.1 2020 10 16  3  5  6.520  0.00  19
   103539  40.414945 -124.636434    27.962      -59.4     -197.0      172.5     23.0     50.0     37.8 2020 11 14  7 19 30.280  0.00  19
   103545  40.417037 -124.635612    27.775       10.4       35.2      -14.7     12.0     27.7     24.2 2020 12 29 22  2 25.740  0.00  19
   103546  40.416565 -124.635636    27.776        8.3      -17.2      -13.6     11.1     17.8     22.6 2021  1 21  2 49 11.860  0.00  19
   103547  40.416695 -124.634717    27.452       86.3       -2.7     -338.0     25.3     51.3     53.8 2021  2  7 23 10 50.320  0.00  19
   103553  40.416915 -124.635701    27.817        2.8       21.7       26.6     13.3     21.8     25.1 2021  4  8  6 57 45.620  0.00  19
   103554  40.417033 -124.635775    27.833       -3.5       34.8       42.7     11.1     21.9     23.6 2021  4 12  6 17  4.740  0.00  19
   103555  40.416235 -124.635677    27.790        4.8      -53.8        0.0     12.9     31.7     30.4 2021  5  5 21 30  7.880  0.00  19
   103558  40.416821 -124.635742    27.804       -0.7       11.3       13.8     11.8     19.1     21.7 2021  5 25  4  7 24.640  0.00  19
   103559  40.416492 -124.635824    27.800       -7.6      -25.3        9.8     22.1     35.7     41.5 2021  5 27 18  4 14.220  0.00  19
   103563  40.416833 -124.635726    27.802        0.7       12.7       12.1     11.2     19.3     21.2 2021  6 20 17 45  6.940  0.00  19
   103564  40.416740 -124.635783    27.805       -4.1        2.3       15.0     11.8     26.8     26.8 2021  6 22  6 39 12.360  0.00  19
   103566  40.416642 -124.635636    27.782        8.3       -8.6       -8.2     11.6     18.9     22.0 2021  7  3 23 13 39.300  0.00  19
   103567  40.416654 -124.635636    27.773        8.3       -7.2      -16.9     11.1     19.1     22.5 2021  7  9 19  5 46.580  0.00  19
   103568  40.418164 -124.635083    27.633       55.3      160.4     -156.9     24.8     39.6     46.2 2021  7 11 13 20 49.540  0.00  19
   103574  40.417008 -124.635604    27.813       11.1       32.1       22.9     21.0     36.7     39.9 2021  8  4 21 24 15.580  0.00  19
   103575  40.416536 -124.635701    27.789        2.8      -20.3       -1.3     15.3     21.4     29.7 2021  8 13  6 10 27.160  0.00  19
   103580  40.416597 -124.635645    27.787        7.6      -13.6       -2.9     12.0     19.7     22.4 2021  9  5 15 20 51.120  0.00  19
   103581  40.416610 -124.635636    27.789        8.3      -12.2       -1.0     12.5     18.8     23.6 2021  9  5 18  6  2.080  0.00  19
   103588  40.416532 -124.635742    27.808       -0.7      -20.8       18.1     10.8     19.2     20.7 2021 11 15 20 36 56.500  0.00  19
   103592  40.415975 -124.635856    27.834      -10.4      -82.7       43.7     13.6     31.2     22.9 2021 12 17  9 32 52.640  0.00  19
   103593  40.416821 -124.635750    27.800       -1.4       11.3        9.8     12.8     20.2     21.7 2021 12 30  8 56 43.400  0.00  19
   103595  40.416858 -124.635767    27.824       -2.8       15.4       34.0     12.4     19.1     23.8 2022  1 12  6  0 47.680  0.00  19
   103596  40.413599 -124.633805    27.004      163.7     -346.6     -785.8     67.5     99.7    154.2 2022  1 16 20 48 33.420  0.00  19
   103602  40.416740 -124.635710    27.794        2.1        2.3        4.0     11.2     19.6     20.3 2022  2 13 14 34 37.180  0.00  19
   103603  40.416069 -124.635636    27.761        8.3      -72.3      -29.3     16.1     38.8     36.7 2022  2 18 10 30 45.580  0.00  19
   103604  40.415922 -124.635539    27.729       16.6      -88.6      -60.6     19.4     41.5     41.5 2022  2 18 10 29 22.700  0.00  19
   103610  40.416654 -124.635791    27.822       -4.8       -7.2       32.3     11.6     17.3     20.8 2022  3 11  2 27 42.400  0.00  19
   103612  40.416903 -124.635881    27.869      -12.4       20.3       78.7     22.0     33.8     38.0 2022  3 27 15 36 15.060  0.00  19
   103613  40.416919 -124.635864    27.839      -11.1       22.1       49.4     16.4     27.7     21.2 2022  3 27 14 10 14.080  0.00  19
   103614  40.416956 -124.635750    27.821       -1.4       26.2       31.2     10.5     21.7     20.7 2022  4  5  7 42 15.200  0.00  19
   103616  40.416911 -124.635750    27.802       -1.4       21.2       11.8     12.0     22.1     24.2 2022  4 10 20  1 33.680  0.00  19
   103617  40.415125 -124.635937    27.800      -17.3     -177.1       10.3     15.3     24.6     24.4 2022  4 10 11 29 25.840  0.00  19
   103619  40.416142 -124.635335    27.693       33.8      -64.2      -96.7     21.8     45.4     27.9 2022  4 16 11 33 57.200  0.00  19
   103621  40.416516 -124.635824    27.816       -7.6      -22.6       26.3     16.5     27.2     30.4 2022  4 26  2 38 32.820  0.00  19
   103627  40.416736 -124.635710    27.795        2.1        1.8        4.6     11.7     19.0     21.4 2022  6 15 21 43 33.360  0.00  19
   103629  40.416715 -124.635783    27.823       -4.1       -0.5       32.6     10.8     16.1     21.2 2022  6 28 22 40 13.060  0.00  19
   103633  40.415706 -124.636239    27.905      -42.8     -112.5      115.3     17.1     35.3     25.0 2022  7 21 10 58 56.360  0.00  19
   103635  40.415796 -124.636458    27.953      -61.5     -102.6      162.9     22.0     39.6     35.4 2022  7 21  9 41 45.700  0.00  19
   103638  40.418066 -124.635303    27.704       36.6      149.6      -85.5     27.4     47.9     54.5 2022  7 29  4 44  3.980  0.00  19
   103639  40.416679 -124.635669    27.790        5.5       -4.5       -0.1     11.0     19.6     20.8 2022  8  1 11 57 40.720  0.00  19
   103643  40.416589 -124.635661    27.766        6.2      -14.5      -24.3     12.4     19.5     25.8 2022  8 19  1 15 44.200  0.00  19
   103648  40.416512 -124.635677    27.779        4.8      -23.0      -10.5     10.2     18.6     19.7 2022  9 24 22  0 20.980  0.00  19
   103654  40.416752 -124.635661    27.749        6.2        3.6      -40.8     17.5     31.9     33.3 2022 11 19 23 53 55.780  0.00  19
   103655  40.416715 -124.635677    27.792        4.8       -0.5        2.3     11.9     20.7     20.8 2022 11 21  7 59 21.280  0.00  19
   110323  40.416817 -124.635693    27.794        3.5       10.8        3.7     10.4     15.0     20.5 2022 12 17 21 51 15.200  2.06  19
