   109669  40.399780 -124.279427    26.855     -120.2     -102.1       -4.6    110.1     75.2     53.3 2021  6 30  4  7 16.980  0.00  49
   109670  40.400688 -124.278247    26.870      -20.0       -1.4       10.2     46.3     25.4     45.2 2021 12 20 21 33 53.800  0.00  49
   109671  40.400696 -124.277799    26.841       18.0       -0.5      -19.5     39.8     53.2     42.6 2021 12 20 20 16  2.340  0.00  49
   109672  40.401021 -124.277743    26.868       22.8       35.7        7.5     54.4     60.8     40.6 2021 12 20 21  4  2.560  0.00  49
   109674  40.400928 -124.277653    26.867       30.4       25.3        7.1     60.1     53.2     40.0 2021 12 20 22  5 33.080  0.00  49
   109675  40.401005 -124.277710    26.876       25.6       33.9       15.6     62.0     55.7     42.6 2021 12 20 20 38 16.520  0.00  49
   109676  40.399052 -124.277262    26.786       63.6     -183.0      -74.3     76.3    103.3     83.5 2021 12 20 23 18 45.760  0.00  49
   109678  40.401017 -124.278353    26.868      -29.0       35.2        8.3     57.8     56.8     67.0 2021 12 20 20 28  8.320  0.00  49
   109680  40.401579 -124.277694    26.798       26.9       97.6      -61.6     90.9     68.4     44.3 2021 12 20 22 40  4.140  0.00  49
   109681  40.399984 -124.278556    26.831      -46.3      -79.5      -29.3     72.0     70.4     44.1 2021 12 20 21 16 57.840  0.00  49
   109682  40.400834 -124.277686    26.878       27.6       14.9       18.3     55.5     33.2     43.3 2021 12 21  0 35 38.260  0.00  49
   109683  40.400651 -124.278044    26.867       -2.8       -5.4        6.8     45.0     55.0     41.6 2021 12 21  1 29  1.520  0.00  49
   109684  40.399984 -124.277661    26.864       29.7      -79.5        4.3    144.0     63.5     43.2 2021 12 21 10 32 44.960  0.00  49
   109686  40.400932 -124.277734    26.850       23.5       25.8       -9.7     47.7     72.1     41.0 2021 12 21  9 35 39.700  0.00  49
   109688  40.400643 -124.277865    26.862       12.4       -6.3        2.0     43.7     33.9     46.7 2021 12 22 16 42 51.760  0.00  49
   109689  40.399349 -124.277743    26.800       22.8     -150.0      -59.7     72.1     94.3     56.0 2021 12 22 21 49  0.120  0.00  49
   109690  40.400655 -124.277938    26.868        6.2       -5.0        7.7     51.8     45.9     44.6 2021 12 23 19 18 59.440  0.00  49
   109691  40.401013 -124.279956    27.033     -165.1       34.8      173.3    114.6     60.3    125.2 2021 12 24 18 30 16.400  0.00  49
   109692  40.400647 -124.277995    26.854        1.4       -5.9       -5.7     42.9     41.0     35.3 2021 12 28 12 16  7.460  0.00  49
   109693  40.400610 -124.278312    26.864      -25.6       -9.9        4.1     51.2     41.3     40.3 2022  1  2  4  3 22.780  0.00  49
   109697  40.400264 -124.278727    26.896      -60.8      -48.3       35.9     56.8     73.5     43.8 2022  4  7 18 43 56.160  0.00  49
   110670  40.400798 -124.277962    26.864        4.1       10.8        3.5     40.3     29.3     36.7 2022 12 14  8 39 12.430  2.11  49
