   104513  40.406034 -124.347127    28.288     -908.5     1621.6     -499.5    129.1    142.0    128.5 2020  1 21  3  0 13.680  0.00  57
   104515  40.407121 -124.351090    28.569    -1245.0     1742.3     -218.3     73.2     84.9     72.3 2020  7 27  8 38 54.500  0.00  57
   104516  40.407931 -124.350684    28.594    -1210.4     1832.2     -193.3     65.8     59.4     65.3 2021  5  6 16  3 56.100  0.00  57
   104518  40.407210 -124.351123    28.578    -1247.7     1752.2     -209.1     79.1     85.8     76.0 2021  5 21  0  9 12.220  0.00  57
   104520  40.408341 -124.350684    28.616    -1210.4     1877.8     -171.0     62.0     72.5     68.7 2021 12 20 21 40 27.420  0.00  57
   104521  40.404712 -124.352539    28.762    -1368.0     1474.8      -25.0    183.4    113.3    155.7 2022  1  6  1  8 41.420  0.00  57
   104522  40.406649 -124.351042    28.564    -1240.8     1689.9     -223.9     75.5     85.2     73.9 2022  8 10  4 54 15.660  0.00  57
   108928  40.379447 -124.325635    28.949      916.3    -1330.6      161.5     44.3     38.0     26.7 2020  8 18  7 42 21.560  0.00  57
   108931  40.378918 -124.325895    28.925      894.2    -1389.4      137.7     65.4     78.9     45.4 2021 11  3  1  3 27.500  0.00  57
   108935  40.379390 -124.325920    28.891      892.1    -1337.0      103.9     28.5     42.1     40.4 2021 12 20 23 44 13.940  0.00  57
   108936  40.379948 -124.325806    28.944      901.8    -1275.1      156.3     37.6     52.6     36.4 2021 12 20 20 20  4.260  0.00  57
   108937  40.379097 -124.325586    28.926      920.4    -1369.5      138.8     62.2     73.0     33.5 2021 12 20 20 39 20.900  0.00  57
   108940  40.380103 -124.324976    28.900      972.3    -1257.9      112.3    134.3     92.5     79.9 2021 12 20 23 54 29.040  0.00  57
   108946  40.379484 -124.325651    28.904      914.9    -1326.6      116.8     43.0     74.4     48.4 2021 12 22  6 16 37.920  0.00  57
   108949  40.379818 -124.325700    28.939      910.8    -1289.5      151.6     34.4     44.2     30.3 2021 12 23 21 58  8.480  0.00  57
   108950  40.379329 -124.325911    28.942      892.8    -1343.7      154.8     54.3     54.2     23.6 2021 12 23 10 55 57.180  0.00  57
   108955  40.380216 -124.324886    28.867      979.9    -1245.3       79.6    134.0     83.1    101.0 2022  3  8 12 56 15.060  0.00  57
   110342  40.408647 -124.351530    28.599    -1282.2     1911.7     -188.8     63.9     70.3     64.7 2023  5 15 11 35 50.560  2.49  57
   110571  40.379395 -124.324976    28.955      972.3    -1336.5      167.8     35.4     40.5     22.9 2023  5 18 17 14 50.720  1.28  57
