   100617  40.440910 -124.644076    26.390       -1.4       -9.9      -10.0     33.4     72.0     72.5 2020  2  3 10 40  3.920  0.00  42
   100621  40.440466 -124.643994    26.278        5.5      -59.2     -122.3     75.3    130.0    208.3 2020  4  7  8  2 37.780  0.00  42
   100628  40.441028 -124.644149    26.415       -7.6        3.2       14.5     39.6     63.4    105.5 2020  6 21  6 37 46.700  0.00  42
   100632  40.440999 -124.644124    26.406       -5.5        0.0        6.2     47.6     88.5    143.5 2020  8  3  6 38  2.840  0.00  42
   100633  40.441056 -124.644149    26.422       -7.6        6.3       21.7     38.8     59.3    103.4 2020  8  3  7  0  1.480  0.00  42
   100642  40.440951 -124.644181    26.428      -10.4       -5.4       28.5     46.8    122.8    131.2 2020 12  3 11 19 59.440  0.00  42
   100644  40.440942 -124.644076    26.378       -1.4       -6.3      -21.9     33.6     56.2    101.5 2021  2 18 20 46  6.360  0.00  42
   100651  40.440828 -124.644043    26.354        1.4      -19.0      -45.6     35.5     80.2    105.0 2021  5 15 18  1 55.860  0.00  42
   100660  40.440999 -124.644100    26.375       -3.5        0.0      -25.5     40.4     56.8    132.2 2021  5 29 23 35 46.220  0.00  42
   100661  40.440910 -124.644002    26.369        4.8       -9.9      -31.5     52.9     88.3    128.6 2021  6  5  4 50 51.360  0.00  42
   100664  40.440906 -124.644051    26.364        0.7      -10.4      -36.3     41.6     57.7    103.2 2021  6 10 11 50 54.660  0.00  42
   100665  40.440889 -124.644035    26.369        2.1      -12.2      -31.2     40.8     59.8     89.3 2021  6 18 17 18 33.520  0.00  42
   100666  40.441182 -124.644303    26.460      -20.7       20.3       60.0     53.2     79.5    120.2 2021  7  1  0  7 14.980  0.00  42
   100677  40.440999 -124.644100    26.385       -3.5        0.0      -15.2     43.5     67.6     96.7 2021  8 12 12 11 29.140  0.00  42
   100687  40.441243 -124.644230    26.430      -14.5       27.1       30.0     43.6     64.6    103.2 2021  9 29 19 23 12.960  0.00  42
   100692  40.440902 -124.644076    26.367       -1.4      -10.8      -33.4     44.0     58.6    106.5 2021 10 27 12 44 47.160  0.00  42
   100696  40.441020 -124.644116    26.401       -4.8        2.3        0.7     37.6     55.9     84.0 2021 11  8  1 56 17.400  0.00  42
   100699  40.441219 -124.644344    26.459      -24.2       24.4       58.9     69.1    103.4    156.7 2021 11 15 17 47 18.300  0.00  42
   100703  40.441105 -124.644132    26.418       -6.2       11.7       18.3     33.6     67.5     84.5 2021 11 29 12  5 28.880  0.00  42
   100709  40.441060 -124.644157    26.411       -8.3        6.8       11.5     41.6     61.6     98.9 2022  1 12  5 31 10.940  0.00  42
   100714  40.440999 -124.644100    26.388       -3.5        0.0      -12.4     37.5     53.4     97.6 2022  2 18 20 24 19.140  0.00  42
   100722  40.441069 -124.644149    26.411       -7.6        7.7       11.5     41.0     59.4     95.8 2022  4 14 23 44  7.940  0.00  42
   100724  40.441109 -124.644279    26.451      -18.6       12.2       51.3     35.8    100.6     88.4 2022  4 16 13 51 24.860  0.00  42
   100727  40.440991 -124.644149    26.389       -7.6       -0.9      -11.2     45.1     88.9    145.7 2022  5  4 15 52 36.500  0.00  42
   100728  40.441032 -124.644132    26.405       -6.2        3.6        4.7     40.0     58.9     90.8 2022  5 16  1 12 36.440  0.00  42
   100732  40.440946 -124.644067    26.389       -0.7       -5.9      -10.9     36.4     54.8     80.9 2022  6  6  4 15 20.000  0.00  42
   100734  40.441199 -124.644368    26.453      -26.2       22.1       53.3     82.0    124.7    188.9 2022  6 12  4  1 55.760  0.00  42
   100745  40.441060 -124.644173    26.408       -9.7        6.8        8.4     50.0     88.1    142.0 2022  8  8  9 33  4.680  0.00  42
   100756  40.440959 -124.644084    26.371       -2.1       -4.5      -29.0     35.9     52.1    118.7 2022 11 14 22 52 43.060  0.00  42
   110290  40.440995 -124.644059    26.401        0.0       -0.5        1.5     35.8     56.2     90.7 2023  2  3 19 43  4.720  1.42  42
