   100617  40.440857 -124.644076    26.387       -1.4      -15.8      -13.2     29.5     60.9     60.1 2020  2  3 10 40  3.920  0.00  42
   100621  40.440552 -124.644108    26.338       -4.1      -49.7      -62.2     66.8    114.0    183.9 2020  4  7  8  2 37.780  0.00  42
   100628  40.441020 -124.644165    26.416       -9.0        2.3       16.2     33.7     53.7     89.8 2020  6 21  6 37 46.700  0.00  42
   100632  40.441003 -124.644157    26.416       -8.3        0.5       16.3     40.7     75.6    123.1 2020  8  3  6 38  2.840  0.00  42
   100633  40.441069 -124.644165    26.427       -9.0        7.7       26.6     32.9     49.9     87.6 2020  8  3  7  0  1.480  0.00  42
   100642  40.440869 -124.644214    26.434      -13.1      -14.5       33.6     39.0    103.4    109.1 2020 12  3 11 19 59.440  0.00  42
   100644  40.440922 -124.644067    26.372       -0.7       -8.6      -28.3     28.9     47.4     88.0 2021  2 18 20 46  6.360  0.00  42
   100651  40.440767 -124.644043    26.344        1.4      -25.8      -55.6     30.1     70.2     90.7 2021  5 15 18  1 55.860  0.00  42
   100660  40.441007 -124.644116    26.362       -4.8        0.9      -38.0     34.5     47.6    116.5 2021  5 29 23 35 46.220  0.00  42
   100661  40.440861 -124.643937    26.351       10.4      -15.4      -48.8     43.2     74.8    107.5 2021  6  5  4 50 51.360  0.00  42
   100664  40.440873 -124.644035    26.347        2.1      -14.0      -52.8     35.0     47.9     89.5 2021  6 10 11 50 54.660  0.00  42
   100665  40.440849 -124.644010    26.357        4.1      -16.7      -43.4     33.4     48.9     73.6 2021  6 18 17 18 33.520  0.00  42
   100666  40.441081 -124.644246    26.440      -15.9        9.0       40.4     42.6     64.0     97.3 2021  7  1  0  7 14.980  0.00  42
   100677  40.440983 -124.644092    26.371       -2.8       -1.8      -29.4     36.9     57.4     83.0 2021  8 12 12 11 29.140  0.00  42
   100687  40.441166 -124.644189    26.409      -11.0       18.5        8.9     41.7     61.3     91.1 2021  9 29 19 23 12.960  0.00  42
   100692  40.440861 -124.644067    26.350       -0.7      -15.4      -49.8     37.7     49.7     92.9 2021 10 27 12 44 47.160  0.00  42
   100696  40.441024 -124.644124    26.399       -5.5        2.7       -1.1     31.9     47.4     71.7 2021 11  8  1 56 17.400  0.00  42
   100699  40.441056 -124.644255    26.414      -16.6        6.3       14.1     55.6     83.0    126.2 2021 11 15 17 47 18.300  0.00  42
   100703  40.441130 -124.644124    26.420       -5.5       14.5       19.8     28.4     58.8     72.4 2021 11 29 12  5 28.880  0.00  42
   100709  40.441073 -124.644173    26.412       -9.7        8.1       12.2     35.2     52.2     84.4 2022  1 12  5 31 10.940  0.00  42
   100714  40.440995 -124.644108    26.380       -4.1       -0.5      -20.4     32.0     45.1     85.1 2022  2 18 20 24 19.140  0.00  42
   100722  40.441085 -124.644165    26.412       -9.0        9.5       12.3     34.7     50.3     82.0 2022  4 14 23 44  7.940  0.00  42
   100724  40.440975 -124.644246    26.435      -15.9       -2.7       34.8     37.4     77.4     88.2 2022  4 16 13 51 24.860  0.00  42
   100727  40.440959 -124.644173    26.377       -9.7       -4.5      -22.6     37.1     75.0    125.0 2022  5  4 15 52 36.500  0.00  42
   100728  40.441036 -124.644149    26.403       -7.6        4.1        3.5     34.0     50.2     77.7 2022  5 16  1 12 36.440  0.00  42
   100732  40.440922 -124.644059    26.385        0.0       -8.6      -15.0     30.6     46.2     67.7 2022  6  6  4 15 20.000  0.00  42
   100734  40.440946 -124.644246    26.389      -15.9       -5.9      -11.5     67.9    102.2    154.2 2022  6 12  4  1 55.760  0.00  42
   100745  40.441085 -124.644214    26.409      -13.1        9.5        8.7     41.4     73.6    121.6 2022  8  8  9 33  4.680  0.00  42
   100756  40.440951 -124.644084    26.358       -2.1       -5.4      -42.2     30.8     43.6    104.6 2022 11 14 22 52 43.060  0.00  42
   110290  40.441024 -124.644059    26.410        0.0        2.7       10.0     30.5     47.2     76.5 2023  2  3 19 43  4.720  1.42  42
