   105415  40.279806 -124.509204    18.695       -0.7        1.4        5.3      5.0     10.6     15.4 2020 10 14 15 34 41.400  0.00  67
   105416  40.279797 -124.509196    18.688        0.0        0.5       -2.3      4.5      6.0      9.5 2021  4  1  8 19  1.020  0.00  67
   105417  40.279610 -124.509237    18.698       -3.5      -20.3        8.2      7.7     20.6     13.1 2021  5 26 14 28  8.260  0.00  67
   105420  40.279814 -124.509196    18.691        0.0        2.3        1.0      4.5      8.3      9.2 2021 11  1  8 47 28.700  0.00  67
   105423  40.279464 -124.509269    18.702       -6.2      -36.6       12.2     10.8     26.2     18.3 2021 12 21 13 39 48.980  0.00  67
   105425  40.279793 -124.509204    18.691       -0.7        0.0        1.4      5.6     10.2      8.8 2021 12 29 15 42 35.260  0.00  67
   105426  40.279810 -124.509196    18.690        0.0        1.8       -0.4      4.9      9.1      8.7 2021 12 29 15 33 22.240  0.00  67
   105431  40.279793 -124.509196    18.690        0.0        0.0       -0.5      4.7      8.2      8.0 2022  2  7  7 47 12.980  0.00  67
   105432  40.279838 -124.509188    18.688        0.7        5.0       -2.0      5.2      9.8      8.8 2022  2  7 14 35 53.840  0.00  67
   105435  40.279810 -124.509196    18.688        0.0        1.8       -2.4      5.2      7.8      9.3 2022  5 14 19 48 33.060  0.00  67
   105436  40.279814 -124.509188    18.687        0.7        2.3       -3.2      5.2     10.5      9.2 2022  5 14 20  5 32.740  0.00  67
   105438  40.279964 -124.509155    18.674        3.5       19.0      -16.4      9.4     20.9     16.0 2022  8  1 20 28 59.300  0.00  67
   105440  40.279793 -124.509204    18.689       -0.7        0.0       -1.0      4.9      8.0      8.7 2022 11  5 20 49 14.100  0.00  67
   110371  40.279810 -124.509196    18.690        0.0        1.8       -0.4      4.7      8.0      8.5 2023  3 11  3 37 51.890  1.01  67
