   107300  40.713098 -124.395500    24.460       -0.7        0.0        0.2      0.2      0.4      0.8 2020 10 29 13 32  8.460  0.00  59
   107302  40.713118 -124.395508    24.457       -1.4        2.3       -2.9      0.2      0.3      0.5 2021  2  5 18 58 22.480  0.00  59
   107304  40.713131 -124.395467    24.413        2.1        3.6      -47.4      0.4      0.5      1.6 2021  2 10 18 39  4.720  0.00  59
   107305  40.713135 -124.395483    24.436        0.7        4.1      -23.9      0.3      0.4      1.1 2021  3 27 19 44 22.840  0.00  59
   107309  40.713118 -124.395492    24.450        0.0        2.3      -10.1      0.3      0.3      0.9 2021  7  1  7 49  4.920  0.00  59
   107310  40.713114 -124.395483    24.435        0.7        1.8      -25.1      0.3      0.3      1.1 2021  7 28 13 54 34.920  0.00  59
   107312  40.713110 -124.395492    24.447        0.0        1.4      -13.2      0.3      0.3      0.8 2021  9  4  2 51 43.760  0.00  59
   107313  40.713114 -124.395508    24.469       -1.4        1.8        8.8      0.2      0.3      0.8 2021  9  4  3 54 10.000  0.00  59
   107314  40.713123 -124.395467    24.421        2.1        2.7      -39.1      0.3      0.4      1.3 2021  9  7  3 43 11.160  0.00  59
   107316  40.713098 -124.395492    24.448        0.0        0.0      -12.1      0.3      0.3      1.1 2021 11 11  4 40 22.120  0.00  59
   107319  40.713094 -124.395516    24.479       -2.1       -0.5       18.5      0.3      0.5      1.1 2021 11 25 19  7 42.260  0.00  59
   107321  40.713127 -124.395500    24.457       -0.7        3.2       -3.2      0.2      0.4      0.5 2022  1  7  1 27 28.780  0.00  59
   107322  40.713118 -124.395483    24.434        0.7        2.3      -25.7      0.3      0.3      1.3 2022  3 25 15 49 48.380  0.00  59
   107323  40.713094 -124.395516    24.480       -2.1       -0.5       19.6      0.3      0.4      0.9 2022  5  3  0 18 12.600  0.00  59
   107326  40.713123 -124.395508    24.469       -1.4        2.7        8.7      0.2      0.4      0.8 2022  6 28  9 36 18.380  0.00  59
   107332  40.713127 -124.395508    24.461       -1.4        3.2        1.0      0.6      0.5      2.2 2022 11 14 17 38 58.600  0.00  59
   110430  40.713086 -124.395508    24.464       -1.4       -1.4        4.3      0.2      0.3      0.5 2023  4 18  9 17 19.780  1.42  59
