   102991  40.493079 -124.499756    29.679     -997.0     1657.3       16.5    175.1    201.8    239.4 2020  1  9 13 40 58.740  0.00  27
   102998  40.492513 -124.499821    29.694    -1002.6     1594.5       30.8    142.4    211.6    188.9 2020 10  4  6 55  1.040  0.00  27
   103000  40.492192 -124.499845    29.690    -1004.6     1558.8       27.1    206.3    229.4    266.3 2020 10  8 16 45 53.320  0.00  27
   103003  40.492639 -124.499658    29.691     -988.8     1608.5       28.4    138.1    169.0    207.2 2020 12  7  8 22 35.820  0.00  27
   103004  40.491931 -124.499658    29.715     -988.8     1529.9       51.7    177.2    194.4    254.3 2020 12 17 16 52 32.620  0.00  27
   103005  40.492106 -124.499886    29.753    -1008.1     1549.4       90.4    244.9    226.6    358.1 2020 12 23 12 56 52.620  0.00  27
   103006  40.492769 -124.499740    29.732     -995.7     1623.0       69.6    127.5    196.3    182.1 2021  1 17 10 19 59.280  0.00  27
   103012  40.493123 -124.500041    29.818    -1021.2     1662.3      154.8    211.4    196.1    259.1 2021  7 21 12  6 54.160  0.00  27
   103015  40.492367 -124.499959    29.765    -1014.3     1578.3      101.7    165.1    205.4    189.4 2021  8  4 20 21 42.980  0.00  27
   103016  40.492326 -124.499927    29.728    -1011.5     1573.8       65.2    218.5    250.8    306.0 2021  8  5 18 12 32.940  0.00  27
   103017  40.492326 -124.499927    29.728    -1011.5     1573.8       65.1    219.3    251.9    307.1 2021  8  5 16 53 27.500  0.00  27
   103022  40.492891 -124.500374    29.822    -1049.5     1636.6      158.8    232.0    212.4    235.4 2021 11 14 22 32 35.820  0.00  27
   103023  40.491915 -124.499561    29.705     -980.5     1528.1       42.2    198.5    208.9    288.8 2021 11 27  7 32 25.300  0.00  27
   103026  40.492114 -124.499788    29.716     -999.8     1550.3       53.4    191.9    222.7    247.4 2021 12 21 17 14  4.720  0.00  27
   103028  40.492753 -124.500472    29.839    -1057.8     1621.2      176.0    228.6    247.4    306.0 2021 12 29 22 51 33.620  0.00  27
   103029  40.491964 -124.499788    29.704     -999.8     1533.5       41.0    196.5    186.1    246.1 2022  1 23 14 14  2.380  0.00  27
   103031  40.492843 -124.499992    29.815    -1017.0     1631.1      152.0    224.4    185.0    217.0 2022  6 14 14 54 54.680  0.00  27
   103033  40.492863 -124.499894    29.798    -1008.8     1633.4      135.7    191.0    166.0    183.1 2022  9 26  8  0 17.200  0.00  27
   103034  40.493022 -124.500342    29.803    -1046.7     1651.0      139.9    175.0    234.2    271.3 2022  9 26  1 25  9.900  0.00  27
   103035  40.492582 -124.500285    29.782    -1041.9     1602.2      118.7    193.8    247.1    225.1 2022  9 26  3 48 41.620  0.00  27
   104657  40.464624 -124.477043    29.677      928.9    -1502.4       14.1    187.8    275.6    236.9 2020  3  9 10 51 18.620  0.00  27
   104658  40.464282 -124.476888    29.642      942.0    -1540.3      -20.8    178.3    229.2    201.3 2020  3 18 23 16  2.080  0.00  27
   104659  40.463245 -124.476392    29.541      984.1    -1655.5     -121.8    208.9    191.1    185.5 2020  3 20 11  9 12.380  0.00  27
   104660  40.463611 -124.476978    29.654      934.4    -1614.9       -9.1    144.9    256.0    171.2 2020  5 10 15 44 38.280  0.00  27
   104662  40.464775 -124.477116    29.686      922.7    -1485.6       22.9    202.5    301.6    273.6 2020 12 30 23  3 58.660  0.00  27
   104663  40.464225 -124.476937    29.651      937.9    -1546.6      -11.8    164.5    243.9    225.8 2020 12 31 13 12 57.180  0.00  27
   104665  40.463033 -124.476807    29.502      948.9    -1679.0     -161.0    230.8    312.4    290.6 2021  6 24 14 45  8.020  0.00  27
   104667  40.463985 -124.476595    29.600      966.9    -1573.3      -62.6    151.4    184.6    180.9 2021  6 30 18 57 19.900  0.00  27
   104668  40.464718 -124.476945    29.684      937.2    -1492.0       21.1    178.1    231.0    207.0 2021  7  6 10 17  1.880  0.00  27
   104670  40.463387 -124.477100    29.566      924.1    -1639.7      -96.3    279.7    281.0    257.5 2021  7 21 11 24 19.480  0.00  27
   104672  40.463245 -124.475716    29.533     1041.4    -1655.5     -129.8    244.4    230.3    220.9 2021  8 17  0  6 25.200  0.00  27
   104676  40.463546 -124.477075    29.671      926.2    -1622.1        8.4    130.7    304.1    181.9 2021 10 23  3  0  5.120  0.00  27
   104677  40.463888 -124.476506    29.565      974.5    -1584.1      -98.0    198.2    171.0    176.2 2021 11  3 10 40 27.040  0.00  27
   104678  40.462398 -124.476953    29.549      936.5    -1749.5     -113.5    229.0    364.9    239.3 2021 11 18  6 17 11.960  0.00  27
   104679  40.464653 -124.476831    29.674      946.9    -1499.2       10.8    185.7    243.6    220.6 2021 11 23  3 25  3.320  0.00  27
   104681  40.463900 -124.476864    29.652      944.1    -1582.8      -11.1    163.0    232.0    184.8 2021 12 22  1 49  7.300  0.00  27
   104682  40.464640 -124.476896    29.666      941.3    -1500.6        3.0    171.7    218.5    193.3 2021 12 22  2  6  5.140  0.00  27
   104684  40.464596 -124.476823    29.673      947.6    -1505.5       10.5    263.5    333.7    308.3 2022  4 16  8 34 43.700  0.00  27
   104685  40.463501 -124.476912    29.653      940.0    -1627.1       -9.3    155.6    309.5    214.2 2022  4 21  0 59 15.880  0.00  27
   104686  40.463562 -124.476278    29.556      993.8    -1620.3     -106.6    231.9    204.9    203.3 2022  6 27 17 46 59.340  0.00  27
   104692  40.464746 -124.476872    29.682      943.4    -1488.8       19.1    176.6    228.7    202.6 2022  9 24 22 42 50.600  0.00  27
   110314  40.493030 -124.499886    29.847    -1008.1     1651.9      183.8    208.2    167.0    204.9 2023  4 23 20 44 41.260  1.76  27
   110348  40.463249 -124.476709    29.644      957.2    -1655.1      -18.8    165.0    248.4    187.8 2022 12 15  2 16  4.110  2.47  27
