   105504  40.296077 -124.397078     8.128        2.8       41.6       17.6     22.3     23.0     29.2 2020  2  6  8 39 18.320  0.00  72
   105505  40.295719 -124.397135     8.124       -2.1        1.8       14.0     20.2     20.2     27.2 2020  2  6 11 33 20.940  0.00  72
   105506  40.295898 -124.397664     8.226      -47.1       21.7      115.6     22.5     38.3     66.6 2020  2  6 11 35 41.960  0.00  72
   105515  40.295903 -124.397062     8.113        4.2       22.1        3.0     18.1     29.4     25.2 2021  6  3 12 20 24.160  0.00  72
   105519  40.295903 -124.397030     8.098        6.9       22.1      -11.6     21.4     32.6     31.8 2021  8  1 14  0 36.000  0.00  72
   105544  40.296724 -124.396859     8.111       21.4      113.4        0.6     16.7     25.5     23.6 2022  2 20 15 29 37.960  0.00  72
   105560  40.295337 -124.396940     8.099       14.5      -40.7      -11.4     19.0     39.9     29.3 2022  9 24  2 36 23.560  0.00  72
   105562  40.295927 -124.396956     8.109       13.1       24.9       -0.5     19.5     25.6     32.8 2022 11  8 18 37  6.880  0.00  72
   105563  40.296191 -124.396883     8.110       19.4       54.2       -0.3     21.1     35.3     38.4 2022 11  9  1 33 51.080  0.00  72
   110376  40.295394 -124.397160     8.099       -4.2      -34.3      -10.8     14.9     25.5     23.7 2023  4  1 12 56 24.620  0.61  72
