   105415  40.279806 -124.509212    18.709       -1.4        1.4       19.1    105.9    226.1    301.7 2020 10 14 15 34 41.400  0.00  67
   105416  40.279797 -124.509180    18.683        1.4        0.5       -7.2     71.9    155.4    152.4 2021  4  1  8 19  1.020  0.00  67
   105417  40.279016 -124.509342    18.721      -12.5      -86.3       30.8    113.8    326.9    194.0 2021  5 26 14 28  8.260  0.00  67
   105420  40.279822 -124.509196    18.695        0.0        3.2        4.9    101.8    142.8    191.2 2021 11  1  8 47 28.700  0.00  67
   105423  40.278402 -124.509489    18.743      -24.9     -154.5       53.4    155.5    344.9    259.1 2021 12 21 13 39 48.980  0.00  67
   105425  40.279842 -124.509204    18.690       -0.7        5.4        0.2    106.0    180.3    164.0 2021 12 29 15 42 35.260  0.00  67
   105426  40.279919 -124.509172    18.688        2.1       14.0       -1.8    108.4    235.1    246.7 2021 12 29 15 33 22.240  0.00  67
   105431  40.279765 -124.509204    18.690       -0.7       -3.2        0.2     99.2    172.3    173.5 2022  2  7  7 47 12.980  0.00  67
   105432  40.279907 -124.509172    18.685        2.1       12.7       -4.7     84.9    205.0    143.6 2022  2  7 14 35 53.840  0.00  67
   105435  40.279826 -124.509188    18.682        0.7        3.6       -8.4     86.9    137.1    184.4 2022  5 14 19 48 33.060  0.00  67
   105436  40.279793 -124.509188    18.681        0.7        0.0       -9.2     74.8    239.6    235.0 2022  5 14 20  5 32.740  0.00  67
   105438  40.280562 -124.509025    18.628       14.5       85.4      -61.7    143.2    235.9    288.2 2022  8  1 20 28 59.300  0.00  67
   105440  40.279777 -124.509204    18.686       -0.7       -1.8       -3.7     82.1    159.0    173.3 2022 11  5 20 49 14.100  0.00  67
   110371  40.279842 -124.509188    18.687        0.7        5.4       -3.3     74.8    144.1    127.8 2023  3 11  3 37 51.890  1.01  67
