   101367  40.297632 -124.377368     8.717      -20.1       58.3       -2.8     56.9     98.5     80.9 2020  1  3 18 37 48.420  0.00  36
   101368  40.297616 -124.377368     8.710      -20.1       56.5       -9.6     57.1     98.3     86.4 2020  1  3 21  3 28.940  0.00  36
   101377  40.298617 -124.377669     8.966      -45.7      167.6      245.9     75.7    105.7    118.6 2020  1 25  4  5 34.620  0.00  36
   101379  40.297302 -124.377596     8.942      -39.4       21.7      222.3     78.0     96.2    120.8 2020  1 25  3 30 34.600  0.00  36
   101380  40.297721 -124.377840     8.976      -60.2       68.2      256.0     70.6     84.2    124.8 2020  1 25  4 10 12.200  0.00  36
   101382  40.297892 -124.377808     8.977      -57.4       87.2      257.2     69.2     91.2    124.2 2020  1 25  3 31 37.080  0.00  36
   101383  40.297099 -124.376994     8.720       11.8       -0.9       -0.2     42.3     65.5     45.5 2020  2  6 17 51  9.320  0.00  36
   101389  40.297457 -124.377303     8.737      -14.5       38.9       17.0     46.6     62.2     55.2 2020  2  6 13 51  8.720  0.00  36
   101391  40.297986 -124.376961     8.747       14.5       97.6       27.0     70.4    104.4    130.9 2020  2  7  2 54 42.920  0.00  36
   101393  40.296948 -124.377035     8.713        8.3      -17.6       -6.9     43.4     76.2     69.7 2020  3  8 19 42 41.580  0.00  36
   101396  40.297864 -124.377376     8.811      -20.8       84.0       90.8     48.0     73.5     92.7 2020  3 20 23 44 12.400  0.00  36
   101398  40.297172 -124.377116     8.715        1.4        7.2       -5.2     45.2     79.9     52.7 2020  4  8  2  0 22.120  0.00  36
   101399  40.296887 -124.377035     8.711        8.3      -24.4       -8.7     43.1     80.7     49.3 2020  4 15 18 15 23.100  0.00  36
   101402  40.296989 -124.377051     8.712        6.9      -13.1       -7.6     47.9     80.0     54.5 2020  4 19  7 46 54.060  0.00  36
   101408  40.296920 -124.376335     8.673       67.8      -20.8      -47.0     70.9    111.5     94.6 2020  8  6  8 32 23.100  0.00  36
   101410  40.296903 -124.377018     8.698        9.7      -22.6      -22.4     46.3     85.4     71.7 2020  9  3  7 35 28.420  0.00  36
   101413  40.296590 -124.376896     8.694       20.1      -57.4      -25.9     51.8     91.5     94.6 2020 11 12  2 44 16.520  0.00  36
   101418  40.297123 -124.376937     8.704       16.6        1.8      -16.0     44.3     78.7     64.1 2021  3 31 23 59 38.480  0.00  36
   101423  40.297030 -124.377075     8.711        4.8       -8.6       -9.3     46.5     56.6     49.1 2021  5 18 12 40 20.440  0.00  36
   101424  40.297111 -124.377075     8.718        4.8        0.5       -2.4     45.1     82.2     68.6 2021  5 19 22 43 10.320  0.00  36
   101427  40.297103 -124.377710     8.944      -49.1       -0.5      223.7     81.1     85.3    121.0 2021  6 28  8 37 35.300  0.00  36
   101428  40.297270 -124.377702     8.945      -48.4       18.1      225.2     80.4     90.2    120.6 2021  6 28  7 55  0.760  0.00  36
   101430  40.298234 -124.377531     8.849      -33.9      125.2      129.2     60.5     88.2    144.4 2021  6 28  1 24 33.540  0.00  36
   101432  40.297009 -124.377075     8.694        4.8      -10.8      -26.2     48.5     61.0     61.5 2021  7 28 16  2 31.160  0.00  36
   101433  40.297074 -124.377051     8.697        6.9       -3.6      -23.4     48.2     51.7     59.5 2021  7 28 16  9  1.560  0.00  36
   101437  40.296798 -124.376115     8.587       86.5      -34.3     -133.3     70.4    145.5    109.5 2021 12 19 12 20 16.920  0.00  36
   101438  40.295565 -124.376278     8.601       72.7     -171.2     -119.1     99.4    174.6    144.4 2021 12 19 12 43 37.120  0.00  36
   101442  40.297131 -124.376196     8.604       79.6        2.7     -116.5     77.9    152.5    109.6 2022  2 24 22 19 12.180  0.00  36
   101444  40.297192 -124.377075     8.730        4.8        9.5        9.5     38.0     63.0     46.5 2022  4  5 23 58  3.860  0.00  36
   101445  40.297550 -124.377352     8.756      -18.7       49.2       35.9     61.6     62.4     84.5 2022  4  6 20 48 44.220  0.00  36
   101446  40.297001 -124.376408     8.685       61.6      -11.7      -34.7     69.8    138.2    155.1 2022  4  6 23 44 48.880  0.00  36
   101448  40.298885 -124.377490     8.967      -30.4      197.4      247.0     85.8    111.6    110.0 2022  5 29 22  5 22.560  0.00  36
   101452  40.297148 -124.377108     8.719        2.1        4.5       -1.2     46.2     82.8     72.0 2022  9 27 16 34 38.900  0.00  36
   110294  40.296891 -124.377083     8.712        4.2      -23.9       -7.5     38.7     73.2     52.3 2023  5 20  7 11  5.220  0.56  36
