   102991  40.496061 -124.498836    29.806     -919.0     1988.5      143.7      8.1     18.8     18.0 2020  1  9 13 40 58.740  0.00  27
   102998  40.497970 -124.496891    29.642     -754.1     2200.5      -20.7     14.8     22.2     26.4 2020 10  4  6 55  1.040  0.00  27
   103000  40.490210 -124.498494    29.741     -890.1     1338.8       78.0     11.7     11.6     14.6 2020 10  8 16 45 53.320  0.00  27
   103003  40.493355 -124.500285    29.882    -1041.9     1688.1      219.2      7.0      5.2     13.6 2020 12  7  8 22 35.820  0.00  27
   103004  40.491467 -124.501400    29.948    -1136.4     1478.4      285.4      9.2     15.6     11.2 2020 12 17 16 52 32.620  0.00  27
   103005  40.492712 -124.500610    29.894    -1069.5     1616.7      231.3      8.3      7.8     11.7 2020 12 23 12 56 52.620  0.00  27
   103006  40.494926 -124.499455    29.800     -971.5     1862.5      136.8      8.0     15.4     12.9 2021  1 17 10 19 59.280  0.00  27
   103012  40.491512 -124.501489    29.933    -1144.0     1483.4      270.7     10.5     14.1     10.7 2021  7 21 12  6 54.160  0.00  27
   103015  40.494751 -124.499398    29.867     -966.7     1843.1      204.1      9.6     10.9     13.9 2021  8  4 20 21 42.980  0.00  27
   103016  40.492082 -124.501147    29.835    -1115.0     1546.6      172.1     12.4     14.1     16.7 2021  8  5 18 12 32.940  0.00  27
   103017  40.492106 -124.501058    29.825    -1107.4     1549.4      162.4     13.0     14.3     17.5 2021  8  5 16 53 27.500  0.00  27
   103022  40.492782 -124.500529    29.780    -1062.6     1624.4      117.1     15.0     12.0     12.9 2021 11 14 22 32 35.820  0.00  27
   103023  40.493250 -124.500374    29.939    -1049.5     1676.3      275.9      7.1      7.1     12.5 2021 11 27  7 32 25.300  0.00  27
   103026  40.492456 -124.500822    29.893    -1087.4     1588.2      230.6      7.5     11.0      9.3 2021 12 21 17 14  4.720  0.00  27
   103028  40.492029 -124.500651    29.879    -1072.9     1540.8      216.2     11.6     12.0     15.7 2021 12 29 22 51 33.620  0.00  27
   103029  40.494230 -124.500041    29.827    -1021.2     1785.2      164.6      9.6     14.0     11.5 2022  1 23 14 14  2.380  0.00  27
   103031  40.492550 -124.500212    29.885    -1035.7     1598.6      222.6      8.7     11.7      9.7 2022  6 14 14 54 54.680  0.00  27
   103033  40.494006 -124.499935    29.890    -1012.2     1760.4      227.1      7.5     10.0      9.0 2022  9 26  8  0 17.200  0.00  27
   103034  40.492891 -124.500464    29.801    -1057.1     1636.6      137.8      8.4     10.2     11.4 2022  9 26  1 25  9.900  0.00  27
   103035  40.493022 -124.500496    29.841    -1059.8     1651.0      178.0      7.4      7.4     10.0 2022  9 26  3 48 41.620  0.00  27
   104657  40.466789 -124.479761    30.123      698.4    -1262.0      460.1     11.2     26.0     12.0 2020  3  9 10 51 18.620  0.00  27
   104658  40.462667 -124.476847    29.485      945.5    -1719.7     -178.1      7.8      9.8     10.6 2020  3 18 23 16  2.080  0.00  27
   104659  40.462557 -124.476921    29.452      939.3    -1731.9     -211.0     12.0      9.9      9.4 2020  3 20 11  9 12.380  0.00  27
   104660  40.462227 -124.476538    29.529      971.7    -1768.5     -133.5      9.1     14.5     14.1 2020  5 10 15 44 38.280  0.00  27
   104662  40.466646 -124.473088    29.284     1264.3    -1277.8     -378.5     18.7     38.6     24.3 2020 12 30 23  3 58.660  0.00  27
   104663  40.467029 -124.473397    29.211     1238.1    -1235.3     -451.7     20.2     40.5     26.8 2020 12 31 13 12 57.180  0.00  27
   104665  40.464514 -124.476367    29.466      986.2    -1514.6     -197.3     19.1     17.6     18.9 2021  6 24 14 45  8.020  0.00  27
   104667  40.462980 -124.476636    29.512      963.4    -1684.9     -151.2      8.9      8.7      8.8 2021  6 30 18 57 19.900  0.00  27
   104668  40.464587 -124.475659    29.545     1046.2    -1506.4     -117.5     12.5     14.4     11.9 2021  7  6 10 17  1.880  0.00  27
   104670  40.463407 -124.476978    29.602      934.5    -1637.5      -61.3     13.7      9.3      6.0 2021  7 21 11 24 19.480  0.00  27
   104672  40.462537 -124.478044    29.610      844.0    -1734.2      -52.9     10.3     17.8      8.5 2021  8 17  0  6 25.200  0.00  27
   104676  40.463900 -124.479191    30.041      746.7    -1582.8      378.5     14.2     20.8     19.2 2021 10 23  3  0  5.120  0.00  27
   104677  40.463835 -124.476099    29.398     1009.0    -1590.0     -264.9     10.4     17.3      8.9 2021 11  3 10 40 27.040  0.00  27
   104678  40.461670 -124.478955    29.896      766.8    -1830.4      232.8     11.8     18.4     14.4 2021 11 18  6 17 11.960  0.00  27
   104679  40.464327 -124.475570    29.570     1053.8    -1535.3      -92.6      7.5     13.4      6.1 2021 11 23  3 25  3.320  0.00  27
   104681  40.462158 -124.476611    29.587      965.5    -1776.2      -75.5      6.7     10.2      6.7 2021 12 22  1 49  7.300  0.00  27
   104682  40.462931 -124.476107    29.541     1008.3    -1690.3     -121.7      6.3      9.8      5.5 2021 12 22  2  6  5.140  0.00  27
   104684  40.465747 -124.481657    30.017      537.6    -1377.7      354.7     16.3     27.5     22.2 2022  4 16  8 34 43.700  0.00  27
   104685  40.457865 -124.472648    29.081     1301.7    -2252.9     -582.1     12.2     29.9     17.7 2022  4 21  0 59 15.880  0.00  27
   104686  40.463534 -124.476758    29.599      953.1    -1623.5      -64.3     13.8     16.3     15.2 2022  6 27 17 46 59.340  0.00  27
   104692  40.463265 -124.476286    29.568      993.1    -1653.3      -95.0      7.8      9.4      4.7 2022  9 24 22 42 50.600  0.00  27
   110314  40.493184 -124.499967    29.881    -1015.0     1669.1      217.8      7.5      8.2     10.6 2023  4 23 20 44 41.260  1.76  27
   110348  40.462455 -124.476611    29.614      965.5    -1743.2      -48.8      4.0      3.8      5.0 2022 12 15  2 16  4.110  2.47  27
