   105485  40.699382 -124.199674    17.363       94.9       35.7     -119.4      6.1      3.3      6.2 2020  2  5  5 58 25.560  0.00  53
   105486  40.699292 -124.199341    17.392      123.1       25.8      -91.1      5.5      4.3      4.1 2020  3 17 12 51 45.720  0.00  53
   105487  40.699353 -124.200122    17.399       57.1       32.5      -83.3      6.4      4.0      3.7 2020  4 15  7 17 47.580  0.00  53
   105489  40.699544 -124.199487    17.395      110.7       53.8      -87.7      5.0      3.3      4.8 2020  9  1  3 23  1.060  0.00  53
   105491  40.699170 -124.199398    17.332      118.3       12.2     -150.8      6.1      3.4      6.4 2022  6 26  6 12 19.280  0.00  53
   105492  40.699235 -124.199487    17.409      110.7       19.4      -74.0      5.9      2.8      4.8 2022  9 22  6  0 32.400  0.00  53
   105493  40.699447 -124.199626    17.385       99.0       42.9      -97.5      3.5      2.3      3.1 2022  9 22  6  2 18.960  0.00  53
   105494  40.699561 -124.199552    17.375      105.2       55.6     -107.9      4.6      3.7      5.0 2022  9 22  7 21 46.180  0.00  53
   105495  40.699825 -124.199284    17.407      127.9       84.9      -75.6      6.8      5.1     10.2 2022  9 22 15 52 11.740  0.00  53
   105496  40.699386 -124.199935    17.396       72.9       36.1      -87.0      3.8      2.2      2.4 2022  9 23  7 36 42.680  0.00  53
   105498  40.699373 -124.200024    17.394       65.3       34.8      -89.0      4.9      2.7      2.9 2022  9 25 11 10 14.460  0.00  53
   105501  40.699406 -124.199919    17.356       74.3       38.4     -126.9      5.9      2.3      5.6 2022 10 26 12 52 38.720  0.00  53
   105502  40.699463 -124.199862    17.385       79.1       44.7      -97.6      3.6      2.0      3.8 2022 10 28 19 52 59.400  0.00  53
   105503  40.699475 -124.199797    17.357       84.6       46.1     -126.0      5.4      3.1      5.6 2022 10 28 19 54 10.800  0.00  53
   108832  40.722229 -124.237004    17.038    -3059.5     2572.9     -444.8     24.5      7.5     14.8 2020  6 27  1 38 36.220  0.00  53
   108833  40.723092 -124.234676    17.008    -2862.8     2668.7     -475.0     25.2      7.6     14.8 2020  7  7 22 53  4.560  0.00  53
   108870  40.673556 -124.183024    18.224     1502.4    -2832.2      741.6     28.6      8.4     26.0 2021  3 19  7  6 30.900  0.00  53
   108873  40.674015 -124.169246    18.297     2667.1    -2781.2      814.0     17.2      7.0     23.3 2022  9 22 18 46  5.320  0.00  53
   110375  40.699349 -124.199674    17.425       94.9       32.1      -57.4      6.1      2.6      4.6 2023  4 18 21 27 56.500  2.49  53
   110555  40.722843 -124.233960    17.637    -2802.3     2641.1      154.7     22.3      6.8     13.2 2023  5  5 10 40  9.930  1.00  53
   110562  40.672286 -124.169466    18.680     2648.6    -2973.2     1197.4     16.4      6.3     17.4 2023  2  1  1 28 26.490  1.31  53
   110714  40.704089 -124.194914    17.907      497.3      558.5      424.5      7.2      4.3      7.2 2023  1  6 12 27 19.440  3.44  53
