   108277  40.351233 -124.441479    23.918       -6.9       15.8        8.0     39.0     55.6     43.4 2020  4  4 18 49  5.200  0.00  48
   108278  40.350684 -124.441113    23.892       24.2      -45.2      -17.9     62.4     83.7     65.1 2020  4 26 15 58  8.820  0.00  48
   108285  40.350407 -124.441178    23.881       18.7      -75.9      -29.1     57.4    101.4     71.9 2020 12  3 22 40 43.620  0.00  48
   108286  40.350509 -124.441138    23.886       22.1      -64.6      -23.8     59.0     76.5     51.7 2021  3  7  5  2 46.960  0.00  48
   108287  40.350643 -124.441227    23.895       14.5      -49.7      -14.9     48.7     76.0     41.2 2021  3 20 23 16 13.640  0.00  48
   108291  40.350439 -124.441105    23.892       24.9      -72.3      -18.2     61.5     91.8     55.7 2021 10 30  8 35 33.380  0.00  48
   108292  40.350907 -124.441325    23.906        6.2      -20.3       -4.2     48.7     72.4     69.1 2021 11 23  8 36 50.640  0.00  48
   108294  40.349959 -124.441016    23.882       32.5     -125.6      -28.2     67.9    115.8     69.6 2021 11 24 17  1 30.540  0.00  48
   108296  40.351107 -124.441333    23.909        5.5        1.8       -0.5     52.1     98.1     63.6 2021 11 26 13 39 40.880  0.00  48
   108298  40.349902 -124.440715    23.880       58.1     -131.9      -30.4     74.0    122.6     70.1 2021 11 30 11 29  7.980  0.00  48
   108300  40.352421 -124.441707    23.981      -26.3      147.7       71.1     73.2    136.4    110.2 2021 12 20 20 51 25.720  0.00  48
   108306  40.352389 -124.442155    24.007      -64.3      144.1       96.7     95.8    138.6    345.4 2021 12 21 11 23 53.660  0.00  48
   108307  40.351054 -124.441390    23.908        0.7       -4.1       -1.9     29.9     56.4     37.1 2021 12 24 16 55 56.640  0.00  48
   108309  40.351184 -124.441406    23.916       -0.7       10.4        6.0     32.2     54.1     34.5 2022  1  3 21 39 26.840  0.00  48
   108310  40.351025 -124.441309    23.911        7.6       -7.2        0.7     53.5     77.8     81.0 2022  1  7 23 16 41.000  0.00  48
   108311  40.351200 -124.441447    23.917       -4.1       12.2        6.7     35.6     55.6     42.1 2022  1 17  6  4 37.860  0.00  48
   108313  40.351123 -124.441423    23.912       -2.1        3.6        1.6     34.6     53.3     37.5 2022  2  1  3 38 46.820  0.00  48
   108314  40.351050 -124.441439    23.909       -3.5       -4.5       -1.0     56.9     72.9     41.1 2022  2 12 15 14 50.440  0.00  48
   108315  40.351147 -124.441398    23.913        0.0        6.3        2.8     35.1     56.4     40.3 2022  3 14 17 54 18.940  0.00  48
   108318  40.351298 -124.441357    23.918        3.5       23.0        7.9     40.8     76.7     52.2 2022  3 25 11 39  6.360  0.00  48
   108320  40.350590 -124.441056    23.886       29.0      -55.6      -24.2     66.9     82.5     69.8 2022  5 24  3 56 56.760  0.00  48
   108321  40.351156 -124.441398    23.912        0.0        7.2        2.4     39.5     77.3     47.6 2022  6  2 23 18  2.840  0.00  48
   108324  40.351135 -124.441398    23.914        0.0        5.0        4.2     38.2     57.4     48.0 2022  9  1 16 10 18.720  0.00  48
   108325  40.350240 -124.440999    23.888       33.9      -94.4      -21.8     61.3     99.8     63.2 2022 10 16 16 42 42.900  0.00  48
   110491  40.351225 -124.441463    23.911       -5.5       14.9        0.8     33.1     52.9     38.4 2023  4  1 22 38 24.960  0.87  48
