   100528  40.555204 -124.663802     7.341        0.7        1.4        0.5     18.0     22.7     24.4 2020  2 16  4  7 45.440  0.00  51
   100537  40.555054 -124.663965     7.313      -13.1      -15.4      -27.3     25.8     50.8     35.6 2020  8  7  9 28 44.340  0.00  51
   100538  40.555070 -124.663973     7.311      -13.8      -13.6      -29.3     26.9     51.4     37.2 2020  8  7  9 28 26.060  0.00  51
   100540  40.555176 -124.663826     7.337       -1.4       -1.8       -3.4     16.5     21.3     22.5 2020  8 11 22 23 53.320  0.00  51
   100541  40.555184 -124.663810     7.339        0.0       -0.9       -1.1     17.7     22.0     23.9 2020 10 21  2 37 32.940  0.00  51
   100542  40.555229 -124.663810     7.340        0.0        4.1       -0.4     18.3     25.6     24.8 2020 11  8  3 54 55.800  0.00  51
   100543  40.555294 -124.663680     7.361       11.0       11.3       20.9     30.4     49.8     41.8 2020 11  8  1 32 40.980  0.00  51
   100544  40.555090 -124.664014     7.305      -17.2      -11.3      -35.2     30.4     53.8     41.9 2020 12  2  8 33 33.620  0.00  51
   100545  40.555151 -124.663875     7.328       -5.5       -4.5      -11.6     18.2     30.3     25.1 2020 12 19 10  1 43.240  0.00  51
   100547  40.555111 -124.663859     7.330       -4.1       -9.0       -9.6     17.3     32.9     24.1 2021  3 27  3  7  8.420  0.00  51
   100551  40.555164 -124.663818     7.337       -0.7       -3.2       -2.6     16.9     21.6     22.9 2021  6 13 21  6 52.180  0.00  51
   100552  40.555204 -124.663786     7.343        2.1        1.4        3.1     20.2     24.7     27.4 2021  8 10 10  7 37.160  0.00  51
   100553  40.555216 -124.663794     7.342        1.4        2.7        1.9     18.9     23.7     25.5 2021  8 19  2 14 36.260  0.00  51
   100560  40.555086 -124.663875     7.328       -5.5      -11.7      -11.5     18.7     29.6     25.5 2022  2 26  9 19 53.720  0.00  51
   100562  40.555001 -124.663989     7.308      -15.2      -21.2      -32.1     28.5     55.1     39.3 2022  4  5  4 37 52.080  0.00  51
   100563  40.555184 -124.663810     7.339        0.0       -0.9       -1.5     17.7     21.9     23.8 2022  5 14 21 27 27.240  0.00  51
   100566  40.555204 -124.663794     7.342        1.4        1.4        1.6     19.4     24.9     26.2 2022  7 25  5  3 56.220  0.00  51
   100569  40.555017 -124.663989     7.309      -15.2      -19.4      -30.9     28.0     53.1     38.7 2022  9  4  5 45 54.000  0.00  51
   100570  40.555090 -124.663965     7.313      -13.1      -11.3      -26.6     25.8     47.5     35.7 2022  9  6  7  2 59.900  0.00  51
   100571  40.555172 -124.663786     7.343        2.1       -2.3        3.0     20.7     29.2     28.4 2022 11  6  5  3 49.800  0.00  51
   100572  40.555204 -124.663778     7.345        2.8        1.4        4.6     20.7     28.4     28.3 2022 11  6  4 45 38.900  0.00  51
   110288  40.555233 -124.663761     7.347        4.1        4.5        6.7     16.9     22.9     23.0 2023  5 29  5 41 15.670  1.33  51
