   103037  40.494295 -124.704110    26.196      -80.7      -78.2      565.9      4.3      5.0      9.2 2020  1  9  2 28 46.420  0.00  21
   103039  40.497359 -124.702702    25.781       38.6      262.1      151.3      5.0      6.5     16.2 2020  2 13  3 49 16.980  0.00  21
   103041  40.497640 -124.702515    25.776       54.5      293.2      145.6      4.9      6.9     18.7 2020  2 13  4 46  3.640  0.00  21
   103047  40.494063 -124.704028    26.271      -73.8     -103.9      641.4      5.0      6.4     14.9 2020  3 24  7 13 13.600  0.00  21
   103049  40.492708 -124.703630    25.760      -40.0     -254.4      130.5      3.2      5.8     14.6 2020  4  2  6 14 42.300  0.00  21
   103050  40.492733 -124.703532    25.405      -31.7     -251.7     -225.1      4.2      7.4     15.9 2020  4  2  9 24  2.020  0.00  21
   103052  40.496781 -124.704769    26.864     -136.6      197.9     1234.5      4.9      6.6     10.3 2020  5  2 14 30  4.400  0.00  21
   103053  40.492456 -124.703833    25.740      -57.3     -282.4      110.3      3.9      7.1      9.6 2020  5 26 13 46 53.380  0.00  21
   103054  40.494340 -124.703752    25.877      -50.4      -73.2      246.9      3.2      4.6      9.8 2020  5 27 14 13 23.920  0.00  21
   103056  40.501953 -124.701213    25.772      164.9      772.2      141.9      7.5     14.0     20.5 2020  6  3  7 51 45.780  0.00  21
   103059  40.499426 -124.701034    26.271      180.1      491.6      641.0      9.5     13.0     29.2 2020  6 26  3 47 36.160  0.00  21
   103060  40.500537 -124.701172    25.454      168.3      615.0     -175.9      6.2      8.2     22.6 2020  7  3  9 58 33.980  0.00  21
   103061  40.499398 -124.701750    25.898      119.3      488.4      267.6      8.5     15.8     27.4 2020  7  8 14  3 32.400  0.00  21
   103063  40.493245 -124.703890    26.023      -62.1     -194.7      393.1      3.0      5.2     12.4 2020  9  7  3 44 39.520  0.00  21
   103068  40.501176 -124.701619    25.146      130.4      685.9     -484.4      4.0     10.3     13.6 2020 10  2  7 32  2.120  0.00  21
   103070  40.500427 -124.701888    25.641      107.6      602.8       10.9      6.6     13.2     18.6 2020 10 18  5 17 38.540  0.00  21
   103073  40.499312 -124.702295    25.497       73.1      479.0     -133.5      6.5     10.3     28.3 2020 11  6  4 14 13.540  0.00  21
   103074  40.499080 -124.698608    23.637      385.6      453.2    -1992.6     11.8     13.6     14.8 2020 11 15 10  1 52.660  0.00  21
   103075  40.495638 -124.697428    22.596      485.7       70.9    -3033.6     34.2     47.1     45.3 2020 12  2  4 36 19.100  0.00  21
   103076  40.493534 -124.703760    26.201      -51.1     -162.7      570.6      3.0      5.1     10.1 2020 12 17  6 44 45.740  0.00  21
   103077  40.486161 -124.694450    21.433      738.2     -981.4    -4197.5     42.9     58.3     50.8 2021  1 12  2  8 19.400  0.00  21
   103078  40.497123 -124.697550    23.284      475.3      235.9    -2346.2     10.8      6.2     13.4 2021  1 19 17 42 49.980  0.00  21
   103079  40.501392 -124.701432    23.699      146.3      709.8    -1931.0      7.1     10.3      8.9 2021  1 19 18  1 13.300  0.00  21
   103083  40.495736 -124.704460    26.319     -110.4       81.8      688.5      5.4      4.3     11.8 2021  2  1  4 12  8.800  0.00  21
   103084  40.494678 -124.703890    26.178      -62.1      -35.7      547.9      3.0      4.4     10.6 2021  3 23  9 45 54.260  0.00  21
   103086  40.501807 -124.700651    23.891      212.5      755.9    -1739.1     12.3     12.4     15.2 2021  4 26  7  2 45.300  0.00  21
   103091  40.494344 -124.703792    25.945      -53.8      -72.7      315.1      4.0      4.0     14.1 2021  7 13 21 59  0.800  0.00  21
   103092  40.493095 -124.703841    25.953      -58.0     -211.5      322.7      3.2      5.9     16.3 2021  7 18  2  1  4.540  0.00  21
   103093  40.494381 -124.703882    26.338      -61.4      -68.7      708.0      4.0      5.8     12.5 2021  7 21 10 36 48.460  0.00  21
   103097  40.492757 -124.703703    25.814      -46.2     -249.0      183.6      4.7      4.2     14.7 2021 11 22  2 25 23.060  0.00  21
   103098  40.492509 -124.703556    25.797      -33.8     -276.5      167.1      3.7      6.8      9.3 2021 11 22  1 57 48.440  0.00  21
   103099  40.495341 -124.703353    25.585      -16.6       38.0      -44.9      3.3      5.2     14.3 2021 11 22 21 23 58.880  0.00  21
   103100  40.502812 -124.698551    23.845      390.5      867.5    -1784.7      8.4     12.6     10.4 2021 11 27 13 33 29.400  0.00  21
   103105  40.493510 -124.703890    26.307      -62.1     -165.4      677.3      2.9      5.2     12.6 2022  2 16 13 34 40.600  0.00  21
   103107  40.499919 -124.702547    25.976       51.7      546.3      346.3      7.6      7.2     21.9 2022  3 12  7 11 15.140  0.00  21
   103108  40.492436 -124.703866    25.628      -60.0     -284.7       -2.3      3.1      7.4     17.8 2022  4  4 11 35  9.120  0.00  21
   103110  40.500269 -124.701847    25.294      111.1      585.1     -335.8      8.0     15.6     29.7 2022  4  9 17 16  5.540  0.00  21
   103112  40.493140 -124.703695    25.821      -45.5     -206.5      191.2      3.0      5.4     13.6 2022  5 30 13 48 37.440  0.00  21
   103113  40.493559 -124.703776    25.841      -52.4     -160.0      210.8      3.1      5.8     13.6 2022  5 30 13 30 56.840  0.00  21
   103114  40.492887 -124.703589    25.905      -36.6     -234.5      274.9      3.5      6.5     11.3 2022  5 30 13 39 35.600  0.00  21
   103116  40.501721 -124.705908    26.741     -233.2      746.4     1111.2      5.5      7.8     21.4 2022  6 14  6 34  6.200  0.00  21
   103117  40.493465 -124.703654    25.843      -42.1     -170.3      212.7      3.1      5.2     10.2 2022  6 23 22 54 39.680  0.00  21
   103120  40.494421 -124.703784    25.982      -53.1      -64.2      352.1      3.1      4.8     15.9 2022  9 22  3 48 37.700  0.00  21
   110315  40.493522 -124.703703    25.720      -46.2     -164.0       89.6      3.1      3.8      9.7 2023  5 17 16 10 52.790  2.77  21
