   105504  40.296073 -124.397078     8.129        2.8       41.1       19.2     13.5     12.2     19.6 2020  2  6  8 39 18.320  0.00  72
   105505  40.295715 -124.397135     8.126       -2.1        1.4       15.5     13.4     14.2     19.0 2020  2  6 11 33 20.940  0.00  72
   105506  40.295907 -124.397664     8.239      -47.1       22.6      129.4     12.1     16.7     59.2 2020  2  6 11 35 41.960  0.00  72
   105515  40.295927 -124.397054     8.114        4.8       24.9        3.5     12.0     22.1     17.5 2021  6  3 12 20 24.160  0.00  72
   105519  40.295927 -124.397021     8.097        7.6       24.9      -12.9     14.7     22.9     21.5 2021  8  1 14  0 36.000  0.00  72
   105544  40.296729 -124.396867     8.111       20.8      113.9        1.0     11.8     14.9     16.2 2022  2 20 15 29 37.960  0.00  72
   105560  40.295378 -124.396948     8.099       13.8      -36.1      -10.7     14.0     31.0     20.5 2022  9 24  2 36 23.560  0.00  72
   105562  40.295923 -124.396948     8.110       13.8       24.4       -0.1     12.5     16.7     21.3 2022 11  8 18 37  6.880  0.00  72
   105563  40.296195 -124.396875     8.110       20.1       54.7        0.3     12.3     14.3     22.9 2022 11  9  1 33 51.080  0.00  72
   110376  40.295382 -124.397168     8.099       -4.8      -35.7      -11.5      9.6     16.6     15.5 2023  4  1 12 56 24.620  0.61  72
