   104725  40.729915 -124.223739    20.737      -21.3        2.7        6.5      0.5      0.3      0.7 2021  8  1 17 14 21.960  0.00  18
   104728  40.729842 -124.223047    20.715       37.1       -5.4      -15.0      0.4      0.2      0.4 2021  8 12  1  5 10.400  0.00  18
   104729  40.729830 -124.223031    20.715       38.5       -6.8      -15.3      0.4      0.2      0.4 2021  8 12  1  0 35.920  0.00  18
   104730  40.729858 -124.223079    20.701       34.4       -3.6      -29.1      0.5      0.3      0.5 2021  8 12  4  6 13.180  0.00  18
   104731  40.729928 -124.223332    20.714       13.1        4.1      -16.1      0.3      0.2      0.4 2021  8 12  1 11 44.700  0.00  18
   104732  40.729928 -124.223372    20.714        9.6        4.1      -16.1      0.4      0.3      0.4 2021  8 12  4 31 21.500  0.00  18
   104736  40.729899 -124.223120    20.707       30.9        0.9      -22.8      0.4      0.3      0.4 2021  8 12  4 26 21.340  0.00  18
   104738  40.729948 -124.223340    20.706       12.4        6.3      -23.7      0.3      0.3      0.4 2021  8 12  1 38 51.820  0.00  18
   104739  40.729871 -124.223096    20.720       33.0       -2.3      -10.1      0.4      0.3      0.4 2021  8 12  1 40 19.140  0.00  18
   104743  40.729846 -124.222982    20.722       42.6       -5.0       -8.4      0.5      0.2      0.4 2021  8 12  2  8 24.840  0.00  18
   104746  40.729907 -124.223201    20.717       24.1        1.8      -13.2      0.4      0.2      0.4 2021  8 12  1 17 20.740  0.00  18
   104751  40.729956 -124.223291    20.717       16.5        7.2      -12.8      0.4      0.3      0.4 2021  9 25 19 29 33.640  0.00  18
   104752  40.729899 -124.223096    20.728       33.0        0.9       -1.9      0.4      0.3      0.5 2021  9 25 19 41 25.880  0.00  18
   104753  40.729871 -124.223136    20.725       29.6       -2.3       -5.2      0.4      0.2      0.4 2021  9 25 20  4 29.320  0.00  18
   104754  40.729948 -124.223218    20.708       22.7        6.3      -21.7      0.4      0.3      0.4 2021  9 25 19 41 55.140  0.00  18
   104755  40.729911 -124.223291    20.706       16.5        2.3      -23.5      0.3      0.2      0.4 2021  9 25 21 31 36.900  0.00  18
   104756  40.729883 -124.223022    20.725       39.2       -0.9       -5.4      0.4      0.3      0.5 2021  9 25 19 57 59.400  0.00  18
   104757  40.729854 -124.223104    20.714       32.3       -4.1      -15.8      0.4      0.3      0.6 2021  9 25 19 21 20.700  0.00  18
   104758  40.729919 -124.223315    20.723       14.4        3.2       -6.8      0.4      0.3      0.4 2021  9 25 21 50 47.040  0.00  18
   104759  40.729895 -124.223079    20.722       34.4        0.5       -7.7      0.4      0.3      0.4 2021  9 25 19 42 14.420  0.00  18
   104760  40.729980 -124.223315    20.721       14.4        9.9       -9.1      0.4      0.3      0.5 2021  9 25 19 30 41.020  0.00  18
   104765  40.729952 -124.223210    20.722       23.4        6.8       -8.2      0.4      0.2      0.5 2021  9 26  0 23 57.940  0.00  18
   104766  40.729924 -124.223283    20.710       17.2        3.6      -20.2      0.4      0.3      0.4 2021  9 26  4 48 58.440  0.00  18
   104767  40.729948 -124.223429    20.709        4.8        6.3      -21.0      0.4      0.3      0.4 2021  9 26  4 47 56.220  0.00  18
   104768  40.729928 -124.223324    20.712       13.7        4.1      -18.0      0.4      0.3      0.4 2021  9 26  4 58 59.300  0.00  18
   104769  40.729822 -124.223055    20.720       36.4       -7.7      -10.5      0.5      0.3      0.4 2021  9 26  3  8  4.900  0.00  18
   104770  40.729903 -124.223299    20.718       15.8        1.4      -12.0      0.3      0.2      0.4 2021  9 26  6 47  1.820  0.00  18
   104778  40.729781 -124.223177    20.723       26.1      -12.2       -7.0      0.7      0.5      0.8 2021  9 26  4 52 20.080  0.00  18
   104779  40.729915 -124.223079    20.708       34.4        2.7      -22.2      0.4      0.3      0.4 2021  9 27  3 38 24.020  0.00  18
   104780  40.729895 -124.223307    20.728       15.1        0.5       -1.7      0.5      0.3      0.3 2021 10  2 13 58 43.600  0.00  18
   104782  40.729879 -124.222884    20.718       50.9       -1.4      -12.2      0.7      0.2      0.3 2021 10  2 16  3 32.660  0.00  18
   104785  40.729903 -124.223665    20.732      -15.1        1.4        1.8      0.6      0.3      0.6 2021 10 10  8 36 52.560  0.00  18
   104787  40.729899 -124.223714    20.745      -19.2        0.9       15.2      0.6      0.3      0.7 2021 10 10  9 56 51.320  0.00  18
   104791  40.729858 -124.223088    20.708       33.7       -3.6      -22.1      0.5      0.3      0.4 2021 10 18  5  9 10.720  0.00  18
   104793  40.729928 -124.223234    20.701       21.3        4.1      -28.9      0.4      0.2      0.5 2021 10 18  5  9 57.000  0.00  18
   104794  40.729862 -124.223104    20.724       32.3       -3.2       -6.1      0.4      0.2      0.4 2021 10 30 10 59 31.620  0.00  18
   104797  40.729956 -124.223739    20.724      -21.3        7.2       -5.5      0.6      0.3      0.6 2021 11  7 19 48  6.500  0.00  18
   104800  40.729899 -124.223128    20.694       30.2        0.9      -36.0      0.5      0.2      0.5 2022  3 25 13 28 32.140  0.00  18
   104801  40.729858 -124.223022    20.714       39.2       -3.6      -16.4      0.4      0.2      0.5 2022  3 25 22  6 11.360  0.00  18
   104803  40.729915 -124.223153    20.681       28.2        2.7      -49.2      0.5      0.2      0.6 2022  3 25 14  8 59.840  0.00  18
   104804  40.729928 -124.223185    20.698       25.4        4.1      -32.3      0.5      0.2      0.5 2022  3 25 13 50 50.600  0.00  18
   104805  40.729830 -124.222949    20.691       45.4       -6.8      -39.1      0.5      0.3      0.6 2022  3 25  8 23 32.880  0.00  18
   104806  40.729932 -124.223185    20.686       25.4        4.5      -43.7      0.5      0.2      0.6 2022  3 25 14 20 37.640  0.00  18
   104808  40.729871 -124.222957    20.685       44.7       -2.3      -44.6      0.6      0.3      0.6 2022  3 25 15 24 24.460  0.00  18
   104809  40.729924 -124.223177    20.695       26.1        3.6      -34.9      0.5      0.2      0.5 2022  3 25  9 31 23.220  0.00  18
   104810  40.729924 -124.223161    20.681       27.5        3.6      -48.9      0.5      0.2      0.6 2022  3 25 12 25 14.960  0.00  18
   104811  40.729891 -124.222998    20.691       41.2        0.0      -39.0      0.6      0.3      0.6 2022  3 25  8  9 50.540  0.00  18
   104814  40.729919 -124.223120    20.667       30.9        3.2      -63.0      0.5      0.2      0.8 2022  3 25 11 52 42.820  0.00  18
   104825  40.729834 -124.222843    20.707       54.3       -6.3      -22.8      0.5      0.3      0.5 2022  3 27  3 21 36.620  0.00  18
   104826  40.729895 -124.223153    20.687       28.2        0.5      -42.6      0.4      0.3      0.6 2022  6  6  6 54 28.160  0.00  18
   104829  40.729854 -124.223250    20.726       19.9       -4.1       -3.5      0.6      0.3      0.3 2022  6 27 15 18 26.760  0.00  18
   104831  40.729911 -124.223836    20.737      -29.6        2.3        7.2      1.0      0.4      0.5 2022  6 27 15 19 54.380  0.00  18
   104834  40.729810 -124.223560    20.694       -6.2       -9.0      -35.7      0.7      0.4      0.6 2022  9 22  6  7 32.900  0.00  18
   104836  40.729944 -124.223503    20.681       -1.4        5.9      -49.1      0.4      0.3      0.8 2022 11 19 14 19 54.200  0.00  18
   110351  40.729903 -124.223576    20.747       -7.6        1.4       17.1      0.3      0.2      0.4 2023  1  6 12 32 56.510  1.36  18
