   103149  40.403072 -124.388005    27.617      290.9     1116.5    -1268.4      9.0     13.9      8.7 2020  1 20  7 59 56.880  0.00  50
   103155  40.400326 -124.386678    27.461      403.5      811.5    -1423.5      4.9     13.9      8.2 2020  5  8 15 27 24.500  0.00  50
   103157  40.403210 -124.387134    27.611      364.8     1131.8    -1273.8      7.9      8.9      6.5 2020 10 12 20 48 16.180  0.00  50
   103162  40.402974 -124.387345    27.618      346.8     1105.6    -1267.2      4.5      6.2      8.7 2021  8  3  3 28  0.360  0.00  50
   103163  40.403373 -124.387199    27.600      359.3     1149.9    -1284.7      5.5      9.6      5.0 2021 10  2  9 49 41.900  0.00  50
   103164  40.403251 -124.387337    27.586      347.5     1136.4    -1298.9      4.3      5.7      7.2 2021 10  2  8 27 36.460  0.00  50
   103166  40.403642 -124.386906    27.598      384.1     1179.7    -1286.6      5.1      8.4      4.9 2021 10 25  1 19 40.240  0.00  50
   103167  40.404480 -124.389941    27.804      126.4     1272.8    -1080.6     11.2     21.0     15.6 2021 12 20 22  9 19.760  0.00  50
   103176  40.403825 -124.387109    27.597      366.9     1200.1    -1287.7      5.5      5.6      6.9 2022  8 19 12 11 19.800  0.00  50
   103178  40.403499 -124.387248    27.627      355.1     1163.9    -1258.1      4.8      8.3      3.8 2022 10 17  8 21 57.480  0.00  50
   103179  40.403373 -124.387150    27.601      363.4     1149.9    -1283.8      5.9     10.3      5.0 2022 10 17  8 33 17.800  0.00  50
   103180  40.403475 -124.387427    27.601      339.9     1161.2    -1284.1      4.5      5.7      6.3 2022 11 15  2 32 57.340  0.00  50
   103660  40.366654 -124.403215    31.386    -1000.7    -2927.4     2501.0      8.1     16.4      7.8 2020  3 19  2 25 29.840  0.00  50
   103662  40.381881 -124.405632    31.113    -1205.8    -1236.7     2228.1      7.6      9.9      6.8 2021  8  1  9 57 47.140  0.00  50
   103663  40.372465 -124.397876    30.902     -547.3    -2282.2     2017.0     11.7      8.8     10.1 2021  9  4 15 10 50.460  0.00  50
   103664  40.385168 -124.403670    31.048    -1039.2     -871.6     2163.1     12.6     14.6     10.7 2021  9 24 22 55 12.600  0.00  50
   103665  40.385531 -124.403654    31.038    -1037.8     -831.4     2152.6     12.5     14.4     10.6 2021  9 25  0 45 28.340  0.00  50
   103666  40.372677 -124.398535    30.943     -603.3    -2258.7     2058.3      8.7      6.8     10.9 2021 10  2  8 10 25.060  0.00  50
   103670  40.386523 -124.402572    31.224     -945.9     -721.1     2339.3      9.6     12.8      6.7 2021 12 21 20 41 34.660  0.00  50
   103671  40.381030 -124.401912    30.992     -890.0    -1331.1     2106.6      7.2     17.4      7.7 2022  2 12  1 43 15.200  0.00  50
   110317  40.404187 -124.386906    27.588      384.1     1240.3    -1296.6      3.2      5.6      4.8 2023  3 22 15 19 23.600  1.19  50
   110324  40.379858 -124.405713    31.202    -1212.7    -1461.2     2317.0      7.0      7.2      6.6 2022 12 22 11 49 54.180  3.63  50
