   102991  40.495642 -124.498926    29.749     -926.6     1942.0       85.9     14.5     40.5     30.5 2020  1  9 13 40 58.740  0.00  27
   102998  40.497156 -124.497396    29.602     -796.9     2110.1      -60.8     21.1     41.8     37.8 2020 10  4  6 55  1.040  0.00  27
   103000  40.490141 -124.498405    29.711     -882.5     1331.1       48.3     24.8     24.6     29.3 2020 10  8 16 45 53.320  0.00  27
   103003  40.493351 -124.500285    29.853    -1041.9     1687.6      190.3     12.6     14.9     23.1 2020 12  7  8 22 35.820  0.00  27
   103004  40.491907 -124.501180    29.942    -1117.8     1527.2      279.0     17.7     28.7     21.7 2020 12 17 16 52 32.620  0.00  27
   103005  40.492778 -124.500513    29.882    -1061.2     1623.9      218.8     14.7     15.3     21.0 2020 12 23 12 56 52.620  0.00  27
   103006  40.494519 -124.499552    29.785     -979.8     1817.3      122.0     15.1     29.5     22.4 2021  1 17 10 19 59.280  0.00  27
   103012  40.491976 -124.501278    29.930    -1126.1     1534.9      267.2     20.6     29.2     19.8 2021  7 21 12  6 54.160  0.00  27
   103015  40.494722 -124.499333    29.841     -961.1     1839.9      177.9     18.7     20.7     25.1 2021  8  4 20 21 42.980  0.00  27
   103016  40.492546 -124.501563    29.901    -1150.2     1598.2      238.2     28.8     32.0     38.9 2021  8  5 18 12 32.940  0.00  27
   103017  40.492574 -124.501546    29.899    -1148.8     1601.3      235.8     30.8     33.8     41.3 2021  8  5 16 53 27.500  0.00  27
   103022  40.492668 -124.500195    29.783    -1034.3     1611.7      120.0     25.6     20.7     21.9 2021 11 14 22 32 35.820  0.00  27
   103023  40.493201 -124.500342    29.918    -1046.7     1670.9      255.4     13.7     14.5     22.0 2021 11 27  7 32 25.300  0.00  27
   103026  40.492627 -124.500757    29.884    -1081.9     1607.2      221.6     13.8     20.4     17.8 2021 12 21 17 14  4.720  0.00  27
   103028  40.492334 -124.501034    29.914    -1105.4     1574.7      251.4     24.3     25.5     32.5 2021 12 29 22 51 33.620  0.00  27
   103029  40.493921 -124.500081    29.832    -1024.6     1750.9      168.8     17.8     27.1     20.2 2022  1 23 14 14  2.380  0.00  27
   103031  40.492769 -124.500098    29.875    -1026.0     1623.0      212.4     16.9     21.6     18.8 2022  6 14 14 54 54.680  0.00  27
   103033  40.493884 -124.499919    29.881    -1010.8     1746.8      217.8     14.2     20.9     16.9 2022  9 26  8  0 17.200  0.00  27
   103034  40.493046 -124.500374    29.784    -1049.5     1653.7      121.3     14.4     19.4     20.5 2022  9 26  1 25  9.900  0.00  27
   103035  40.493050 -124.500464    29.834    -1057.1     1654.2      171.5     14.6     14.5     19.1 2022  9 26  3 48 41.620  0.00  27
   104657  40.468144 -124.479476    30.109      722.6    -1111.5      446.0     22.6     43.1     21.4 2020  3  9 10 51 18.620  0.00  27
   104658  40.462594 -124.476628    29.479      964.1    -1727.8     -183.6     17.0     20.4     19.8 2020  3 18 23 16  2.080  0.00  27
   104659  40.462561 -124.476701    29.463      957.9    -1731.4     -199.7     22.2     19.0     17.6 2020  3 20 11  9 12.380  0.00  27
   104660  40.461772 -124.476457    29.478      978.6    -1819.1     -184.8     22.9     32.0     30.4 2020  5 10 15 44 38.280  0.00  27
   104662  40.465255 -124.474276    29.389     1163.6    -1432.3     -274.2     29.5     52.1     27.8 2020 12 30 23  3 58.660  0.00  27
   104663  40.465377 -124.474430    29.331     1150.4    -1418.8     -331.5     25.3     51.5     27.9 2020 12 31 13 12 57.180  0.00  27
   104665  40.464364 -124.475456    29.449     1063.5    -1531.3     -213.7     29.8     24.7     28.1 2021  6 24 14 45  8.020  0.00  27
   104667  40.463151 -124.476546    29.527      971.0    -1665.9     -135.7     16.7     18.8     18.7 2021  6 30 18 57 19.900  0.00  27
   104668  40.464132 -124.475586    29.533     1052.5    -1557.0     -130.1     20.1     27.9     17.2 2021  7  6 10 17  1.880  0.00  27
   104670  40.463456 -124.477368    29.599      901.3    -1632.0      -63.3     23.0     19.4     16.7 2021  7 21 11 24 19.480  0.00  27
   104672  40.463062 -124.477791    29.617      865.4    -1675.9      -46.0     19.4     30.6     16.5 2021  8 17  0  6 25.200  0.00  27
   104676  40.463863 -124.478621    29.966      795.0    -1586.9      303.0     28.1     34.7     37.2 2021 10 23  3  0  5.120  0.00  27
   104677  40.463481 -124.476034    29.419     1014.5    -1629.3     -243.8     18.7     28.8     18.8 2021 11  3 10 40 27.040  0.00  27
   104678  40.460966 -124.478825    29.847      777.8    -1908.6      184.2     25.9     26.4     21.5 2021 11 18  6 17 11.960  0.00  27
   104679  40.464038 -124.475732    29.569     1040.0    -1567.4      -93.3     15.5     23.2     17.2 2021 11 23  3 25  3.320  0.00  27
   104681  40.462394 -124.476628    29.593      964.1    -1750.0      -69.7     15.1     21.3     17.6 2021 12 22  1 49  7.300  0.00  27
   104682  40.463143 -124.476164    29.546     1003.5    -1666.8     -117.1     14.7     19.8     17.1 2021 12 22  2  6  5.140  0.00  27
   104684  40.464417 -124.480713    29.864      617.7    -1525.4      201.2     37.7     61.7     51.1 2022  4 16  8 34 43.700  0.00  27
   104685  40.459530 -124.473104    29.133     1263.0    -2068.1     -529.7     27.8     32.9     43.7 2022  4 21  0 59 15.880  0.00  27
   104686  40.463920 -124.477100    29.624      924.1    -1580.5      -39.2     20.8     23.3     16.9 2022  6 27 17 46 59.340  0.00  27
   104692  40.463436 -124.476221    29.574      998.6    -1634.3      -88.6     16.2     19.8     17.0 2022  9 24 22 42 50.600  0.00  27
   110314  40.493172 -124.499959    29.890    -1014.3     1667.7      227.5     13.8     17.2     19.0 2023  4 23 20 44 41.260  1.76  27
   110348  40.462480 -124.476628    29.616      964.1    -1740.5      -46.6     12.9     16.5     15.9 2022 12 15  2 16  4.110  2.47  27
