   102889  40.366406 -124.142521    33.269    -6060.0    -6281.0     7911.1      8.7      4.1      2.9 2021  4  4  8 10 32.760  0.00   7
   102890  40.366390 -124.142529    33.269    -6060.7    -6282.8     7911.1      8.6      4.1      2.9 2021  4  4  3 35 44.280  0.00   7
   102891  40.366386 -124.142578    33.270    -6064.9    -6283.2     7912.4      8.0      4.2      2.9 2021  4  4 18 25 54.640  0.00   7
   102894  40.367102 -124.141602    33.270    -5981.9    -6203.7     7912.0     10.2      8.0      4.2 2021  7 19 15 24 44.800  0.00   7
   102896  40.366565 -124.141634    33.258    -5984.7    -6263.3     7899.7     10.1      8.0      4.6 2021 12 20 21 22 32.640  0.00   7
   103941  40.485425 -123.986051    29.697     7217.9     6935.2     4338.9      8.0      7.8      8.3 2020  3 22 17 12 28.000  0.00   7
   103945  40.482039 -123.985514    29.652     7263.6     6559.3     4294.5      7.6      7.9      8.3 2022  5 17 10 23 27.700  0.00   7
   103946  40.484245 -123.980526    29.924     7686.7     6804.2     4566.1     10.7      9.4      8.4 2022  9 14  8 41 34.640  0.00   7
   104013  40.410038 -124.121663    21.383    -4287.8    -1435.9    -3974.5      7.4      6.6      5.2 2020  1 18 21  9  0.700  0.00   7
   104015  40.410173 -124.121859    21.385    -4304.4    -1421.0    -3973.0      7.1      6.5      5.0 2020  4  2 13  1 52.880  0.00   7
   104024  40.410954 -124.117285    21.556    -3916.2    -1334.3    -3801.5      6.7      5.2      4.9 2021  1 18  2 38 58.800  0.00   7
   104025  40.409900 -124.116585    21.583    -3856.9    -1451.3    -3775.0      7.5      4.8      4.4 2021 10  6  6 27 37.560  0.00   7
   104028  40.411194 -124.118368    21.550    -4008.1    -1307.6    -3807.8      7.1      6.5      6.4 2021 12 20 23  8 40.760  0.00   7
   105276  40.399390 -124.096566    21.699    -2157.9    -2618.4    -3658.6      3.5      4.3      2.1 2020  1 29  0  2 55.980  0.00   7
   105277  40.399247 -124.096395    21.701    -2143.4    -2634.2    -3657.3      3.5      4.2      2.3 2020  1 30 21 48 49.880  0.00   7
   105278  40.399422 -124.096517    21.764    -2153.8    -2614.8    -3594.4      3.6      4.8      3.0 2020  3  5 21  0 42.600  0.00   7
   105279  40.399744 -124.096810    21.708    -2178.6    -2579.1    -3650.1      6.5      5.0      3.6 2020 12 23 12 13 31.360  0.00   7
   105280  40.399146 -124.096257    21.730    -2131.7    -2645.5    -3628.0      4.3      3.7      2.9 2021  1  1 12 27 47.320  0.00   7
   105281  40.399805 -124.096842    21.708    -2181.4    -2572.3    -3650.2      7.0      5.5      3.8 2021  5 10 19 32 46.180  0.00   7
   105282  40.399215 -124.096297    21.766    -2135.1    -2637.8    -3592.3      3.7      4.4      2.9 2021  5 20 10 18 33.860  0.00   7
   105285  40.399325 -124.096452    21.729    -2148.2    -2625.6    -3628.5      3.4      3.4      1.5 2021 10  4 20 34 35.760  0.00   7
   105286  40.399410 -124.096525    21.719    -2154.5    -2616.1    -3638.9      2.1      2.4      1.5 2021 10 31 14 32 48.000  0.00   7
   105287  40.401090 -124.097510    21.766    -2238.0    -2429.5    -3592.0      6.4      8.1      3.8 2021 10 31 15  9 13.180  0.00   7
   105289  40.399089 -124.096216    21.701    -2128.2    -2651.8    -3656.7      3.9      3.8      2.0 2021 11 28  4 35 26.220  0.00   7
   105290  40.399076 -124.096257    21.704    -2131.7    -2653.2    -3653.6      3.3      3.8      2.2 2022  2 13 11 43  3.040  0.00   7
   105291  40.399235 -124.096411    21.701    -2144.8    -2635.6    -3656.9      3.3      3.8      2.3 2022  4  5  1 19 10.660  0.00   7
   105292  40.399036 -124.096403    21.694    -2144.1    -2657.7    -3664.4      4.3      5.0      2.6 2022  5 29 17 19 38.600  0.00   7
   105293  40.399272 -124.096387    21.716    -2142.7    -2631.5    -3641.6      1.8      2.2      1.3 2022  7 28  6 53 34.280  0.00   7
   105295  40.399194 -124.096346    21.725    -2139.3    -2640.1    -3633.2      2.6      2.7      1.6 2022  8 22  4 34 43.360  0.00   7
   105296  40.399337 -124.096484    21.714    -2151.0    -2624.3    -3643.7      2.6      2.7      1.4 2022 11  4 22 38  7.100  0.00   7
   106489  40.429675 -123.986743    25.926     7162.2      744.6      567.9      6.1      6.8      8.0 2020  2 18 22 54 46.760  0.00   7
   106490  40.440812 -123.976424    24.535     8037.2     1981.3     -822.8      7.9      8.7     15.1 2021  6 26 10 12  6.320  0.00   7
   106491  40.440007 -123.976945    24.738     7993.0     1891.8     -619.8      5.5      6.1      9.8 2021  7 10 12 28 45.800  0.00   7
   106872  40.392916 -124.061784    30.389      794.4    -3337.3     5030.8     13.3     20.5     12.7 2020  2 25 11 51 37.820  0.00   7
   106873  40.401530 -124.053630    30.002     1486.5    -2380.7     4644.3      6.9      9.5      6.9 2020  3 19 10 36 36.040  0.00   7
   106875  40.397872 -124.055827    30.692     1300.0    -2786.9     5333.6      9.0      7.7      5.6 2021 12 21  0 10  7.280  0.00   7
   107831  40.465238 -124.036475    22.414     2941.2     4693.7    -2944.3      9.4      7.4      8.6 2022 10 19  0 15 29.200  0.00   7
   107832  40.373490 -124.134896    32.956    -5412.4    -5494.3     7597.6     15.4     10.7      4.7 2020  3 18 22 26 34.000  0.00   7
   107841  40.375448 -124.137297    32.929    -5616.1    -5277.0     7571.5      9.9      9.5      6.2 2021  8  4  3 22  9.320  0.00   7
   108026  40.431498 -123.978076    30.820     7897.6      947.0     5461.9      6.1      9.3      7.0 2020  3 19  6  4 27.540  0.00   7
   108027  40.429097 -123.975854    31.010     8086.2      680.5     5652.2      6.3      8.2      4.5 2020  4  5  7 40 43.480  0.00   7
   108029  40.432121 -123.979183    30.537     7803.6     1016.2     5179.4      7.9      4.9      5.1 2021 12 29  8 57 56.420  0.00   7
   108443  40.445264 -124.036768    25.452     2916.7     2475.6       94.3      4.2      4.2      5.3 2020  4 15  2  5 45.300  0.00   7
   108444  40.444808 -124.035929    25.454     2987.9     2425.0       96.0      6.4      5.9      6.3 2020  9 13 11 44 12.660  0.00   7
   108445  40.445044 -124.036336    25.470     2953.3     2451.2      112.4      5.8      4.9      4.5 2021  4  5 21 32  1.320  0.00   7
   108446  40.445890 -124.036540    25.422     2936.1     2545.2       64.0      7.2      5.8      7.2 2021  6 28 16 28  2.920  0.00   7
   108619  40.450285 -124.020907    26.116     4262.4     3033.2      758.3      4.8      3.9      5.0 2020  5 30 15  6  2.180  0.00   7
   108621  40.450562 -124.022298    26.116     4144.3     3063.9      758.1      4.4      5.2      4.3 2021 10 15 19 10  7.840  0.00   7
   108875  40.364742 -124.106559    23.251    -3006.9    -6465.8    -2107.1      4.0      4.3      2.3 2021  6 17 12 35 13.960  0.00   7
   108883  40.366488 -124.106022    23.203    -2961.3    -6271.9    -2154.8      4.7      5.8      2.5 2021 12 16  2 34 44.300  0.00   7
   108968  40.461320 -123.995687    22.923     6401.7     4258.5    -2435.2      8.3      8.0      8.6 2020  8 24 14 37 42.000  0.00   7
   108969  40.461112 -123.996419    23.044     6339.6     4235.5    -2313.9      8.1      7.7      9.0 2020  9 30  6 44 49.540  0.00   7
   109100  40.361210 -124.162769    30.669    -7779.4    -6857.9     5310.7     12.3     10.2      4.6 2020 10  4 21 32 36.540  0.00   7
   109102  40.369649 -124.173104    30.518    -8656.3    -5920.8     5160.4     11.2      6.8      5.7 2021 10 19  7 26 57.180  0.00   7
   109104  40.368005 -124.170955    30.592    -8474.0    -6103.4     5234.4      7.6      7.3      2.8 2021 12 20 20 51 53.600  0.00   7
   109499  40.466459 -123.982943    22.187     7482.7     4829.2    -3171.2      8.7      9.2      7.8 2021  2 19 20 48 55.420  0.00   7
   109500  40.464478 -123.981185    22.125     7631.9     4609.2    -3232.8      5.0      4.2      3.0 2021  6 14 21 41 19.180  0.00   7
   109503  40.464062 -123.981291    22.260     7622.9     4563.1    -3097.6      5.1      4.8      4.6 2021  6 14 21 42 47.200  0.00   7
   109505  40.463692 -123.979940    22.100     7737.6     4522.0    -3258.1      3.0      3.2      3.9 2021  6 14 22 44 53.320  0.00   7
   109506  40.463985 -123.981315    22.260     7620.9     4554.5    -3098.2      5.0      4.7      4.5 2021  6 14 21 51  5.400  0.00   7
   109507  40.463643 -123.979972    22.089     7734.8     4516.5    -3269.4      3.0      3.5      3.2 2021  6 14 22 52  3.640  0.00   7
   109508  40.463367 -123.978996    22.125     7817.7     4485.8    -3233.0      3.7      4.2      3.4 2021  6 14 15  0 25.220  0.00   7
   109510  40.463534 -123.979687    22.087     7759.0     4504.3    -3271.4      2.5      3.3      2.9 2021  6 15  9 40 32.620  0.00   7
   109511  40.464498 -123.981209    22.103     7629.8     4611.4    -3255.1      5.0      4.5      2.7 2021  6 15  6 13 15.620  0.00   7
   109513  40.464380 -123.980477    22.075     7692.0     4598.3    -3283.3      4.0      3.9      3.6 2021  6 15  5 24 54.660  0.00   7
   109514  40.464006 -123.981307    22.260     7621.6     4556.8    -3098.3      5.0      4.7      4.5 2021  6 15  3 58 23.420  0.00   7
   109515  40.464315 -123.980387    22.072     7699.6     4591.1    -3286.3      3.7      3.7      3.7 2021  6 15  3 24 41.680  0.00   7
   109516  40.463688 -123.980127    22.094     7721.7     4521.5    -3264.3      3.1      3.6      3.3 2021  6 15  7  5 48.180  0.00   7
   109517  40.463704 -123.980021    22.093     7730.7     4523.3    -3264.5      2.9      3.3      3.6 2021  6 15  3 27 10.880  0.00   7
   109518  40.463611 -123.979793    22.089     7750.0     4512.9    -3269.2      2.3      2.8      3.0 2021  6 15  7 40  9.320  0.00   7
   109519  40.463997 -123.979687    22.062     7759.0     4555.9    -3296.4      3.1      3.4      4.1 2021  6 15  6 46 13.080  0.00   7
   109520  40.464026 -123.979956    22.086     7736.2     4559.0    -3271.9      2.8      2.7      2.0 2021  6 15  0  0 36.560  0.00   7
   109522  40.464730 -123.979687    22.065     7758.9     4637.2    -3293.0      4.8      6.4      4.7 2021  6 15  5  2 36.180  0.00   7
   109523  40.464010 -123.979850    22.092     7745.1     4557.2    -3265.9      2.2      2.4      1.9 2021  6 15  4 42  5.060  0.00   7
   109524  40.463656 -123.979948    22.099     7736.9     4517.9    -3259.4      2.4      3.1      3.4 2021  6 15 10 19 32.620  0.00   7
   109525  40.463965 -123.979761    22.073     7752.7     4552.2    -3285.3      2.7      2.8      3.1 2021  6 15  6 28  1.200  0.00   7
   109526  40.463924 -123.979850    22.083     7745.2     4547.7    -3274.7      2.5      2.4      2.2 2021  6 16  1 29  3.400  0.00   7
   109527  40.463981 -123.980916    22.226     7654.7     4554.0    -3131.9      5.2      4.6      4.4 2021  6 24 14 55 33.640  0.00   7
   109529  40.460966 -123.976693    22.213     8013.2     4219.2    -3145.0      6.0      7.6      4.6 2022  8 12  1 20 23.680  0.00   7
   109530  40.463135 -123.979362    22.102     7786.6     4460.1    -3255.6      3.8      5.0      3.5 2022  8 23 13 40  9.980  0.00   7
   109531  40.437939 -124.005550    28.502     5565.9     1662.3     3144.0      7.8     11.5      6.2 2021  2 20  0 31  6.820  0.00   7
   109532  40.434082 -124.009017    28.697     5271.8     1234.0     3338.7      6.3      6.8      6.0 2021  5 25  1 57 35.200  0.00   7
   109662  40.392558 -124.041366    29.546     2527.6    -3377.0     4188.5      6.7      8.3      6.2 2021  6 28 12 31 10.080  0.00   7
   109806  40.387150 -124.249243    26.646   -15118.4    -3977.5     1287.9      6.2      5.4      7.4 2021 11  9 19 48 34.540  0.00   7
   109807  40.387919 -124.249577    26.864   -15146.7    -3892.1     1506.5      4.7      4.2      3.4 2021 12 20 21 53 50.200  0.00   7
   109812  40.386560 -124.234676    26.720   -13881.9    -4043.0     1362.1      8.9      4.9      3.2 2021 12 21 17 56 14.380  0.00   7
   109813  40.385506 -124.247957    27.126   -15009.5    -4160.0     1768.0      5.4      9.0      6.5 2021 12 21 10 42 55.620  0.00   7
   109814  40.386544 -124.234725    26.721   -13886.1    -4044.8     1363.2      8.7      4.8      3.2 2021 12 21  0 36 47.480  0.00   7
   109816  40.387000 -124.248722    26.876   -15074.2    -3994.2     1518.4      5.7      6.3      4.1 2021 12 21  6 47 31.940  0.00   7
   109819  40.389323 -124.249438    26.725   -15134.8    -3736.2     1367.3      8.4      7.7      6.1 2021 12 21  5 34  4.380  0.00   7
   109820  40.387663 -124.249438    26.971   -15135.0    -3920.6     1613.2      4.5      6.2      4.9 2021 12 21  1 42 43.340  0.00   7
   109822  40.385986 -124.235075    26.740   -13915.9    -4106.7     1382.3      6.5      5.2      3.1 2021 12 21  0  6 22.480  0.00   7
   109824  40.386707 -124.247917    26.882   -15005.9    -4026.8     1524.5      4.8      6.2      4.1 2021 12 21  3 26 33.380  0.00   7
   109825  40.387541 -124.248926    26.837   -15091.5    -3934.1     1478.6      4.5      3.6      2.9 2021 12 21  6 26 47.400  0.00   7
   109827  40.393123 -124.246086    26.510   -14849.8    -3314.2     1152.1     16.6     10.4      6.3 2021 12 24 12 46 23.800  0.00   7
   109829  40.386601 -124.236475    26.717   -14034.6    -4038.5     1359.3     11.9      6.4      3.1 2021 12 26  9 14 12.100  0.00   7
   109831  40.387968 -124.249015    26.810   -15099.0    -3886.7     1452.3      6.0      2.8      2.8 2022  1  8 17  8 29.240  0.00   7
   109832  40.386096 -124.247453    26.595   -14966.6    -4094.5     1236.7     20.6      6.8      4.9 2022  1 25 11 31 58.500  0.00   7
   109835  40.373836 -124.244401    26.904   -14708.9    -5455.9     1546.2     13.8     10.0      5.7 2022 10 19 20 59 36.440  0.00   7
   110135  40.403516 -124.136865    21.684    -5578.3    -2160.2    -3674.1      8.0      6.6      6.3 2021 12 20 22 59 59.900  0.00   7
   110284  40.464083 -124.023226    27.011     4065.2     4565.3     1653.0      8.5      7.7      9.0 2022 11 23  5 59 44.720  0.00   7
   110309  40.365706 -124.143457    33.271    -6139.5    -6358.7     7912.7     10.1      5.4      3.2 2023  1 19  5  8  4.700  1.05   7
   110329  40.483333 -123.987419    29.715     7102.0     6703.0     4357.2      8.0      7.7      7.8 2023  1  2  1 54 21.740  1.00   7
   110333  40.411568 -124.118050    21.441    -3981.1    -1266.0    -3917.4      7.6      6.0      6.2 2022 12 23  0 32  6.750  0.86   7
   110358  40.448425 -124.017171    26.327     4579.4     2826.7      969.2      5.4      5.9      4.5 2023  1  1 18 46 17.900  1.73   7
   110363  40.398926 -124.095630    21.656    -2078.5    -2669.9    -3701.8      7.2      6.5      4.2 2022 12 14 10 39 54.760  1.83   7
   110389  40.456038 -124.018050    27.201     4504.6     3672.1     1842.7      5.8      6.0      4.5 2023  1 17  6 16 20.570  0.99   7
   110405  40.435197 -123.982251    25.505     7543.1     1357.8      146.6      6.9      7.8     10.2 2023  1 14  2 18  4.460  1.07   7
   110419  40.407304 -124.054256    29.722     1433.2    -1739.6     4363.8      5.6      6.9      4.4 2023  3 11 22  2  2.000  2.25   7
   110456  40.464258 -124.036369    22.249     2950.2     4584.8    -3108.7      9.0      7.5      8.9 2023  1  1 23 43 15.800  0.87   7
   110457  40.374866 -124.137410    32.926    -5625.8    -5341.6     7567.6      7.3      6.4      4.7 2023  1 18 23 33 23.240  1.29   7
   110472  40.426912 -123.975977    30.675     8076.0      437.8     5317.2      5.7      5.2      3.7 2023  2  1 13  7  8.630  2.17   7
   110493  40.437964 -123.997656    29.332     6235.7     1665.0     3974.2      7.3      8.8      7.4 2023  1  1 20 39 27.200  0.90   7
   110503  40.445439 -124.036182    25.533     2966.5     2495.0      175.2      4.7      3.6      4.6 2023  1  2  5 55 55.720  1.08   7
   110536  40.449748 -124.020785    26.189     4272.8     2973.5      831.2      4.7      5.5      4.2 2023  1  1 19  9 40.500  1.03   7
   110563  40.365385 -124.106405    23.198    -2993.8    -6394.4    -2160.2      2.8      3.5      2.4 2023  3 13  6 22 55.270  1.07   7
   110576  40.457076 -123.998177    23.454     6190.6     3787.3    -1904.4      7.9      7.2      8.9 2023  1  1 19 17 41.680  1.12   7
   110601  40.364185 -124.170996    30.531    -8477.7    -6527.7     5172.6      5.9      6.4      3.8 2022 12 21 11 23 41.660  0.93   7
   110606  40.449390 -124.001424    28.090     5915.5     2933.8     2732.5      6.8      7.5      6.7 2023  1  1 19 51  1.960  0.91   7
   110616  40.441626 -124.035970    25.868     2984.5     2071.7      510.0      6.9      5.2      5.4 2023  4 19  4 14 25.130  0.93   7
   110639  40.463859 -123.977970    22.066     7904.6     4540.5    -3292.1      4.6      3.9      4.9 2023  1  1 20 22 17.380  1.37   7
   110640  40.438786 -124.015682    28.945     4706.1     1756.3     3586.6      6.3      7.8      4.6 2023  1  1 18 55 10.060  2.21   7
   110668  40.393636 -124.043115    29.443     2379.0    -3257.3     4085.0      6.3      7.3      5.4 2023  1  1 19 18 40.760  1.27   7
   110693  40.460242 -124.040796    25.502     2574.7     4138.8      144.0      5.6      3.5      4.9 2023  1  1 19  3 59.640  1.01   7
   110701  40.456706 -124.021509    24.914     4211.1     3746.2     -444.0      4.2      4.1      4.0 2023  1  2 23 43  1.560  1.21   7
   110704  40.477486 -124.046248    23.858     2111.8     6053.7    -1500.2      9.3      7.8      9.3 2022 12 29 13 14 49.800  1.45   7
   110709  40.387244 -124.248421    26.790   -15048.7    -3967.1     1432.5      3.6      3.8      2.8 2023  4 18 21  0 30.040  1.34   7
   110733  40.406364 -124.141756    21.979    -5993.3    -1843.9    -3379.3      6.5      6.2      5.1 2023  1 17  1 49  9.700  2.75   7
   110764  40.425216 -123.980322    24.792     7707.3      249.4     -565.5      8.1      9.6     13.3 2023  1  1 19 14 27.920  2.17   7
   110775  40.427958 -124.062524    27.538      731.4      553.9     2180.4     13.5     10.3      8.9 2023  1 25 22  4 46.680  1.02   7
   110792  40.436576 -124.027604    24.092     3694.5     1510.9    -1265.8      5.6      5.2      7.8 2023  2  2  4 36 49.580  0.83   7
   110811  40.463949 -124.026587    27.156     3780.1     4550.4     1798.3      5.0      5.3      4.7 2023  1  1 20 19 37.080  1.15   7
