   106452  40.707304 -124.368433    23.854     -244.1      487.6    -1113.2    162.5    124.8    181.7 2021  2 24  1 13  1.120  0.00  71
   106453  40.707092 -124.368896    23.793     -283.3      464.1    -1174.2    154.2    122.0    163.0 2021  6  9  4 11 41.800  0.00  71
   106454  40.706925 -124.368685    24.223     -265.5      445.5     -744.4    129.2    171.2    564.4 2021  6 15  1 44 36.180  0.00  71
   106455  40.707723 -124.369132    25.822     -303.3      534.1      854.3    146.5    147.7    292.3 2021  9 20  7 30 52.220  0.00  71
   106456  40.706771 -124.369238    24.828     -312.2      428.4     -139.1    197.7    163.2    535.1 2021  9 22  9 23  9.220  0.00  71
   106457  40.706706 -124.369173    24.712     -306.7      421.1     -255.1    274.0     94.8    424.2 2021  9 26 15 38 26.700  0.00  71
   106458  40.706543 -124.368457    23.913     -246.2      403.1    -1054.0    199.4    170.6    188.3 2021 12 28  4 59 52.400  0.00  71
   106459  40.707340 -124.369238    25.223     -312.2      491.6      255.8    175.5    167.5    422.1 2022  8  5  4  2 33.760  0.00  71
   106470  40.684163 -124.350358    28.878     1283.5    -2082.2     3910.8    187.5    224.8    254.4 2021  6 27 14 23 24.780  0.00  71
   110401  40.707267 -124.368864    23.939     -280.6      483.5    -1028.7    113.0     92.7    105.1 2023  1 19  3  6 27.480  1.40  71
   110402  40.684412 -124.351701    29.112     1170.0    -2054.6     4145.0    187.6    225.1    252.0 2023  2 17  9 24 34.670  1.19  71
