   106728  40.457560 -124.270711    25.333       50.4       79.5      372.9     70.3     54.3     65.5 2020  3 18 22 39 56.960  0.00  17
   106731  40.457039 -124.271281    25.138        2.1       21.7      178.1    153.2    156.2    168.8 2020  4 28 22 46 41.280  0.00  17
   106736  40.457011 -124.273039    25.332     -147.0       18.5      372.0    165.6    132.1    101.7 2020  9 13 12 45 25.840  0.00  17
   106739  40.458968 -124.271436    25.476      -11.0      235.9      516.1    134.2    121.8    135.9 2021  3 17  1 49 22.520  0.00  17
   106742  40.457304 -124.270239    25.312       90.4       51.1      352.3     82.3     75.3    112.0 2021  6  9 13 49 49.100  0.00  17
   106743  40.457080 -124.267472    25.264      325.1       26.2      304.2    162.6     92.1    109.1 2021  6 10 16 57 49.660  0.00  17
   106745  40.457410 -124.273462    25.564     -182.9       62.8      604.3    161.7    206.8    191.1 2021  7 18 16 42 41.440  0.00  17
   106753  40.458211 -124.271257    25.404        4.1      151.8      444.8     79.9     75.2     71.5 2021 12 20 20 16 29.340  0.00  17
   106754  40.457654 -124.272298    25.412      -84.2       89.9      452.2    102.5    104.0     93.8 2021 12 21  2 26  2.820  0.00  17
   106755  40.457271 -124.269865    25.254      122.2       47.4      294.2    148.0     77.4    103.4 2021 12 21  3 30 46.600  0.00  17
   106756  40.459432 -124.269539    25.611      149.8      287.4      651.7    218.4    141.9    132.1 2021 12 21 19  5 18.040  0.00  17
   106757  40.457544 -124.267212    25.324      347.2       77.7      364.0    189.1    150.6    131.4 2021 12 21  1 43 20.320  0.00  17
   106758  40.456470 -124.269987    25.173      111.8      -41.6      213.1    204.7    111.3    142.0 2021 12 21 21 41 57.480  0.00  17
   106760  40.457666 -124.270304    25.351       84.9       91.3      391.4     94.3     71.2     86.5 2021 12 21 23 39 48.460  0.00  17
   106761  40.457369 -124.272054    25.231      -63.5       58.3      271.4    199.3     64.5    109.3 2021 12 21  6 12 22.560  0.00  17
   106762  40.457271 -124.270313    25.221       84.2       47.4      261.6    160.5     67.0    116.2 2021 12 21 13 12 47.980  0.00  17
   106765  40.459916 -124.272314    25.613      -85.6      341.1      653.8    139.2    161.9    160.0 2021 12 21  4 45 19.380  0.00  17
   106768  40.457922 -124.269255    25.396      174.0      119.7      436.0    128.8     53.1    112.0 2021 12 21  1 42  0.360  0.00  17
   106770  40.457052 -124.271810    25.315      -42.8       23.0      355.7    108.6     87.0     77.5 2021 12 21 20  6 12.260  0.00  17
   106771  40.457800 -124.273763    25.444     -208.5      106.2      484.3    159.4    122.5     99.9 2021 12 21  9 13 30.740  0.00  17
   106772  40.456905 -124.274731    25.065     -290.6        6.8      105.2    324.6     90.6    191.2 2021 12 21  7  6 27.260  0.00  17
   106774  40.459298 -124.269214    25.554      177.4      272.5      594.8    192.4    169.6    126.2 2021 12 21  8  1 41.180  0.00  17
   106775  40.458085 -124.270703    25.338       51.1      137.8      378.1     83.2     99.1     78.3 2021 12 22 11 57 26.320  0.00  17
   106776  40.457572 -124.272217    25.403      -77.3       80.9      443.3    106.5    113.9    107.3 2021 12 22 20 17 58.960  0.00  17
   106778  40.458325 -124.269596    25.517      145.0      164.5      557.2    180.7    123.5    141.9 2021 12 23  3 20 39.960  0.00  17
   106780  40.457694 -124.270662    25.317       54.5       94.4      357.3     70.1     63.0     70.9 2021 12 26 10  1 21.900  0.00  17
   106781  40.457654 -124.270378    25.297       78.7       89.9      337.2     75.4     73.8     76.3 2021 12 26 23 20 59.320  0.00  17
   106783  40.457821 -124.270614    25.334       58.7      108.4      374.2     75.3     68.0     70.4 2021 12 27  1  9 16.580  0.00  17
   106787  40.457186 -124.273503    25.532     -186.4       38.0      572.7    144.4    162.7    141.5 2022  1  2 22  0  9.380  0.00  17
   106789  40.457503 -124.271216    25.312        7.6       73.2      352.6     93.5     72.4     65.8 2022  1  2  4 53 31.180  0.00  17
   106790  40.459753 -124.270182    25.647       95.3      323.1      687.5    203.0    154.7    144.5 2022  1  2  8 17  5.880  0.00  17
   106793  40.458289 -124.273071    25.642     -149.8      160.4      682.4    140.8    154.7    168.8 2022  1 13 13 37 23.880  0.00  17
   106795  40.456934 -124.269010    25.182      194.7        9.9      222.5    190.1     97.7    112.7 2022  1 15 16 20  8.480  0.00  17
   106796  40.457503 -124.268595    25.280      229.9       73.2      320.0    144.1    100.3     87.9 2022  1 18  1  5 22.860  0.00  17
   106798  40.457446 -124.270410    25.295       75.9       66.9      335.8     80.0     77.2     72.5 2022  1 29 10 59 48.560  0.00  17
   106799  40.455611 -124.270345    25.137       81.5     -136.9      177.1    131.3    156.5    121.5 2022  1 30 22 25  8.500  0.00  17
   106801  40.456396 -124.270785    25.192       44.2      -49.7      232.0    139.6    110.8    110.6 2022  2 25  4  3 34.000  0.00  17
   106803  40.457365 -124.270833    25.292       40.0       57.8      332.8     86.7     79.2     77.2 2022  4 12  0 54 20.500  0.00  17
   106804  40.457479 -124.270996    25.310       26.2       70.5      350.4     85.4     77.6     76.2 2022  4 15  9 43 42.080  0.00  17
   106807  40.460136 -124.273332    25.704     -171.9      365.5      744.4    190.5    134.0    153.4 2022  8 27  0 17 55.680  0.00  17
   106808  40.457617 -124.271712    25.328      -34.5       85.8      367.9    137.8     54.4     57.4 2022  9 12 11 16 51.400  0.00  17
   106809  40.454667 -124.271257    25.032        4.1     -241.7       72.8    194.4    165.3    142.2 2022 11  3 19 20 57.480  0.00  17
   106810  40.457971 -124.270353    25.357       80.8      125.2      397.1    106.2     60.5     64.9 2022 11 17 18 30  3.780  0.00  17
   110130  40.457389 -124.272412    25.379      -93.9       60.5      419.4    179.9    117.8    130.1 2021 12 20 21 19 35.360  0.00  17
   110131  40.454305 -124.270817    24.949       41.4     -281.9      -10.3    219.2    158.7    201.0 2021 12 20 23 14 29.400  0.00  17
   110133  40.457487 -124.272860    25.405     -131.8       71.4      445.7    170.1    118.2    130.2 2021 12 23 18 20 46.720  0.00  17
   110134  40.457898 -124.273975    25.485     -226.4      117.0      525.6    165.7    148.2    129.5 2022  3  4 15 40 56.400  0.00  17
   110169  40.450549 -124.285645    21.959    -1216.3     -699.0    -3000.8    179.8    122.1    126.5 2021 12 21 17 40 43.880  0.00  17
   110170  40.449866 -124.281047    21.904     -826.3     -774.9    -3055.2    233.7    109.9    125.1 2021 12 21 17 46 54.000  0.00  17
   110171  40.449695 -124.283984    21.866    -1075.5     -793.9    -3093.2    192.6    136.7    154.8 2021 12 21  0 56 54.660  0.00  17
   110172  40.449227 -124.286393    21.926    -1279.9     -845.8    -3033.8    453.2    155.8    136.2 2021 12 21  9 29 42.380  0.00  17
   110173  40.450618 -124.289176    21.872    -1515.9     -691.3    -3087.7    203.8    121.1    118.0 2021 12 31  7 54 22.740  0.00  17
   110414  40.457629 -124.270483    25.312       69.7       87.2      352.1     56.2     51.3     60.8 2023  4 18  6 30 20.240  1.21  17
   110732  40.458158 -124.271859    25.429      -46.9      145.9      469.5    153.1    110.6    118.9 2023  4 20  6 34 58.960  0.73  17
   110744  40.451396 -124.288420    21.895    -1451.7     -605.0    -3064.5    209.8    117.9    118.4 2022 12  6 14 13  7.240  1.22  17
