   108116  40.731807 -124.221956    20.878       46.7     -164.0      -71.7    391.0    273.5    462.2 2020  3 26  9 20 53.200  0.00  31
   108117  40.733407 -124.222461    20.936        4.1       13.6      -13.8    105.2     91.3     95.9 2020  4 13 22 41 44.480  0.00  31
   108121  40.733297 -124.222380    20.946       11.0        1.4       -4.0    111.1     85.4     76.8 2020  6  1  3  3 25.700  0.00  31
   108124  40.733122 -124.223104    21.006      -50.2      -18.1       55.7    173.4     94.3    177.1 2021  7  6  9 25 32.080  0.00  31
   108125  40.733183 -124.223104    20.987      -50.2      -11.3       37.3    158.8     88.9    157.0 2021  7  7  8 56 27.360  0.00  31
   108126  40.733130 -124.222982    20.999      -39.9      -17.2       49.0    160.4     86.0    159.3 2021  7  7  8 57 58.960  0.00  31
   108127  40.733150 -124.222925    20.993      -35.1      -14.9       43.4    151.4     78.0    146.9 2021  7  7  8 57 42.960  0.00  31
   108128  40.733171 -124.223031    20.989      -44.0      -12.7       39.3    154.8     85.5    150.8 2021  7 17  8 16 24.480  0.00  31
   108129  40.733158 -124.223088    20.994      -48.8      -14.0       43.7    158.1     86.4    155.3 2021  7 17  8  5  6.820  0.00  31
   108130  40.733122 -124.222998    20.999      -41.2      -18.1       48.6    160.7     85.5    159.1 2021  7 17  8  4 38.280  0.00  31
   108133  40.733378 -124.222078    20.914       36.4       10.4      -35.8    143.5    106.0    127.1 2021  9 13 12 47 56.560  0.00  31
   108135  40.733329 -124.222225    20.932       24.1        5.0      -17.8    118.2     86.8    113.4 2021  9 25 19 33 49.660  0.00  31
   108136  40.733374 -124.222290    20.927       18.6        9.9      -23.3    120.8    102.1    113.5 2021  9 25 19 32 13.960  0.00  31
   108137  40.733370 -124.222355    20.933       13.1        9.5      -17.1    110.0     95.0    101.9 2021  9 25 21  8 54.760  0.00  31
   108138  40.733333 -124.222290    20.925       18.6        5.4      -25.4    111.5     92.1    106.4 2021  9 25 22 51 56.340  0.00  31
   108140  40.733289 -124.222225    20.929       24.1        0.5      -21.4    118.1     91.9    103.6 2021  9 26  2 29  6.560  0.00  31
   108144  40.733358 -124.222274    20.933       19.9        8.1      -17.4     94.3     97.9    117.8 2021 10  2 14 19 50.940  0.00  31
   108145  40.733362 -124.222266    20.932       20.6        8.6      -17.9     96.4     95.8    112.2 2021 10  2 15 18 22.940  0.00  31
   108147  40.733354 -124.222266    20.932       20.6        7.7      -17.7     97.3     84.6     99.6 2021 10  2 13 51  0.980  0.00  31
   108148  40.733171 -124.223006    20.991      -41.9      -12.7       41.2    154.5     86.8    166.9 2021 10 10 10 57 12.440  0.00  31
   108149  40.733215 -124.223031    20.990      -44.0       -7.7       39.7    151.5     97.6    154.9 2021 10 10  9 56 55.340  0.00  31
   108150  40.733207 -124.223161    21.003      -55.0       -8.6       53.3    168.4     78.5    175.6 2021 10 10 12  3  7.700  0.00  31
   108160  40.733325 -124.222127    20.917       32.3        4.5      -32.8    123.6    101.4    131.4 2021 10 18  5  9 30.780  0.00  31
   108162  40.733329 -124.222282    20.935       19.2        5.0      -14.7    109.4     74.5     78.4 2021 12  8 21 31 20.560  0.00  31
   108164  40.733785 -124.220882    20.791      137.5       55.6     -158.5    251.5    176.6    259.8 2022  3 23  3 53 43.400  0.00  31
   108165  40.733158 -124.222437    20.952        6.2      -14.0        1.8    118.3     88.7    123.1 2022  3 25 19 15 29.160  0.00  31
   108166  40.733158 -124.222363    20.955       12.4      -14.0        5.4    163.8     96.8    145.7 2022  3 25 14 27 33.320  0.00  31
   108167  40.733289 -124.222371    20.944       11.7        0.5       -6.4    130.0     81.8    134.0 2022  3 25 14 42  8.760  0.00  31
   108168  40.733276 -124.222396    20.957        9.6       -0.9        7.4    166.3    110.8    153.2 2022  3 25 11 50 44.720  0.00  31
   108169  40.733179 -124.222266    20.947       20.6      -11.7       -2.5    125.5    115.5    105.2 2022  3 26  4 13 16.340  0.00  31
   108170  40.733329 -124.222339    20.936       14.4        5.0      -13.6    113.1    101.4     93.6 2022  3 26 10 29 21.520  0.00  31
   108171  40.733293 -124.222380    20.950       11.0        0.9        0.2    150.3     95.3    146.1 2022  3 26  9 46 18.680  0.00  31
   108172  40.733240 -124.222331    20.950       15.1       -5.0       -0.2    144.1     95.3     81.9 2022  3 27  3 30 40.240  0.00  31
   108173  40.733268 -124.222461    20.952        4.1       -1.8        1.7    136.0     83.2    122.2 2022  3 27 12 44 16.700  0.00  31
   108175  40.733228 -124.222380    20.949       11.0       -6.3       -0.8    139.2     77.7    137.2 2022  3 30 11 52 59.300  0.00  31
   108176  40.733280 -124.222314    20.932       16.5       -0.5      -17.9    112.9     56.8    104.2 2022  4  2 16 13  4.240  0.00  31
   108178  40.733374 -124.221826    20.923       57.7        9.9      -27.5    159.3     85.1    135.5 2022  6 22  0 28 21.720  0.00  31
   108179  40.733439 -124.221411    20.905       92.8       17.2      -44.8    193.1    110.5    135.5 2022  7  3 23 30 11.360  0.00  31
   108182  40.732918 -124.220768    20.860      147.1      -40.7      -90.2    283.9    195.2    238.2 2022  8 17  6 23  8.780  0.00  31
   110483  40.733350 -124.222575    20.954       -5.5        7.2        3.7    106.1     78.4     55.2 2023  4 29 18 24  1.280  0.83  31
