   105415  40.279806 -124.509220    18.713       -2.1        1.4       23.1    102.7    220.2    294.3 2020 10 14 15 34 41.400  0.00  67
   105416  40.279797 -124.509180    18.682        1.4        0.5       -8.5     70.1    151.7    148.5 2021  4  1  8 19  1.020  0.00  67
   105417  40.278975 -124.509342    18.722      -12.5      -90.8       32.3    111.1    318.9    189.3 2021  5 26 14 28  8.260  0.00  67
   105420  40.279822 -124.509196    18.696        0.0        3.2        6.2    100.1    138.7    187.3 2021 11  1  8 47 28.700  0.00  67
   105423  40.278451 -124.509473    18.739      -23.5     -149.1       49.1    153.5    335.7    255.4 2021 12 21 13 39 48.980  0.00  67
   105425  40.279858 -124.509196    18.690        0.0        7.2       -0.4    103.4    176.0    159.8 2021 12 29 15 42 35.260  0.00  67
   105426  40.279956 -124.509163    18.688        2.8       18.1       -2.1    105.8    230.0    241.2 2021 12 29 15 33 22.240  0.00  67
   105431  40.279757 -124.509204    18.690       -0.7       -4.1        0.3     96.9    168.0    168.8 2022  2  7  7 47 12.980  0.00  67
   105432  40.279928 -124.509172    18.685        2.1       14.9       -5.3     83.3    201.1    141.0 2022  2  7 14 35 53.840  0.00  67
   105435  40.279830 -124.509188    18.680        0.7        4.1      -10.0     85.1    134.1    180.9 2022  5 14 19 48 33.060  0.00  67
   105436  40.279781 -124.509180    18.679        1.4       -1.4      -10.8     73.3    233.9    230.6 2022  5 14 20  5 32.740  0.00  67
   105438  40.280583 -124.509009    18.624       15.9       87.7      -65.8    138.6    217.0    278.8 2022  8  1 20 28 59.300  0.00  67
   105440  40.279773 -124.509204    18.685       -0.7       -2.3       -4.5     80.3    155.6    170.1 2022 11  5 20 49 14.100  0.00  67
   110371  40.279834 -124.509188    18.687        0.7        4.5       -2.7     73.1    140.6    124.9 2023  3 11  3 37 51.890  1.01  67
