   103037  40.494307 -124.704102    26.195      -80.0      -76.8      564.7      4.6      5.7     10.4 2020  1  9  2 28 46.420  0.00  21
   103039  40.497335 -124.702686    25.759       40.0      259.4      129.5      5.4      8.2     17.5 2020  2 13  3 49 16.980  0.00  21
   103041  40.497616 -124.702507    25.747       55.2      290.5      117.2      5.3      8.6     20.1 2020  2 13  4 46  3.640  0.00  21
   103047  40.494059 -124.704020    26.274      -73.1     -104.4      644.5      4.2      5.8     12.9 2020  3 24  7 13 13.600  0.00  21
   103049  40.492737 -124.703630    25.755      -40.0     -251.2      124.9      3.4      6.4     15.7 2020  4  2  6 14 42.300  0.00  21
   103050  40.492769 -124.703548    25.428      -33.1     -247.6     -202.4      4.4      8.8     19.8 2020  4  2  9 24  2.020  0.00  21
   103052  40.496749 -124.704753    26.859     -135.2      194.3     1229.2      5.2      7.8     11.8 2020  5  2 14 30  4.400  0.00  21
   103053  40.492489 -124.703841    25.745      -58.0     -278.8      115.0      4.3      7.9     10.4 2020  5 26 13 46 53.380  0.00  21
   103054  40.494352 -124.703752    25.880      -50.4      -71.8      250.1      3.4      5.3     10.4 2020  5 27 14 13 23.920  0.00  21
   103056  40.502087 -124.701147    25.745      170.4      787.1      115.2      8.6     18.2     25.2 2020  6  3  7 51 45.780  0.00  21
   103059  40.499455 -124.701025    26.280      180.7      494.8      650.2     11.2     14.9     33.6 2020  6 26  3 47 36.160  0.00  21
   103060  40.500541 -124.701172    25.432      168.3      615.4     -198.1      6.4      8.4     23.4 2020  7  3  9 58 33.980  0.00  21
   103061  40.499243 -124.701799    25.879      115.2      471.3      249.0      9.5     16.1     34.0 2020  7  8 14  3 32.400  0.00  21
   103063  40.493266 -124.703890    26.032      -62.1     -192.5      401.7      3.3      5.9     13.1 2020  9  7  3 44 39.520  0.00  21
   103068  40.501058 -124.701636    25.149      129.0      672.8     -480.9      4.8     12.1     15.1 2020 10  2  7 32  2.120  0.00  21
   103070  40.500281 -124.701912    25.632      105.5      586.5        1.8      6.9     13.0     19.4 2020 10 18  5 17 38.540  0.00  21
   103073  40.499215 -124.702287    25.462       73.8      468.1     -168.2      6.7     11.0     30.3 2020 11  6  4 14 13.540  0.00  21
   103074  40.499137 -124.698690    23.625      378.7      459.5    -2005.1     14.8     18.9     18.9 2020 11 15 10  1 52.660  0.00  21
   103075  40.495772 -124.697550    22.552      475.3       85.8    -3078.2     35.0     47.8     47.0 2020 12  2  4 36 19.100  0.00  21
   103076  40.493551 -124.703752    26.196      -50.4     -160.9      566.2      3.1      5.7     10.8 2020 12 17  6 44 45.740  0.00  21
   103077  40.486296 -124.694548    21.421      730.0     -966.5    -4208.9     45.2     61.3     53.5 2021  1 12  2  8 19.400  0.00  21
   103078  40.497127 -124.697624    23.274      469.1      236.3    -2355.6     12.2      9.1     15.2 2021  1 19 17 42 49.980  0.00  21
   103079  40.501493 -124.701383    23.705      150.4      721.1    -1925.0      8.9     11.6     11.1 2021  1 19 18  1 13.300  0.00  21
   103083  40.495744 -124.704443    26.328     -109.0       82.7      697.6      5.7      5.1     12.3 2021  2  1  4 12  8.800  0.00  21
   103084  40.494682 -124.703890    26.182      -62.1      -35.2      551.6      3.2      5.4     11.2 2021  3 23  9 45 54.260  0.00  21
   103086  40.501615 -124.700732    23.880      205.6      734.7    -1750.3     14.3     15.9     17.8 2021  4 26  7  2 45.300  0.00  21
   103091  40.494356 -124.703776    25.952      -52.4      -71.4      321.8      4.2      4.7     14.9 2021  7 13 21 59  0.800  0.00  21
   103092  40.493119 -124.703841    25.966      -58.0     -208.8      336.5      3.5      6.6     17.0 2021  7 18  2  1  4.540  0.00  21
   103093  40.494373 -124.703882    26.333      -61.4      -69.6      703.3      3.8      5.7     12.6 2021  7 21 10 36 48.460  0.00  21
   103097  40.492753 -124.703711    25.826      -46.9     -249.4      195.9      5.6      5.7     18.1 2021 11 22  2 25 23.060  0.00  21
   103098  40.492542 -124.703564    25.798      -34.5     -272.9      167.9      4.1      7.6     10.0 2021 11 22  1 57 48.440  0.00  21
   103099  40.495329 -124.703345    25.594      -15.9       36.6      -36.4      3.8      5.7     15.3 2021 11 22 21 23 58.880  0.00  21
   103100  40.502722 -124.698551    23.843      390.5      857.6    -1786.5      7.1     13.4      8.8 2021 11 27 13 33 29.400  0.00  21
   103105  40.493530 -124.703882    26.297      -61.4     -163.1      667.5      3.1      5.9     13.4 2022  2 16 13 34 40.600  0.00  21
   103107  40.499935 -124.702490    25.939       56.6      548.1      309.1      7.9      6.5     22.0 2022  3 12  7 11 15.140  0.00  21
   103108  40.492464 -124.703874    25.650      -60.7     -281.5       20.1      3.3      8.2     18.7 2022  4  4 11 35  9.120  0.00  21
   103110  40.500028 -124.701912    25.325      105.5      558.5     -304.7      7.9     15.2     27.1 2022  4  9 17 16  5.540  0.00  21
   103112  40.493160 -124.703695    25.833      -45.5     -204.2      203.1      3.4      6.1     14.6 2022  5 30 13 48 37.440  0.00  21
   103113  40.493575 -124.703776    25.853      -52.4     -158.1      222.7      3.5      6.5     14.9 2022  5 30 13 30 56.840  0.00  21
   103114  40.492920 -124.703597    25.901      -37.3     -230.9      270.9      3.8      7.3     11.9 2022  5 30 13 39 35.600  0.00  21
   103116  40.501729 -124.705908    26.771     -233.2      747.3     1140.8      6.5      8.6     23.4 2022  6 14  6 34  6.200  0.00  21
   103117  40.493498 -124.703654    25.840      -42.1     -166.7      209.7      3.5      5.9     10.9 2022  6 23 22 54 39.680  0.00  21
   103120  40.494425 -124.703776    25.994      -52.4      -63.7      364.3      3.2      5.6     16.4 2022  9 22  3 48 37.700  0.00  21
   110315  40.493518 -124.703711    25.719      -46.9     -164.5       88.8      3.3      4.8     10.3 2023  5 17 16 10 52.790  2.77  21
