   100528  40.555196 -124.663802     7.340        0.7        0.5        0.3   1985.5   1817.0   2679.3 2020  2 16  4  7 45.440  0.00  51
   100537  40.554818 -124.664217     7.271      -34.5      -41.6      -69.3   2806.2   5693.0   3846.9 2020  8  7  9 28 44.340  0.00  51
   100538  40.554858 -124.664242     7.267      -36.5      -37.1      -72.9   2836.6   5709.7   3893.8 2020  8  7  9 28 26.060  0.00  51
   100540  40.555143 -124.663859     7.331       -4.1       -5.4       -9.3   1861.7   1747.2   2532.3 2020  8 11 22 23 53.320  0.00  51
   100541  40.555176 -124.663802     7.340        0.7       -1.8       -0.4   2064.4   1955.5   2783.3 2020 10 21  2 37 32.940  0.00  51
   100542  40.555269 -124.663794     7.342        1.4        8.6        2.4   2181.4   2723.9   2941.4 2020 11  8  3 54 55.800  0.00  51
   100543  40.555448 -124.663501     7.390       26.2       28.5       50.4   3189.8   5194.6   4353.6 2020 11  8  1 32 40.980  0.00  51
   100544  40.554907 -124.664299     7.257      -41.4      -31.6      -82.7   2957.0   5704.4   4061.3 2020 12  2  8 33 33.620  0.00  51
   100545  40.555058 -124.663973     7.311      -13.8      -14.9      -28.5   1908.0   3100.1   2615.7 2020 12 19 10  1 43.240  0.00  51
   100547  40.554972 -124.663957     7.314      -12.4      -24.4      -26.4   1925.6   3417.3   2628.2 2021  3 27  3  7  8.420  0.00  51
   100551  40.555139 -124.663818     7.337       -0.7       -5.9       -3.2   2041.4   1833.5   2769.2 2021  6 13 21  6 52.180  0.00  51
   100552  40.555221 -124.663753     7.349        4.8        3.2        8.6   2280.8   2485.8   3095.9 2021  8 10 10  7 37.160  0.00  51
   100553  40.555233 -124.663778     7.344        2.8        4.5        4.3   2100.8   2104.2   2833.4 2021  8 19  2 14 36.260  0.00  51
   100560  40.554956 -124.663965     7.313      -13.1      -26.2      -26.9   1950.9   2633.6   2648.9 2022  2 26  9 19 53.720  0.00  51
   100562  40.554716 -124.664274     7.261      -39.3      -52.9      -78.5   2983.3   5715.2   4086.4 2022  4  5  4 37 52.080  0.00  51
   100563  40.555176 -124.663810     7.339        0.0       -1.8       -1.1   2062.6   2060.1   2773.4 2022  5 14 21 27 27.240  0.00  51
   100566  40.555225 -124.663770     7.345        3.4        3.6        5.0   2178.0   2606.1   2939.0 2022  7 25  5  3 56.220  0.00  51
   100569  40.554712 -124.664250     7.265      -37.2      -53.3      -74.8   2949.5   5450.2   4025.4 2022  9  4  5 45 54.000  0.00  51
   100570  40.554907 -124.664193     7.275      -32.4      -31.6      -64.8   2661.7   5092.9   3650.5 2022  9  6  7  2 59.900  0.00  51
   100571  40.555147 -124.663778     7.344        2.8       -5.0        4.3   2070.8   2224.6   2824.0 2022 11  6  5  3 49.800  0.00  51
   100572  40.555216 -124.663761     7.347        4.1        2.7        7.2   2100.7   3151.1   2872.8 2022 11  6  4 45 38.900  0.00  51
   110288  40.555290 -124.663696     7.357        9.6       10.8       17.2   1831.4   2079.0   2493.7 2023  5 29  5 41 15.670  1.33  51
