   108433  40.748787 -124.234106    12.471     7403.8     2015.7     3037.0      8.7      6.2      9.4 2020 11 21  6 25 35.720  0.00  46
   108434  40.748787 -124.234139    12.472     7401.0     2015.7     3037.8      8.7      6.2      9.6 2020 11 21  7 26  9.440  0.00  46
   108435  40.748877 -124.236971    12.300     7161.8     2025.7     2866.0     18.5      6.6     12.5 2021  9 18  9  5  3.000  0.00  46
   108436  40.748824 -124.235409    12.362     7293.8     2019.8     2927.9     19.0      6.4     12.6 2022  1 18 23 24  5.960  0.00  46
   108437  40.748820 -124.235441    12.364     7291.0     2019.4     2929.3     19.2      6.4     12.7 2022  1 18 23 25  2.140  0.00  46
   108438  40.748523 -124.233211    12.542     7479.4     1986.4     3107.5     30.3      8.6     16.5 2022  1 19 20 33 45.540  0.00  46
   108439  40.748759 -124.233529    12.407     7452.6     2012.6     2972.4     21.5      7.6     14.5 2022  1 19 21 29 33.980  0.00  46
   108440  40.748669 -124.232316    12.337     7555.0     2002.6     2902.7     26.3      7.4     16.9 2022  1 20  0  6 19.720  0.00  46
   108960  40.735958 -124.292065     4.768     2508.5      591.0    -4666.5      5.0      7.9     12.2 2020  8 22  2 46 34.640  0.00  46
   108961  40.737252 -124.292163     5.569     2500.2      734.7    -3865.4      9.5      4.5      8.4 2022  9 24 17  8 17.940  0.00  46
   110222  40.721077 -124.380990     7.181    -5003.8    -1061.4    -2253.4      8.0      6.6     11.7 2022  6  5  8 26 45.400  0.00  46
   110223  40.721012 -124.380656     7.233    -4975.6    -1068.6    -2201.3      7.6      7.2      5.6 2022  6  5  8 51 54.180  0.00  46
   110224  40.720833 -124.380884     7.245    -4994.9    -1088.5    -2189.6      7.5      8.0      8.9 2022  6  5  8 28 25.100  0.00  46
   110227  40.720630 -124.380640     7.244    -4974.2    -1111.1    -2189.8      7.8      7.1     10.6 2022  6 20  0 19 17.960  0.00  46
   110230  40.735323 -124.370133     9.853    -4086.2      520.5      418.5     14.1      8.1     12.5 2022  5  5 20 40 11.140  0.00  46
   110236  40.704928 -124.372127     8.664    -4255.6    -2854.8     -770.7      6.3      3.4      5.9 2022  8  7  6 28 12.440  0.00  46
   110238  40.704924 -124.372111     8.667    -4254.2    -2855.3     -767.0      5.7      3.2      5.7 2022 11  2  8  1 19.400  0.00  46
   110239  40.704928 -124.372127     8.666    -4255.6    -2854.8     -768.4      5.6      3.1      5.7 2022 11  3 13 46 28.020  0.00  46
   110240  40.704989 -124.372380     8.653    -4276.9    -2848.1     -781.4      6.7      3.7      7.6 2022 11 16  6 47 46.300  0.00  46
   110241  40.705005 -124.372412     8.644    -4279.7    -2846.3     -790.0      7.0      3.9      7.2 2022 11 30  8 33 59.080  0.00  46
   110502  40.748678 -124.235970    12.318     7246.4     2003.5     2883.5     10.8      5.6     11.0 2022 12 23 17 30 27.280  1.15  46
   110573  40.737358 -124.294271     5.786     2322.2      746.5    -3648.2      5.9      4.1      7.1 2023  5 22 19  5 30.020  1.30  46
   110777  40.721061 -124.380322     7.388    -4947.4    -1063.2    -2046.6      7.2      6.3      7.4 2023  3 23  6  3  8.580  1.25  46
   110779  40.734627 -124.373201    10.012    -4345.4      443.3      577.7     14.1      8.1     14.5 2023  1 12 21  3 16.120  1.83  46
   110784  40.705062 -124.371712     8.695    -4220.5    -2839.9     -739.0      5.9      3.1      5.9 2022 12 20  0 57 24.410  1.03  46
