   106632  40.273511 -124.547168     3.857        1.4      -87.2        6.8     43.5    187.9     91.6 2020  2 22  5 52 18.180  0.00  38
   106633  40.274243 -124.547225     3.842       -3.5       -5.9       -8.3     33.3     86.5     52.5 2020  3  1 20 25 24.240  0.00  38
   106634  40.275610 -124.546940     3.912       20.8      145.9       62.1     68.1    170.2    121.6 2020  5  3 13 38 18.400  0.00  38
   106635  40.275171 -124.547038     3.877       12.5       97.1       26.5     53.3    150.8     88.5 2020  5  4 19  6 10.540  0.00  38
   106636  40.274577 -124.547078     3.866        9.0       31.2       16.0     53.2     78.8     81.2 2020  5  4  9 42 44.380  0.00  38
   106637  40.274634 -124.547087     3.867        8.3       37.5       17.1     49.6     82.7     81.2 2020  5  4  8 13 22.220  0.00  38
   106638  40.274589 -124.546989     3.877       16.6       32.5       26.7     59.2     87.4    105.5 2020  5  4 15 33  2.520  0.00  38
   106640  40.275151 -124.547021     3.882       13.8       94.9       32.3     56.0    122.5     96.9 2020  5  4  8 38 58.940  0.00  38
   106642  40.274707 -124.547070     3.871        9.7       45.6       20.9     51.3     87.8     83.6 2020  5  4  8 24 12.120  0.00  38
   106643  40.275208 -124.546875     3.911       26.3      101.2       60.7     90.4    170.0    159.4 2020  5  4  8 47  1.720  0.00  38
   106644  40.275240 -124.547005     3.882       15.2      104.8       31.9     53.4    134.7     94.2 2020  5  5  2 52 18.880  0.00  38
   106647  40.276241 -124.546794     3.923       33.2      216.0       72.9     86.9    191.7    147.4 2020  5  5  1 48 19.700  0.00  38
   106648  40.275159 -124.546981     3.888       17.3       95.8       38.0     61.5    118.5    107.2 2020  5  5  9 53 47.400  0.00  38
   106651  40.274223 -124.547266     3.835       -6.9       -8.1      -15.1     35.9    100.8     58.2 2021  1  5 21 56  2.340  0.00  38
   106653  40.274190 -124.547241     3.842       -4.8      -11.7       -8.1     37.8     86.7     50.7 2021  7 10  7 24 38.580  0.00  38
   106654  40.274243 -124.547257     3.837       -6.2       -5.9      -13.0     32.1     96.3     53.0 2021  7 10 11 51 45.900  0.00  38
   106655  40.274117 -124.547257     3.838       -6.2      -19.9      -12.3     31.6     98.0     52.1 2021  7 10 19  3 50.340  0.00  38
   106656  40.274679 -124.547306     3.830      -10.4       42.5      -20.0     42.6    136.8     68.1 2021  7 11 22 33 51.940  0.00  38
   106657  40.274019 -124.547469     3.792      -24.2      -30.7      -57.7     66.9     97.8    104.8 2021  7 15 19  8 47.300  0.00  38
   106658  40.274003 -124.547380     3.804      -16.6      -32.5      -45.7     60.7     90.0     79.1 2021  7 15 13  0 48.340  0.00  38
   106659  40.274866 -124.547420     3.794      -20.1       63.3      -56.1     60.1    187.9     88.6 2021  8 25 19 10 39.080  0.00  38
   106660  40.274268 -124.547233     3.845       -4.2       -3.2       -4.8     33.2     88.2     48.2 2021 11  5  3 58 28.600  0.00  38
   106661  40.274109 -124.547257     3.839       -6.2      -20.8      -10.8     32.8     98.8     52.0 2021 11  5  3 59 39.640  0.00  38
   106662  40.274182 -124.547241     3.842       -4.8      -12.7       -8.1     34.2     86.2     54.6 2021 11  5  5 28  9.100  0.00  38
   106663  40.274231 -124.547290     3.831       -9.0       -7.2      -18.6     34.3     92.5     57.5 2021 11  7  2 53 22.060  0.00  38
   106664  40.274479 -124.547331     3.822      -12.5       20.3      -28.5     42.4    127.7     70.8 2022  1 13  2 40 39.500  0.00  38
   106665  40.274174 -124.547233     3.842       -4.2      -13.6       -7.9     39.6     78.9     64.1 2022  1 15 23 23  0.380  0.00  38
   106666  40.274113 -124.547257     3.838       -6.2      -20.3      -12.4     46.2     99.5     77.8 2022  5  3  9 12 19.780  0.00  38
   106669  40.274154 -124.547257     3.838       -6.2      -15.8      -12.3     42.9     83.1     71.7 2022  5  4 12 40 45.580  0.00  38
   106672  40.274052 -124.547274     3.833       -7.6      -27.1      -17.3     41.2     84.2     68.1 2022  5  5 14 31 49.800  0.00  38
   106673  40.274182 -124.547249     3.839       -5.5      -12.7      -11.0     43.2     82.2     72.0 2022  5 10 12  8 48.400  0.00  38
   106674  40.273861 -124.547266     3.815       -6.9      -48.3      -34.7     69.2    111.3     81.2 2022  7 11  7 17 29.200  0.00  38
   106675  40.270268 -124.547168     3.585        1.4     -447.3     -265.0    103.8    177.3     94.5 2022  8 17  6 48 39.560  0.00  38
   110411  40.273816 -124.547388     3.834      -17.3      -53.3      -15.5     34.8     78.4     52.8 2022 12 21 19 45 27.080  1.81  38
