   106452  40.707365 -124.368840    23.850     -278.5      494.3    -1117.5     20.5     20.4     24.4 2021  2 24  1 13  1.120  0.00  71
   106453  40.707304 -124.368628    23.752     -260.7      487.6    -1215.4     26.9     29.4     37.6 2021  6  9  4 11 41.800  0.00  71
   106454  40.706714 -124.368742    24.349     -270.3      422.0     -618.2     26.6     37.0    119.3 2021  6 15  1 44 36.180  0.00  71
   106455  40.707918 -124.369271    25.868     -315.0      555.8      901.2     45.6     29.4     86.7 2021  9 20  7 30 52.220  0.00  71
   106456  40.706665 -124.368750    24.443     -271.0      416.6     -524.5     29.4     29.7    116.6 2021  9 22  9 23  9.220  0.00  71
   106457  40.706702 -124.368986    24.752     -290.9      420.7     -215.6     48.9     29.5    149.4 2021  9 26 15 38 26.700  0.00  71
   106458  40.706649 -124.368734    24.433     -269.6      414.8     -533.8     33.3     31.9    135.8 2021 12 28  4 59 52.400  0.00  71
   106459  40.707385 -124.369027    25.099     -294.4      496.6      131.4     38.5     17.8     94.2 2022  8  5  4  2 33.760  0.00  71
   106470  40.683830 -124.350977    28.985     1231.3    -2119.2     4017.9     40.5     34.0     56.1 2021  6 27 14 23 24.780  0.00  71
   110401  40.707218 -124.368856    23.944     -279.9      478.1    -1023.7     22.9     24.0     26.5 2023  1 19  3  6 27.480  1.40  71
   110402  40.684745 -124.351074    29.006     1223.0    -2017.5     4039.0     40.5     34.0     56.0 2023  2 17  9 24 34.670  1.19  71
