   104947  40.375753 -124.586523    27.447       36.6      192.9      -63.1     82.6    186.2    134.1 2020  1 27  3 33 37.900  0.00  23
   104948  40.374382 -124.587085    27.541      -11.1       40.7       31.3     65.7    125.3    109.0 2020  3 15 11  8 54.480  0.00  23
   104949  40.374382 -124.587134    27.641      -15.2       40.7      130.7     98.2    146.9    169.2 2020  3 15 10 40 25.300  0.00  23
   104950  40.374984 -124.586475    27.475       40.8      107.5      -35.0     89.0    146.7    121.7 2020  3 24 22 40 56.940  0.00  23
   104951  40.374292 -124.587044    27.521       -7.6       30.7       10.7     74.6    109.9    123.0 2020  3 29 19 50 48.940  0.00  23
   104952  40.374898 -124.586605    27.466       29.7       98.0      -44.3     86.2    134.5    134.6 2020  5 20 21 10 40.540  0.00  23
   104953  40.374154 -124.587044    27.549       -7.6       15.4       38.5     96.3    149.6    151.1 2020  5 28  3 30 49.200  0.00  23
   104954  40.374764 -124.586702    27.498       21.4       83.1      -11.7     80.6    140.5    119.0 2020  6 11  3 50 51.180  0.00  23
   104955  40.372217 -124.588257    27.931     -110.6     -199.7      420.8    150.5    249.6    246.5 2020  6 14  8 41  4.880  0.00  23
   104956  40.374658 -124.586613    27.457       29.0       71.4      -53.2     82.6    120.3    133.9 2020  7 14  7 25 47.800  0.00  23
   104958  40.374817 -124.588086    27.827      -96.1       89.0      317.0    124.7    202.3    228.5 2020  9 10  2  4 47.040  0.00  23
   104959  40.374764 -124.586597    27.477       30.4       83.1      -33.0     83.3    145.8    134.0 2020  9 12 10 40  0.480  0.00  23
   104960  40.373812 -124.586987    27.497       -2.8      -22.6      -13.0     83.8    161.3    154.5 2020  9 19  0 33 31.640  0.00  23
   104961  40.374386 -124.587533    27.661      -49.1       41.1      151.0     87.8    129.7    182.4 2020  9 23  9 31 47.320  0.00  23
   104962  40.374040 -124.587630    27.686      -57.4        2.7      176.4    114.3    169.2    243.2 2020  9 29  9 57 55.960  0.00  23
   104964  40.375045 -124.588241    27.773     -109.2      114.3      263.1    112.6    159.0    213.4 2020 12  8 16 42 53.280  0.00  23
   104965  40.374101 -124.587101    27.527      -12.4        9.5       17.1     65.7    122.5    131.1 2020 12 10 19 49 14.260  0.00  23
   104966  40.375378 -124.586328    27.399       53.2      151.4     -111.1    102.7    156.2    168.5 2020 12 22 14 35 10.320  0.00  23
   104967  40.373975 -124.586548    27.377       34.6       -4.5     -132.9    153.2    334.6    302.2 2021  3  6 12 54 27.660  0.00  23
   104969  40.375606 -124.586084    27.381       74.0      176.7     -129.1    114.6    199.5    203.4 2021  5 20  0 50 18.180  0.00  23
   104972  40.374382 -124.587435    27.679      -40.8       40.7      168.5     96.5    140.2    195.2 2021  6 11  8 31 33.560  0.00  23
   104973  40.374845 -124.588159    28.012     -102.3       92.2      501.7    140.7    221.1    262.8 2021  6 20  1 41 22.180  0.00  23
   104974  40.374040 -124.587004    27.512       -4.1        2.7        1.7     93.6    155.9    147.6 2021  7 20 15  5 21.760  0.00  23
   104975  40.373303 -124.587012    27.487       -4.8      -79.1      -23.3     67.0    165.0    140.1 2021  8 28 19 21 44.180  0.00  23
   104976  40.373946 -124.587052    27.544       -8.3       -7.7       33.9     93.3     93.7    192.6 2021  9 27  1  3 32.360  0.00  23
   104977  40.373674 -124.586898    27.496        4.8      -38.0      -13.7     70.8    134.3    116.7 2021 10  6 22  3 24.840  0.00  23
   104978  40.374723 -124.588281    27.893     -112.7       78.6      382.9    160.3    344.2    273.0 2021 11  1  3 56 53.200  0.00  23
   104980  40.372953 -124.587321    27.581      -31.1     -117.9       71.5     79.0    164.7    141.6 2022  2  6 21 50 37.360  0.00  23
   104981  40.374414 -124.587150    27.572      -16.6       44.3       61.7     66.2    125.3    126.8 2022  3 11  9 43 29.740  0.00  23
   104982  40.374801 -124.586418    27.437       45.6       87.2      -72.7     99.8    140.8    164.5 2022  4  3  8 24 39.320  0.00  23
   104983  40.375342 -124.586540    27.491       35.2      147.3      -19.2     92.3    182.0    170.4 2022  4 19 22 16 25.080  0.00  23
   104984  40.370304 -124.586751    27.343       17.3     -412.1     -166.8    108.1    309.3    222.0 2022  5  9 21 52  8.060  0.00  23
   104987  40.374007 -124.586947    27.498        0.7       -0.9      -12.5     67.7    123.9    112.1 2022  6 17 10 22 17.000  0.00  23
   104988  40.374019 -124.586938    27.496        1.4        0.5      -14.0     72.6    116.3    118.9 2022  6 17 10 46 26.820  0.00  23
   104990  40.374988 -124.586532    27.443       35.9      108.0      -66.9     87.4    141.8    140.9 2022  6 24  5  4 53.800  0.00  23
   104991  40.374109 -124.588167    27.721     -103.0       10.4      210.7    190.9    300.0    377.1 2022  7 27  4 54 13.900  0.00  23
   104993  40.373210 -124.588184    27.670     -104.4      -89.5      160.4    126.1    260.0    209.6 2022  8 11  4 39 15.140  0.00  23
   104994  40.375016 -124.586426    27.451       44.9      111.2      -59.2    100.0    147.2    157.3 2022  8 17  8 25 46.520  0.00  23
   104995  40.374097 -124.587044    27.519       -7.6        9.0        9.5     88.1    158.8    141.0 2022  8 30 23 11 16.520  0.00  23
   104996  40.374377 -124.587834    27.786      -74.6       40.2      276.4    100.4    154.2    214.9 2022 10 11 17 23 22.920  0.00  23
   104997  40.374569 -124.586816    27.488       11.7       61.4      -21.8     76.9    127.9    120.8 2022 10 11 14  2 49.700  0.00  23
   104998  40.375859 -124.586206    27.322       63.6      204.7     -187.6     69.5    179.3    167.1 2022 10 11 17 30 39.280  0.00  23
   104999  40.373865 -124.587020    27.513       -5.5      -16.7        2.8     79.8    154.4    157.5 2022 10 24 20  5 38.420  0.00  23
   105000  40.375399 -124.586255    27.397       59.4      153.6     -112.8    108.8    165.1    178.2 2022 11 14  0 17 50.340  0.00  23
   105001  40.373987 -124.586947    27.532        0.7       -3.2       21.6     76.9    124.8    130.6 2022 11 20 20 20 39.340  0.00  23
   105002  40.372925 -124.587500    27.620      -46.3     -121.1      110.2     82.1    148.2    147.3 2022 11 27  4  0 20.280  0.00  23
   110356  40.373617 -124.586995    27.491       -3.5      -44.3      -19.1     68.2    109.9    114.0 2023  5 27  0 55 22.180  2.59  23
