   105485  40.698975 -124.201351    17.556      -46.8       -9.5       72.9     10.0      5.3      8.7 2020  2  5  5 58 25.560  0.00  53
   105487  40.699097 -124.200602    17.409       16.5        4.1      -73.3      9.8      5.9      5.7 2020  4 15  7 17 47.580  0.00  53
   105489  40.699316 -124.200317    17.476       40.6       28.5       -6.5      8.7      5.3     10.6 2020  9  1  3 23  1.060  0.00  53
   105491  40.699939 -124.196248    17.036      384.5       97.6     -447.1     12.1      3.9      9.2 2022  6 26  6 12 19.280  0.00  53
   105492  40.699443 -124.199902    17.382       75.7       42.5     -101.1      4.2      2.4      3.4 2022  9 22  6  0 32.400  0.00  53
   105493  40.699438 -124.199910    17.401       75.0       42.0      -82.2      3.9      2.6      3.6 2022  9 22  6  2 18.960  0.00  53
   105494  40.699561 -124.199967    17.392       70.2       55.6      -90.9      4.1      2.5      4.3 2022  9 22  7 21 46.180  0.00  53
   105495  40.699744 -124.199650    17.422       97.0       75.9      -60.9      3.9      3.9      5.4 2022  9 22 15 52 11.740  0.00  53
   105496  40.699552 -124.200065    17.379       61.9       54.7     -104.1      4.2      3.7      3.9 2022  9 23  7 36 42.680  0.00  53
   105498  40.699479 -124.200081    17.396       60.5       46.5      -86.2      4.3      2.0      3.3 2022  9 25 11 10 14.460  0.00  53
   105501  40.699520 -124.200220    17.356       48.8       51.1     -126.7      3.9      2.9      3.9 2022 10 26 12 52 38.720  0.00  53
   105502  40.699483 -124.199764    17.384       87.4       47.0      -98.3      5.1      2.8      3.3 2022 10 28 19 52 59.400  0.00  53
   105503  40.699487 -124.200236    17.380       47.5       47.4     -103.1      4.3      2.7      4.3 2022 10 28 19 54 10.800  0.00  53
   108833  40.723324 -124.236898    17.075    -3050.5     2694.4     -407.5     22.6      6.1     12.0 2020  7  7 22 53  4.560  0.00  53
   108870  40.673511 -124.176310    17.818     2070.0    -2837.2      335.5     13.3      3.8      9.4 2021  3 19  7  6 30.900  0.00  53
   108873  40.674422 -124.166772    18.623     2876.2    -2736.0     1139.9     16.9      4.4      7.1 2022  9 22 18 46  5.320  0.00  53
   110375  40.699304 -124.199577    17.430      103.2       27.1      -52.4      4.1      2.6      3.1 2023  4 18 21 27 56.500  2.49  53
   110555  40.722835 -124.234627    17.695    -2858.7     2640.2      212.3     23.2      6.1     12.0 2023  5  5 10 40  9.930  1.00  53
   110562  40.672021 -124.173910    18.933     2272.9    -3002.6     1450.5     12.8      3.1      3.9 2023  2  1  1 28 26.490  1.31  53
   110714  40.704110 -124.194637    17.897      520.6      560.8      414.0      4.5      3.4      4.0 2023  1  6 12 27 19.440  3.44  53
