   104481  40.456946 -124.594906    14.607     1456.0     2028.3    -1487.6     25.9     31.8     51.4 2020  3 18 23  8 26.040  0.00  33
   104487  40.457153 -124.595581    14.659     1398.7     2051.3    -1435.4     20.6     33.0     58.4 2020 10  8  1 55 57.720  0.00  33
   104490  40.457568 -124.594474    15.398     1492.6     2097.4     -696.6     29.4     35.3     80.8 2021  5  6 21 17  8.520  0.00  33
   104492  40.456071 -124.595540    14.926     1402.2     1931.1    -1169.3     12.6     21.5     42.4 2021  5 22 23 14 19.040  0.00  33
   104497  40.456913 -124.595500    14.694     1405.6     2024.7    -1400.9     19.4     31.7     57.4 2021  9 11  3  0 21.140  0.00  33
   104498  40.455933 -124.595256    15.133     1426.3     1915.8     -962.1     21.7     29.9     52.0 2021  9 11  3  1  4.800  0.00  33
   104499  40.457109 -124.594971    14.769     1450.5     2046.4    -1326.0     20.1     25.5     48.1 2021 11 16  9  0 22.520  0.00  33
   104500  40.456519 -124.595695    15.112     1389.0     1980.8     -982.7     18.5     26.3     41.6 2021 12 10 12 25 58.640  0.00  33
   104501  40.456966 -124.595394    14.708     1414.6     2030.6    -1387.1     19.5     29.6     59.4 2021 12 10 12 35 52.640  0.00  33
   104502  40.456144 -124.595296    15.102     1422.9     1939.3     -993.0     12.7     24.5     36.6 2021 12 20 12 11 43.960  0.00  33
   104507  40.455990 -124.595199    15.165     1431.2     1922.1     -930.2     22.7     30.0     61.4 2022 11 12 18 19 26.940  0.00  33
   104508  40.456445 -124.595573    15.210     1399.4     1972.7     -885.1     22.2     32.8     48.0 2022 11 13 22 28 58.880  0.00  33
   108030  40.443298 -124.586759    20.286     2147.3      512.8     4191.4     35.1     53.3     79.8 2020  3 20  4 57 46.360  0.00  33
   108034  40.442908 -124.586833    21.070     2141.1      469.5     4974.7     43.4     90.1    115.1 2020  4 18  6  9 25.600  0.00  33
   108040  40.441923 -124.586165    20.943     2197.7      360.1     4848.3     53.5     75.4    104.8 2022  5 14  3 53 43.320  0.00  33
   108050  40.443526 -124.586890    20.088     2136.2      538.1     3992.9     34.0     43.9     83.2 2022  9 25  5 36 43.760  0.00  33
   109018  40.424687 -124.625236    15.967    -1117.3    -1553.9     -127.6     29.1     50.7     52.0 2020  9 11 21 15 56.120  0.00  33
   109019  40.424788 -124.625163    15.933    -1111.1    -1542.6     -161.8     31.6     61.1     39.9 2020  9 11 21 24 14.140  0.00  33
   109020  40.424251 -124.625488    16.157    -1138.7    -1602.2       61.7     32.1     57.6     50.0 2021  7 18  4  2  8.360  0.00  33
   109021  40.428979 -124.625789    15.866    -1164.2    -1077.2     -228.7     16.5     44.9     46.4 2022  1  6 16 11 51.780  0.00  33
   109022  40.428137 -124.625529    15.852    -1142.1    -1170.7     -242.6     14.5     33.5     31.0 2022  1  7  3 48 25.000  0.00  33
   109023  40.426799 -124.625960    15.782    -1178.7    -1319.4     -312.8     27.1     33.1     45.1 2022  7 28 23 32 44.180  0.00  33
   109024  40.425203 -124.625513    16.234    -1140.8    -1496.5      139.6     23.3     34.9     41.2 2022  9  3  4 53  8.380  0.00  33
   109025  40.424654 -124.625301    16.826    -1122.8    -1557.5      731.2     43.5     63.2     92.3 2022  9 26 20 40 26.760  0.00  33
   109026  40.429854 -124.624276    15.631    -1035.8     -980.0     -463.4     30.2     45.3     53.0 2022 11  8 12 31 51.720  0.00  33
   109720  40.414384 -124.651034    12.013    -3306.6    -2697.9    -4081.7     27.1     96.9     49.4 2021  7 23  3 43  1.120  0.00  33
   109721  40.394775 -124.646167     6.899    -2894.0    -4875.3    -9195.5    110.4    178.7    308.3 2021  8 25 13 34 37.400  0.00  33
   109722  40.413049 -124.650749    14.418    -3282.4    -2846.1    -1677.0     44.9     78.1    107.9 2022  5 16 16 24 49.400  0.00  33
   109723  40.410380 -124.651457    14.470    -3342.6    -3142.5    -1624.6     48.2     84.7    114.9 2022  5 16 16 26 37.480  0.00  33
   109724  40.414860 -124.649154     9.786    -3147.0    -2645.0    -6309.0     67.2     94.5    129.5 2022  8  4 14 31 46.620  0.00  33
   110340  40.457312 -124.595776    14.682     1382.1     2069.0    -1412.5     24.5     32.4     61.8 2023  5 28 21 51 34.820  1.43  33
   110473  40.442399 -124.586678    21.244     2154.2      413.0     5148.8     41.8     66.5     79.2 2022 12 29 18 28  9.820  1.32  33
   110585  40.427474 -124.625822    15.866    -1167.0    -1244.4     -228.4     19.4     24.8     22.5 2023  1 23  1 44 26.910  2.18  33
   110680  40.412480 -124.649056    16.703    -3138.8    -2909.4      607.7     46.2     77.3    143.9 2022 12 20 19 17  5.280  2.32  33
   110800  40.453821 -124.584359    19.056     2350.8     1681.3     2960.7     63.2     94.1    108.5 2023  4  2 19 37 29.680  0.86  33
