   107694  40.533317 -123.982113    20.919       33.8       23.9       59.0   1525.7    837.9   1358.8 2021  6 15 12 30 58.240  0.00  62
   107705  40.533390 -123.981917    20.927       50.3       32.1       66.6   1533.9    887.0   1304.4 2021  6 15 14 32 56.860  0.00  62
   107712  40.533321 -123.982096    20.915       35.2       24.4       54.6   1484.8    828.8   1254.2 2021  6 15  8  3 51.620  0.00  62
   107714  40.533325 -123.982104    20.916       34.5       24.9       56.1   1519.7    830.0   1287.3 2021  6 15 10 52 14.820  0.00  62
   107717  40.533386 -123.981999    20.925       43.4       31.6       65.2   1659.0    898.1   1332.4 2021  6 16 15 46 43.780  0.00  62
   107720  40.533419 -123.981250    20.886      106.9       35.2       26.1   1583.1    896.8   1171.6 2021 10  6 17 29 42.880  0.00  62
   107721  40.533427 -123.981217    20.887      109.6       36.1       27.3   1594.4    904.7   1148.7 2021 10  6 20 25 50.100  0.00  62
   107722  40.533451 -123.981177    20.890      113.1       38.9       29.9   1589.7    909.8   1131.9 2021 10  6 18 11 58.240  0.00  62
   107723  40.533175 -123.982015    20.859       42.1        8.1       -0.8   1568.9    923.8   1015.0 2021 10  9 15  7 49.740  0.00  62
   107724  40.533472 -123.981266    20.898      105.5       41.1       38.3   1223.1    810.0    934.8 2021 10  9  7 48 42.600  0.00  62
   107725  40.533443 -123.980566    20.858      164.8       38.0       -2.0   2636.0    808.2   1468.6 2021 10 10 14 38 48.420  0.00  62
   107727  40.534176 -123.980501    20.963      170.3      119.3      102.6   1872.9   1467.7   1396.9 2022  8 10 10 48 36.500  0.00  62
   107728  40.534102 -123.980623    20.959      160.0      111.2       98.8   1734.4   1389.6   1310.8 2022  8 10 10 31 24.380  0.00  62
   107729  40.532996 -123.982650    20.848      -11.7      -11.7      -11.8   1343.9   1219.8   1166.0 2022  9 22  4 56  7.220  0.00  62
   107730  40.532992 -123.982666    20.846      -13.1      -12.2      -14.1   1411.0   1226.4   1287.0 2022  9 22  7  9 54.480  0.00  62
   110449  40.532817 -123.983350    20.828      -71.0      -31.6      -31.5   1017.1    799.1    801.0 2023  2 25  4  7 30.630  0.97  62
