   109669  40.400700 -124.278003    26.860        0.7        0.0        0.0      0.1      0.1      0.0 2021  6 30  4  7 16.980  0.00  49
   109670  40.400700 -124.278003    26.860        0.7        0.0        0.0      0.0      0.0      0.0 2021 12 20 21 33 53.800  0.00  49
   109671  40.400700 -124.278003    26.860        0.7        0.0        0.0      0.1      0.0      0.0 2021 12 20 20 16  2.340  0.00  49
   109672  40.400700 -124.278003    26.860        0.7        0.0        0.0      0.0      0.1      0.0 2021 12 20 21  4  2.560  0.00  49
   109674  40.400700 -124.278003    26.860        0.7        0.0        0.0      0.0      0.1      0.0 2021 12 20 22  5 33.080  0.00  49
   109675  40.400700 -124.278003    26.860        0.7        0.0        0.0      0.1      0.1      0.0 2021 12 20 20 38 16.520  0.00  49
   109676  40.400700 -124.278003    26.860        0.7        0.0        0.0      0.1      0.1      0.1 2021 12 20 23 18 45.760  0.00  49
   109678  40.400700 -124.278003    26.860        0.7        0.0        0.0      0.0      0.1      0.0 2021 12 20 20 28  8.320  0.00  49
   109680  40.400700 -124.278003    26.860        0.7        0.0        0.0      0.3      0.2      0.2 2021 12 20 22 40  4.140  0.00  49
   109681  40.400700 -124.278003    26.860        0.7        0.0        0.0      0.1      0.1      0.1 2021 12 20 21 16 57.840  0.00  49
   109682  40.400700 -124.278003    26.860        0.7        0.0        0.0      0.1      0.1      0.1 2021 12 21  0 35 38.260  0.00  49
   109683  40.400700 -124.278003    26.860        0.7        0.0        0.0      0.0      0.1      0.0 2021 12 21  1 29  1.520  0.00  49
   109684  40.400700 -124.278003    26.860        0.7        0.0        0.0      0.2      0.1      0.1 2021 12 21 10 32 44.960  0.00  49
   109686  40.400700 -124.278003    26.860        0.7        0.0        0.0      0.0      0.1      0.0 2021 12 21  9 35 39.700  0.00  49
   109688  40.400700 -124.278003    26.860        0.7        0.0        0.0      0.0      0.0      0.0 2021 12 22 16 42 51.760  0.00  49
   109689  40.400700 -124.278003    26.860        0.7        0.0        0.0      0.1      0.1      0.1 2021 12 22 21 49  0.120  0.00  49
   109690  40.400700 -124.278003    26.860        0.7        0.0        0.0      0.0      0.0      0.0 2021 12 23 19 18 59.440  0.00  49
   109691  40.400700 -124.278003    26.860        0.7        0.0        0.0      0.3      0.2      0.3 2021 12 24 18 30 16.400  0.00  49
   109692  40.400700 -124.278003    26.860        0.7        0.0        0.0      0.1      0.1      0.1 2021 12 28 12 16  7.460  0.00  49
   109693  40.400700 -124.278003    26.860        0.7        0.0        0.0      0.1      0.0      0.0 2022  1  2  4  3 22.780  0.00  49
   109697  40.400700 -124.278003    26.860        0.7        0.0        0.0      0.1      0.1      0.1 2022  4  7 18 43 56.160  0.00  49
   110670  40.400700 -124.278003    26.860        0.7        0.0        0.0      0.1      0.1      0.1 2022 12 14  8 39 12.430  2.11  49
