   100823  40.497107 -124.211385    22.396      -53.1        3.2       -4.1      7.7      2.9      3.8 2020  1  3  2  9 56.020  0.00  28
   100828  40.497070 -124.211841    22.419      -91.8       -0.9       19.1      6.9      4.4      5.0 2020  2 17  3 53 58.760  0.00  28
   100832  40.496973 -124.213330    22.421     -218.0      -11.7       21.4      5.8      2.4      3.4 2020  3 14 21 11  5.280  0.00  28
   100833  40.497257 -124.210107    22.380       55.2       19.9      -19.8      9.2      6.0      5.4 2020  3 17  4 59 55.420  0.00  28
   100834  40.496948 -124.210864    22.321       -9.0      -14.5      -79.5      8.9      8.0      5.9 2020  3 20 11 48 15.620  0.00  28
   100861  40.497205 -124.213175    22.518     -204.9       14.0      117.9      6.9      6.6      5.1 2020  9  8 20 40 29.360  0.00  28
   100864  40.497087 -124.210335    22.385       35.9        0.9      -14.7      5.3      3.2      3.0 2020  9 15 23  5 33.140  0.00  28
   100868  40.497009 -124.212606    22.430     -156.6       -7.7       29.5      7.3      3.5      5.1 2020 10  4 23 46 22.940  0.00  28
   100877  40.497030 -124.211027    22.394      -22.8       -5.4       -5.6      4.3      2.7      3.8 2020 10 25  1  8 44.260  0.00  28
   100878  40.497042 -124.213167    22.492     -204.2       -4.1       92.0      8.0      6.6      3.8 2020 11  5 15 53 50.760  0.00  28
   100879  40.497026 -124.212492    22.424     -146.9       -5.9       24.3      8.0      3.0      4.4 2020 11 16 18 47 24.720  0.00  28
   100881  40.497021 -124.212484    22.427     -146.3       -6.3       27.1      8.1      3.3      4.8 2020 11 20 18 31 54.040  0.00  28
   100882  40.496932 -124.210840    22.372       -6.9      -16.3      -27.9      5.3      3.4      4.5 2020 12  1 21  4 34.360  0.00  28
   100895  40.496883 -124.212744    22.407     -168.3      -21.7        7.1      7.8      4.3      6.2 2021  3 13 21  1 53.660  0.00  28
   100918  40.497070 -124.211890    22.430      -95.9       -0.9       29.6      6.3      2.5      3.3 2021  6 10 14 51 11.820  0.00  28
   100919  40.497091 -124.211686    22.420      -78.6        1.4       20.3      5.4      2.4      3.3 2021  6 15 12 18 12.020  0.00  28
   100922  40.496993 -124.212036    22.414     -108.3       -9.5       13.6      5.9      2.7      3.6 2021  6 29  7 50 55.520  0.00  28
   100929  40.497209 -124.205990    22.281      404.3       14.5     -118.9     13.7      5.7      4.2 2021  7 19 21 37  9.300  0.00  28
   100933  40.497001 -124.212044    22.414     -109.0       -8.6       13.9      6.4      2.7      3.5 2021  7 25 13 59 39.480  0.00  28
   100940  40.497070 -124.211092    22.418      -28.3       -0.9       17.6      8.2      3.8      4.5 2021  8 19 15 50 35.180  0.00  28
   100942  40.497001 -124.212004    22.428     -105.6       -8.6       28.1      8.9      3.0      3.8 2021  8 19 18  1 55.100  0.00  28
   100955  40.497034 -124.212280    22.417     -129.0       -5.0       16.8      5.5      2.6      3.5 2021 11  1  1 35 30.020  0.00  28
   100956  40.497009 -124.211719    22.429      -81.4       -7.7       29.0      9.9      3.0      3.8 2021 11  2  1  5 32.520  0.00  28
   100957  40.497050 -124.212223    22.418     -124.2       -3.2       17.7      5.2      2.7      3.6 2021 11 12 15 38 24.340  0.00  28
   100961  40.497314 -124.212280    22.470     -129.0       26.2       70.2      8.5      6.1      6.1 2021 12  5  5 41  5.840  0.00  28
   100967  40.497135 -124.209237    22.349      129.0        6.3      -50.8     11.6      4.4      6.0 2021 12 21  7 59  2.500  0.00  28
   100968  40.496859 -124.215397    22.392     -393.2      -24.4       -8.3     12.4      6.2      8.6 2021 12 21  3 18 42.500  0.00  28
   100979  40.497005 -124.212549    22.421     -151.8       -8.1       21.1      7.1      3.2      4.3 2022  1 27 16 48 44.920  0.00  28
   100982  40.497091 -124.210075    22.384       57.9        1.4      -15.6      7.5      3.1      3.1 2022  2 13 16 48 50.860  0.00  28
   100990  40.497103 -124.212728    22.434     -166.9        2.7       34.2      8.6      3.2      3.7 2022  4  4 21 16 28.200  0.00  28
   100995  40.497123 -124.210596    22.398       13.8        5.0       -2.3      4.3      3.1      3.5 2022  4  7  3 42  3.140  0.00  28
   100997  40.496997 -124.212101    22.415     -113.8       -9.0       14.9      7.0      2.8      3.7 2022  4 12 17  5 36.820  0.00  28
   100998  40.497034 -124.212524    22.439     -149.7       -5.0       38.9      9.6      3.8      4.3 2022  4 12 13 19  3.300  0.00  28
   100999  40.497363 -124.210563    22.412       16.6       31.6       12.1      7.4      4.8      8.6 2022  4 15  2 58 16.600  0.00  28
   101004  40.497062 -124.210645    22.396        9.7       -1.8       -4.0      5.6      2.8      4.0 2022  6 25  4 35 37.880  0.00  28
   101008  40.497038 -124.212313    22.421     -131.8       -4.5       21.4      5.0      2.9      3.9 2022  7 24  3 57  6.420  0.00  28
   101009  40.497091 -124.209717    22.382       88.3        1.4      -17.6      8.0      4.0      5.0 2022  8  8  6 18 14.540  0.00  28
   101011  40.497013 -124.211686    22.428      -78.6       -7.2       28.4      9.8      3.0      3.7 2022  8 29  3  7 12.160  0.00  28
   101015  40.497070 -124.211963    22.429     -102.1       -0.9       28.6      9.0      3.0      3.6 2022  9 12  6 56  5.880  0.00  28
   101016  40.497066 -124.208065    22.359      228.3       -1.4      -40.7     14.8      7.0      9.1 2022  9 14  8  0 43.760  0.00  28
   101020  40.497274 -124.212736    22.447     -167.6       21.7       47.2     11.0      5.2      6.6 2022 11 27  4 55 37.960  0.00  28
   110292  40.497139 -124.209888    22.391       73.8        6.8       -8.9      3.1      2.5      3.3 2023  3 16 13 57 14.250  1.04  28
