   106632  40.271208 -124.547339     3.798      -13.2     -342.9      -52.5      2.3      8.9      4.4 2020  2 22  5 52 18.180  0.00  38
   106633  40.274089 -124.547184     3.829        0.0      -23.0      -21.2      2.0      3.3      4.0 2020  3  1 20 25 24.240  0.00  38
   106634  40.276424 -124.546289     4.035       76.1      236.3      184.8      7.4     24.3     12.5 2020  5  3 13 38 18.400  0.00  38
   106635  40.275301 -124.547021     3.837       13.8      111.6      -12.9      2.4     11.2      3.7 2020  5  4 19  6 10.540  0.00  38
   106636  40.274544 -124.547168     3.796        1.4       27.6      -53.5      2.1      3.8      4.2 2020  5  4  9 42 44.380  0.00  38
   106637  40.274699 -124.547209     3.798       -2.1       44.7      -52.0      2.8      3.9      3.5 2020  5  4  8 13 22.220  0.00  38
   106638  40.274048 -124.547013     3.784       14.5      -27.6      -66.3      2.3      3.6      3.6 2020  5  4 15 33  2.520  0.00  38
   106640  40.274984 -124.547241     3.790       -4.8       76.4      -59.6      2.8      6.8      4.7 2020  5  4  8 38 58.940  0.00  38
   106642  40.274894 -124.547209     3.801       -2.1       66.4      -49.4      3.0      4.1      3.9 2020  5  4  8 24 12.120  0.00  38
   106643  40.274821 -124.547184     3.780        0.0       58.3      -69.5      3.3      6.3      5.3 2020  5  4  8 47  1.720  0.00  38
   106644  40.275273 -124.547103     3.807        6.9      108.4      -42.8      3.3     11.3      5.4 2020  5  5  2 52 18.880  0.00  38
   106647  40.282109 -124.546875     3.822       26.3      867.5      -27.8      3.4     19.6      4.8 2020  5  5  1 48 19.700  0.00  38
   106648  40.274923 -124.547144     3.788        3.5       69.6      -62.2      3.0      7.5      5.0 2020  5  5  9 53 47.400  0.00  38
   106651  40.273678 -124.547298     3.819       -9.7      -68.7      -31.1      2.0      4.2      3.6 2021  1  5 21 56  2.340  0.00  38
   106653  40.273848 -124.547209     3.846       -2.1      -49.7       -3.9      2.0      3.2      3.2 2021  7 10  7 24 38.580  0.00  38
   106654  40.274129 -124.547290     3.829       -9.0      -18.5      -21.2      2.0      3.7      3.3 2021  7 10 11 51 45.900  0.00  38
   106655  40.273674 -124.547274     3.832       -7.6      -69.1      -18.1      1.8      4.0      3.0 2021  7 10 19  3 50.340  0.00  38
   106656  40.275582 -124.547347     3.831      -13.8      142.8      -18.8      2.1      9.4      3.8 2021  7 11 22 33 51.940  0.00  38
   106657  40.273690 -124.547852     3.724      -56.8      -67.3     -126.1      6.9      7.5      8.5 2021  7 15 19  8 47.300  0.00  38
   106658  40.273474 -124.547103     3.818        6.9      -91.3      -31.7      3.0      5.3      4.9 2021  7 15 13  0 48.340  0.00  38
   106659  40.278687 -124.547738     3.675      -47.1      487.5     -175.4      3.5     11.5      4.7 2021  8 25 19 10 39.080  0.00  38
   106660  40.274186 -124.547257     3.857       -6.2      -12.2        7.3      2.6      3.7      3.8 2021 11  5  3 58 28.600  0.00  38
   106661  40.273523 -124.547298     3.844       -9.7      -85.8       -6.3      2.5      3.9      3.6 2021 11  5  3 59 39.640  0.00  38
   106662  40.273914 -124.547257     3.849       -6.2      -42.5       -0.6      1.9      3.4      3.4 2021 11  5  5 28  9.100  0.00  38
   106663  40.274316 -124.547355     3.822      -14.5        2.3      -27.6      2.0      4.2      4.0 2021 11  7  2 53 22.060  0.00  38
   106664  40.275920 -124.547412     3.806      -19.4      180.3      -44.3      3.6      6.6      4.2 2022  1 13  2 40 39.500  0.00  38
   106665  40.273914 -124.547184     3.841        0.0      -42.5       -8.6      2.2      4.8      3.3 2022  1 15 23 23  0.380  0.00  38
   106666  40.273946 -124.547274     3.834       -7.6      -38.9      -16.2      1.9      4.3      3.2 2022  5  3  9 12 19.780  0.00  38
   106669  40.274089 -124.547298     3.836       -9.7      -23.0      -13.7      2.0      3.8      3.6 2022  5  4 12 40 45.580  0.00  38
   106672  40.273584 -124.547290     3.822       -9.0      -79.1      -28.0      1.9      4.2      3.0 2022  5  5 14 31 49.800  0.00  38
   106673  40.274182 -124.547290     3.837       -9.0      -12.7      -13.3      2.0      3.8      3.5 2022  5 10 12  8 48.400  0.00  38
   106674  40.272388 -124.546908     3.777       23.5     -211.9      -72.9      3.4      7.5      4.5 2022  7 11  7 17 29.200  0.00  38
   106675  40.270158 -124.546053     3.637       96.2     -459.5     -213.1      3.5      9.8      6.4 2022  8 17  6 48 39.560  0.00  38
   110411  40.273796 -124.547388     3.860      -17.3      -55.6        9.7      1.5      3.6      2.5 2022 12 21 19 45 27.080  1.81  38
