   105504  40.296061 -124.397078     8.134        2.8       39.8       23.9     13.3     11.6     19.0 2020  2  6  8 39 18.320  0.00  72
   105505  40.295707 -124.397135     8.130       -2.1        0.5       19.8     13.2     13.5     18.5 2020  2  6 11 33 20.940  0.00  72
   105506  40.295931 -124.397673     8.278      -47.7       25.3      168.1     11.9     16.7     53.5 2020  2  6 11 35 41.960  0.00  72
   105515  40.296000 -124.397046     8.115        5.5       33.0        5.3     11.7     21.2     17.3 2021  6  3 12 20 24.160  0.00  72
   105519  40.295996 -124.396997     8.094        9.7       32.5      -16.4     14.3     22.1     21.0 2021  8  1 14  0 36.000  0.00  72
   105544  40.296733 -124.396875     8.112       20.1      114.3        2.1     11.1     14.7     15.6 2022  2 20 15 29 37.960  0.00  72
   105560  40.295496 -124.396973     8.101       11.8      -23.0       -9.0     13.3     29.7     20.0 2022  9 24  2 36 23.560  0.00  72
   105562  40.295903 -124.396916     8.111       16.6       22.1        1.4     12.2     15.2     21.1 2022 11  8 18 37  6.880  0.00  72
   105563  40.296200 -124.396851     8.112       22.1       55.1        2.3     12.2     14.4     22.7 2022 11  9  1 33 51.080  0.00  72
   110376  40.295341 -124.397176     8.097       -5.5      -40.2      -13.5      9.3     16.2     15.0 2023  4  1 12 56 24.620  0.61  72
