   100617  40.440902 -124.644076    26.389       -1.4      -10.8      -10.5     32.3     69.7     69.5 2020  2  3 10 40  3.920  0.00  42
   100621  40.440479 -124.644010    26.286        4.1      -57.8     -114.1     73.3    126.5    203.3 2020  4  7  8  2 37.780  0.00  42
   100628  40.441024 -124.644149    26.415       -7.6        2.7       14.8     38.1     60.9    101.2 2020  6 21  6 37 46.700  0.00  42
   100632  40.440999 -124.644132    26.408       -6.2        0.0        7.8     45.7     85.4    138.3 2020  8  3  6 38  2.840  0.00  42
   100633  40.441056 -124.644149    26.422       -7.6        6.3       22.4     37.5     57.3     99.9 2020  8  3  7  0  1.480  0.00  42
   100642  40.440938 -124.644181    26.429      -10.4       -6.8       29.4     44.2    117.7    124.6 2020 12  3 11 19 59.440  0.00  42
   100644  40.440938 -124.644076    26.377       -1.4       -6.8      -22.9     32.3     54.0     98.0 2021  2 18 20 46  6.360  0.00  42
   100651  40.440820 -124.644043    26.353        1.4      -19.9      -47.0     34.1     77.8    101.3 2021  5 15 18  1 55.860  0.00  42
   100660  40.440999 -124.644100    26.373       -3.5        0.0      -27.1     39.0     54.7    128.7 2021  5 29 23 35 46.220  0.00  42
   100661  40.440902 -124.643994    26.366        5.5      -10.8      -34.4     50.4     84.8    122.9 2021  6  5  4 50 51.360  0.00  42
   100664  40.440902 -124.644051    26.361        0.7      -10.8      -38.7     39.8     55.0     99.7 2021  6 10 11 50 54.660  0.00  42
   100665  40.440881 -124.644027    26.367        2.8      -13.1      -33.1     39.0     57.1     85.4 2021  6 18 17 18 33.520  0.00  42
   100666  40.441166 -124.644295    26.457      -20.0       18.5       56.8     50.4     75.4    114.2 2021  7  1  0  7 14.980  0.00  42
   100677  40.440995 -124.644092    26.383       -2.8       -0.5      -17.3     41.8     64.9     93.2 2021  8 12 12 11 29.140  0.00  42
   100687  40.441231 -124.644222    26.427      -13.8       25.8       27.0     43.9     65.0    100.2 2021  9 29 19 23 12.960  0.00  42
   100692  40.440898 -124.644076    26.364       -1.4      -11.3      -35.8     42.4     56.2    103.1 2021 10 27 12 44 47.160  0.00  42
   100696  40.441020 -124.644116    26.400       -4.8        2.3        0.4     36.2     53.8     81.0 2021 11  8  1 56 17.400  0.00  42
   100699  40.441195 -124.644328    26.452      -22.8       21.7       52.1     65.5     97.9    148.5 2021 11 15 17 47 18.300  0.00  42
   100703  40.441109 -124.644132    26.418       -6.2       12.2       18.4     32.2     65.4     81.4 2021 11 29 12  5 28.880  0.00  42
   100709  40.441064 -124.644157    26.412       -8.3        7.2       11.6     39.9     59.1     95.1 2022  1 12  5 31 10.940  0.00  42
   100714  40.440999 -124.644100    26.386       -3.5        0.0      -13.6     36.1     51.2     94.5 2022  2 18 20 24 19.140  0.00  42
   100722  40.441073 -124.644149    26.412       -7.6        8.1       11.6     39.6     57.3     92.7 2022  4 14 23 44  7.940  0.00  42
   100724  40.441089 -124.644271    26.449      -18.0        9.9       49.0     36.4     93.6     87.1 2022  4 16 13 51 24.860  0.00  42
   100727  40.440987 -124.644149    26.388       -7.6       -1.4      -12.5     42.9     84.9    140.2 2022  5  4 15 52 36.500  0.00  42
   100728  40.441032 -124.644141    26.405       -6.9        3.6        4.5     38.6     56.8     87.8 2022  5 16  1 12 36.440  0.00  42
   100732  40.440942 -124.644067    26.388       -0.7       -6.3      -11.6     34.8     52.5     77.3 2022  6  6  4 15 20.000  0.00  42
   100734  40.441158 -124.644344    26.444      -24.2       17.6       43.6     78.2    118.6    179.7 2022  6 12  4  1 55.760  0.00  42
   100745  40.441064 -124.644181    26.409      -10.4        7.2        8.7     47.3     84.0    136.4 2022  8  8  9 33  4.680  0.00  42
   100756  40.440959 -124.644084    26.369       -2.1       -4.5      -30.8     34.6     50.0    115.4 2022 11 14 22 52 43.060  0.00  42
   110290  40.440999 -124.644059    26.403        0.0        0.0        2.7     34.4     53.8     86.9 2023  2  3 19 43  4.720  1.42  42
