   106728  40.457585 -124.270776    25.336       44.9       82.2      376.8     88.7     70.2     84.6 2020  3 18 22 39 56.960  0.00  17
   106731  40.457275 -124.271004    25.223       25.5       47.9      263.9    190.5    198.0    211.1 2020  4 28 22 46 41.280  0.00  17
   106736  40.457369 -124.272046    25.337      -62.8       58.3      377.4    208.2    165.7    129.3 2020  9 13 12 45 25.840  0.00  17
   106739  40.458435 -124.271305    25.424        0.0      176.7      464.2    168.1    153.8    172.4 2021  3 17  1 49 22.520  0.00  17
   106742  40.457446 -124.270524    25.319       66.3       66.9      359.7    103.9     95.6    142.6 2021  6  9 13 49 49.100  0.00  17
   106743  40.457324 -124.268905    25.289      203.6       53.3      329.8    204.7    117.7    140.3 2021  6 10 16 57 49.660  0.00  17
   106745  40.457609 -124.272331    25.470      -87.0       84.9      510.8    206.5    261.6    245.1 2021  7 18 16 42 41.440  0.00  17
   106753  40.458004 -124.271118    25.377       15.9      128.8      417.5    100.1     95.4     91.3 2021 12 20 20 16 29.340  0.00  17
   106754  40.457715 -124.271696    25.383      -33.1       96.7      423.4    130.1    131.9    119.8 2021 12 21  2 26  2.820  0.00  17
   106755  40.457475 -124.269694    25.276      136.7       70.0      316.3    184.6     97.4    130.6 2021 12 21  3 30 46.600  0.00  17
   106756  40.458712 -124.270394    25.500       77.3      207.4      540.2    275.3    179.5    168.5 2021 12 21 19  5 18.040  0.00  17
   106757  40.457520 -124.268929    25.324      201.6       75.0      364.8    239.3    189.9    165.8 2021 12 21  1 43 20.320  0.00  17
   106758  40.456942 -124.269987    25.237      111.8       10.8      277.4    256.5    142.5    179.9 2021 12 21 21 41 57.480  0.00  17
   106760  40.457638 -124.270605    25.344       59.4       88.1      384.6    119.6     90.7    110.6 2021 12 21 23 39 48.460  0.00  17
   106761  40.457507 -124.271338    25.277       -2.8       73.6      317.7    249.8     80.3    137.1 2021 12 21  6 12 22.560  0.00  17
   106762  40.457446 -124.270264    25.270       88.4       66.9      309.9    200.9     84.4    146.6 2021 12 21 13 12 47.980  0.00  17
   106765  40.458927 -124.271932    25.498      -53.2      231.3      538.0    173.4    206.1    205.2 2021 12 21  4 45 19.380  0.00  17
   106768  40.457841 -124.269548    25.365      149.1      110.7      405.3    161.2     68.3    142.7 2021 12 21  1 42  0.360  0.00  17
   106770  40.457263 -124.271493    25.321      -15.9       46.5      361.7    137.0    110.4     99.8 2021 12 21 20  6 12.260  0.00  17
   106771  40.457796 -124.272371    25.405      -90.4      105.7      445.0    203.6    155.4    126.7 2021 12 21  9 13 30.740  0.00  17
   106772  40.457243 -124.272729    25.189     -120.8       44.3      229.3    408.5    110.6    237.3 2021 12 21  7  6 27.260  0.00  17
   106774  40.458606 -124.270125    25.466      100.1      195.6      506.3    242.0    216.0    160.6 2021 12 21  8  1 41.180  0.00  17
   106775  40.457890 -124.270785    25.337       44.2      116.1      377.6    105.5    126.6    100.8 2021 12 22 11 57 26.320  0.00  17
   106776  40.457678 -124.271639    25.377      -28.3       92.6      417.8    135.7    143.8    137.0 2021 12 22 20 17 58.960  0.00  17
   106778  40.458069 -124.270321    25.440       83.5      136.0      480.1    228.3    156.2    180.9 2021 12 23  3 20 39.960  0.00  17
   106780  40.457694 -124.270760    25.325       46.2       94.4      365.0     89.0     81.0     91.4 2021 12 26 10  1 21.900  0.00  17
   106781  40.457654 -124.270597    25.311       60.1       89.9      351.8     95.3     93.9     98.5 2021 12 26 23 20 59.320  0.00  17
   106783  40.457760 -124.270728    25.333       49.0      101.7      373.5     95.3     85.8     91.7 2021 12 27  1  9 16.580  0.00  17
   106787  40.457450 -124.272420    25.454      -94.6       67.3      494.8    182.7    203.3    181.1 2022  1  2 22  0  9.380  0.00  17
   106789  40.457560 -124.271037    25.324       22.8       79.5      364.2    117.8     92.6     84.6 2022  1  2  4 53 31.180  0.00  17
   106790  40.458903 -124.270719    25.524       49.7      228.6      564.6    255.9    196.0    184.2 2022  1  2  8 17  5.880  0.00  17
   106793  40.458105 -124.272233    25.520      -78.7      140.1      560.5    179.0    195.9    217.0 2022  1 13 13 37 23.880  0.00  17
   106795  40.457239 -124.269116    25.243      185.7       43.8      283.0    239.1    124.6    143.5 2022  1 15 16 20  8.480  0.00  17
   106796  40.457552 -124.269580    25.301      146.3       78.6      341.6    183.0    126.9    111.1 2022  1 18  1  5 22.860  0.00  17
   106798  40.457499 -124.270451    25.311       72.5       72.7      351.8    101.6     99.2     93.1 2022  1 29 10 59 48.560  0.00  17
   106799  40.456433 -124.270459    25.217       71.8      -45.6      257.1    167.5    197.9    154.3 2022  1 30 22 25  8.500  0.00  17
   106801  40.456946 -124.270695    25.247       51.8       11.3      287.4    175.1    139.9    139.5 2022  2 25  4  3 34.000  0.00  17
   106803  40.457467 -124.270768    25.310       45.6       69.1      350.4    109.2    101.4     99.1 2022  4 12  0 54 20.500  0.00  17
   106804  40.457560 -124.270939    25.321       31.1       79.5      360.9    105.3     99.3     97.5 2022  4 15  9 43 42.080  0.00  17
   106807  40.459167 -124.272502    25.561     -101.5      258.0      601.0    242.8    172.8    199.5 2022  8 27  0 17 55.680  0.00  17
   106808  40.457662 -124.271208    25.332        8.3       90.8      372.6    172.8     70.0     73.8 2022  9 12 11 16 51.400  0.00  17
   106809  40.455904 -124.270874    25.155       36.6     -104.4      195.4    247.3    209.9    178.6 2022 11  3 19 20 57.480  0.00  17
   106810  40.457906 -124.269849    25.351      123.6      117.9      391.8    135.5     77.1     83.5 2022 11 17 18 30  3.780  0.00  17
   110130  40.457340 -124.272355    25.381      -89.0       55.1      421.9    225.7    150.6    166.3 2021 12 20 21 19 35.360  0.00  17
   110131  40.455485 -124.271338    25.121       -2.8     -150.9      161.1    278.7    204.1    254.8 2021 12 20 23 14 29.400  0.00  17
   110133  40.457426 -124.272567    25.398     -107.0       64.6      438.0    213.4    149.7    166.2 2021 12 23 18 20 46.720  0.00  17
   110134  40.457760 -124.273234    25.450     -163.6      101.7      490.2    207.9    185.2    163.8 2022  3  4 15 40 56.400  0.00  17
   110169  40.450623 -124.285075    21.954    -1168.0     -690.9    -3005.4    228.3    156.1    160.8 2021 12 21 17 40 43.880  0.00  17
   110170  40.449910 -124.280485    21.898     -778.7     -769.9    -3061.9    294.4    143.0    157.7 2021 12 21 17 46 54.000  0.00  17
   110171  40.450085 -124.284074    21.893    -1083.1     -750.5    -3066.6    245.9    172.4    195.3 2021 12 21  0 56 54.660  0.00  17
   110172  40.449662 -124.283984    21.899    -1075.5     -797.5    -3060.4    577.7    193.5    182.7 2021 12 21  9 29 42.380  0.00  17
   110173  40.450574 -124.288688    21.867    -1474.5     -696.3    -3092.8    263.6    153.5    149.6 2021 12 31  7 54 22.740  0.00  17
   110414  40.457621 -124.270573    25.317       62.1       86.3      357.6     71.6     64.9     77.0 2023  4 18  6 30 20.240  1.21  17
   110732  40.457931 -124.272119    25.414      -69.0      120.6      454.0    192.2    139.3    150.8 2023  4 20  6 34 58.960  0.73  17
   110744  40.451217 -124.288916    21.896    -1493.8     -624.9    -3063.2    268.0    150.1    150.3 2022 12  6 14 13  7.240  1.22  17
