   103511  40.416630 -124.635710    27.645        2.1       -9.9     -145.2     17.8     42.2     39.0 2020  5  7  4 53 23.220  0.00  19
   103516  40.417000 -124.635718    27.818        1.4       31.2       28.4      8.2     17.9     19.8 2020  6 21  2  0 47.320  0.00  19
   103523  40.416459 -124.635531    27.739       17.3      -28.9      -50.7     13.0     18.3     26.2 2020  8 20 22 23  4.640  0.00  19
   103526  40.416882 -124.635677    27.791        4.8       18.1        1.4     18.9     28.6     36.8 2020  8 31  6  6  1.700  0.00  19
   103527  40.417354 -124.635970    27.889      -20.0       70.5       98.9     14.9     21.3     27.5 2020  9  2 12 23  8.680  0.00  19
   103528  40.416565 -124.635685    27.787        4.1      -17.2       -2.6      8.6     15.9     18.4 2020  9 21 17 56 19.800  0.00  19
   103529  40.417049 -124.635653    27.812        6.9       36.6       22.0     14.9     27.7     30.8 2020  9 23  9  0 29.540  0.00  19
   103531  40.416638 -124.635628    27.773        9.0       -9.0      -16.6      9.0     14.8     17.9 2020 10 10  1 19 51.240  0.00  19
   103532  40.416744 -124.635710    27.796        2.1        2.7        6.4      8.9     14.3     18.3 2020 10 11 19 49 37.260  0.00  19
   103533  40.416846 -124.635758    27.809       -2.1       14.0       19.1     10.9     15.0     23.5 2020 10 16  3  5  6.520  0.00  19
   103539  40.414730 -124.636385    27.944      -55.3     -220.9      154.4     20.1     35.1     34.5 2020 11 14  7 19 30.280  0.00  19
   103545  40.417086 -124.635604    27.774       11.1       40.7      -15.5      9.6     23.6     19.5 2020 12 29 22  2 25.740  0.00  19
   103546  40.416557 -124.635636    27.777        8.3      -18.1      -12.7      9.0     14.3     17.8 2021  1 21  2 49 11.860  0.00  19
   103547  40.416732 -124.634521    27.377      102.9        1.4     -413.2     28.3     48.7     65.4 2021  2  7 23 10 50.320  0.00  19
   103553  40.416939 -124.635693    27.819        3.5       24.4       29.2     11.1     18.4     20.4 2021  4  8  6 57 45.620  0.00  19
   103554  40.417069 -124.635775    27.835       -3.5       38.9       45.1      8.9     18.9     18.9 2021  4 12  6 17  4.740  0.00  19
   103555  40.416178 -124.635677    27.790        4.8      -60.1        0.0     10.0     26.5     24.8 2021  5  5 21 30  7.880  0.00  19
   103558  40.416829 -124.635742    27.805       -0.7       12.2       14.5      9.4     15.2     17.3 2021  5 25  4  7 24.640  0.00  19
   103559  40.416398 -124.635775    27.788       -3.5      -35.7       -2.1     15.0     24.3     28.4 2021  5 27 18  4 14.220  0.00  19
   103563  40.416846 -124.635734    27.803        0.0       14.0       12.8      8.9     15.6     16.8 2021  6 20 17 45  6.940  0.00  19
   103564  40.416724 -124.635791    27.804       -4.8        0.5       14.1      9.3     22.8     22.4 2021  6 22  6 39 12.360  0.00  19
   103566  40.416650 -124.635628    27.783        9.0       -7.7       -7.2      9.3     15.2     17.5 2021  7  3 23 13 39.300  0.00  19
   103567  40.416663 -124.635636    27.773        8.3       -6.3      -16.9      8.8     15.6     17.5 2021  7  9 19  5 46.580  0.00  19
   103568  40.418343 -124.635156    27.656       49.0      180.3     -134.2     16.4     26.7     30.7 2021  7 11 13 20 49.540  0.00  19
   103574  40.417163 -124.635661    27.832        6.2       49.2       41.8     15.0     26.4     28.3 2021  8  4 21 24 15.580  0.00  19
   103575  40.416512 -124.635701    27.789        2.8      -23.0       -1.5     12.3     17.9     23.6 2021  8 13  6 10 27.160  0.00  19
   103580  40.416597 -124.635636    27.789        8.3      -13.6       -1.4      9.7     16.1     18.1 2021  9  5 15 20 51.120  0.00  19
   103581  40.416610 -124.635636    27.791        8.3      -12.2        0.9     10.2     14.7     19.4 2021  9  5 18  6  2.080  0.00  19
   103588  40.416516 -124.635742    27.810       -0.7      -22.6       20.1      8.5     15.6     16.6 2021 11 15 20 36 56.500  0.00  19
   103592  40.415910 -124.635856    27.836      -10.4      -89.9       45.7     10.6     23.4     19.3 2021 12 17  9 32 52.640  0.00  19
   103593  40.416829 -124.635750    27.799       -1.4       12.2        9.1     10.4     16.3     17.3 2021 12 30  8 56 43.400  0.00  19
   103595  40.416866 -124.635767    27.827       -2.8       16.3       37.0     10.1     15.1     19.6 2022  1 12  6  0 47.680  0.00  19
   103596  40.413033 -124.633464    26.849      192.7     -409.4     -941.4     45.5     67.4    106.8 2022  1 16 20 48 33.420  0.00  19
   103602  40.416744 -124.635710    27.795        2.1        2.7        4.6      8.8     15.6     16.1 2022  2 13 14 34 37.180  0.00  19
   103603  40.415995 -124.635636    27.759        8.3      -80.4      -30.5     12.2     31.2     29.9 2022  2 18 10 30 45.580  0.00  19
   103604  40.415824 -124.635522    27.724       18.0      -99.4      -66.0     15.2     34.2     33.1 2022  2 18 10 29 22.700  0.00  19
   103610  40.416654 -124.635799    27.825       -5.5       -7.2       34.7      9.4     14.2     16.6 2022  3 11  2 27 42.400  0.00  19
   103612  40.416817 -124.635832    27.859       -8.3       10.8       69.0     15.4     23.7     26.8 2022  3 27 15 36 15.060  0.00  19
   103613  40.416862 -124.635832    27.834       -8.3       15.8       44.2     15.0     22.6     22.7 2022  3 27 14 10 14.080  0.00  19
   103614  40.416984 -124.635750    27.823       -1.4       29.4       33.3      8.2     18.2     16.6 2022  4  5  7 42 15.200  0.00  19
   103616  40.416939 -124.635750    27.802       -1.4       24.4       11.5      9.6     18.3     20.3 2022  4 10 20  1 33.680  0.00  19
   103617  40.415092 -124.635921    27.797      -15.9     -180.7        6.6     11.0     17.6     17.7 2022  4 10 11 29 25.840  0.00  19
   103619  40.416146 -124.635327    27.685       34.5      -63.7     -105.4     21.1     40.3     26.6 2022  4 16 11 33 57.200  0.00  19
   103621  40.416431 -124.635799    27.810       -5.5      -32.1       19.5     11.4     20.0     22.0 2022  4 26  2 38 32.820  0.00  19
   103627  40.416740 -124.635718    27.795        1.4        2.3        5.2      9.2     14.9     16.9 2022  6 15 21 43 33.360  0.00  19
   103629  40.416707 -124.635783    27.825       -4.1       -1.4       34.7      8.6     13.3     17.1 2022  6 28 22 40 13.060  0.00  19
   103633  40.415629 -124.636222    27.902      -41.4     -121.1      111.8     15.4     27.8     19.3 2022  7 21 10 58 56.360  0.00  19
   103635  40.415759 -124.636507    27.964      -65.6     -106.6      173.7     20.8     37.5     34.2 2022  7 21  9 41 45.700  0.00  19
   103638  40.418294 -124.635417    27.741       26.9      174.9      -48.6     19.0     33.1     36.9 2022  7 29  4 44  3.980  0.00  19
   103639  40.416683 -124.635669    27.791        5.5       -4.1        0.9      8.8     15.7     16.4 2022  8  1 11 57 40.720  0.00  19
   103643  40.416589 -124.635669    27.764        5.5      -14.5      -26.2      9.9     15.3     21.9 2022  8 19  1 15 44.200  0.00  19
   103648  40.416496 -124.635677    27.780        4.8      -24.9      -10.4      8.1     15.4     15.8 2022  9 24 22  0 20.980  0.00  19
   103654  40.416874 -124.635701    27.762        2.8       17.2      -27.7     14.2     25.2     26.3 2022 11 19 23 53 55.780  0.00  19
   103655  40.416724 -124.635669    27.793        5.5        0.5        3.4      9.6     16.5     16.5 2022 11 21  7 59 21.280  0.00  19
   110323  40.416821 -124.635693    27.793        3.5       11.3        2.9      8.3     12.5     16.8 2022 12 17 21 51 15.200  2.06  19
