   100575  40.368791 -124.459782    17.760     -780.3     -666.9     -798.9     24.2     34.7     29.7 2020  1  3 15 57 51.560  0.00  30
   100576  40.367342 -124.458952    17.541     -709.8     -827.8    -1017.6     83.1    126.8     95.1 2020  1 14  1  9 31.340  0.00  30
   100577  40.368384 -124.460067    17.719     -804.5     -712.1     -839.8     24.3     35.2     28.0 2020  2 16  2 38  6.780  0.00  30
   100578  40.367887 -124.459790    17.776     -781.0     -767.2     -782.6     26.3     41.2     29.5 2020  2 28  7 47  9.140  0.00  30
   100580  40.367859 -124.459725    17.739     -775.5     -770.4     -819.9     43.2     67.0     56.0 2020  3 24 20 10 18.920  0.00  30
   100581  40.367806 -124.459546    17.712     -760.3     -776.2     -846.7     59.4     82.9     84.5 2020  5  4 10 41 42.840  0.00  30
   100582  40.367387 -124.459139    17.682     -725.7     -822.8     -876.5     59.9     93.4     72.1 2020  5 13  5 11 45.540  0.00  30
   100583  40.368229 -124.459766    17.762     -778.9     -729.3     -796.8     21.8     29.0     29.6 2020  6  9 10 47  6.140  0.00  30
   100584  40.368132 -124.459823    17.760     -783.8     -740.1     -798.9     22.5     34.2     29.8 2020  6 13  7  8 34.340  0.00  30
   100587  40.368095 -124.459880    17.768     -788.6     -744.2     -791.1     24.0     33.1     36.1 2020  8 20 18 40 55.160  0.00  30
   100588  40.368197 -124.459831    17.773     -784.5     -732.9     -785.3     25.9     46.8     29.8 2020  9 12 21 54 44.740  0.00  30
   100589  40.368148 -124.459774    17.768     -779.6     -738.3     -790.3     27.4     50.6     28.4 2020  9 12 21 37 16.080  0.00  30
   100590  40.368107 -124.459790    17.757     -781.0     -742.8     -802.0     21.8     36.8     33.7 2020 11 29 17 24 14.040  0.00  30
   100591  40.367989 -124.459937    17.778     -793.4     -755.9     -781.2     39.0     52.3     47.8 2021  4 17 10 27 49.580  0.00  30
   100592  40.367993 -124.459839    17.773     -785.2     -755.5     -785.4     23.8     35.1     31.9 2021  4 26 21 46 39.180  0.00  30
   100593  40.367997 -124.459977    17.773     -796.9     -755.0     -785.8     23.4     33.5     33.7 2021  5 11 12 13 44.620  0.00  30
   100594  40.367932 -124.459880    17.770     -788.6     -762.2     -789.1     29.9     41.2     38.0 2021  5 20  1 35 27.000  0.00  30
   100595  40.369352 -124.460490    17.683     -840.4     -604.5     -876.0     29.3     53.6     34.8 2021  6 15 11 27 24.780  0.00  30
   100596  40.368848 -124.459993    17.736     -798.3     -660.6     -822.5     26.8     49.7     32.7 2021  6 15 11 31  8.000  0.00  30
   100597  40.368209 -124.460124    17.737     -809.3     -731.5     -821.7     22.4     34.6     31.5 2021  6 15 11 58 52.480  0.00  30
   100598  40.368282 -124.460091    17.733     -806.6     -723.4     -825.9     22.6     36.8     31.8 2021  6 15 13  9 16.300  0.00  30
   100600  40.368998 -124.460116    17.720     -808.6     -643.9     -838.6     25.9     49.9     31.3 2021  8 12 11 50 12.180  0.00  30
   100602  40.369316 -124.460091    17.734     -806.6     -608.6     -824.7     31.5     47.3     42.0 2021  9 15  3 21  7.320  0.00  30
   100603  40.367643 -124.459928    17.751     -792.8     -794.3     -808.2     31.3     47.3     37.0 2021  9 24  8 15 17.120  0.00  30
   100604  40.367863 -124.459505    17.691     -756.8     -769.9     -868.0     77.6     75.9     65.9 2021 10 10 16 46 24.120  0.00  30
   100605  40.368266 -124.460335    17.684     -827.3     -725.2     -875.2     27.1     41.6     38.7 2021 10 29  1 24 55.020  0.00  30
   100606  40.368241 -124.460327    17.678     -826.6     -727.9     -880.7     22.3     35.3     31.6 2021 11  8 10 41 50.820  0.00  30
   100607  40.368376 -124.460303    17.740     -824.5     -713.0     -818.5     29.9     40.2     32.9 2021 11 15  1 46 35.440  0.00  30
   100610  40.368481 -124.459098    17.636     -722.3     -701.2     -922.5     73.1    120.1     71.9 2021 12 31 10  4 37.000  0.00  30
   100611  40.368099 -124.459709    17.747     -774.1     -743.7     -811.5     46.8     79.1     46.6 2022  3 22 11  4 35.800  0.00  30
   100612  40.368534 -124.459969    17.744     -796.2     -695.4     -815.1     26.0     51.8     28.8 2022  6  5  8 21 59.320  0.00  30
   100613  40.368087 -124.459920    17.742     -792.1     -745.1     -816.4     23.9     40.5     28.2 2022  8 17  5  6 21.800  0.00  30
   100614  40.367598 -124.459888    17.761     -789.3     -799.3     -797.8     47.3     74.1     34.1 2022  8 21  5 51  8.080  0.00  30
   100615  40.367989 -124.459880    17.774     -788.6     -755.9     -784.6     29.3     43.4     39.8 2022 10 25 21 20 54.620  0.00  30
   106864  40.404447 -124.411955    24.995     3280.7     3292.5     6436.3     98.2    128.5     74.4 2021 10  4  7 13 43.640  0.00  30
   106865  40.405452 -124.413900    25.227     3115.6     3404.1     6668.4    105.4    155.6     88.6 2021 12 21 23 35 58.700  0.00  30
   106871  40.404492 -124.411930    24.980     3282.8     3297.5     6421.3     97.2    117.8     70.5 2022 11 22 23  5 32.660  0.00  30
   109433  40.412154 -124.398714    19.910     4404.7     4148.3     1351.3     56.2     60.3     55.8 2021 12 22  1 59 55.300  0.00  30
   109434  40.412358 -124.398730    19.858     4403.3     4170.9     1299.2     50.5     59.4     53.4 2022  4 16 21  8 59.900  0.00  30
   110289  40.368844 -124.460457    17.708     -837.7     -661.0     -850.5     20.4     30.1     29.4 2023  1 26 21 33 28.920  1.26  30
   110418  40.406136 -124.418978    25.023     2684.4     3480.0     6464.4     75.2    114.2     68.9 2023  2 15 12  9 12.570  0.98  30
   110621  40.413570 -124.397290    19.956     4525.6     4305.5     1397.5     54.0     59.7     54.7 2023  2 12 15 30 31.930  3.14  30
