   104838  40.291536 -124.388452    21.279       86.5      -19.0      -90.9    346.5    271.8    504.1 2020  1 25 14 20 47.820  0.00  34
   104839  40.291593 -124.388525    21.295       80.3      -12.7      -74.8    340.5    255.2    455.5 2020  1 25 14 22 23.940  0.00  34
   104842  40.291492 -124.388021    21.242      123.2      -23.9     -128.2    379.0    313.7    554.1 2020  3 13 13 44 40.320  0.00  34
   104843  40.294328 -124.388924    21.323       46.4      291.0      -47.1    258.8    713.7    231.9 2020  5 23 16 19  5.400  0.00  34
   104844  40.296696 -124.388802    21.314       56.7      553.9      -56.5    424.9   1084.1    257.3 2020  5 24 12  7 13.140  0.00  34
   104845  40.291443 -124.389510    21.372       -3.5      -29.4        2.2    177.8    332.5    152.3 2020  6  5 12  0 20.420  0.00  34
   104848  40.291524 -124.388184    21.261      109.3      -20.3     -109.2    363.2    297.9    553.6 2020 12 25 11 55 38.020  0.00  34
   104849  40.291569 -124.388192    21.264      108.6      -15.4     -105.9    355.7    285.6    541.0 2020 12 25 14 25 57.040  0.00  34
   104850  40.291484 -124.388330    21.264       96.9      -24.9     -106.0    354.9    275.2    641.3 2021  1 13 10  0 21.440  0.00  34
   104851  40.291760 -124.389388    21.358        6.9        5.9      -11.8    173.5    297.3    211.4 2021  2  5 11 24  9.360  0.00  34
   104854  40.291260 -124.389437    21.368        2.8      -49.7       -1.6    182.8    384.7    161.5 2021  9 17  3 49 29.860  0.00  34
   104855  40.291573 -124.389689    21.380      -18.7      -14.9        9.6    257.6    387.9    191.0 2021 10 23 10 36 54.840  0.00  34
   104857  40.291410 -124.389347    21.365       10.4      -33.0       -4.9    209.8    280.9    187.4 2021 11 10 22 12  7.100  0.00  34
   104858  40.293311 -124.389380    21.350        7.6      178.0      -19.9    328.1    684.7    282.9 2021 11 17 11 58 34.440  0.00  34
   104859  40.291951 -124.389657    21.372      -15.9       27.1        1.8    194.0    255.9    209.6 2021 12 20 22 16 24.420  0.00  34
   104862  40.291724 -124.389535    21.370       -5.5        1.8        0.4    195.1    298.8    157.0 2021 12 21  0  0 44.500  0.00  34
   104863  40.291646 -124.389616    21.374      -12.5       -6.8        3.5    194.5    237.6    143.6 2021 12 21  7 32  7.940  0.00  34
   104864  40.291577 -124.389575    21.374       -9.0      -14.5        3.6    208.6    260.6    162.3 2021 12 21  7 32 38.440  0.00  34
   104866  40.291699 -124.389478    21.369       -0.7       -0.9       -1.1    190.2    304.2    157.1 2021 12 21 13 12 35.900  0.00  34
   104868  40.291642 -124.389600    21.377      -11.1       -7.2        7.4    184.6    326.9    157.5 2021 12 21  7 35 40.760  0.00  34
   104869  40.292029 -124.389535    21.371       -5.5       35.7        0.7    180.2    289.5    151.3 2021 12 21  5 59 26.840  0.00  34
   104870  40.291435 -124.389469    21.368        0.0      -30.3       -2.4    189.4    335.4    154.5 2021 12 21  2 41 56.780  0.00  34
   104872  40.291785 -124.390666    21.448     -101.7        8.6       78.3    408.2    369.6    321.8 2021 12 21  5 35 36.300  0.00  34
   104874  40.292517 -124.389046    21.345       36.0       89.9      -25.0    333.8    486.7    284.5 2021 12 21 13 40 27.300  0.00  34
   104875  40.291300 -124.389510    21.378       -3.5      -45.2        7.7    178.0    367.8    177.0 2021 12 22  2 25 36.120  0.00  34
   104876  40.291361 -124.389551    21.375       -6.9      -38.4        5.4    205.8    325.4    170.2 2021 12 22  4 43 41.600  0.00  34
   104878  40.291504 -124.389551    21.375       -6.9      -22.6        5.2    193.4    346.8    193.3 2021 12 23 13 23  2.200  0.00  34
   104881  40.291809 -124.389478    21.370       -0.7       11.3        0.4    173.3    265.2    167.0 2021 12 31 17  4  4.900  0.00  34
   104884  40.291663 -124.389486    21.372       -1.4       -5.0        2.2    171.5    297.8    153.7 2022  1 28 17 21 49.780  0.00  34
   104885  40.291781 -124.389502    21.373       -2.8        8.1        3.0    198.5    358.8    172.3 2022  1 28 15 57 19.160  0.00  34
   104886  40.291951 -124.389421    21.369        4.2       27.1       -0.8    177.7    260.1    157.1 2022  1 28 15 48 35.980  0.00  34
   104888  40.291504 -124.389600    21.374      -11.1      -22.6        3.7    203.5    306.3    159.6 2022  2 22  1 59 45.720  0.00  34
   104889  40.292013 -124.389583    21.370       -9.7       33.9        0.2    191.0    309.3    189.1 2022  9  2 17 28 49.180  0.00  34
   110352  40.291768 -124.389648    21.373      -15.2        6.8        3.4    179.9    184.4    166.7 2023  3 28  2 26 28.480  2.85  34
