   106507  40.499935 -124.329207    19.853       74.5        5.4      -47.1      1.1      0.9      1.2 2020  2 19  1  2 53.940  0.00  22
   106508  40.499915 -124.330119    19.894       -2.8        3.2       -5.7      0.4      0.4      0.7 2020  9  1  2  9  2.720  0.00  22
   106517  40.500085 -124.328988    19.855       93.1       22.1      -45.4      1.0      1.0      1.2 2021  5  3 15 57 28.900  0.00  22
   106518  40.500016 -124.329281    19.918       68.3       14.5       18.5      1.0      0.6      0.9 2021  5 26  5 55 13.280  0.00  22
   106520  40.501082 -124.329761    20.133       27.6      132.8      233.2      1.1      1.4      1.9 2021 11 16  9 19 34.180  0.00  22
   106523  40.499752 -124.330062    19.896        2.1      -14.9       -3.6      0.6      0.5      0.5 2021 12 20 20 13 34.280  0.00  22
   106524  40.499910 -124.330111    19.903       -2.1        2.7        3.2      0.5      0.5      0.7 2021 12 20 23 36 10.800  0.00  22
   106527  40.499939 -124.330078    19.902        0.7        5.9        1.8      0.5      0.5      0.7 2021 12 21 16 55 43.720  0.00  22
   106529  40.499910 -124.329924    19.899       13.8        2.7       -1.1      0.7      0.3      0.4 2021 12 22 13 48 19.960  0.00  22
   106532  40.499943 -124.330029    19.901        4.8        6.3        1.2      0.4      0.4      0.5 2021 12 31 10 42 27.260  0.00  22
   106533  40.499829 -124.330249    19.898      -13.8       -6.3       -2.2      0.5      0.5      0.6 2021 12 31  3 37 56.200  0.00  22
   106534  40.499837 -124.330225    19.891      -11.7       -5.4       -8.7      0.6      0.5      0.6 2021 12 31 21 34 28.140  0.00  22
   106536  40.499984 -124.330135    19.900       -4.1       10.8        0.4      0.4      0.4      0.6 2022  1  9 11 45 39.380  0.00  22
   106539  40.499955 -124.330119    19.901       -2.8        7.7        0.7      0.4      0.3      0.5 2022  1 21 14 11  2.100  0.00  22
   106541  40.499906 -124.330160    19.903       -6.2        2.3        2.9      0.4      0.3      0.5 2022  2  4  4 18 16.160  0.00  22
   106542  40.499906 -124.330168    19.901       -6.9        2.3        0.9      0.4      0.4      0.6 2022  2 10  0 57 15.920  0.00  22
   106546  40.499866 -124.330135    19.895       -4.1       -2.3       -4.8      0.4      0.3      0.5 2022  2 18 16 18 39.800  0.00  22
   106549  40.499939 -124.330119    19.907       -2.8        5.9        6.8      0.5      0.4      0.6 2022  2 26  1 58 19.200  0.00  22
   106552  40.499951 -124.330160    19.911       -6.2        7.2       11.2      0.4      0.4      0.6 2022  3 10 21 16 10.420  0.00  22
   106557  40.499980 -124.330037    19.913        4.1       10.4       12.9      0.5      0.4      0.5 2022  4  6  3 51 39.260  0.00  22
   106560  40.499813 -124.330265    19.885      -15.2       -8.1      -15.1      0.6      0.4      0.6 2022  4 18  8  0 40.700  0.00  22
   106561  40.499817 -124.330054    19.884        2.8       -7.7      -16.4      0.5      0.4      0.6 2022  4 21  7 33 54.460  0.00  22
   106566  40.499898 -124.330054    19.897        2.8        1.4       -3.0      0.4      0.3      0.5 2022  5  5 21 18  3.760  0.00  22
   106567  40.499919 -124.330151    19.904       -5.5        3.6        3.7      0.4      0.4      0.6 2022  5  5 17 13 44.200  0.00  22
   106569  40.499963 -124.330103    19.911       -1.4        8.6       10.8      0.4      0.4      0.5 2022  5  7 12 38 39.640  0.00  22
   106570  40.499849 -124.330086    19.890        0.0       -4.1       -9.7      0.3      0.3      0.5 2022  5  8  7 49 19.740  0.00  22
   106572  40.499882 -124.330054    19.894        2.8       -0.5       -5.5      0.3      0.3      0.4 2022  5 16  5 33 29.740  0.00  22
   106573  40.499866 -124.330046    19.897        3.4       -2.3       -2.9      0.4      0.3      0.5 2022  5 20 19 54 22.980  0.00  22
   106574  40.499817 -124.330176    19.900       -7.6       -7.7        0.2      0.5      0.4      0.4 2022  5 20 15 50 39.120  0.00  22
   106575  40.499825 -124.330037    19.882        4.1       -6.8      -17.8      0.4      0.4      0.5 2022  5 20 22 17 57.460  0.00  22
   106576  40.499898 -124.330135    19.901       -4.1        1.4        1.4      0.4      0.3      0.5 2022  5 20 18 39 27.940  0.00  22
   106579  40.499776 -124.330298    19.874      -17.9      -12.2      -26.4      0.7      0.5      0.8 2022  5 23 22 22 59.620  0.00  22
   106581  40.499788 -124.330062    19.885        2.1      -10.8      -15.4      0.5      0.4      0.6 2022  5 24 11 32  4.600  0.00  22
   106584  40.499849 -124.330111    19.892       -2.1       -4.1       -8.4      0.4      0.3      0.5 2022  6  6  1 43  9.260  0.00  22
   106585  40.499874 -124.330021    19.894        5.5       -1.4       -6.1      0.4      0.3      0.5 2022  6  8 21 52 21.420  0.00  22
   106586  40.499878 -124.330037    19.896        4.1       -0.9       -3.8      0.4      0.3      0.4 2022  6  8  8 31  1.680  0.00  22
   106591  40.500114 -124.329321    19.855       64.8       25.3      -45.4      1.3      1.1      1.2 2022  7  6 22 51 29.360  0.00  22
   106593  40.499858 -124.330029    19.891        4.8       -3.2       -9.2      0.7      0.5      0.7 2022  7 27 21  8 17.640  0.00  22
   106594  40.499943 -124.330225    19.910      -11.7        6.3       10.3      1.0      0.8      1.1 2022  8 22 16 15 52.900  0.00  22
   106599  40.500016 -124.330021    19.910        5.5       14.5       10.0      0.6      0.5      0.6 2022  9  4  8 51 58.480  0.00  22
   106601  40.499980 -124.330070    19.910        1.4       10.4       10.3      0.5      0.4      0.5 2022  9  7  3 58 19.820  0.00  22
   106603  40.499784 -124.330200    19.877       -9.7      -11.3      -23.0      0.5      0.6      0.8 2022  9 16 11 23 56.920  0.00  22
   106604  40.499829 -124.330192    19.902       -9.0       -6.3        2.0      0.5      0.4      0.5 2022  9 21 12 55 45.460  0.00  22
   106606  40.499756 -124.330347    19.880      -22.1      -14.5      -19.6      0.7      0.6      0.7 2022  9 30  2 48 59.280  0.00  22
   106607  40.499768 -124.330550    19.881      -39.3      -13.1      -19.2      0.9      0.6      0.8 2022 10  2 22 20 34.200  0.00  22
   106608  40.499837 -124.330176    19.896       -7.6       -5.4       -4.2      0.4      0.4      0.5 2022 10  9  3 35 32.100  0.00  22
   110407  40.499902 -124.330127    19.903       -3.4        1.8        2.6      0.3      0.3      0.4 2023  5 30  8 32 35.380  1.14  22
