   107300  40.713098 -124.395500    24.464       -0.7        0.0        3.7     12.3     18.3     44.7 2020 10 29 13 32  8.460  0.00  59
   107302  40.713167 -124.395532    24.452       -3.4        7.7       -8.4     13.8     17.4     31.0 2021  2  5 18 58 22.480  0.00  59
   107304  40.713188 -124.395402    24.301        7.6        9.9     -159.4     18.7     20.0     85.4 2021  2 10 18 39  4.720  0.00  59
   107305  40.713216 -124.395459    24.374        2.8       13.1      -85.8     13.3     25.4     60.2 2021  3 27 19 44 22.840  0.00  59
   107309  40.713143 -124.395475    24.443        1.4        5.0      -17.4     12.3     13.3     45.6 2021  7  1  7 49  4.920  0.00  59
   107310  40.713135 -124.395435    24.363        4.8        4.1      -97.3     16.2     13.5     64.5 2021  7 28 13 54 34.920  0.00  59
   107312  40.713123 -124.395483    24.432        0.7        2.7      -28.1      9.6     14.7     41.7 2021  9  4  2 51 43.760  0.00  59
   107313  40.713135 -124.395516    24.479       -2.1        4.1       19.0     11.0     13.8     40.8 2021  9  4  3 54 10.000  0.00  59
   107314  40.713163 -124.395402    24.324        7.6        7.2     -136.3     16.9     18.3     73.9 2021  9  7  3 43 11.160  0.00  59
   107316  40.713094 -124.395451    24.389        3.4       -0.5      -71.1     19.7     13.1     71.2 2021 11 11  4 40 22.120  0.00  59
   107319  40.713086 -124.395532    24.500       -3.4       -1.4       40.5     11.4     20.2     41.4 2021 11 25 19  7 42.260  0.00  59
   107321  40.713175 -124.395516    24.451       -2.1        8.6       -9.4     12.2     16.3     28.6 2022  1  7  1 27 28.780  0.00  59
   107322  40.713171 -124.395435    24.361        4.8        8.1      -99.0     19.9     17.1     77.2 2022  3 25 15 49 48.380  0.00  59
   107323  40.713082 -124.395540    24.502       -4.1       -1.8       42.3     13.0     18.7     44.2 2022  5  3  0 18 12.600  0.00  59
   107326  40.713171 -124.395524    24.488       -2.8        8.1       27.6     14.9     17.4     48.7 2022  6 28  9 36 18.380  0.00  59
   107332  40.713196 -124.395483    24.402        0.7       10.8      -57.6     14.6     24.8     78.1 2022 11 14 17 38 58.600  0.00  59
   110430  40.713057 -124.395516    24.476       -2.1       -4.5       16.0     12.0     13.2     31.4 2023  4 18  9 17 19.780  1.42  59
