   101493  40.325749 -124.366854    18.802      -31.1        6.3       12.5    547.4    769.7    498.2 2020  2 11  9 19 30.880  0.00  64
   101495  40.325671 -124.366349    18.760       11.8       -2.3      -30.2    535.7    526.9    692.9 2020  5  8 14 19  3.300  0.00  64
   101497  40.325659 -124.366479    18.787        0.7       -3.6       -2.7    396.1    560.8    425.8 2020  8 31 23 45 31.400  0.00  64
   101498  40.326058 -124.366707    18.802      -18.7       40.7       12.4    450.9    638.1    473.9 2020 10  2 17  4  0.640  0.00  64
   101499  40.325643 -124.366602    18.796       -9.7       -5.4        6.2    317.2    435.8    402.3 2021  1 10 20 29 48.820  0.00  64
   101502  40.325818 -124.366691    18.799      -17.3       14.0        9.4    371.9    550.9    385.1 2021  7  7  8 30 52.060  0.00  64
   101505  40.325822 -124.366650    18.795      -13.8       14.5        5.3    356.5    465.2    377.0 2021  9 16  6 39 23.680  0.00  64
   101507  40.325972 -124.366813    18.799      -27.7       31.2        9.2    499.7    587.2    493.3 2021 10  5  5  0 45.320  0.00  64
   101545  40.325663 -124.366577    18.793       -7.6       -3.2        2.9    368.8    439.2    354.5 2022  4 17 22 59 31.240  0.00  64
   101547  40.328210 -124.367147    18.801      -56.0      279.7       11.1    722.6   1406.5    763.4 2022  5 16 11 54 22.560  0.00  64
   101549  40.325879 -124.366618    18.799      -11.1       20.8        8.7    440.6    631.0    388.6 2022  6 20  5 49 12.560  0.00  64
   101556  40.326713 -124.366951    18.808      -39.4      113.4       17.6    444.3    916.7    414.7 2022  9  1 16 52 14.460  0.00  64
   101559  40.325305 -124.366325    18.783       13.8      -42.9       -7.3    720.9   1039.8    685.7 2022  9 17 21 37 56.320  0.00  64
   101560  40.325456 -124.366390    18.786        8.3      -26.2       -3.8    680.0    975.3    658.2 2022  9 17 20 44 21.300  0.00  64
   101563  40.325981 -124.366618    18.794      -11.1       32.1        3.8    408.6    636.7    422.9 2022  9 23  1  2 28.580  0.00  64
   110297  40.325614 -124.366374    18.787        9.7       -8.6       -3.0    367.5    468.9    399.7 2023  1  2 14 24 18.160  1.18  64
