   101493  40.325806 -124.367179    18.815      -58.8       12.7       24.7    267.4    391.7    267.4 2020  2 11  9 19 30.880  0.00  64
   101495  40.325777 -124.366602    18.761       -9.7        9.5      -29.1    295.2    406.2    272.5 2020  5  8 14 19  3.300  0.00  64
   101497  40.325614 -124.366447    18.784        3.5       -8.6       -6.0    212.0    306.9    228.9 2020  8 31 23 45 31.400  0.00  64
   101498  40.326424 -124.366919    18.816      -36.7       81.3       25.6    228.6    320.2    249.1 2020 10  2 17  4  0.640  0.00  64
   101499  40.325623 -124.366691    18.802      -17.3       -7.7       11.7    150.7    229.2    195.9 2021  1 10 20 29 48.820  0.00  64
   101502  40.325891 -124.366862    18.808      -31.8       22.1       18.4    196.6    288.9    204.9 2021  7  7  8 30 52.060  0.00  64
   101505  40.325907 -124.366797    18.801      -26.3       23.9       10.8    182.9    229.8    201.9 2021  9 16  6 39 23.680  0.00  64
   101507  40.326233 -124.367106    18.808      -52.6       60.1       18.2    254.0    316.7    272.4 2021 10  5  5  0 45.320  0.00  64
   101545  40.325671 -124.366642    18.795      -13.1       -2.3        4.9    179.0    222.7    175.2 2022  4 17 22 59 31.240  0.00  64
   101547  40.329513 -124.367415    18.805      -78.8      424.3       14.9    264.2    982.1    229.7 2022  5 16 11 54 22.560  0.00  64
   101549  40.326095 -124.366748    18.808      -22.1       44.7       17.6    202.1    287.5    173.6 2022  6 20  5 49 12.560  0.00  64
   101556  40.327266 -124.367131    18.812      -54.6      174.9       21.9    183.6    513.5    195.0 2022  9  1 16 52 14.460  0.00  64
   101559  40.324670 -124.366032    18.770       38.7     -113.4      -19.6    368.3    556.5    345.0 2022  9 17 21 37 56.320  0.00  64
   101560  40.324923 -124.366130    18.775       30.4      -85.4      -15.3    362.2    529.8    347.8 2022  9 17 20 44 21.300  0.00  64
   101563  40.326314 -124.366772    18.799      -24.2       69.1        8.9    196.5    326.3    222.7 2022  9 23  1  2 28.580  0.00  64
   110297  40.325545 -124.366260    18.783       19.4      -16.3       -6.8    171.5    231.6    185.3 2023  1  2 14 24 18.160  1.18  64
