   104947  40.376359 -124.586426    27.435       44.9      260.3      -75.4     34.6     66.5     56.1 2020  1 27  3 33 37.900  0.00  23
   104948  40.374491 -124.587085    27.545      -11.1       52.9       35.2     27.0     53.2     45.2 2020  3 15 11  8 54.480  0.00  23
   104949  40.374801 -124.587354    27.745      -33.9       87.2      235.4     46.6     64.5     83.3 2020  3 15 10 40 25.300  0.00  23
   104950  40.375456 -124.586255    27.466       59.4      159.9      -43.9     38.4     64.6     51.0 2020  3 24 22 40 56.940  0.00  23
   104951  40.374357 -124.587020    27.512       -5.5       38.0        1.6     29.9     42.9     50.0 2020  3 29 19 50 48.940  0.00  23
   104952  40.375281 -124.586410    27.446       46.3      140.5      -64.2     37.1     61.5     60.2 2020  5 20 21 10 40.540  0.00  23
   104953  40.374068 -124.586971    27.561       -1.4        5.9       51.1     39.7     58.0     65.4 2020  5 28  3 30 49.200  0.00  23
   104954  40.375224 -124.586499    27.492       38.7      134.2      -17.7     35.2     65.6     51.7 2020  6 11  3 50 51.180  0.00  23
   104955  40.372225 -124.589006    28.209     -174.2     -198.8      699.3    100.7    143.8    166.3 2020  6 14  8 41  4.880  0.00  23
   104956  40.374931 -124.586434    27.433       44.2      101.7      -77.4     35.2     53.8     57.9 2020  7 14  7 25 47.800  0.00  23
   104958  40.375708 -124.588656    27.971     -144.4      188.0      460.5     54.1     96.4    105.1 2020  9 10  2  4 47.040  0.00  23
   104959  40.375110 -124.586393    27.464       47.7      121.5      -46.5     36.5     66.7     61.4 2020  9 12 10 40  0.480  0.00  23
   104960  40.373584 -124.586995    27.488       -3.5      -47.9      -22.5     33.0     72.1     62.0 2020  9 19  0 33 31.640  0.00  23
   104961  40.374760 -124.587809    27.722      -72.6       82.7      212.1     38.6     57.5     87.8 2020  9 23  9 31 47.320  0.00  23
   104962  40.374345 -124.587834    27.755      -74.6       36.6      244.9     40.8     68.2     79.2 2020  9 29  9 57 55.960  0.00  23
   104964  40.375647 -124.588647    27.837     -143.8      181.2      327.1     48.8     68.5     99.6 2020 12  8 16 42 53.280  0.00  23
   104965  40.374080 -124.587134    27.524      -15.2        7.2       13.7     28.0     53.4     59.8 2020 12 10 19 49 14.260  0.00  23
   104966  40.375936 -124.586084    27.362       73.9      213.3     -148.3     43.6     69.4     72.6 2020 12 22 14 35 10.320  0.00  23
   104967  40.374683 -124.586532    27.380       35.9       74.1     -129.5     51.5    100.2    100.2 2021  3  6 12 54 27.660  0.00  23
   104969  40.376331 -124.585677    27.343      108.5      257.1     -166.9     45.7     92.7     91.9 2021  5 20  0 50 18.180  0.00  23
   104972  40.374788 -124.587712    27.770      -64.3       85.8      259.8     43.2     61.2     90.4 2021  6 11  8 31 33.560  0.00  23
   104973  40.375883 -124.588794    28.261     -156.2      207.4      750.6     56.1    105.5    107.6 2021  6 20  1 41 22.180  0.00  23
   104974  40.373966 -124.586955    27.503        0.0       -5.4       -6.5     34.2     56.6     53.6 2021  7 20 15  5 21.760  0.00  23
   104975  40.372799 -124.587061    27.482       -9.0     -135.1      -27.6     28.6     79.8     62.4 2021  8 28 19 21 44.180  0.00  23
   104976  40.373893 -124.587109    27.572      -13.1      -13.6       62.0     36.9     38.1     77.8 2021  9 27  1  3 32.360  0.00  23
   104977  40.373421 -124.586849    27.490        9.0      -66.0      -19.6     31.6     62.8     50.7 2021 10  6 22  3 24.840  0.00  23
   104978  40.376025 -124.589307    28.128     -199.7      223.2      618.4     75.0    156.5    123.7 2021 11  1  3 56 53.200  0.00  23
   104980  40.372314 -124.587386    27.596      -36.6     -188.9       86.1     37.0     80.3     64.3 2022  2  6 21 50 37.360  0.00  23
   104981  40.374524 -124.587118    27.589      -13.8       56.5       79.4     27.5     53.9     60.6 2022  3 11  9 43 29.740  0.00  23
   104982  40.375102 -124.586165    27.418       67.0      120.6      -91.8     41.1     61.8     76.3 2022  4  3  8 24 39.320  0.00  23
   104983  40.375936 -124.586328    27.496       53.2      213.3      -13.7     36.5     70.7     78.7 2022  4 19 22 16 25.080  0.00  23
   104984  40.368958 -124.586165    27.132       67.0     -561.6     -377.6     79.8    170.8    165.1 2022  5  9 21 52  8.060  0.00  23
   104987  40.373934 -124.586922    27.486        2.8       -9.0      -23.6     28.6     55.2     48.1 2022  6 17 10 22 17.000  0.00  23
   104988  40.373966 -124.586906    27.483        4.1       -5.4      -26.7     29.7     48.6     49.2 2022  6 17 10 46 26.820  0.00  23
   104990  40.375395 -124.586328    27.419       53.2      153.2      -91.4     37.7     62.5     63.3 2022  6 24  5  4 53.800  0.00  23
   104991  40.374646 -124.588013    27.640      -89.8       70.0      129.9     81.0     84.1    153.0 2022  7 27  4 54 13.900  0.00  23
   104993  40.372510 -124.588680    27.697     -146.5     -167.2      187.2     53.4    131.5     86.9 2022  8 11  4 39 15.140  0.00  23
   104994  40.375435 -124.586190    27.436       65.0      157.7      -73.7     40.7     64.8     69.4 2022  8 17  8 25 46.520  0.00  23
   104995  40.374023 -124.587020    27.513       -5.5        0.9        3.5     33.5     59.6     52.7 2022  8 30 23 11 16.520  0.00  23
   104996  40.374845 -124.588127    27.895      -99.5       92.2      384.9     37.2     71.8     93.1 2022 10 11 17 23 22.920  0.00  23
   104997  40.374760 -124.586743    27.477       18.0       82.7      -32.7     31.8     53.8     49.7 2022 10 11 14  2 49.700  0.00  23
   104998  40.376782 -124.586247    27.345       60.1      307.2     -165.4     31.0     83.3     75.0 2022 10 11 17 30 39.280  0.00  23
   104999  40.373743 -124.587036    27.516       -6.9      -30.3        5.9     33.2     71.7     65.9 2022 10 24 20  5 38.420  0.00  23
   105000  40.375985 -124.585929    27.355       87.1      218.7     -154.5     46.8     75.4     80.2 2022 11 14  0 17 50.340  0.00  23
   105001  40.373983 -124.587020    27.551       -5.5       -3.6       41.4     34.8     53.8     63.4 2022 11 20 20 20 39.340  0.00  23
   105002  40.372367 -124.587606    27.642      -55.3     -183.0      132.1     38.5     71.3     70.7 2022 11 27  4  0 20.280  0.00  23
   110356  40.373393 -124.587004    27.483       -4.1      -69.1      -27.1     28.7     42.0     48.2 2023  5 27  0 55 22.180  2.59  23
