   106142  40.496798 -124.330802    17.850      -13.8        9.0       -0.0      0.0      0.0      0.0 2020  2 16  9 47  5.060  0.00   4
   106144  40.496798 -124.330802    17.850      -13.8        9.0       -0.0      0.0      0.0      0.0 2020  4 12  4 35  0.980  0.00   4
   106147  40.496798 -124.330802    17.850      -13.8        9.0       -0.0      0.0      0.0      0.0 2020  9 14 10 23  2.500  0.00   4
   106154  40.496798 -124.330802    17.850      -13.8        9.0       -0.0      0.0      0.0      0.0 2021  1 30 22 57 38.840  0.00   4
   106155  40.496798 -124.330802    17.850      -13.8        9.0       -0.0      0.0      0.0      0.0 2021  2  2 17 23 41.100  0.00   4
   106164  40.496798 -124.330802    17.850      -13.8        9.0       -0.0      0.0      0.0      0.0 2021  7 22 15 35 57.140  0.00   4
   106167  40.496798 -124.330802    17.850      -13.8        9.0       -0.0      0.0      0.0      0.0 2021 10  2  5 23 38.340  0.00   4
   106168  40.496798 -124.330802    17.850      -13.8        9.0       -0.0      0.0      0.0      0.0 2021 10  3 11 37  2.540  0.00   4
   106170  40.496802 -124.330802    17.850      -13.8        9.5       -0.0      0.0      0.0      0.0 2021 10  8  7 30 49.160  0.00   4
   106171  40.496798 -124.330802    17.850      -13.8        9.0       -0.0      0.0      0.0      0.0 2021 10 12 12 22 10.580  0.00   4
   106173  40.496798 -124.330802    17.850      -13.8        9.0       -0.0      0.0      0.0      0.0 2021 11 18  7  5 20.520  0.00   4
   106176  40.496798 -124.330802    17.850      -13.8        9.0       -0.0      0.0      0.0      0.0 2021 12 11  7 52 35.460  0.00   4
   106178  40.496798 -124.330802    17.850      -13.8        9.0       -0.0      0.0      0.0      0.0 2021 12 15  7 38 28.900  0.00   4
   106186  40.496798 -124.330802    17.850      -13.8        9.0       -0.0      0.0      0.0      0.0 2021 12 23 19 12 18.300  0.00   4
   106187  40.496798 -124.330802    17.850      -13.8        9.0       -0.0      0.0      0.0      0.0 2021 12 23  7  0 19.640  0.00   4
   106191  40.496798 -124.330802    17.850      -13.8        9.0       -0.1      0.0      0.0      0.0 2021 12 23  4 46 17.660  0.00   4
   106193  40.496798 -124.330802    17.850      -13.8        9.0       -0.0      0.0      0.0      0.0 2021 12 25  3 17 58.440  0.00   4
   106194  40.496798 -124.330802    17.850      -13.8        9.0       -0.0      0.0      0.0      0.0 2021 12 30  5 48 27.460  0.00   4
   106196  40.496798 -124.330802    17.850      -13.8        9.0       -0.0      0.0      0.0      0.0 2021 12 31 13 20 26.880  0.00   4
   106197  40.496798 -124.330802    17.850      -13.8        9.0       -0.0      0.0      0.0      0.0 2021 12 31 10 15 16.680  0.00   4
   106200  40.496798 -124.330802    17.850      -13.8        9.0       -0.0      0.0      0.0      0.0 2022  1  2 14 54 27.660  0.00   4
   106201  40.496798 -124.330802    17.850      -13.8        9.0       -0.0      0.0      0.0      0.0 2022  1  2  0 12 25.180  0.00   4
   106202  40.496798 -124.330802    17.850      -13.8        9.0       -0.0      0.0      0.0      0.0 2022  1  2 23 12 20.980  0.00   4
   106204  40.496798 -124.330802    17.850      -13.8        9.0       -0.0      0.0      0.0      0.0 2022  1  7  3  3 58.940  0.00   4
   106208  40.496798 -124.330802    17.850      -13.8        9.0       -0.0      0.0      0.0      0.0 2022  1 16  3  3 43.240  0.00   4
   106209  40.496798 -124.330802    17.850      -13.8        9.0       -0.0      0.0      0.0      0.0 2022  1 16 22 15  6.960  0.00   4
   106210  40.496798 -124.330802    17.850      -13.8        9.0       -0.0      0.0      0.0      0.0 2022  1 16  4  9 53.760  0.00   4
   106211  40.496798 -124.330802    17.850      -13.8        9.0       -0.0      0.0      0.0      0.0 2022  1 16  9 17 39.940  0.00   4
   106216  40.496798 -124.330802    17.850      -13.8        9.0       -0.0      0.0      0.0      0.0 2022  1 18 12  7 24.920  0.00   4
   106217  40.496798 -124.330802    17.850      -13.8        9.0       -0.0      0.0      0.0      0.0 2022  1 18  3 25 18.740  0.00   4
   106218  40.496798 -124.330802    17.850      -13.8        9.0       -0.0      0.0      0.0      0.0 2022  1 19  6 54 58.540  0.00   4
   106220  40.496798 -124.330802    17.850      -13.8        9.0       -0.0      0.0      0.0      0.0 2022  1 21  8 26 27.620  0.00   4
   106221  40.496798 -124.330802    17.850      -13.8        9.0       -0.0      0.0      0.0      0.0 2022  1 22 13 18 17.780  0.00   4
   106223  40.496798 -124.330802    17.850      -13.8        9.0       -0.0      0.0      0.0      0.0 2022  1 23 14 11 22.260  0.00   4
   106225  40.496798 -124.330802    17.850      -13.8        9.0       -0.0      0.0      0.0      0.0 2022  1 28 18 30 21.440  0.00   4
   106226  40.496798 -124.330802    17.850      -13.8        9.0       -0.0      0.0      0.0      0.0 2022  1 29 17 47 53.300  0.00   4
   106227  40.496798 -124.330802    17.850      -13.8        9.0       -0.0      0.0      0.0      0.0 2022  1 31  9 38 58.340  0.00   4
   106229  40.496798 -124.330802    17.850      -13.8        9.0       -0.0      0.0      0.0      0.0 2022  2  2 22 24 23.440  0.00   4
   106230  40.496798 -124.330802    17.850      -13.8        9.0       -0.0      0.0      0.0      0.0 2022  2  3  2  3 31.060  0.00   4
   106231  40.496798 -124.330802    17.850      -13.8        9.0       -0.0      0.0      0.0      0.0 2022  2  3  8 40 22.780  0.00   4
   106232  40.496798 -124.330802    17.850      -13.8        9.0       -0.0      0.0      0.0      0.0 2022  2  3  8 37  7.500  0.00   4
   106234  40.496798 -124.330802    17.850      -13.8        9.0       -0.0      0.0      0.0      0.0 2022  2  6 11 55 37.920  0.00   4
   106235  40.496798 -124.330802    17.850      -13.8        9.0       -0.0      0.0      0.0      0.0 2022  2 12  0 51 57.080  0.00   4
   106239  40.496798 -124.330802    17.850      -13.8        9.0       -0.0      0.0      0.0      0.0 2022  2 14 16 43 46.920  0.00   4
   106240  40.496798 -124.330802    17.850      -13.8        9.0       -0.0      0.0      0.0      0.0 2022  2 14 22 32 21.620  0.00   4
   106241  40.496798 -124.330802    17.850      -13.8        9.0       -0.0      0.0      0.0      0.0 2022  2 14 21 24 22.540  0.00   4
   106242  40.496798 -124.330802    17.850      -13.8        9.0       -0.0      0.0      0.0      0.0 2022  2 14 15 35 37.440  0.00   4
   106243  40.496798 -124.330802    17.850      -13.8        9.0       -0.0      0.0      0.0      0.0 2022  2 15  3 24 39.820  0.00   4
   106244  40.496798 -124.330802    17.850      -13.8        9.0       -0.0      0.0      0.0      0.0 2022  2 20  9 12 22.280  0.00   4
   106247  40.496798 -124.330802    17.850      -13.8        9.0       -0.0      0.0      0.0      0.0 2022  2 21 15 40 58.540  0.00   4
   106248  40.496798 -124.330802    17.850      -13.8        9.0       -0.0      0.0      0.0      0.0 2022  2 21 12 54 43.620  0.00   4
   106251  40.496798 -124.330802    17.850      -13.8        9.0       -0.0      0.0      0.0      0.0 2022  2 26  5  4 41.160  0.00   4
   106252  40.496798 -124.330802    17.850      -13.8        9.0       -0.0      0.0      0.0      0.0 2022  2 26 12 40 18.540  0.00   4
   106254  40.496798 -124.330802    17.850      -13.8        9.0       -0.0      0.0      0.0      0.0 2022  2 27 19 37 49.380  0.00   4
   106255  40.496798 -124.330802    17.850      -13.8        9.0       -0.0      0.0      0.0      0.0 2022  2 28  3 42 20.260  0.00   4
   106257  40.496798 -124.330802    17.850      -13.8        9.0       -0.0      0.0      0.0      0.0 2022  3  1  1  4 35.500  0.00   4
   106258  40.496798 -124.330802    17.850      -13.8        9.0       -0.0      0.0      0.0      0.0 2022  3  1  4 33 33.320  0.00   4
   106259  40.496798 -124.330802    17.850      -13.8        9.0       -0.0      0.0      0.0      0.0 2022  3  2  2 19 41.560  0.00   4
   106264  40.496798 -124.330802    17.850      -13.8        9.0       -0.0      0.0      0.0      0.0 2022  3  4 23 16  6.440  0.00   4
   106265  40.496798 -124.330802    17.850      -13.8        9.0       -0.0      0.0      0.0      0.0 2022  3  8 17 12 20.840  0.00   4
   106270  40.496798 -124.330802    17.850      -13.8        9.0       -0.0      0.0      0.0      0.0 2022  3 27  7 11  2.900  0.00   4
   106271  40.496798 -124.330802    17.850      -13.8        9.0       -0.0      0.0      0.0      0.0 2022  4  1  6 31 38.080  0.00   4
   106272  40.496798 -124.330802    17.850      -13.8        9.0       -0.0      0.0      0.0      0.0 2022  4  1  7 37 43.900  0.00   4
   106273  40.496798 -124.330802    17.850      -13.8        9.0       -0.0      0.0      0.0      0.0 2022  4  1  7  8 51.380  0.00   4
   106275  40.496798 -124.330802    17.850      -13.8        9.0       -0.0      0.0      0.0      0.0 2022  4  2  2 16 50.200  0.00   4
   106276  40.496798 -124.330802    17.850      -13.8        9.0       -0.0      0.0      0.0      0.0 2022  4  7 12 46 34.800  0.00   4
   106278  40.496798 -124.330802    17.850      -13.8        9.0       -0.0      0.0      0.0      0.0 2022  4 15 23 52 12.400  0.00   4
   106280  40.496798 -124.330802    17.850      -13.8        9.0       -0.0      0.0      0.0      0.0 2022  4 25 11 18  9.700  0.00   4
   106281  40.496798 -124.330802    17.850      -13.8        9.0       -0.0      0.0      0.0      0.0 2022  4 28 17 35 58.900  0.00   4
   106282  40.496798 -124.330802    17.850      -13.8        9.0       -0.0      0.0      0.0      0.0 2022  4 29  8 13 25.740  0.00   4
   106283  40.496798 -124.330802    17.850      -13.8        9.0       -0.0      0.0      0.0      0.0 2022  5  2  6 55  3.460  0.00   4
   106284  40.496798 -124.330802    17.850      -13.8        9.0       -0.0      0.0      0.0      0.0 2022  5  7 22 39  3.000  0.00   4
   106286  40.496798 -124.330802    17.850      -13.8        9.0       -0.0      0.0      0.0      0.0 2022  5 10  8 50 16.200  0.00   4
   106287  40.496798 -124.330802    17.850      -13.8        9.0       -0.0      0.0      0.0      0.0 2022  5 10  0 41 41.360  0.00   4
   106288  40.496798 -124.330802    17.850      -13.8        9.0       -0.0      0.0      0.0      0.0 2022  5 10 14 44 45.480  0.00   4
   106290  40.496798 -124.330802    17.850      -13.8        9.0       -0.0      0.0      0.0      0.0 2022  5 12  1 30 43.080  0.00   4
   106291  40.496798 -124.330802    17.850      -13.8        9.0       -0.0      0.0      0.0      0.0 2022  5 12  8  6 13.200  0.00   4
   106293  40.496798 -124.330802    17.850      -13.8        9.0       -0.0      0.0      0.0      0.0 2022  5 14 19  3 30.080  0.00   4
   106294  40.496798 -124.330802    17.850      -13.8        9.0       -0.0      0.0      0.0      0.0 2022  5 15  1 12 12.600  0.00   4
   106295  40.496798 -124.330802    17.850      -13.8        9.0       -0.0      0.0      0.0      0.0 2022  5 15 12 38 43.240  0.00   4
   106296  40.496798 -124.330802    17.850      -13.8        9.0       -0.0      0.0      0.0      0.0 2022  5 15  3  8 52.300  0.00   4
   106297  40.496798 -124.330802    17.850      -13.8        9.0       -0.0      0.0      0.0      0.0 2022  5 16 17 15 16.940  0.00   4
   106298  40.496798 -124.330802    17.850      -13.8        9.0       -0.0      0.0      0.0      0.0 2022  5 20 21  8 41.220  0.00   4
   106299  40.496798 -124.330802    17.850      -13.8        9.0       -0.0      0.0      0.0      0.0 2022  5 21  1 24 36.560  0.00   4
   106300  40.496798 -124.330802    17.850      -13.8        9.0       -0.0      0.0      0.0      0.0 2022  5 21 19 48 49.180  0.00   4
   106302  40.496798 -124.330802    17.850      -13.8        9.0       -0.0      0.0      0.0      0.0 2022  5 27 12 32 31.140  0.00   4
   106304  40.496798 -124.330802    17.850      -13.8        9.0       -0.0      0.0      0.0      0.0 2022  5 28  5 20  2.780  0.00   4
   106305  40.496798 -124.330802    17.850      -13.8        9.0       -0.0      0.0      0.0      0.0 2022  5 30 13 20 12.260  0.00   4
   106306  40.496798 -124.330802    17.850      -13.8        9.0       -0.0      0.0      0.0      0.0 2022  6  1  2 39 26.760  0.00   4
   106307  40.496798 -124.330802    17.850      -13.8        9.0       -0.0      0.0      0.0      0.0 2022  6  6  9 29 14.760  0.00   4
   106308  40.496798 -124.330802    17.850      -13.8        9.0       -0.0      0.0      0.0      0.0 2022  6  6  5 14 25.900  0.00   4
   106310  40.496798 -124.330802    17.850      -13.8        9.0       -0.0      0.0      0.0      0.0 2022  6  8 12 59  0.080  0.00   4
   106311  40.496798 -124.330802    17.850      -13.8        9.0       -0.0      0.0      0.0      0.0 2022  6  9  8 48 36.880  0.00   4
   106312  40.496798 -124.330802    17.850      -13.8        9.0       -0.0      0.0      0.0      0.0 2022  6 12 14 27 16.560  0.00   4
   106313  40.496798 -124.330802    17.850      -13.8        9.0       -0.0      0.0      0.0      0.0 2022  6 13  3  6 20.360  0.00   4
   106314  40.496798 -124.330802    17.850      -13.8        9.0       -0.0      0.0      0.0      0.0 2022  6 13 23 25 35.040  0.00   4
   106315  40.496798 -124.330802    17.850      -13.8        9.0       -0.0      0.0      0.0      0.0 2022  6 15  9 41 17.600  0.00   4
   106316  40.496798 -124.330802    17.850      -13.8        9.0       -0.0      0.0      0.0      0.0 2022  6 15 15 45 11.840  0.00   4
   106317  40.496798 -124.330802    17.850      -13.8        9.0       -0.0      0.0      0.0      0.0 2022  6 15  4 34 41.940  0.00   4
   106320  40.496798 -124.330802    17.850      -13.8        9.0       -0.0      0.0      0.0      0.0 2022  6 16 12 41 44.740  0.00   4
   106321  40.496798 -124.330802    17.850      -13.8        9.0       -0.0      0.0      0.0      0.0 2022  6 16 17 47 27.640  0.00   4
   106322  40.496798 -124.330802    17.850      -13.8        9.0       -0.0      0.0      0.0      0.0 2022  6 17  1 34 31.520  0.00   4
   106323  40.496798 -124.330802    17.850      -13.8        9.0       -0.0      0.0      0.0      0.0 2022  6 17  9 39 54.280  0.00   4
   106326  40.496798 -124.330802    17.850      -13.8        9.0       -0.0      0.0      0.0      0.0 2022  6 17 14 49 41.980  0.00   4
   106327  40.496798 -124.330802    17.850      -13.8        9.0       -0.0      0.0      0.0      0.0 2022  6 17  8 11  3.840  0.00   4
   106328  40.496798 -124.330802    17.850      -13.8        9.0       -0.0      0.0      0.0      0.0 2022  6 18  5  8  8.580  0.00   4
   106329  40.496798 -124.330802    17.850      -13.8        9.0       -0.0      0.0      0.0      0.0 2022  6 18  8 25 36.840  0.00   4
   106330  40.496798 -124.330802    17.850      -13.8        9.0       -0.0      0.0      0.0      0.0 2022  6 18 16 36  4.940  0.00   4
   106331  40.496798 -124.330802    17.850      -13.8        9.0       -0.0      0.0      0.0      0.0 2022  6 18 15 41  8.700  0.00   4
   106332  40.496798 -124.330802    17.850      -13.8        9.0       -0.0      0.0      0.0      0.0 2022  6 18 14 30 21.240  0.00   4
   106333  40.496798 -124.330802    17.850      -13.8        9.0       -0.0      0.0      0.0      0.0 2022  6 20  8 44 39.060  0.00   4
   106334  40.496798 -124.330802    17.850      -13.8        9.0       -0.0      0.0      0.0      0.0 2022  6 20  4 11 59.280  0.00   4
   106335  40.496798 -124.330802    17.850      -13.8        9.0       -0.0      0.0      0.0      0.0 2022  6 20  3 26  5.120  0.00   4
   106336  40.496798 -124.330802    17.850      -13.8        9.0       -0.0      0.0      0.0      0.0 2022  6 21  7 46 44.740  0.00   4
   106337  40.496798 -124.330802    17.850      -13.8        9.0       -0.0      0.0      0.0      0.0 2022  6 21  4 31 16.520  0.00   4
   106338  40.496798 -124.330802    17.850      -13.8        9.0       -0.0      0.0      0.0      0.0 2022  6 23 14 31 49.880  0.00   4
   106339  40.496798 -124.330802    17.850      -13.8        9.0       -0.0      0.0      0.0      0.0 2022  6 24  2  4  9.040  0.00   4
   106340  40.496798 -124.330802    17.850      -13.8        9.0       -0.0      0.0      0.0      0.0 2022  6 24 22 56 45.960  0.00   4
   106341  40.496798 -124.330802    17.850      -13.8        9.0       -0.0      0.0      0.0      0.0 2022  6 25 18 56 46.680  0.00   4
   106342  40.496798 -124.330802    17.850      -13.8        9.0       -0.0      0.0      0.0      0.0 2022  6 27 12 33 49.880  0.00   4
   106343  40.496798 -124.330802    17.850      -13.8        9.0       -0.0      0.0      0.0      0.0 2022  7  2 22 22  4.260  0.00   4
   106344  40.496798 -124.330802    17.850      -13.8        9.0       -0.0      0.0      0.0      0.0 2022  7  3 13 10  0.780  0.00   4
   106345  40.496798 -124.330802    17.850      -13.8        9.0       -0.0      0.0      0.0      0.0 2022  7  5 14 55 20.380  0.00   4
   106347  40.496798 -124.330802    17.850      -13.8        9.0       -0.0      0.0      0.0      0.0 2022  7  5 16  5  1.480  0.00   4
   106350  40.496798 -124.330802    17.850      -13.8        9.0       -0.0      0.0      0.0      0.0 2022  7  7  6 54 26.120  0.00   4
   106351  40.496798 -124.330802    17.850      -13.8        9.0       -0.0      0.0      0.0      0.0 2022  7  7  2 44 46.460  0.00   4
   106352  40.496798 -124.330802    17.850      -13.8        9.0       -0.0      0.0      0.0      0.0 2022  7  7  5 56 40.020  0.00   4
   106353  40.496798 -124.330802    17.850      -13.8        9.0       -0.0      0.0      0.0      0.0 2022  7  7  8  7  0.840  0.00   4
   106354  40.496798 -124.330802    17.850      -13.8        9.0       -0.0      0.0      0.0      0.0 2022  7  8  4 45 11.940  0.00   4
   106355  40.496798 -124.330802    17.850      -13.8        9.0       -0.0      0.0      0.0      0.0 2022  7  8 12  5 48.040  0.00   4
   106357  40.496798 -124.330802    17.850      -13.8        9.0       -0.0      0.0      0.0      0.0 2022  7 13 21 34 45.100  0.00   4
   106359  40.496798 -124.330802    17.850      -13.8        9.0       -0.0      0.0      0.0      0.0 2022  7 15  9 31 39.120  0.00   4
   106360  40.496798 -124.330802    17.850      -13.8        9.0       -0.0      0.0      0.0      0.0 2022  7 16  4 55 30.700  0.00   4
   106361  40.496798 -124.330802    17.850      -13.8        9.0       -0.0      0.0      0.0      0.0 2022  7 19 17  8 48.180  0.00   4
   106362  40.496798 -124.330802    17.850      -13.8        9.0       -0.0      0.0      0.0      0.0 2022  7 26  0 28 21.180  0.00   4
   106363  40.496798 -124.330802    17.850      -13.8        9.0       -0.0      0.0      0.0      0.0 2022  7 26 11 23 40.860  0.00   4
   106364  40.496798 -124.330802    17.850      -13.8        9.0       -0.0      0.0      0.0      0.0 2022  7 26 22 15 23.800  0.00   4
   106365  40.496798 -124.330802    17.850      -13.8        9.0       -0.0      0.0      0.0      0.0 2022  7 27 23 25  2.520  0.00   4
   106367  40.496798 -124.330802    17.850      -13.8        9.0       -0.0      0.0      0.0      0.0 2022  7 28  2  5 12.120  0.00   4
   106368  40.496798 -124.330802    17.850      -13.8        9.0       -0.0      0.0      0.0      0.0 2022  7 28  3  6 30.900  0.00   4
   106369  40.496798 -124.330802    17.850      -13.8        9.0       -0.0      0.0      0.0      0.0 2022  7 28 15 13 21.480  0.00   4
   106370  40.496798 -124.330802    17.850      -13.8        9.0       -0.0      0.0      0.0      0.0 2022  7 28  5 32 16.180  0.00   4
   106371  40.496798 -124.330802    17.850      -13.8        9.0       -0.0      0.0      0.0      0.0 2022  7 28  3 11 44.020  0.00   4
   106372  40.496798 -124.330802    17.850      -13.8        9.0       -0.0      0.0      0.0      0.0 2022  7 28 20 57 33.500  0.00   4
   106374  40.496798 -124.330802    17.850      -13.8        9.0       -0.0      0.0      0.0      0.0 2022  8  1 18  7 54.160  0.00   4
   106376  40.496798 -124.330802    17.850      -13.8        9.0       -0.0      0.0      0.0      0.0 2022  8  2  1 26 23.900  0.00   4
   106379  40.496798 -124.330802    17.850      -13.8        9.0       -0.0      0.0      0.0      0.0 2022  8  5 17  2 40.980  0.00   4
   106380  40.496798 -124.330802    17.850      -13.8        9.0       -0.0      0.0      0.0      0.0 2022  8  5 10 39 30.180  0.00   4
   106381  40.496798 -124.330802    17.850      -13.8        9.0       -0.0      0.0      0.0      0.0 2022  8 10  5 55 42.060  0.00   4
   106383  40.496798 -124.330802    17.850      -13.8        9.0       -0.0      0.0      0.0      0.0 2022  8 12 15 56 26.800  0.00   4
   106384  40.496798 -124.330802    17.850      -13.8        9.0       -0.0      0.0      0.0      0.0 2022  8 14  9 10  2.820  0.00   4
   106385  40.496798 -124.330802    17.850      -13.8        9.0       -0.0      0.0      0.0      0.0 2022  8 14 22 16 32.640  0.00   4
   106386  40.496798 -124.330802    17.850      -13.8        9.0       -0.0      0.0      0.0      0.0 2022  8 14  9 32 44.820  0.00   4
   106388  40.496798 -124.330802    17.850      -13.8        9.0       -0.0      0.0      0.0      0.0 2022  8 16  9 34  2.840  0.00   4
   106390  40.496798 -124.330802    17.850      -13.8        9.0       -0.0      0.0      0.0      0.0 2022  8 18  5 34 57.140  0.00   4
   106391  40.496798 -124.330802    17.850      -13.8        9.0       -0.0      0.0      0.0      0.0 2022  8 18  8 52 50.760  0.00   4
   106393  40.496798 -124.330802    17.850      -13.8        9.0       -0.0      0.0      0.0      0.0 2022  8 23 13 22  4.400  0.00   4
   106394  40.496798 -124.330802    17.850      -13.8        9.0       -0.0      0.0      0.0      0.0 2022  8 23 13  8 26.400  0.00   4
   106397  40.496798 -124.330802    17.850      -13.8        9.0       -0.0      0.0      0.0      0.0 2022  8 25  0 29 52.800  0.00   4
   106398  40.496798 -124.330802    17.850      -13.8        9.0       -0.0      0.0      0.0      0.0 2022  8 26 23 43 16.640  0.00   4
   106399  40.496798 -124.330802    17.850      -13.8        9.0       -0.0      0.0      0.0      0.0 2022  8 27  5 35 23.340  0.00   4
   106400  40.496798 -124.330802    17.850      -13.8        9.0       -0.0      0.0      0.0      0.0 2022  8 28 16  4 59.980  0.00   4
   106401  40.496798 -124.330802    17.850      -13.8        9.0       -0.0      0.0      0.0      0.0 2022  8 31 11 20 31.620  0.00   4
   106403  40.496798 -124.330802    17.850      -13.8        9.0       -0.0      0.0      0.0      0.0 2022  9  2 16 31  6.800  0.00   4
   106404  40.496798 -124.330802    17.850      -13.8        9.0       -0.0      0.0      0.0      0.0 2022  9  4  1 44  0.500  0.00   4
   106407  40.496798 -124.330802    17.850      -13.8        9.0       -0.0      0.0      0.0      0.0 2022  9 17 10 45 18.920  0.00   4
   106409  40.496798 -124.330802    17.850      -13.8        9.0       -0.0      0.0      0.0      0.0 2022  9 24  9 49 45.580  0.00   4
   106410  40.496798 -124.330802    17.850      -13.8        9.0       -0.0      0.0      0.0      0.0 2022 10  1 14 55  0.020  0.00   4
   106411  40.496798 -124.330802    17.850      -13.8        9.0       -0.0      0.0      0.0      0.0 2022 10  9  8 36 16.240  0.00   4
   106412  40.496798 -124.330802    17.850      -13.8        9.0       -0.0      0.0      0.0      0.0 2022 10  9  6 22 55.800  0.00   4
   106415  40.496798 -124.330802    17.850      -13.8        9.0       -0.0      0.0      0.0      0.0 2022 10 18 18 18 12.480  0.00   4
   106416  40.496798 -124.330802    17.850      -13.8        9.0       -0.0      0.0      0.0      0.0 2022 10 19 13 22  2.300  0.00   4
   106417  40.496798 -124.330802    17.850      -13.8        9.0       -0.0      0.0      0.0      0.0 2022 10 26  9 12 38.720  0.00   4
   106419  40.496798 -124.330802    17.850      -13.8        9.0       -0.0      0.0      0.0      0.0 2022 11  4 19 32 57.460  0.00   4
   106420  40.496798 -124.330802    17.850      -13.8        9.0       -0.0      0.0      0.0      0.0 2022 11  5  0  2  7.900  0.00   4
   106421  40.496798 -124.330802    17.850      -13.8        9.0       -0.0      0.0      0.0      0.0 2022 11  5  0 40 53.500  0.00   4
   106422  40.496798 -124.330802    17.850      -13.8        9.0       -0.0      0.0      0.0      0.0 2022 11  6  8 11 30.960  0.00   4
   106423  40.496798 -124.330802    17.850      -13.8        9.0       -0.0      0.0      0.0      0.0 2022 11  7 16 28  2.740  0.00   4
   106429  40.496798 -124.330802    17.850      -13.8        9.0       -0.0      0.0      0.0      0.0 2022 11 19 21 55 30.320  0.00   4
   106431  40.496798 -124.330802    17.850      -13.8        9.0       -0.0      0.0      0.0      0.0 2022 11 21 11 18 28.660  0.00   4
   106432  40.496798 -124.330802    17.850      -13.8        9.0       -0.0      0.0      0.0      0.0 2022 11 27  5 38 46.220  0.00   4
   106433  40.496798 -124.330802    17.850      -13.8        9.0       -0.0      0.0      0.0      0.0 2022 11 29 21 55 22.940  0.00   4
   110398  40.496798 -124.330802    17.850      -13.8        9.0       -0.2      0.0      0.0      0.0 2023  2 11  3 18 22.440  1.85   4
