   106142  40.497388 -124.327531    17.853      263.5       74.6        3.1     10.4      8.9     10.0 2020  2 16  9 47  5.060  0.00   4
   106144  40.496680 -124.332023    17.749     -117.3       -4.1     -100.7     14.5     13.2     26.5 2020  4 12  4 35  0.980  0.00   4
   106147  40.496749 -124.330713    17.819       -6.2        3.6      -30.9      4.5      3.5      4.2 2020  9 14 10 23  2.500  0.00   4
   106154  40.497636 -124.330583    17.774        4.8      102.1      -76.4      5.0      4.8      7.4 2021  1 30 22 57 38.840  0.00   4
   106155  40.496973 -124.329907    17.799       62.1       28.5      -51.4     10.8     11.6     12.9 2021  2  2 17 23 41.100  0.00   4
   106164  40.496753 -124.330151    17.858       41.4        4.1        8.1      9.2      5.6      8.3 2021  7 22 15 35 57.140  0.00   4
   106167  40.497013 -124.330509    17.822       11.0       33.0      -28.4      3.3      4.1      6.0 2021 10  2  5 23 38.340  0.00   4
   106168  40.497127 -124.330273    17.838       31.0       45.6      -12.1      6.0      4.4      6.7 2021 10  3 11 37  2.540  0.00   4
   106170  40.497294 -124.330599    17.778        3.4       64.2      -72.5      3.6      3.9      5.1 2021 10  8  7 30 49.160  0.00   4
   106171  40.497164 -124.330558    17.806        6.9       49.7      -44.1      4.9      3.9      7.7 2021 10 12 12 22 10.580  0.00   4
   106173  40.497180 -124.330713    17.817       -6.2       51.5      -32.6      4.1      3.3      6.4 2021 11 18  7  5 20.520  0.00   4
   106176  40.497115 -124.330688    17.822       -4.1       44.3      -27.6      4.5      5.0      5.3 2021 12 11  7 52 35.460  0.00   4
   106178  40.497367 -124.330615    17.800        2.1       72.3      -49.7      5.9      5.7      9.1 2021 12 15  7 38 28.900  0.00   4
   106186  40.496834 -124.330876    17.879      -20.0       13.1       28.8      2.9      3.1      3.3 2021 12 23 19 12 18.300  0.00   4
   106187  40.496130 -124.330762    17.897      -10.3      -65.1       47.1      6.2      6.0      7.5 2021 12 23  7  0 19.640  0.00   4
   106191  40.501811 -124.324959    17.524      481.5      565.7     -326.3      8.9      9.2     10.3 2021 12 23  4 46 17.660  0.00   4
   106193  40.496574 -124.331185    17.826      -46.2      -15.8      -23.8      4.8      4.4      3.6 2021 12 25  3 17 58.440  0.00   4
   106194  40.496696 -124.330697    17.835       -4.8       -2.3      -15.3      3.1      2.6      3.6 2021 12 30  5 48 27.460  0.00   4
   106196  40.496708 -124.330688    17.844       -4.1       -0.9       -6.1      3.8      2.8      3.8 2021 12 31 13 20 26.880  0.00   4
   106197  40.496700 -124.330868    17.893      -19.3       -1.8       42.6      3.6      3.8      5.6 2021 12 31 10 15 16.680  0.00   4
   106200  40.496476 -124.330697    17.869       -4.8      -26.7       19.4      4.4      3.4      4.1 2022  1  2 14 54 27.660  0.00   4
   106201  40.496517 -124.330770    17.867      -11.0      -22.1       17.4      4.4      4.0      4.8 2022  1  2  0 12 25.180  0.00   4
   106202  40.496493 -124.331234    17.812      -50.4      -24.9      -38.4      8.5      5.7      8.3 2022  1  2 23 12 20.980  0.00   4
   106204  40.496627 -124.330916    17.853      -23.5       -9.9        3.2      3.4      3.3      3.9 2022  1  7  3  3 58.940  0.00   4
   106208  40.496944 -124.330640    17.865        0.0       25.3       14.7      4.4      2.6      4.4 2022  1 16  3  3 43.240  0.00   4
   106209  40.496757 -124.330607    17.863        2.8        4.5       13.1      4.9      3.8      4.7 2022  1 16 22 15  6.960  0.00   4
   106210  40.496777 -124.331030    17.831      -33.1        6.8      -19.1      4.9      3.9      4.6 2022  1 16  4  9 53.760  0.00   4
   106211  40.496362 -124.330941    17.865      -25.5      -39.3       14.8      4.6      4.1      5.1 2022  1 16  9 17 39.940  0.00   4
   106216  40.496627 -124.330615    17.886        2.1       -9.9       35.8      5.1      4.6      6.4 2022  1 18 12  7 24.920  0.00   4
   106217  40.496647 -124.330762    17.830      -10.3       -7.7      -20.5      3.7      2.9      4.1 2022  1 18  3 25 18.740  0.00   4
   106218  40.496533 -124.330729    17.911       -7.6      -20.3       60.7      3.3      3.6      6.2 2022  1 19  6 54 58.540  0.00   4
   106220  40.496350 -124.330754    17.887       -9.7      -40.7       36.6      5.0      4.0      5.7 2022  1 21  8 26 27.620  0.00   4
   106221  40.496741 -124.330607    17.822        2.8        2.7      -28.1      2.9      2.7      3.9 2022  1 22 13 18 17.780  0.00   4
   106223  40.496688 -124.330745    17.850       -9.0       -3.2        0.1      2.8      2.9      3.9 2022  1 23 14 11 22.260  0.00   4
   106225  40.497005 -124.330664    17.857       -2.1       32.1        6.7      4.6      3.6      4.6 2022  1 28 18 30 21.440  0.00   4
   106226  40.496558 -124.330884    17.828      -20.7      -17.6      -21.9      4.6      3.4      4.1 2022  1 29 17 47 53.300  0.00   4
   106227  40.497034 -124.330892    17.848      -21.4       35.2       -2.0      3.9      3.3      5.0 2022  1 31  9 38 58.340  0.00   4
   106229  40.497030 -124.330908    17.836      -22.8       34.8      -13.5      3.5      4.0      5.6 2022  2  2 22 24 23.440  0.00   4
   106230  40.496635 -124.330802    17.845      -13.8       -9.0       -4.9      3.7      3.0      3.6 2022  2  3  2  3 31.060  0.00   4
   106231  40.496171 -124.330827    17.892      -15.9      -60.5       42.3      5.3      5.4      6.7 2022  2  3  8 40 22.780  0.00   4
   106232  40.496513 -124.330843    17.845      -17.2      -22.6       -4.9      3.7      3.6      4.2 2022  2  3  8 37  7.500  0.00   4
   106234  40.496643 -124.330851    17.849      -17.9       -8.1       -1.5      2.8      2.5      2.9 2022  2  6 11 55 37.920  0.00   4
   106235  40.496777 -124.331038    17.881      -33.8        6.8       31.1      3.8      2.8      3.9 2022  2 12  0 51 57.080  0.00   4
   106239  40.496696 -124.330811    17.857      -14.5       -2.3        7.0      3.0      2.5      3.1 2022  2 14 16 43 46.920  0.00   4
   106240  40.496651 -124.330835    17.852      -16.6       -7.2        2.0      3.5      2.9      3.4 2022  2 14 22 32 21.620  0.00   4
   106241  40.496676 -124.330884    17.843      -20.7       -4.5       -7.0      4.0      2.8      3.0 2022  2 14 21 24 22.540  0.00   4
   106242  40.496635 -124.330916    17.839      -23.5       -9.0      -11.2      3.9      2.8      3.6 2022  2 14 15 35 37.440  0.00   4
   106243  40.496362 -124.330786    17.904      -12.4      -39.3       54.0      4.7      4.6      6.6 2022  2 15  3 24 39.820  0.00   4
   106244  40.496216 -124.330680    17.869       -3.4      -55.6       19.2      5.9      5.5      6.7 2022  2 20  9 12 22.280  0.00   4
   106247  40.496615 -124.330819    17.816      -15.2      -11.3      -34.2      3.4      3.5      4.6 2022  2 21 15 40 58.540  0.00   4
   106248  40.496684 -124.330558    17.855        6.9       -3.6        4.7      3.6      3.8      5.8 2022  2 21 12 54 43.620  0.00   4
   106251  40.496480 -124.330835    17.900      -16.6      -26.2       50.0      3.0      3.8      6.2 2022  2 26  5  4 41.160  0.00   4
   106252  40.496635 -124.330859    17.857      -18.6       -9.0        7.1      3.4      2.6      3.9 2022  2 26 12 40 18.540  0.00   4
   106254  40.496456 -124.330851    17.887      -17.9      -28.9       36.5      4.2      3.9      5.8 2022  2 27 19 37 49.380  0.00   4
   106255  40.496916 -124.330843    17.802      -17.2       22.1      -48.2      3.8      4.4      6.6 2022  2 28  3 42 20.260  0.00   4
   106257  40.496916 -124.330794    17.861      -13.1       22.1       10.8      5.4      4.8      5.4 2022  3  1  1  4 35.500  0.00   4
   106258  40.496606 -124.330721    17.862       -6.9      -12.2       12.5      3.8      3.5      4.3 2022  3  1  4 33 33.320  0.00   4
   106259  40.497184 -124.330534    17.831        9.0       52.0      -18.8      5.1      5.2      4.5 2022  3  2  2 19 41.560  0.00   4
   106264  40.496834 -124.330754    17.872       -9.7       13.1       22.3      3.6      3.5      3.8 2022  3  4 23 16  6.440  0.00   4
   106265  40.496517 -124.330843    17.900      -17.2      -22.1       49.6      5.2      4.7      5.3 2022  3  8 17 12 20.840  0.00   4
   106270  40.496558 -124.330688    17.844       -4.1      -17.6       -6.2      3.0      2.9      4.3 2022  3 27  7 11  2.900  0.00   4
   106271  40.496631 -124.330827    17.855      -15.9       -9.5        4.9      4.1      3.6      4.5 2022  4  1  6 31 38.080  0.00   4
   106272  40.496643 -124.330566    17.840        6.2       -8.1      -10.1      4.6      4.0      4.2 2022  4  1  7 37 43.900  0.00   4
   106273  40.496651 -124.330640    17.854        0.0       -7.2        4.3      3.8      3.9      4.6 2022  4  1  7  8 51.380  0.00   4
   106275  40.496676 -124.330851    17.853      -17.9       -4.5        2.9      3.8      3.7      4.3 2022  4  2  2 16 50.200  0.00   4
   106276  40.496956 -124.330851    17.823      -17.9       26.7      -27.4      4.0      4.2      6.1 2022  4  7 12 46 34.800  0.00   4
   106278  40.496814 -124.330859    17.846      -18.6       10.8       -4.3      2.5      2.5      4.1 2022  4 15 23 52 12.400  0.00   4
   106280  40.496460 -124.330827    17.880      -15.9      -28.5       30.2      3.9      3.8      5.6 2022  4 25 11 18  9.700  0.00   4
   106281  40.496851 -124.330786    17.848      -12.4       14.9       -2.0      4.3      3.2      5.1 2022  4 28 17 35 58.900  0.00   4
   106282  40.496855 -124.330729    17.863       -7.6       15.4       13.4      5.2      3.6      5.6 2022  4 29  8 13 25.740  0.00   4
   106283  40.496903 -124.330729    17.871       -7.6       20.8       21.1      4.4      4.0      4.7 2022  5  2  6 55  3.460  0.00   4
   106284  40.496773 -124.330924    17.834      -24.1        6.3      -16.0      3.3      2.9      4.7 2022  5  7 22 39  3.000  0.00   4
   106286  40.496806 -124.330851    17.870      -17.9        9.9       20.2      3.4      3.1      4.2 2022  5 10  8 50 16.200  0.00   4
   106287  40.496692 -124.330526    17.863        9.7       -2.7       13.5      4.2      4.3      4.5 2022  5 10  0 41 41.360  0.00   4
   106288  40.496716 -124.330615    17.872        2.1        0.0       22.2      3.3      3.9      5.3 2022  5 10 14 44 45.480  0.00   4
   106290  40.496611 -124.330664    17.841       -2.1      -11.7       -8.7      3.0      2.9      3.4 2022  5 12  1 30 43.080  0.00   4
   106291  40.496228 -124.330770    17.872      -11.0      -54.2       22.5      6.0      5.3      5.1 2022  5 12  8  6 13.200  0.00   4
   106293  40.496651 -124.330957    17.832      -26.9       -7.2      -18.3      5.0      3.4      4.2 2022  5 14 19  3 30.080  0.00   4
   106294  40.496667 -124.330835    17.862      -16.6       -5.4       12.1      4.1      3.7      4.8 2022  5 15  1 12 12.600  0.00   4
   106295  40.496525 -124.330965    17.852      -27.6      -21.2        1.9      3.1      3.5      4.5 2022  5 15 12 38 43.240  0.00   4
   106296  40.496696 -124.330933    17.831      -24.8       -2.3      -19.5      3.5      3.4      4.9 2022  5 15  3  8 52.300  0.00   4
   106297  40.496908 -124.330892    17.815      -21.4       21.2      -35.1      3.5      3.4      4.4 2022  5 16 17 15 16.940  0.00   4
   106298  40.496781 -124.330916    17.876      -23.5        7.2       25.7      3.2      2.4      3.2 2022  5 20 21  8 41.220  0.00   4
   106299  40.496761 -124.330542    17.897        8.3        5.0       47.0      6.7      4.8      7.0 2022  5 21  1 24 36.560  0.00   4
   106300  40.496480 -124.331120    17.832      -40.7      -26.2      -18.3      5.3      4.3      4.1 2022  5 21 19 48 49.180  0.00   4
   106302  40.496545 -124.330713    17.850       -6.2      -19.0        0.1      3.3      3.2      4.3 2022  5 27 12 32 31.140  0.00   4
   106304  40.496838 -124.330868    17.883      -19.3       13.6       33.3      2.8      3.1      4.9 2022  5 28  5 20  2.780  0.00   4
   106305  40.497030 -124.331022    17.837      -32.4       34.8      -13.5      4.2      2.7      4.3 2022  5 30 13 20 12.260  0.00   4
   106306  40.496871 -124.330721    17.881       -6.9       17.2       30.9      4.7      3.1      4.9 2022  6  1  2 39 26.760  0.00   4
   106307  40.496574 -124.330705    17.873       -5.5      -15.8       23.3      2.9      3.0      4.9 2022  6  6  9 29 14.760  0.00   4
   106308  40.496818 -124.330876    17.873      -20.0       11.3       22.8      3.2      3.0      4.1 2022  6  6  5 14 25.900  0.00   4
   106310  40.496667 -124.331087    17.855      -37.9       -5.4        4.7      5.9      4.0      5.1 2022  6  8 12 59  0.080  0.00   4
   106311  40.496643 -124.331250    17.866      -51.7       -8.1       16.4      5.1      2.5      4.8 2022  6  9  8 48 36.880  0.00   4
   106312  40.496562 -124.330884    17.833      -20.7      -17.2      -16.9      3.6      2.6      3.3 2022  6 12 14 27 16.560  0.00   4
   106313  40.496517 -124.330835    17.906      -16.6      -22.1       55.6      3.0      3.9      6.1 2022  6 13  3  6 20.360  0.00   4
   106314  40.496578 -124.330859    17.904      -18.6      -15.4       53.7      3.3      4.2      5.9 2022  6 13 23 25 35.040  0.00   4
   106315  40.496704 -124.330827    17.920      -15.9       -1.4       69.7      4.6      3.7      6.6 2022  6 15  9 41 17.600  0.00   4
   106316  40.496562 -124.330754    17.870       -9.7      -17.2       20.1      3.5      4.3      5.3 2022  6 15 15 45 11.840  0.00   4
   106317  40.496635 -124.330786    17.888      -12.4       -9.0       38.0      3.9      4.0      5.0 2022  6 15  4 34 41.940  0.00   4
   106320  40.496387 -124.331462    17.872      -69.7      -36.6       22.5      5.6      6.2      4.7 2022  6 16 12 41 44.740  0.00   4
   106321  40.496753 -124.330851    17.892      -17.9        4.1       41.9      3.9      3.1      6.3 2022  6 16 17 47 27.640  0.00   4
   106322  40.496529 -124.330876    17.914      -20.0      -20.8       64.1      4.6      3.5      6.0 2022  6 17  1 34 31.520  0.00   4
   106323  40.496419 -124.330908    17.859      -22.8      -33.0        9.5      4.5      3.8      4.4 2022  6 17  9 39 54.280  0.00   4
   106326  40.496672 -124.330981    17.879      -29.0       -5.0       29.4      4.0      3.3      5.1 2022  6 17 14 49 41.980  0.00   4
   106327  40.496855 -124.330859    17.878      -18.6       15.4       27.9      3.9      2.4      4.7 2022  6 17  8 11  3.840  0.00   4
   106328  40.496838 -124.330892    17.901      -21.4       13.6       51.0      5.3      3.3      5.6 2022  6 18  5  8  8.580  0.00   4
   106329  40.496562 -124.330859    17.921      -18.6      -17.2       71.1      4.2      3.7      6.2 2022  6 18  8 25 36.840  0.00   4
   106330  40.496676 -124.330973    17.854      -28.3       -4.5        4.3      6.4      5.3      6.9 2022  6 18 16 36  4.940  0.00   4
   106331  40.496635 -124.331104    17.856      -39.3       -9.0        5.6      6.0      3.9      4.6 2022  6 18 15 41  8.700  0.00   4
   106332  40.496822 -124.330794    17.898      -13.1       11.7       47.7      4.4      4.4      6.2 2022  6 18 14 30 21.240  0.00   4
   106333  40.496476 -124.330876    17.898      -20.0      -26.7       47.6      4.4      3.6      5.5 2022  6 20  8 44 39.060  0.00   4
   106334  40.496513 -124.330990    17.842      -29.7      -22.6       -7.7      3.6      3.7      5.2 2022  6 20  4 11 59.280  0.00   4
   106335  40.496757 -124.330501    17.851       11.7        4.5        0.9      6.6      4.2      6.4 2022  6 20  3 26  5.120  0.00   4
   106336  40.496619 -124.330794    17.914      -13.1      -10.8       63.6      3.9      3.4      5.9 2022  6 21  7 46 44.740  0.00   4
   106337  40.496594 -124.330623    17.849        1.4      -13.6       -1.2      2.6      2.4      3.3 2022  6 21  4 31 16.520  0.00   4
   106338  40.496651 -124.330981    17.856      -29.0       -7.2        6.5      3.8      2.9      3.1 2022  6 23 14 31 49.880  0.00   4
   106339  40.496676 -124.330501    17.876       11.7       -4.5       25.8      4.4      3.8      4.7 2022  6 24  2  4  9.040  0.00   4
   106340  40.496456 -124.331079    17.847      -37.3      -28.9       -3.4      4.5      4.4      4.2 2022  6 24 22 56 45.960  0.00   4
   106341  40.496541 -124.330868    17.854      -19.3      -19.4        4.3      4.2      3.5      4.2 2022  6 25 18 56 46.680  0.00   4
   106342  40.496667 -124.330632    17.878        0.7       -5.4       28.4      3.2      3.4      5.1 2022  6 27 12 33 49.880  0.00   4
   106343  40.496692 -124.330941    17.899      -25.5       -2.7       49.3      3.5      3.1      5.1 2022  7  2 22 22  4.260  0.00   4
   106344  40.496798 -124.330843    17.880      -17.2        9.0       29.6      5.6      3.5      3.9 2022  7  3 13 10  0.780  0.00   4
   106345  40.496757 -124.330981    17.835      -29.0        4.5      -15.3      3.5      3.0      4.4 2022  7  5 14 55 20.380  0.00   4
   106347  40.496842 -124.330819    17.876      -15.2       14.0       26.4      4.2      3.6      5.0 2022  7  5 16  5  1.480  0.00   4
   106350  40.496468 -124.330713    17.861       -6.2      -27.6       10.9      5.2      3.9      5.3 2022  7  7  6 54 26.120  0.00   4
   106351  40.496704 -124.331136    17.846      -42.1       -1.4       -4.0      3.1      2.6      3.6 2022  7  7  2 44 46.460  0.00   4
   106352  40.496773 -124.330688    17.862       -4.1        6.3       12.1      5.1      3.9      4.0 2022  7  7  5 56 40.020  0.00   4
   106353  40.496680 -124.330754    17.846       -9.7       -4.1       -3.9      3.8      2.8      4.1 2022  7  7  8  7  0.840  0.00   4
   106354  40.496643 -124.331022    17.854      -32.4       -8.1        3.6      3.6      3.0      3.6 2022  7  8  4 45 11.940  0.00   4
   106355  40.496802 -124.331047    17.874      -34.5        9.5       24.3      3.8      2.6      3.6 2022  7  8 12  5 48.040  0.00   4
   106357  40.496667 -124.331209    17.840      -48.3       -5.4      -10.2      3.5      2.7      3.5 2022  7 13 21 34 45.100  0.00   4
   106359  40.496163 -124.330811    17.923      -14.5      -61.5       72.9      5.7      5.8      8.6 2022  7 15  9 31 39.120  0.00   4
   106360  40.496582 -124.330721    17.892       -6.9      -14.9       41.8      3.6      3.9      5.3 2022  7 16  4 55 30.700  0.00   4
   106361  40.496814 -124.331877    17.840     -104.9       10.8      -10.5      7.2      6.5      7.5 2022  7 19 17  8 48.180  0.00   4
   106362  40.496696 -124.330615    17.854        2.1       -2.3        3.8      3.0      3.1      4.2 2022  7 26  0 28 21.180  0.00   4
   106363  40.496688 -124.330981    17.844      -29.0       -3.2       -6.0      2.9      3.1      3.8 2022  7 26 11 23 40.860  0.00   4
   106364  40.496745 -124.331095    17.868      -38.6        3.2       17.6      3.9      2.9      3.6 2022  7 26 22 15 23.800  0.00   4
   106365  40.496659 -124.330558    17.881        6.9       -6.3       31.5      3.8      3.9      6.0 2022  7 27 23 25  2.520  0.00   4
   106367  40.496781 -124.330843    17.867      -17.2        7.2       17.3      2.6      2.3      3.8 2022  7 28  2  5 12.120  0.00   4
   106368  40.496830 -124.330868    17.868      -19.3       12.7       17.9      3.5      3.2      4.3 2022  7 28  3  6 30.900  0.00   4
   106369  40.496342 -124.330607    17.887        2.8      -41.6       37.2      5.2      5.0      7.4 2022  7 28 15 13 21.480  0.00   4
   106370  40.496501 -124.330884    17.816      -20.7      -23.9      -34.0      3.0      2.8      3.3 2022  7 28  5 32 16.180  0.00   4
   106371  40.496700 -124.330550    17.877        7.6       -1.8       27.0      3.2      3.5      5.5 2022  7 28  3 11 44.020  0.00   4
   106372  40.496643 -124.330737    17.870       -8.3       -8.1       19.6      4.1      3.4      4.7 2022  7 28 20 57 33.500  0.00   4
   106374  40.496720 -124.330770    17.867      -11.0        0.5       17.1      4.1      3.4      3.6 2022  8  1 18  7 54.160  0.00   4
   106376  40.496476 -124.330835    17.844      -16.6      -26.7       -6.4      5.1      4.3      5.1 2022  8  2  1 26 23.900  0.00   4
   106379  40.496505 -124.330859    17.826      -18.6      -23.5      -24.4      5.5      4.2      4.4 2022  8  5 17  2 40.980  0.00   4
   106380  40.496818 -124.330558    17.854        6.9       11.3        3.7      4.9      3.6      4.6 2022  8  5 10 39 30.180  0.00   4
   106381  40.497066 -124.330591    17.862        4.1       38.9       12.4      4.7      5.1      4.7 2022  8 10  5 55 42.060  0.00   4
   106383  40.496814 -124.330762    17.883      -10.3       10.8       32.5      3.2      2.6      4.4 2022  8 12 15 56 26.800  0.00   4
   106384  40.496855 -124.330518    17.870       10.3       15.4       20.4      4.4      3.7      4.1 2022  8 14  9 10  2.820  0.00   4
   106385  40.496826 -124.330892    17.871      -21.4       12.2       21.5      3.2      3.0      3.8 2022  8 14 22 16 32.640  0.00   4
   106386  40.496265 -124.330811    17.846      -14.5      -50.2       -4.2      4.1      3.7      5.1 2022  8 14  9 32 44.820  0.00   4
   106388  40.496948 -124.330770    17.857      -11.0       25.8        6.6      4.2      3.6      4.3 2022  8 16  9 34  2.840  0.00   4
   106390  40.496517 -124.330566    17.886        6.2      -22.1       36.3      4.8      4.1      5.3 2022  8 18  5 34 57.140  0.00   4
   106391  40.496700 -124.330868    17.862      -19.3       -1.8       11.7      3.5      3.0      4.1 2022  8 18  8 52 50.760  0.00   4
   106393  40.496794 -124.330957    17.866      -26.9        8.6       16.5      2.8      2.6      3.4 2022  8 23 13 22  4.400  0.00   4
   106394  40.496676 -124.330851    17.850      -17.9       -4.5       -0.2      4.8      3.1      4.4 2022  8 23 13  8 26.400  0.00   4
   106397  40.496395 -124.330843    17.849      -17.2      -35.7       -1.1      4.5      3.1      3.4 2022  8 25  0 29 52.800  0.00   4
   106398  40.496623 -124.330672    17.915       -2.8      -10.4       64.6      5.1      4.1      6.8 2022  8 26 23 43 16.640  0.00   4
   106399  40.496712 -124.330534    17.837        9.0       -0.5      -12.6      2.0      2.6      3.9 2022  8 27  5 35 23.340  0.00   4
   106400  40.496903 -124.330819    17.826      -15.2       20.8      -24.3      3.3      3.5      4.7 2022  8 28 16  4 59.980  0.00   4
   106401  40.496965 -124.330843    17.860      -17.2       27.6        9.8      5.2      4.1      4.5 2022  8 31 11 20 31.620  0.00   4
   106403  40.492533 -124.329159    17.401      125.6     -464.5     -448.5     12.0      7.2      9.9 2022  9  2 16 31  6.800  0.00   4
   106404  40.496753 -124.330420    17.867       18.6        4.1       16.7      3.8      3.7      4.8 2022  9  4  1 44  0.500  0.00   4
   106407  40.496529 -124.330615    17.847        2.1      -20.8       -3.1      2.9      3.1      4.0 2022  9 17 10 45 18.920  0.00   4
   106409  40.496529 -124.330697    17.848       -4.8      -20.8       -2.3      4.4      3.5      4.1 2022  9 24  9 49 45.580  0.00   4
   106410  40.496387 -124.330827    17.879      -15.9      -36.6       29.2      3.5      3.6      4.0 2022 10  1 14 55  0.020  0.00   4
   106411  40.496647 -124.330737    17.818       -8.3       -7.7      -32.0      3.4      3.5      4.5 2022 10  9  8 36 16.240  0.00   4
   106412  40.497152 -124.330623    17.846        1.4       48.3       -3.8      4.8      4.8      5.0 2022 10  9  6 22 55.800  0.00   4
   106415  40.497257 -124.330371    17.801       22.8       60.1      -48.7      5.3      5.8      7.5 2022 10 18 18 18 12.480  0.00   4
   106416  40.496252 -124.330745    17.904       -9.0      -51.5       54.3      4.9      4.4      6.5 2022 10 19 13 22  2.300  0.00   4
   106417  40.497042 -124.330762    17.847      -10.3       36.1       -2.8      5.3      5.4      5.3 2022 10 26  9 12 38.720  0.00   4
   106419  40.496647 -124.330811    17.871      -14.5       -7.7       20.6      2.9      3.3      4.7 2022 11  4 19 32 57.460  0.00   4
   106420  40.496667 -124.330713    17.878       -6.2       -5.4       28.2      2.8      3.7      5.5 2022 11  5  0  2  7.900  0.00   4
   106421  40.496688 -124.330802    17.863      -13.8       -3.2       12.7      3.0      3.1      3.5 2022 11  5  0 40 53.500  0.00   4
   106422  40.496533 -124.330640    17.864        0.0      -20.3       13.9      2.6      3.1      4.4 2022 11  6  8 11 30.960  0.00   4
   106423  40.496847 -124.330868    17.878      -19.3       14.5       27.8      3.8      3.1      4.5 2022 11  7 16 28  2.740  0.00   4
   106429  40.496969 -124.330851    17.820      -17.9       28.0      -29.7      4.0      4.4      6.5 2022 11 19 21 55 30.320  0.00   4
   106431  40.496419 -124.330396    17.903       20.7      -33.0       53.2      4.6      3.9      7.0 2022 11 21 11 18 28.660  0.00   4
   106432  40.496773 -124.330737    17.867       -8.3        6.3       17.3      3.2      3.4      4.2 2022 11 27  5 38 46.220  0.00   4
   106433  40.497017 -124.330672    17.849       -2.8       33.4       -0.9      5.5      4.2      3.5 2022 11 29 21 55 22.940  0.00   4
   110398  40.496920 -124.330859    17.843      -18.6       22.6       -7.5      2.4      2.1      3.1 2023  2 11  3 18 22.440  1.85   4
