   105485  40.699353 -124.199552    17.349      105.2       32.5     -133.6     20.2      9.0     20.3 2020  2  5  5 58 25.560  0.00  53
   105486  40.699325 -124.199300    17.395      126.6       29.4      -87.7     15.3      8.5     12.3 2020  3 17 12 51 45.720  0.00  53
   105487  40.699386 -124.200285    17.405       43.3       36.1      -77.4     18.9     13.4     13.5 2020  4 15  7 17 47.580  0.00  53
   105489  40.699565 -124.199406    17.390      117.6       56.0      -92.5     13.8     13.1     16.5 2020  9  1  3 23  1.060  0.00  53
   105491  40.699150 -124.199259    17.319      130.0        9.9     -163.6     19.4     11.9     17.3 2022  6 26  6 12 19.280  0.00  53
   105492  40.699207 -124.199504    17.415      109.4       16.3      -67.6     15.3      9.4     16.6 2022  9 22  6  0 32.400  0.00  53
   105493  40.699447 -124.199561    17.381      104.5       42.9     -102.2     12.7      7.3     11.4 2022  9 22  6  2 18.960  0.00  53
   105494  40.699613 -124.199463    17.366      112.8       61.5     -116.5     14.4     13.5     16.0 2022  9 22  7 21 46.180  0.00  53
   105495  40.699878 -124.199097    17.387      143.7       90.8      -96.0     19.8     16.2     30.2 2022  9 22 15 52 11.740  0.00  53
   105496  40.699386 -124.200016    17.398       66.0       36.1      -84.9     12.1      7.1     10.5 2022  9 23  7 36 42.680  0.00  53
   105498  40.699377 -124.200130    17.396       56.4       35.2      -87.0     15.3      7.2     10.3 2022  9 25 11 10 14.460  0.00  53
   105501  40.699398 -124.199870    17.345       78.4       37.5     -137.3     17.7      8.0     15.3 2022 10 26 12 52 38.720  0.00  53
   105502  40.699479 -124.199902    17.383       75.7       46.5      -99.9     12.2      8.1     12.7 2022 10 28 19 52 59.400  0.00  53
   105503  40.699487 -124.199731    17.346       90.1       47.4     -136.7     15.8     11.3     16.6 2022 10 28 19 54 10.800  0.00  53
   108832  40.722172 -124.236157    17.062    -2988.0     2566.5     -420.8     88.8     26.8     52.6 2020  6 27  1 38 36.220  0.00  53
   108833  40.723067 -124.234660    16.999    -2861.4     2666.0     -483.4     84.6     26.2     50.7 2020  7  7 22 53  4.560  0.00  53
   108870  40.673568 -124.184554    18.306     1373.1    -2830.9      823.3     86.9     27.7     82.6 2021  3 19  7  6 30.900  0.00  53
   108873  40.674040 -124.168685    18.203     2714.6    -2778.5      720.5     52.7     22.6     74.5 2022  9 22 18 46  5.320  0.00  53
   110375  40.699320 -124.199715    17.434       91.5       28.9      -48.7     15.5      8.4     14.1 2023  4 18 21 27 56.500  2.49  53
   110555  40.722880 -124.234391    17.622    -2838.7     2645.2      139.0     74.1     22.6     44.2 2023  5  5 10 40  9.930  1.00  53
   110562  40.672262 -124.169653    18.689     2632.7    -2975.9     1206.3     51.3     21.6     57.4 2023  2  1  1 28 26.490  1.31  53
   110714  40.704106 -124.195101    17.913      481.4      560.3      429.8     36.4     10.7     25.7 2023  1  6 12 27 19.440  3.44  53
