   109195  40.310714 -124.361117    31.949       36.7      -70.5      -30.7     27.5     33.1     26.8 2021  7 18  7  5 50.060  0.00   6
   109199  40.311959 -124.360938    31.934       51.9       67.8      -45.8     35.1     47.0     33.4 2021  7 19  4 10  9.600  0.00   6
   109204  40.309790 -124.360783    31.898       65.0     -173.0      -81.9     33.2     61.7     30.6 2021  7 22 10 36 45.760  0.00   6
   109205  40.310099 -124.362240    31.988      -58.8     -138.7        8.1     27.6     51.2     30.2 2021  7 23 20  9 55.580  0.00   6
   109207  40.311890 -124.361613    31.950       -5.5       60.1      -30.0     37.7     41.4     37.8 2021  7 24  1 50  3.500  0.00   6
   109208  40.310034 -124.361971    31.999      -36.0     -145.9       19.5     39.7     46.9     34.6 2021  7 24  8 41 49.560  0.00   6
   109209  40.309859 -124.362345    31.970      -67.8     -165.4       -9.8     35.6     38.1     32.4 2021  7 24  8 38 42.000  0.00   6
   109210  40.309607 -124.362435    32.004      -75.4     -193.4       24.1     31.4     48.6     30.3 2021  7 24 19  2  5.180  0.00   6
   109212  40.309733 -124.362410    31.969      -73.3     -179.4      -11.0     33.8     36.0     32.6 2021  7 25 23 20 57.380  0.00   6
   109213  40.309456 -124.362435    31.999      -75.4     -210.1       19.4     30.0     51.4     30.6 2021  7 25 20  5 30.660  0.00   6
   109214  40.312431 -124.361060    31.950       41.5      120.2      -29.6     27.7     50.2     27.1 2021  7 25 18 49 10.460  0.00   6
   109215  40.309900 -124.362297    31.990      -63.6     -160.9        9.9     32.7     50.9     31.5 2021  7 25 23 43 27.000  0.00   6
   109216  40.309546 -124.362280    32.004      -62.3     -200.2       24.5     31.0     51.0     30.4 2021  7 25 21 37 43.460  0.00   6
   109217  40.310990 -124.360832    31.936       60.9      -39.8      -43.8     41.7     56.1     39.9 2021  7 25  7 24 13.180  0.00   6
   109219  40.313090 -124.361092    31.947       38.7      193.4      -33.1     32.9     57.9     34.0 2021  7 26  6 50 22.360  0.00   6
   109220  40.311910 -124.361141    31.951       34.6       62.4      -28.6     28.8     44.2     28.9 2021  7 26 19 27 24.380  0.00   6
   109222  40.309403 -124.362256    32.002      -60.2     -216.0       21.9     29.6     50.7     30.6 2021  7 26 23 34 14.520  0.00   6
   109223  40.310474 -124.362240    31.986      -58.8      -97.1        5.6     30.9     45.3     31.6 2021  7 26  5 35 10.060  0.00   6
   109225  40.308439 -124.362687    31.999      -96.8     -323.1       18.7     31.3     38.7     30.5 2021  7 27 10 37 25.060  0.00   6
   109226  40.310006 -124.362215    31.987      -56.7     -149.1        7.2     31.2     53.4     30.0 2021  7 28 19 32 15.660  0.00   6
   109227  40.310490 -124.362077    31.980      -45.0      -95.3       -0.2     32.6     52.3     30.9 2021  7 28  2 37 56.380  0.00   6
   109228  40.310579 -124.362085    31.991      -45.7      -85.4       10.6     29.6     48.7     29.8 2021  7 28  5 27 46.940  0.00   6
   109229  40.309395 -124.362126    32.034      -49.1     -216.9       54.3     46.2     45.8     37.8 2021  7 28  9 12 47.980  0.00   6
   109233  40.309709 -124.362541    32.012      -84.4     -182.1       32.1     33.4     45.6     31.6 2021  7 29 18 39 28.720  0.00   6
   109235  40.309619 -124.362500    31.991      -80.9     -192.0       11.1     29.2     48.9     32.0 2021  7 30 14 58 42.900  0.00   6
   109236  40.310103 -124.360645    31.897       76.8     -138.3      -83.3     40.4     61.9     30.6 2021  7 30  3 30 35.380  0.00   6
   109239  40.309623 -124.362370    31.994      -69.9     -191.6       13.7     30.8     55.3     31.1 2021  7 31 13 40 23.960  0.00   6
   109240  40.309558 -124.362345    31.991      -67.8     -198.8       11.3     31.3     53.0     32.5 2021  7 31 11 13 30.740  0.00   6
   109241  40.309790 -124.362272    31.999      -61.6     -173.0       18.5     27.4     54.0     28.7 2021  7 31  1 51 16.840  0.00   6
   109242  40.309770 -124.362329    31.989      -66.4     -175.3        9.4     33.3     48.1     34.8 2021  7 31  4 20 10.140  0.00   6
   109244  40.309729 -124.360726    31.891       69.9     -179.8      -89.3     34.1     62.8     31.5 2021  7 31 11  7 51.120  0.00   6
   109245  40.312956 -124.361149    31.956       33.9      178.5      -24.3     30.4     56.8     30.8 2021  8  1 16 55 20.720  0.00   6
   109248  40.309318 -124.362410    32.024      -73.3     -225.5       44.0     35.2     49.0     34.2 2021  8  1 21 26 30.980  0.00   6
   109249  40.309200 -124.362467    32.034      -78.2     -238.6       54.1     40.1     53.0     37.5 2021  8  1 21 31 37.400  0.00   6
   109251  40.307686 -124.362671    32.090      -95.5     -406.6      109.7     64.9     84.2     48.4 2021  8  1 16 34 12.980  0.00   6
   109252  40.312305 -124.361279    31.964       22.8      106.2      -15.6     25.6     49.3     27.1 2021  8  2  7 50 25.840  0.00   6
   109253  40.308879 -124.362728    31.983     -100.3     -274.3        2.9     34.1     36.3     33.2 2021  8  2  6 34 21.080  0.00   6
   109255  40.307922 -124.362451    31.986      -76.8     -380.4        6.0     35.9     98.4     32.0 2021  8  2 11 41 32.420  0.00   6
   109256  40.309745 -124.362297    31.988      -63.6     -178.0        7.7     32.2     56.0     31.7 2021  8  3  2 40 18.780  0.00   6
   109257  40.309733 -124.362297    31.987      -63.6     -179.4        7.5     32.2     57.2     31.5 2021  8  4 21 11 43.080  0.00   6
   109258  40.309786 -124.362476    32.002      -78.9     -173.5       22.1     35.6     45.0     33.4 2021  8  5  9 30 12.540  0.00   6
   109259  40.310352 -124.362069    31.985      -44.3     -110.7        5.2     31.4     53.8     27.9 2021  8  6 20 58 36.520  0.00   6
   109262  40.307463 -124.362606    32.057      -89.9     -431.5       77.1     62.0     70.2     52.7 2021  8  7 14  6 37.400  0.00   6
   109263  40.309839 -124.362565    32.008      -86.5     -167.6       27.8     37.8     43.4     33.8 2021  8  9 12 31 31.560  0.00   6
   109264  40.312240 -124.360978    31.943       48.4       98.9      -36.9     29.8     49.8     30.7 2021  8 10  2  3 25.460  0.00   6
   109265  40.307312 -124.362565    32.080      -86.5     -448.2      100.1     70.5    104.3     52.5 2021  8 10 15 41 38.320  0.00   6
   109266  40.307776 -124.354801    31.487      573.5     -396.7     -493.2     31.6     33.7     25.1 2021  8 12  8  3 17.040  0.00   6
   109267  40.309831 -124.362492    32.001      -80.2     -168.5       20.9     31.8     46.6     32.1 2021  8 13 23 40  3.920  0.00   6
   109268  40.311568 -124.357894    31.698      310.6       24.4     -281.5     66.0     81.4     62.0 2021  8 13  4 11 20.940  0.00   6
   109269  40.307397 -124.362524    32.075      -83.0     -438.7       95.2     69.0    102.9     51.7 2021  8 13 22 41  3.240  0.00   6
   109270  40.309241 -124.362467    32.022      -78.2     -234.0       42.0     31.8     47.8     34.8 2021  8 14  6 12 10.780  0.00   6
   109273  40.309871 -124.362467    32.005      -78.2     -164.0       24.7     33.0     44.1     31.2 2021  8 19 23 33 20.840  0.00   6
   109274  40.310217 -124.362321    31.997      -65.7     -125.6       16.8     34.6     60.5     32.0 2021  8 19 18 58  1.140  0.00   6
   109277  40.308415 -124.362801    32.068     -106.5     -325.8       88.3     50.2     65.1     43.7 2021  8 19 11 58 38.360  0.00   6
   109278  40.309965 -124.362484    31.993      -79.6     -153.6       12.8     31.5     49.2     33.0 2021  8 19 14  8 21.200  0.00   6
   109279  40.311263 -124.357251    31.630      365.3       -9.5     -349.9     62.0     70.4     55.4 2021  8 20 18  1 37.320  0.00   6
   109280  40.312703 -124.361230    31.957       27.0      150.5      -23.1     29.8     57.7     31.0 2021  8 22 13 44 25.420  0.00   6
   109281  40.312248 -124.361011    31.936       45.7       99.9      -43.9     37.7     43.5     36.2 2021  8 22 16 20 25.140  0.00   6
   109282  40.312720 -124.361279    31.960       22.8      152.3      -20.2     27.9     52.8     29.5 2021  8 22 13 45 21.680  0.00   6
   109284  40.309330 -124.362199    32.016      -55.3     -224.1       36.0     38.8     47.5     35.0 2021  8 23 22 44 22.940  0.00   6
   109285  40.309444 -124.362199    32.034      -55.3     -211.5       54.3     51.1     64.4     42.7 2021  8 23  0  0  5.780  0.00   6
   109286  40.308577 -124.362541    32.030      -84.4     -307.7       50.4     37.6     57.5     36.1 2021  8 24  4 45 53.600  0.00   6
   109288  40.309017 -124.362345    32.039      -67.8     -258.9       59.1     49.4     64.3     40.3 2021  8 24  4 47 42.220  0.00   6
   109289  40.307495 -124.362166    32.059      -52.6     -427.9       78.8     52.5     45.3     42.4 2021  8 24 11  5 24.380  0.00   6
   109290  40.309542 -124.362484    32.002      -79.6     -200.6       22.1     33.2     49.1     35.5 2021  8 25  8 42 30.260  0.00   6
   109292  40.309094 -124.362533    32.018      -83.7     -250.3       38.1     32.2     63.3     32.2 2021  8 25 19 39 13.980  0.00   6
   109293  40.306547 -124.362622    32.086      -91.3     -533.2      106.0     72.0     99.0     54.1 2021  8 27 23 45 32.860  0.00   6
   109295  40.308411 -124.362581    32.067      -87.9     -326.2       87.0     54.0     53.3     43.9 2021  8 29 21  2 20.980  0.00   6
   109296  40.309473 -124.362207    32.035      -56.0     -208.3       55.3     50.9     63.0     42.7 2021  8 30 16 40 16.680  0.00   6
   109298  40.309591 -124.362166    31.977      -52.6     -195.2       -2.8     33.3     57.8     31.9 2021  8 31  1 34  0.660  0.00   6
   109304  40.310148 -124.362231    31.980      -58.1     -133.3       -0.2     32.7     56.4     29.9 2021  9  1  0 12 29.580  0.00   6
   109306  40.309688 -124.362459    31.990      -77.5     -184.3       10.0     32.1     52.7     33.1 2021  9  2  0 39  8.880  0.00   6
   109307  40.309806 -124.362362    31.987      -69.2     -171.2        7.5     31.1     49.4     32.9 2021  9  2  0 38 45.800  0.00   6
   109312  40.309932 -124.362386    31.985      -71.3     -157.2        5.4     28.0     51.2     33.3 2021  9  3 10 57 31.420  0.00   6
   109313  40.308472 -124.362793    32.067     -105.8     -319.4       86.7     55.0     68.6     45.2 2021  9  3 22 18 39.160  0.00   6
   109314  40.309550 -124.362638    32.026      -92.7     -199.7       45.7     35.9     47.4     37.4 2021  9  4 14 15 57.920  0.00   6
   109315  40.309501 -124.362549    31.993      -85.1     -205.1       13.3     30.7     51.6     33.9 2021  9  4  0 16 15.820  0.00   6
   109316  40.309058 -124.362752    32.024     -102.4     -254.4       44.1     38.3     63.8     35.2 2021  9  4 23 44 57.640  0.00   6
   109317  40.310307 -124.362630    31.996      -92.0     -115.7       15.5     42.0     39.3     37.7 2021  9  5 22 52 47.740  0.00   6
   109318  40.310938 -124.361540    31.973        0.7      -45.6       -7.3     31.0     32.9     27.6 2021  9  5 23 22  8.420  0.00   6
   109319  40.308606 -124.362736    32.030     -101.0     -304.5       50.5     41.1     51.9     35.0 2021  9  5  0 35 11.340  0.00   6
   109322  40.307951 -124.363062    32.075     -128.7     -377.3       94.7     46.7     62.3     42.5 2021  9  6  5 29 11.320  0.00   6
   109326  40.312158 -124.360905    31.924       54.6       89.9      -56.0    121.7     88.9     97.0 2021  9  9 21 58  1.820  0.00   6
   109327  40.309489 -124.362402    32.002      -72.6     -206.5       22.5     30.9     51.5     29.5 2021  9  9 22 18 30.260  0.00   6
   109328  40.312138 -124.360946    31.860       51.2       87.7     -119.6     48.9     36.3     46.9 2021  9 10 17  6 37.240  0.00   6
   109329  40.312358 -124.361320    31.910       19.4      112.1      -69.6     49.0     60.4     28.4 2021  9 10 10 24 24.200  0.00   6
   109331  40.308215 -124.362720    32.048      -99.6     -347.9       68.5     51.7     82.3     45.2 2021  9 13  4 48 24.520  0.00   6
   109332  40.311922 -124.361027    31.869       44.3       63.7     -111.3     48.5     37.9     45.4 2021  9 15 19 57 59.300  0.00   6
   109335  40.310282 -124.363208    32.018     -141.1     -118.4       38.1     46.1     44.8     45.2 2021  9 15  6 37 38.020  0.00   6
   109336  40.309338 -124.356576    31.515      422.7     -223.2     -464.7     38.7     34.2     32.5 2021  9 16  8 37  4.980  0.00   6
   109337  40.307947 -124.362744    32.059     -101.7     -377.7       79.0     57.9     74.2     48.8 2021  9 17  6 36  5.720  0.00   6
   109338  40.307963 -124.362956    32.040     -119.7     -375.9       60.4     48.8     70.0     43.1 2021  9 17 22 27 21.360  0.00   6
   109339  40.307699 -124.362752    32.058     -102.4     -405.3       78.1     61.3     99.1     51.8 2021  9 17  9  1 58.700  0.00   6
   109340  40.308183 -124.362703    32.047      -98.2     -351.5       67.0     44.1     57.8     39.4 2021  9 19  6  5 38.020  0.00   6
   109341  40.309049 -124.363045    32.045     -127.3     -255.3       65.0     36.1     47.7     38.6 2021  9 19  3  8 27.520  0.00   6
   109342  40.311910 -124.360514    31.830       87.9       62.4     -150.3     62.6     45.9     53.3 2021  9 22  0  8 23.380  0.00   6
   109343  40.311039 -124.357747    31.694      323.1      -34.3     -286.0     61.4     83.6     53.7 2021  9 22  0  2 55.800  0.00   6
   109347  40.311719 -124.361230    31.953       27.0       41.1      -26.7     33.5     42.8     30.7 2021  9 25  0 37 22.520  0.00   6
   109348  40.311625 -124.358415    31.707      266.3       30.7     -273.4     48.7     67.3     45.2 2021  9 26  6 20 37.900  0.00   6
   109349  40.308138 -124.362785    32.055     -105.2     -356.5       75.0     44.7     64.3     40.8 2021  9 27  4 44 39.340  0.00   6
   109354  40.312073 -124.361279    31.962       22.8       80.4      -17.7     27.3     57.4     25.6 2021 10 25  1  3 32.840  0.00   6
   109355  40.308976 -124.362394    32.047      -71.9     -263.4       67.2     52.0     66.7     44.1 2021 10 26  6  8 31.580  0.00   6
   109356  40.312626 -124.361287    31.957       22.1      141.9      -22.6     30.3     58.0     31.8 2021 11 22  4 17 27.920  0.00   6
   109357  40.307992 -124.362882    32.067     -113.5     -372.8       86.7     50.0     64.1     46.6 2021 12 23  9  2 20.220  0.00   6
   109358  40.309794 -124.357365    31.549      355.6     -172.6     -431.4     30.0     42.4     29.9 2021 12 23 18 55 52.360  0.00   6
   109359  40.308618 -124.356868    31.516      397.8     -303.2     -464.1     26.0     42.0     25.1 2021 12 23  8 27 56.380  0.00   6
   109360  40.310213 -124.356453    31.568      433.1     -126.1     -412.2     38.9     32.0     37.4 2021 12 23 11 24 40.520  0.00   6
   109361  40.307800 -124.362801    32.070     -106.5     -394.0       89.6     46.1     70.1     42.4 2021 12 23 12 16 31.140  0.00   6
   109362  40.308374 -124.362777    32.058     -104.5     -330.3       78.0     44.5     63.6     41.9 2021 12 23 13 36 42.580  0.00   6
   109363  40.307878 -124.362752    32.079     -102.4     -385.4       98.9     63.5     66.9     51.5 2021 12 23 18 57 15.160  0.00   6
   109364  40.309969 -124.356885    31.595      396.4     -153.2     -384.6     29.1     48.6     29.5 2021 12 24 16 44 39.600  0.00   6
   109366  40.311426 -124.358016    31.692      300.2        8.6     -288.1     52.0     73.6     46.0 2021 12 25  6 19  6.540  0.00   6
   109367  40.308337 -124.362541    32.066      -84.4     -334.4       85.8     54.1     61.2     45.4 2021 12 25 16 20 55.220  0.00   6
   109368  40.308598 -124.362817    32.030     -107.9     -305.4       49.7     34.2     69.4     36.0 2021 12 25  6 18  5.720  0.00   6
   109369  40.308382 -124.362557    32.047      -85.8     -329.4       66.7     47.1     72.0     41.9 2021 12 25  7 27 29.140  0.00   6
   109373  40.308610 -124.362882    32.039     -113.5     -304.1       59.3     37.9     56.9     37.7 2022  1  6  0 59 31.420  0.00   6
   109374  40.304911 -124.358252    31.808      280.2     -714.8     -171.7     44.3     37.4     37.9 2022  1 11 12  2 21.560  0.00   6
   109376  40.312626 -124.361247    31.947       25.6      141.9      -33.0     38.4     68.8     32.7 2022  7 10  5 57 23.960  0.00   6
   109379  40.312687 -124.361165    31.941       32.5      148.7      -38.7     36.7     66.8     32.9 2022  7 19  0 22 27.000  0.00   6
   109380  40.313025 -124.361198    31.946       29.7      186.2      -34.5     31.7     55.2     29.5 2022  7 19 23 51 52.120  0.00   6
   109381  40.312691 -124.361003    31.946       46.3      149.1      -33.5     43.5     57.9     35.9 2022  7 25 22 53 46.120  0.00   6
   109382  40.312695 -124.361296    31.959       21.4      149.6      -20.8     28.0     64.6     27.9 2022  7 29 19 56 59.160  0.00   6
   109385  40.312577 -124.361051    31.936       42.2      136.5      -43.5     33.6     51.8     34.7 2022  8  9  4 38 31.500  0.00   6
   109386  40.312891 -124.361271    31.942       23.5      171.2      -38.1     32.8     71.1     32.1 2022  8  9 18 41 47.920  0.00   6
   109393  40.312834 -124.361141    31.954       34.6      164.9      -26.3     31.0     66.9     31.0 2022  8 30  6  3 39.840  0.00   6
   109395  40.312581 -124.361279    31.956       22.8      136.9      -24.0     30.2     56.3     30.9 2022  9  3 12  0 10.600  0.00   6
   109396  40.312659 -124.361100    31.945       38.0      145.5      -34.6     30.8     53.1     32.5 2022  9 14  1 47 59.060  0.00   6
   109397  40.313017 -124.361043    31.952       42.9      185.2      -27.5     31.0     56.0     30.1 2022  9 14  1 51 22.500  0.00   6
   109398  40.312838 -124.361084    31.949       39.4      165.4      -30.7     34.4     55.4     33.7 2022  9 28 10 10 30.060  0.00   6
   109399  40.312569 -124.361222    31.955       27.7      135.5      -24.8     33.4     52.8     34.0 2022 10  1 11  0 21.440  0.00   6
   109403  40.314176 -124.364176    32.302     -223.4      314.0      321.7     65.5    119.8     77.7 2022 10 10  5 11 55.860  0.00   6
   109404  40.312463 -124.361377    31.958       14.5      123.8      -22.3     48.8     86.2     42.8 2022 10 13 13 52 48.680  0.00   6
   109405  40.312821 -124.361198    31.953       29.7      163.6      -27.1     30.8     62.2     31.6 2022 10 15  1  6 50.180  0.00   6
   109406  40.313041 -124.361271    31.954       23.5      188.0      -26.4     28.8     60.3     31.3 2022 10 15  7 41 36.280  0.00   6
   109407  40.312683 -124.361149    31.962       33.9      148.2      -18.5     34.4     68.5     27.5 2022 10 20  4  3 58.380  0.00   6
   109408  40.312720 -124.361361    31.955       15.9      152.3      -25.4     31.6     54.2     33.7 2022 10 30 12 59 54.920  0.00   6
   109411  40.312541 -124.361043    31.948       42.9      132.4      -32.4     31.5     57.5     31.0 2022 11 18  1 57 26.740  0.00   6
   109412  40.312463 -124.361108    31.949       37.4      123.8      -30.8     30.9     52.2     30.5 2022 11 19 10 54 49.280  0.00   6
   110617  40.313765 -124.361108    32.014       37.4      268.4       34.3     23.5     37.2     23.5 2022 12  2 13 23 47.570  2.13   6
