   100000  40.759167 -124.246281    17.009       -8.2       41.6      -11.1     31.5     53.6     35.0 2020  1  1  4 18 17.380  0.00  52
   100001  40.758781 -124.246191    17.016       -0.7       -1.4       -4.3     27.1     18.2     24.1 2020  1  3 12  6 10.660  0.00  52
   100002  40.758997 -124.246257    17.006       -6.2       22.6      -14.0     35.4     31.1     31.5 2020  1 10  5 38 39.760  0.00  52
   100003  40.758923 -124.245679    16.937       42.6       14.5      -82.6     41.9     27.6     61.3 2020  7  2 10 37 18.320  0.00  52
   100006  40.758870 -124.245654    16.952       44.7        8.6      -68.2     47.6     17.2     58.8 2020  8 26 17  5  7.560  0.00  52
   100008  40.759106 -124.246216    17.003       -2.7       34.8      -17.4     24.5     37.2     32.7 2021  2 26 17 10 55.880  0.00  52
   100009  40.758988 -124.246265    17.006       -6.9       21.7      -14.0     29.5     29.9     38.2 2021  8  4 13  4 50.340  0.00  52
   100010  40.757003 -124.245890    16.963       24.7     -198.8      -56.9     46.1     75.9     59.6 2021  8 31  4 21  7.080  0.00  52
   100012  40.756812 -124.245874    16.948       26.1     -220.1      -71.6     44.9     73.9     58.1 2021 10 14  9 39 56.740  0.00  52
   100017  40.758846 -124.246200    17.009       -1.4        5.9      -10.9     28.5     18.7     28.0 2022  7 21  0 22 10.260  0.00  52
   100018  40.758838 -124.246281    17.025       -8.2        5.0        5.5     19.0     15.1     28.8 2022  8  5 18 16 27.220  0.00  52
   100021  40.758850 -124.246297    17.024       -9.6        6.3        4.4     21.9     17.0     19.1 2022  8 21  7 16 43.100  0.00  52
   100022  40.758818 -124.246191    17.017       -0.7        2.7       -2.5     18.5     12.7     30.8 2022  8 24  0 39 13.140  0.00  52
   100023  40.758887 -124.246232    17.019       -4.1       10.4       -0.9     15.9     27.0     21.3 2022  8 26 13 46 28.200  0.00  52
   100028  40.758818 -124.246151    17.013        2.7        2.7       -7.0     24.8     13.6     25.9 2022  9 18  2 25 38.720  0.00  52
   100029  40.758854 -124.246240    17.019       -4.8        6.8       -0.6     16.8     17.4     26.1 2022  9 24  0 15 43.900  0.00  52
   100030  40.758830 -124.246167    17.014        1.4        4.1       -6.3     22.0     13.9     30.5 2022 10  1  3  9  7.860  0.00  52
   100031  40.758805 -124.246208    17.017       -2.1        1.4       -2.8     24.8     14.4     21.5 2022 10 16 12  4 20.320  0.00  52
   100032  40.758830 -124.246167    17.013        1.4        4.1       -6.5     22.1     13.9     30.7 2022 10 18  3 13  8.320  0.00  52
   100034  40.758883 -124.246289    17.024       -8.9        9.9        4.4     18.5     22.3     18.6 2022 10 25 11 16 30.760  0.00  52
   100036  40.758850 -124.246460    17.024      -23.4        6.3        4.4     36.0     24.7     18.7 2022 11 30 15  7  3.540  0.00  52
   110286  40.758785 -124.246232    17.035       -4.1       -0.9       15.1     22.7     17.5     23.6 2023  5 27 14 43 32.110  1.31  52
