   108265  40.291939 -124.507048     7.285     -929.9    -1401.6      361.8     52.2     78.0     76.8 2020  7 19 14 14  0.040  0.00  61
   108266  40.295732 -124.506966     7.279     -923.0     -980.5      355.5     47.0     96.9    109.3 2020  7 19  7 16  2.840  0.00  61
   108267  40.295532 -124.506950     7.288     -921.6    -1002.6      364.8     46.9     95.7    107.4 2020  7 19 13 47  8.720  0.00  61
   108274  40.316715 -124.507104     7.503     -934.6     1349.6      579.4     95.6    224.3    200.8 2022  4 19 17 20 28.740  0.00  61
   108275  40.279008 -124.507267     7.926     -948.7    -2837.5     1002.3     73.6    202.7    137.3 2022  7 20  7 49  1.020  0.00  61
   108276  40.299951 -124.507487     7.880     -967.2     -511.9      956.9     46.2    202.7     86.2 2022  8 28 20 28 45.740  0.00  61
   109172  40.306970 -124.490023     6.359      517.5      267.5     -564.9     44.8    108.1    122.7 2020 11  8  0 15 47.520  0.00  61
   109173  40.312276 -124.489958     6.132      523.0      856.7     -791.8     31.7     48.6     66.8 2020 11  8  4 20 27.200  0.00  61
   109175  40.307581 -124.491113     5.034      424.8      335.3    -1889.3     77.6    172.6    256.3 2021  2 24  7 25 37.980  0.00  61
   109176  40.310535 -124.490031     6.208      516.8      663.3     -715.1     30.8     64.4     98.2 2021  7 12 22  0 22.220  0.00  61
   109178  40.304671 -124.490828     6.148      449.0       12.2     -775.9     42.3    148.5    111.1 2022  2 22  0 13  4.580  0.00  61
   109179  40.311792 -124.489632     6.247      550.7      802.9     -676.9     34.8     33.0     44.1 2022  3 25 20 18 45.560  0.00  61
   109180  40.312793 -124.489917     6.217      526.5      914.0     -706.3     29.1     49.4     67.3 2022  3 26 15 11 17.340  0.00  61
   109181  40.311747 -124.489657     6.248      548.6      797.9     -676.0     34.6     30.3     42.0 2022  3 26  5 22 28.200  0.00  61
   109185  40.310347 -124.491268     5.798      411.6      642.5    -1125.4     61.7    157.7    171.1 2022  7 19 10 59 54.100  0.00  61
   110490  40.287463 -124.507357     7.383     -956.2    -1898.6      459.8     53.3    122.9     97.1 2023  5  7  7 21 24.340  0.91  61
   110612  40.312000 -124.489746     6.232      541.0      825.9     -691.8     23.4     34.5     43.7 2023  3 17 11 55 14.190  1.91  61
