   107464  40.380912 -124.528385    27.635        8.3        9.9     -104.9     10.7     19.4     23.7 2020  3 18 22 14 12.440  0.00  25
   107467  40.382088 -124.528223    27.658       22.1      140.5      -81.6     16.4     26.2     21.6 2020  3 18 22 40  6.880  0.00  25
   107472  40.380888 -124.527995    27.379       41.5        7.2     -360.6     26.5     42.1     45.1 2020  5 10 13 14  2.440  0.00  25
   107473  40.376294 -124.530078    27.498     -135.5     -502.9     -242.5     20.0     33.4     28.4 2020  5 16 23  7 35.120  0.00  25
   107476  40.381694 -124.528402    27.701        6.9       96.7      -38.5      9.0     29.6     15.8 2020  7  2  4  6 42.660  0.00  25
   107481  40.380941 -124.529183    27.846      -59.4       13.1      105.7     15.6     26.6     17.1 2020  7 20 23 54 26.140  0.00  25
   107482  40.380599 -124.528361    27.783       10.4      -24.9       43.1     10.3     14.7     23.1 2020  8  4  9 35 27.100  0.00  25
   107484  40.378634 -124.529395    27.800      -77.4     -243.1       60.0     16.3     45.1     17.0 2020  8 22  1  0 17.680  0.00  25
   107487  40.380697 -124.528215    27.706       22.8      -14.0      -33.9      8.9     19.6     16.2 2020 10 27 18 56  9.260  0.00  25
   107488  40.380538 -124.528312    27.710       14.5      -31.6      -29.8      8.9     16.2     13.5 2020 10 29 16 48 21.620  0.00  25
   107491  40.380802 -124.528361    27.709       10.4       -2.3      -31.2      7.8     12.5     12.4 2020 11 15  6 10 39.440  0.00  25
   107492  40.381026 -124.528556    27.743       -6.2       22.6        3.5      7.5     12.7     12.3 2020 11 15  4 31  1.960  0.00  25
   107494  40.380363 -124.528434    27.735        4.1      -51.1       -4.8      8.7     18.7     12.3 2020 12 21  0 56 26.380  0.00  25
   107496  40.379842 -124.529126    27.738      -54.6     -108.9       -2.4     14.8     34.0     18.6 2020 12 26 18 49 37.200  0.00  25
   107497  40.380587 -124.528817    27.767      -28.3      -26.2       27.4      9.1     20.8     15.3 2021  3 13 10 10  5.340  0.00  25
   107498  40.382715 -124.528052    27.660       36.6      210.1      -80.1     12.7     39.8     14.5 2021  4  8 21 40 58.200  0.00  25
   107506  40.383260 -124.527148    27.719      113.3      270.6      -21.4     13.2     24.4     21.3 2021  6  2  5  7 25.060  0.00  25
   107507  40.380868 -124.528532    27.722       -4.1        5.0      -18.4      9.1     14.5     13.6 2021  6  8 16 30  4.700  0.00  25
   107514  40.380005 -124.528752    27.757      -22.8      -90.8       17.0     11.4     29.6     15.2 2021 10 23  4 40  5.460  0.00  25
   107515  40.378715 -124.529305    27.787      -69.8     -234.0       46.5     17.0     34.4     27.3 2021 10 29 15 30 15.320  0.00  25
   107516  40.379102 -124.529085    27.768      -51.1     -191.1       28.2     21.3     33.2     32.2 2021 10 29 14 41 45.020  0.00  25
   107518  40.380538 -124.528271    27.674       18.0      -31.6      -65.8      8.8     15.0     15.5 2021 10 31 14 53 45.320  0.00  25
   107519  40.379940 -124.528296    27.654       15.9      -98.0      -86.3      8.7     15.5     15.6 2021 10 31 14 28 41.000  0.00  25
   107524  40.380566 -124.528328    27.720       13.1      -28.5      -19.8      8.0     13.9     13.1 2021 11 22  7 24 49.740  0.00  25
   107525  40.380912 -124.528426    27.747        4.8        9.9        6.8      8.7     16.9     14.9 2021 11 22  4  0 43.140  0.00  25
   107526  40.380697 -124.528320    27.755       13.8      -14.0       14.7      9.6     15.1     19.3 2021 11 29 14  6 53.300  0.00  25
   107527  40.379464 -124.529443    27.791      -81.5     -150.9       50.7     15.5     32.6     19.8 2021 12  3  5 48 40.960  0.00  25
   107528  40.379818 -124.529142    27.795      -56.0     -111.6       55.0     11.2     27.2     18.7 2021 12 13 23 35 57.160  0.00  25
   107533  40.381262 -124.528475    27.739        0.7       48.8       -1.3      7.8     19.4      9.8 2022  2  8 12 54 35.300  0.00  25
   107538  40.380745 -124.528459    27.726        2.1       -8.6      -13.7      9.0     13.5     12.4 2022  3 19 23 26 39.880  0.00  25
   107539  40.380806 -124.528361    27.743       10.4       -1.8        2.8      9.6     16.4     14.6 2022  3 20 13 12 27.460  0.00  25
   107541  40.378841 -124.529142    27.761      -56.0     -220.0       21.0     10.6     23.1     11.8 2022  4  5  0 55 37.240  0.00  25
   107544  40.381848 -124.527946    27.732       45.6      113.9       -8.1     12.6     21.8     14.3 2022  5 10 16 59 43.560  0.00  25
   107545  40.381954 -124.527897    27.728       49.8      125.6      -11.8     12.5     26.8     13.8 2022  5 10 16 14 58.500  0.00  25
   107546  40.379810 -124.528914    27.765      -36.6     -112.5       25.3     10.4     24.8     16.0 2022  5 13 23 15  7.460  0.00  25
   107547  40.380375 -124.528223    27.681       22.1      -49.7      -59.5     15.8     24.3     20.6 2022  5 22 20 33 55.540  0.00  25
   107548  40.378475 -124.529077    27.701      -50.4     -260.7      -38.9      9.8     18.1     16.0 2022  5 30  1 43 50.600  0.00  25
   107556  40.380013 -124.529167    27.766      -58.0      -89.9       26.3     11.4     30.5     16.8 2022  8 11 16 19 20.340  0.00  25
   107557  40.380054 -124.528849    27.755      -31.1      -85.4       14.9      9.7     25.3     17.1 2022  8 12 23 24 23.280  0.00  25
   107558  40.381071 -124.528589    27.714       -9.0       27.6      -26.2      8.2     13.9     15.8 2022  8 14 12 51 42.480  0.00  25
   107559  40.381482 -124.528353    27.692       11.1       73.2      -48.4     12.1     23.4     13.7 2022  9 21 13 36 27.500  0.00  25
   107560  40.380778 -124.528418    27.746        5.5       -5.0        5.7      9.3     14.2     13.7 2022  9 26 23 50 11.680  0.00  25
   107567  40.379268 -124.529427    27.786      -80.2     -172.6       46.3     20.8     33.0     26.9 2022  9 26 23  9 34.060  0.00  25
   107571  40.379761 -124.529517    27.808      -87.8     -117.9       67.9     17.3     31.0     22.6 2022 11 14 17  2 42.680  0.00  25
   110438  40.381099 -124.528369    27.754        9.7       30.7       13.7      7.5     10.8     11.0 2023  3  4 21 15 32.500  1.55  25
