   106452  40.707332 -124.368799    23.855     -275.1      490.7    -1112.5     15.8     14.6     17.4 2021  2 24  1 13  1.120  0.00  71
   106453  40.707247 -124.368620    23.761     -260.0      481.2    -1205.9     19.3     21.9     27.7 2021  6  9  4 11 41.800  0.00  71
   106454  40.706763 -124.368807    24.407     -275.8      427.5     -560.0     20.0     26.5     81.5 2021  6 15  1 44 36.180  0.00  71
   106455  40.707853 -124.369051    25.788     -296.4      548.6      820.3     32.4     23.3     68.7 2021  9 20  7 30 52.220  0.00  71
   106456  40.706726 -124.368807    24.476     -275.8      423.4     -490.9     21.1     21.7     80.1 2021  9 22  9 23  9.220  0.00  71
   106457  40.706746 -124.369149    24.863     -304.7      425.6     -104.5     34.5     20.9     97.0 2021  9 26 15 38 26.700  0.00  71
   106458  40.706714 -124.368807    24.487     -275.8      422.0     -480.5     23.8     23.1     91.3 2021 12 28  4 59 52.400  0.00  71
   106459  40.707393 -124.368970    25.065     -289.5      497.5       97.5     27.2     10.7     68.2 2022  8  5  4  2 33.760  0.00  71
   106470  40.683887 -124.351017    28.991     1227.8    -2112.9     4024.2     28.7     24.1     39.6 2021  6 27 14 23 24.780  0.00  71
   110401  40.707210 -124.368864    23.944     -280.6      477.2    -1023.4     16.5     17.5     19.2 2023  1 19  3  6 27.480  1.40  71
   110402  40.684688 -124.351034    29.000     1226.4    -2023.9     4032.7     28.7     24.1     39.6 2023  2 17  9 24 34.670  1.19  71
