   106728  40.457540 -124.270654    25.329       55.2       77.3      369.8     61.0     45.7     55.1 2020  3 18 22 39 56.960  0.00  17
   106731  40.456925 -124.271631    25.070      -27.6        9.0      109.9    134.0    133.7    145.9 2020  4 28 22 46 41.280  0.00  17
   106736  40.456653 -124.273893    25.321     -219.5      -21.2      361.6    143.9    114.8     87.0 2020  9 13 12 45 25.840  0.00  17
   106739  40.459334 -124.271395    25.504       -7.6      276.5      544.7    116.2    104.5    115.7 2021  3 17  1 49 22.520  0.00  17
   106742  40.457210 -124.270020    25.311      109.1       40.7      351.5     71.1     64.2     95.7 2021  6  9 13 49 49.100  0.00  17
   106743  40.456930 -124.266325    25.252      422.5        9.5      292.3    140.8     78.1     92.1 2021  6 10 16 57 49.660  0.00  17
   106745  40.457084 -124.274292    25.636     -253.3       26.7      676.5    137.9    177.8    162.4 2021  7 18 16 42 41.440  0.00  17
   106753  40.458366 -124.271305    25.422        0.0      169.0      461.9     69.5     64.4     60.9 2021 12 20 20 16 29.340  0.00  17
   106754  40.457544 -124.272746    25.428     -122.2       77.7      468.3     87.7     88.9     79.6 2021 12 21  2 26  2.820  0.00  17
   106755  40.457133 -124.270133    25.242       99.4       32.1      282.0    129.1     66.7     88.9 2021 12 21  3 30 46.600  0.00  17
   106756  40.459924 -124.268514    25.689      236.8      342.0      729.7    188.6    121.8    112.7 2021 12 21 19  5 18.040  0.00  17
   106757  40.457609 -124.265739    25.332      472.2       84.9      372.4    162.7    129.9    113.1 2021 12 21  1 43 20.320  0.00  17
   106758  40.456160 -124.270296    25.132       85.6      -75.9      172.7    178.4     94.7    121.7 2021 12 21 21 41 57.480  0.00  17
   106760  40.457699 -124.270028    25.358      108.4       94.9      398.7     80.9     60.9     73.5 2021 12 21 23 39 48.460  0.00  17
   106761  40.457267 -124.272803    25.192     -127.0       47.0      232.6    173.5     56.0     94.6 2021 12 21  6 12 22.560  0.00  17
   106762  40.457149 -124.270508    25.182       67.6       33.9      222.7    139.2     57.6    100.0 2021 12 21 13 12 47.980  0.00  17
   106765  40.460596 -124.272469    25.693      -98.7      416.6      733.4    120.9    137.8    135.4 2021 12 21  4 45 19.380  0.00  17
   106768  40.457975 -124.268929    25.422      201.6      125.6      462.1    112.1     45.0     95.7 2021 12 21  1 42  0.360  0.00  17
   106770  40.456856 -124.272078    25.310      -65.6        1.4      350.0     94.2     74.9     65.5 2021 12 21 20  6 12.260  0.00  17
   106771  40.457711 -124.274862    25.464     -301.7       96.2      504.7    135.8    105.0     85.6 2021 12 21  9 13 30.740  0.00  17
   106772  40.456657 -124.276628    24.956     -451.4      -20.8       -3.9    283.4     80.1    167.3 2021 12 21  7  6 27.260  0.00  17
   106774  40.459786 -124.268237    25.618      260.2      326.7      658.0    166.5    144.8    107.5 2021 12 21  8  1 41.180  0.00  17
   106775  40.458260 -124.270630    25.338       57.3      157.2      378.1     71.5     84.3     66.0 2021 12 22 11 57 26.320  0.00  17
   106776  40.457422 -124.272648    25.417     -113.9       64.2      457.1     90.8     98.0     91.1 2021 12 22 20 17 58.960  0.00  17
   106778  40.458476 -124.268807    25.577      211.9      181.2      617.8    155.5    106.2    121.0 2021 12 23  3 20 39.960  0.00  17
   106780  40.457707 -124.270589    25.311       60.7       95.8      351.1     60.8     53.4     59.8 2021 12 26 10  1 21.900  0.00  17
   106781  40.457678 -124.270215    25.287       92.5       92.6      327.7     65.2     63.3     64.4 2021 12 26 23 20 59.320  0.00  17
   106783  40.457882 -124.270508    25.335       67.6      115.2      375.1     65.6     59.1     59.1 2021 12 27  1  9 16.580  0.00  17
   106787  40.456840 -124.274357    25.583     -258.9       -0.5      623.4    123.9    141.4    119.6 2022  1  2 22  0  9.380  0.00  17
   106789  40.457471 -124.271387    25.303       -6.9       69.6      343.6     81.1     61.4     55.5 2022  1  2  4 53 31.180  0.00  17
   106790  40.460319 -124.269442    25.731      158.1      385.9      771.4    175.2    132.5    123.3 2022  1  2  8 17  5.880  0.00  17
   106793  40.458268 -124.273625    25.729     -196.7      158.1      769.2    120.5    132.9    143.4 2022  1 13 13 37 23.880  0.00  17
   106795  40.456742 -124.269206    25.141      178.1      -11.3      181.3    164.7     83.5     96.5 2022  1 15 16 20  8.480  0.00  17
   106796  40.457524 -124.267773    25.267      299.6       75.5      307.7    123.3     86.2     75.4 2022  1 18  1  5 22.860  0.00  17
   106798  40.457426 -124.270394    25.284       77.3       64.6      324.3     68.7     65.4     61.3 2022  1 29 10 59 48.560  0.00  17
   106799  40.455062 -124.270410    25.083       75.9     -197.9      123.1    111.9    134.6    103.8 2022  1 30 22 25  8.500  0.00  17
   106801  40.455969 -124.270996    25.156       26.2      -97.1      196.0    121.0     95.6     95.0 2022  2 25  4  3 34.000  0.00  17
   106803  40.457296 -124.270923    25.280       32.4       50.2      320.0     75.1     67.2     65.2 2022  4 12  0 54 20.500  0.00  17
   106804  40.457430 -124.271061    25.303       20.7       65.1      343.1     75.6     65.8     64.3 2022  4 15  9 43 42.080  0.00  17
   106807  40.460767 -124.273625    25.797     -196.7      435.6      837.2    162.9    113.8    129.7 2022  8 27  0 17 55.680  0.00  17
   106808  40.457581 -124.272144    25.323      -71.1       81.8      363.6    120.3     46.0     48.6 2022  9 12 11 16 51.400  0.00  17
   106809  40.453796 -124.271818    24.949      -43.5     -338.4      -11.0    166.4    141.3    122.4 2022 11  3 19 20 57.480  0.00  17
   106810  40.458012 -124.270744    25.358       47.6      129.7      398.9     90.8     51.8     54.9 2022 11 17 18 30  3.780  0.00  17
   110130  40.457454 -124.272445    25.379      -96.6       67.8      419.2    156.0    100.6    111.1 2021 12 20 21 19 35.360  0.00  17
   110131  40.453495 -124.270858    24.841       38.0     -371.9     -118.9    188.4    134.6    172.3 2021 12 20 23 14 29.400  0.00  17
   110133  40.457540 -124.273055    25.410     -148.4       77.3      450.7    147.4    102.0    111.5 2021 12 23 18 20 46.720  0.00  17
   110134  40.457979 -124.274520    25.508     -272.7      126.1      548.2    143.8    129.0    111.8 2022  3  4 15 40 56.400  0.00  17
   110169  40.450492 -124.286084    21.962    -1253.6     -705.3    -2997.7    153.8    104.1    108.3 2021 12 21 17 40 43.880  0.00  17
   110170  40.449845 -124.281380    21.909     -854.6     -777.2    -3051.1    202.3     93.3    107.0 2021 12 21 17 46 54.000  0.00  17
   110171  40.449438 -124.284009    21.856    -1077.6     -822.3    -3104.0    163.1    117.8    133.3 2021 12 21  0 56 54.660  0.00  17
   110172  40.448865 -124.288151    21.947    -1429.0     -886.1    -3012.7    384.9    135.2    112.6 2021 12 21  9 29 42.380  0.00  17
   110173  40.450659 -124.289535    21.876    -1546.3     -686.8    -3083.4    171.5    103.9    101.2 2021 12 31  7 54 22.740  0.00  17
   110414  40.457646 -124.270426    25.308       74.6       89.0      348.5     47.6     43.7     51.8 2023  4 18  6 30 20.240  1.21  17
   110732  40.458305 -124.271598    25.438      -24.8      162.2      478.4    132.5     95.8    102.5 2023  4 20  6 34 58.960  0.73  17
   110744  40.451522 -124.288021    21.892    -1417.9     -591.0    -3067.5    178.3    100.9    101.5 2022 12  6 14 13  7.240  1.22  17
