   102900  40.395264 -124.512703    21.113     1019.1     -130.1     1360.4   1181.1   1752.7   1662.2 2020  1  7 21 14 24.860  0.00  68
   102901  40.396016 -124.513216    21.163      975.6      -46.5     1410.0   2313.2   3787.2   2958.2 2020  2  9 15 30  9.720  0.00  68
   102903  40.395020 -124.512638    21.112     1024.6     -157.2     1359.0   1642.5   2464.4   2258.8 2020  4 20 21 58  8.780  0.00  68
   102904  40.395569 -124.512752    21.082     1014.9      -96.2     1328.9   1706.8   2347.4   2631.6 2021 11 29 10 14 46.380  0.00  68
   104441  40.401628 -124.525146    18.712      -37.3      576.5    -1041.2   1485.9   2003.4   3136.5 2020  5 12 17 39 10.980  0.00  68
   104442  40.401689 -124.524870    18.215      -13.8      583.3    -1537.6   1415.3   2050.1   3152.3 2020  5 17 18 32 25.060  0.00  68
   104451  40.401331 -124.524748    18.254       -3.5      543.6    -1499.1   1529.7   2114.1   3312.7 2021  8  3  7  2 26.040  0.00  68
   104471  40.401807 -124.524504    18.670       17.3      596.4    -1082.6   1454.5   2408.8   3330.9 2022  7  3 15 13  0.180  0.00  68
   109737  40.397034 -124.538232    18.339    -1148.3       66.4    -1413.5   1173.5   1985.9   2182.5 2021 11 29 18 57 25.040  0.00  68
   109738  40.396655 -124.538070    18.269    -1134.5       24.4    -1484.1   1321.4   2061.5   2419.5 2022  9 22  8 38  4.380  0.00  68
   110310  40.393095 -124.511418    20.928     1128.3     -371.0     1175.3   1377.0   2226.7   2355.4 2022 12 24  5 13  7.020  2.60  68
   110339  40.401506 -124.524788    18.291       -6.9      563.0    -1461.8   1389.7   2172.5   3241.8 2023  1 30 19 45 47.760  1.21  68
   110441  40.388806 -124.552230    26.149    -2336.8     -847.2     6395.8   1917.0   1890.4   2799.8 2023  5  1 14 19 13.340  1.05  68
   110684  40.398161 -124.538826    18.325    -1198.7      191.6    -1427.8   1388.1   2366.3   3189.2 2023  3 16 11 19 56.420  1.21  68
