   108663  40.489360 -124.339372    19.325      -30.4        3.2       -4.8      6.7      5.6      5.1 2022  3  5 15  4 56.760  0.00  37
   108665  40.489327 -124.339567    19.325      -46.9       -0.5       -4.0      6.3      7.0      5.7 2022  3  5 14 13 15.560  0.00  37
   108670  40.489518 -124.339469    19.341      -38.6       20.8       11.8      5.4      6.0      4.8 2022  3 18  2  2 21.140  0.00  37
   108671  40.489449 -124.339445    19.340      -36.6       13.1       10.9      4.2      4.9      4.0 2022  3 18  2 55 56.140  0.00  37
   108673  40.489461 -124.339591    19.333      -49.0       14.5        3.6      5.3      3.9      6.2 2022  5 13 21 13  4.360  0.00  37
   108674  40.489351 -124.339404    19.312      -33.1        2.3      -17.9      6.9      5.6      6.9 2022  5 13 11  3  1.340  0.00  37
   108675  40.489376 -124.339543    19.331      -44.8        5.0        1.9      8.1      6.2      7.5 2022  7  9 13 10 58.000  0.00  37
   108676  40.489351 -124.339551    19.328      -45.5        2.3       -1.6      8.4      6.9      8.1 2022  7 19 14 43  3.060  0.00  37
   108678  40.489441 -124.339437    19.327      -35.9       12.2       -2.0      5.4      5.0      5.2 2022  7 24 16 37 15.260  0.00  37
   108680  40.489445 -124.339551    19.348      -45.5       12.7       18.2      6.1      6.3      7.8 2022  7 26  2 56 53.120  0.00  37
   108681  40.489339 -124.339478    19.320      -39.3        0.9       -9.9      4.5      5.2      5.4 2022  9 12  7 56 19.840  0.00  37
   108682  40.489421 -124.339543    19.332      -44.8        9.9        2.3      3.9      4.2      6.4 2022  9 12 16 26 23.860  0.00  37
   108683  40.489535 -124.339583    19.342      -48.3       22.6       12.6      4.8      5.5      6.3 2022  9 12  6 56 34.320  0.00  37
   108684  40.489437 -124.339510    19.326      -42.1       11.7       -3.5      4.4      5.3      6.0 2022  9 12  6 57 16.840  0.00  37
   108686  40.489372 -124.339421    19.324      -34.5        4.5       -5.1      5.9      6.1      6.3 2022  9 12  7  2 14.940  0.00  37
   108687  40.489555 -124.339583    19.343      -48.3       24.9       14.0      5.4      5.7      6.2 2022  9 12  6 55 47.640  0.00  37
   108688  40.489311 -124.339526    19.330      -43.5       -2.3        0.4      7.2      6.4      5.7 2022  9 12  7  0 41.780  0.00  37
   108689  40.489205 -124.339437    19.312      -35.9      -14.0      -17.2      6.0      6.4      6.5 2022  9 12  6 58 44.140  0.00  37
   108690  40.489433 -124.339624    19.324      -51.7       11.3       -5.3      6.7      3.8      6.9 2022  9 13 12  0  9.260  0.00  37
   108692  40.489449 -124.339608    19.337      -50.4       13.1        7.2      5.4      4.4      6.8 2022  9 13 23 59 39.940  0.00  37
   108693  40.489351 -124.339412    19.315      -33.8        2.3      -14.3      5.4      6.0      6.2 2022  9 15  4 38 42.340  0.00  37
   108694  40.489490 -124.339526    19.330      -43.5       17.6        0.2      3.6      4.9      6.8 2022  9 19 10 45 20.920  0.00  37
   108695  40.489429 -124.339518    19.330      -42.8       10.8        0.6      4.2      4.1      5.4 2022 10 13  0  1 53.180  0.00  37
   108697  40.489449 -124.339551    19.335      -45.5       13.1        6.0      4.7      5.4      6.1 2022 11 21 11  3 27.100  0.00  37
   108698  40.489400 -124.339412    19.323      -33.8        7.7       -6.8      5.3      5.8      6.2 2022 11 21  9 56 47.360  0.00  37
   108699  40.489494 -124.339600    19.333      -49.7       18.1        3.9      5.1      5.9      7.4 2022 11 21 11 24 43.840  0.00  37
   108700  40.489376 -124.339535    19.330      -44.2        5.0        0.3      5.5      5.2      5.0 2022 11 21 11  5 34.240  0.00  37
   108701  40.489473 -124.339453    19.326      -37.3       15.8       -3.0      5.6      5.7      6.3 2022 11 21 12  2 33.900  0.00  37
   108704  40.489461 -124.339494    19.327      -40.7       14.5       -2.6      5.9      4.0      6.6 2022 11 22  1 39 11.480  0.00  37
   108705  40.489498 -124.339681    19.345      -56.6       18.5       15.2      6.4      5.3      7.0 2022 11 24  7 16 24.120  0.00  37
   108706  40.489478 -124.339494    19.340      -40.7       16.3       10.2      4.4      4.8      7.1 2022 11 27  8 29 21.460  0.00  37
   108707  40.489014 -124.339657    19.311      -54.5      -35.2      -18.4      4.5      5.5      6.2 2022 11 27  7 15  5.860  0.00  37
   110543  40.489160 -124.339461    19.353      -37.9      -19.0       23.3      4.2      4.3      4.8 2023  1 10 17 58 54.640  1.07  37
