   107300  40.713098 -124.395500    24.463       -0.7        0.0        3.3     12.5     18.6     45.5 2020 10 29 13 32  8.460  0.00  59
   107302  40.713163 -124.395524    24.452       -2.8        7.2       -8.0     14.1     17.7     31.5 2021  2  5 18 58 22.480  0.00  59
   107304  40.713184 -124.395410    24.310        6.9        9.5     -150.4     19.0     20.3     85.3 2021  2 10 18 39  4.720  0.00  59
   107305  40.713208 -124.395459    24.379        2.8       12.2      -81.0     13.4     25.8     60.7 2021  3 27 19 44 22.840  0.00  59
   107309  40.713143 -124.395475    24.443        1.4        5.0      -17.1     12.5     13.4     46.2 2021  7  1  7 49  4.920  0.00  59
   107310  40.713135 -124.395435    24.368        4.8        4.1      -91.6     16.6     13.7     65.5 2021  7 28 13 54 34.920  0.00  59
   107312  40.713118 -124.395483    24.433        0.7        2.3      -27.2      9.9     15.0     42.7 2021  9  4  2 51 43.760  0.00  59
   107313  40.713135 -124.395516    24.478       -2.1        4.1       18.2     11.3     14.0     41.9 2021  9  4  3 54 10.000  0.00  59
   107314  40.713159 -124.395410    24.332        6.9        6.8     -128.5     17.1     18.5     74.1 2021  9  7  3 43 11.160  0.00  59
   107316  40.713094 -124.395451    24.393        3.4       -0.5      -66.6     20.1     13.2     72.4 2021 11 11  4 40 22.120  0.00  59
   107319  40.713086 -124.395532    24.499       -3.4       -1.4       39.0     11.7     20.6     42.6 2021 11 25 19  7 42.260  0.00  59
   107321  40.713171 -124.395516    24.451       -2.1        8.1       -8.9     12.5     16.7     29.3 2022  1  7  1 27 28.780  0.00  59
   107322  40.713167 -124.395435    24.367        4.8        7.7      -93.4     20.3     17.4     78.1 2022  3 25 15 49 48.380  0.00  59
   107323  40.713082 -124.395540    24.501       -4.1       -1.8       40.8     13.2     19.0     45.2 2022  5  3  0 18 12.600  0.00  59
   107326  40.713167 -124.395524    24.486       -2.8        7.7       26.3     15.2     17.7     50.0 2022  6 28  9 36 18.380  0.00  59
   107332  40.713188 -124.395483    24.408        0.7        9.9      -52.5     14.9     25.2     78.8 2022 11 14 17 38 58.600  0.00  59
   110430  40.713062 -124.395516    24.475       -2.1       -4.1       15.2     12.2     13.4     32.0 2023  4 18  9 17 19.780  1.42  59
