   103037  40.494259 -124.704142    26.199      -83.5      -82.2      568.6      3.9      3.9      8.4 2020  1  9  2 28 46.420  0.00  21
   103039  40.497412 -124.702734    25.836       35.9      267.9      205.9      4.7      5.4     14.5 2020  2 13  3 49 16.980  0.00  21
   103041  40.497697 -124.702547    25.850       51.7      299.6      219.7      4.6      5.9     16.7 2020  2 13  4 46  3.640  0.00  21
   103047  40.494071 -124.704045    26.260      -75.2     -103.0      630.4      5.3      6.8     15.8 2020  3 24  7 13 13.600  0.00  21
   103049  40.492635 -124.703621    25.780      -39.3     -262.5      149.9      2.8      4.5     13.2 2020  4  2  6 14 42.300  0.00  21
   103050  40.492651 -124.703499    25.347      -29.0     -260.7     -282.9      3.8      6.5     14.5 2020  4  2  9 24  2.020  0.00  21
   103052  40.496859 -124.704826    26.874     -141.4      206.5     1244.4      4.5      5.0      8.5 2020  5  2 14 30  4.400  0.00  21
   103053  40.492391 -124.703825    25.729      -56.6     -289.6       99.2      3.6      5.4      8.5 2020  5 26 13 46 53.380  0.00  21
   103054  40.494320 -124.703768    25.867      -51.7      -75.5      237.3      2.7      3.3      8.7 2020  5 27 14 13 23.920  0.00  21
   103056  40.501607 -124.701343    25.820      153.8      733.8      190.2      5.2     10.3     14.2 2020  6  3  7 51 45.780  0.00  21
   103059  40.499353 -124.701058    26.252      178.0      483.5      622.0      5.9      8.3     17.8 2020  6 26  3 47 36.160  0.00  21
   103060  40.500513 -124.701172    25.509      168.3      612.2     -120.7      6.4      8.3     22.2 2020  7  3  9 58 33.980  0.00  21
   103061  40.499727 -124.701660    25.958      126.9      525.0      327.6      5.9     13.0     20.6 2020  7  8 14  3 32.400  0.00  21
   103063  40.493205 -124.703890    25.997      -62.1     -199.3      367.4      2.7      3.9     11.1 2020  9  7  3 44 39.520  0.00  21
   103068  40.501432 -124.701579    25.134      133.8      714.4     -496.2      3.0      7.4     11.5 2020 10  2  7 32  2.120  0.00  21
   103070  40.500956 -124.701750    25.629      119.3      661.5       -1.2      6.4     13.8     20.2 2020 10 18  5 17 38.540  0.00  21
   103073  40.499622 -124.702287    25.548       73.8      513.3      -82.2      7.4     11.7     31.2 2020 11  6  4 14 13.540  0.00  21
   103074  40.498942 -124.698486    23.658      396.0      437.8    -1971.5      7.8      8.6      9.8 2020 11 15 10  1 52.660  0.00  21
   103075  40.495439 -124.697201    22.693      505.0       48.8    -2937.0     24.8     34.7     33.6 2020 12  2  4 36 19.100  0.00  21
   103076  40.493502 -124.703768    26.210      -51.7     -166.3      580.3      2.7      3.7      9.2 2020 12 17  6 44 45.740  0.00  21
   103077  40.485913 -124.694279    21.453      752.7    -1009.0    -4176.7     38.8     52.7     45.9 2021  1 12  2  8 19.400  0.00  21
   103078  40.497253 -124.697404    23.304      487.7      250.3    -2326.2      7.9      7.1      9.9 2021  1 19 17 42 49.980  0.00  21
   103079  40.501168 -124.701506    23.690      140.0      685.0    -1939.7      3.9      7.2      4.9 2021  1 19 18  1 13.300  0.00  21
   103083  40.495715 -124.704508    26.292     -114.5       79.5      661.6      4.8      3.5     10.6 2021  2  1  4 12  8.800  0.00  21
   103084  40.494674 -124.703906    26.166      -63.5      -36.1      535.6      2.8      3.0      9.7 2021  3 23  9 45 54.260  0.00  21
   103086  40.502116 -124.700529    23.907      222.8      790.3    -1722.9      7.2      7.6      8.9 2021  4 26  7  2 45.300  0.00  21
   103091  40.494307 -124.703825    25.919      -56.6      -76.8      289.5      3.6      3.0     12.8 2021  7 13 21 59  0.800  0.00  21
   103092  40.493038 -124.703841    25.908      -58.0     -217.8      278.4      2.9      4.3     14.9 2021  7 18  2  1  4.540  0.00  21
   103093  40.494417 -124.703890    26.350      -62.1      -64.6      719.7      3.8      5.4     11.4 2021  7 21 10 36 48.460  0.00  21
   103097  40.492769 -124.703695    25.794      -45.5     -247.6      163.8      3.0      2.8      9.4 2021 11 22  2 25 23.060  0.00  21
   103098  40.492440 -124.703540    25.795      -32.4     -284.2      165.1      3.4      5.1      8.3 2021 11 22  1 57 48.440  0.00  21
   103099  40.495369 -124.703353    25.557      -16.6       41.1      -73.1      3.5      5.2     14.3 2021 11 22 21 23 58.880  0.00  21
   103100  40.503040 -124.698551    23.850      390.5      892.8    -1780.5      9.5     12.8     11.8 2021 11 27 13 33 29.400  0.00  21
   103105  40.493473 -124.703890    26.333      -62.1     -169.4      702.7      2.6      3.8     11.3 2022  2 16 13 34 40.600  0.00  21
   103107  40.499740 -124.702743    26.064       35.2      526.4      434.4      7.5     10.1     22.5 2022  3 12  7 11 15.140  0.00  21
   103108  40.492387 -124.703857    25.566      -59.3     -290.1      -64.3      2.8      5.7     16.4 2022  4  4 11 35  9.120  0.00  21
   103110  40.500932 -124.701668    25.200      126.2      658.8     -429.7      6.3     13.4     27.1 2022  4  9 17 16  5.540  0.00  21
   103112  40.493095 -124.703695    25.785      -45.5     -211.5      155.5      2.7      4.1     12.3 2022  5 30 13 48 37.440  0.00  21
   103113  40.493534 -124.703768    25.805      -51.7     -162.7      175.1      2.8      4.4     12.6 2022  5 30 13 30 56.840  0.00  21
   103114  40.492826 -124.703573    25.917      -35.2     -241.3      287.2      3.2      4.8     10.2 2022  5 30 13 39 35.600  0.00  21
   103116  40.501660 -124.705924    26.662     -234.6      739.7     1031.9      6.3      8.7     22.3 2022  6 14  6 34  6.200  0.00  21
   103117  40.493400 -124.703662    25.851      -42.8     -177.6      220.8      2.6      3.7      8.9 2022  6 23 22 54 39.680  0.00  21
   103120  40.494417 -124.703792    25.940      -53.8      -64.6      310.2      2.7      3.5     14.5 2022  9 22  3 48 37.700  0.00  21
   110315  40.493530 -124.703695    25.724      -45.5     -163.1       94.3      2.6      2.3      8.5 2023  5 17 16 10 52.790  2.77  21
