   102927  40.327478 -124.626025    11.799    -5896.1     3896.1    -1627.5    266.8    754.9    494.9 2020  1  9 16 12 46.120  0.00   5
   102930  40.328642 -124.623437     9.916    -5676.1     4025.3    -3510.3    406.3    539.2    516.4 2020  7 10 11 40 51.780  0.00   5
   102931  40.329244 -124.622974     9.918    -5636.6     4092.2    -3507.8    365.5    613.6    542.1 2020 10  2  5 29 51.580  0.00   5
   102932  40.328784 -124.622941     9.724    -5633.9     4041.1    -3701.7    330.9    481.3    500.3 2020 12 29 18 56 53.340  0.00   5
   102933  40.333573 -124.621460     8.917    -5507.8     4572.9    -4509.3    276.8    485.4    477.1 2021  2 19 14 49 13.520  0.00   5
   102934  40.355924 -124.625529     8.113    -5852.7     7054.8    -5313.0    362.8   1135.7    582.4 2021  8 23 20 46 18.340  0.00   5
   102935  40.327364 -124.621330     9.362    -5496.9     3883.4    -4063.9    356.7    612.4    583.4 2021 10 19  7 54 31.220  0.00   5
   102936  40.328890 -124.622819     9.755    -5623.5     4052.9    -3671.3    329.3    508.8    495.4 2021 11  9 11 28 29.120  0.00   5
   102937  40.328479 -124.623682    10.119    -5696.8     4007.2    -3306.7    356.8    486.9    508.2 2021 11 28 21 38 37.840  0.00   5
   102939  40.328540 -124.622713     9.733    -5614.5     4014.0    -3692.9    323.4    501.6    481.5 2021 12 21 23 30 13.180  0.00   5
   102940  40.319096 -124.623975    11.505    -5722.1     2965.3    -1921.2    314.7    838.5    679.9 2021 12 23  8 43 26.880  0.00   5
   102944  40.327437 -124.622534    10.530    -5599.3     3891.6    -2895.6    295.2    727.3    562.0 2022  1 19  8 10 37.440  0.00   5
   102946  40.329476 -124.622957     9.460    -5635.2     4117.9    -3966.0    324.2    567.1    571.7 2022  4 11  4  4 28.440  0.00   5
   102948  40.323088 -124.621281     9.523    -5493.0     3408.6    -3903.1    329.4    455.0    474.6 2022  4 19  9 28 33.920  0.00   5
   102949  40.327311 -124.623478    10.609    -5679.6     3877.6    -2816.7    360.1    300.9    715.8 2022  5  2 22 28 32.800  0.00   5
   102950  40.327437 -124.623608     8.687    -5690.6     3891.6    -4739.5    334.7    451.3    538.0 2022  6 24  0 54  1.540  0.00   5
   102951  40.328825 -124.627205    10.113    -5996.3     4045.6    -3313.4    441.9    533.7    739.5 2022  7 14 16 54 29.000  0.00   5
   102952  40.329972 -124.624748    10.217    -5787.4     4173.1    -3209.3    347.4    470.6    445.3 2022  7 22 12 35 35.500  0.00   5
   102953  40.342342 -124.622827     8.043    -5623.6     5546.6    -5383.4    426.1   1074.1   1071.3 2022  9 19  8 27  9.760  0.00   5
   102955  40.321021 -124.620622     9.548    -5437.0     3179.0    -3877.9    367.0    547.8    406.1 2022 10  7  7 29 37.760  0.00   5
   102957  40.287044 -124.557658    14.401      -84.4     -593.7      975.2    278.8   1086.3   1639.1 2020  1  9  0 25 18.340  0.00   5
   102958  40.299044 -124.558309    15.037     -139.8      738.7     1610.9    313.7    987.6    671.8 2020  1  9  5 40 55.020  0.00   5
   102959  40.292664 -124.557007    14.776      -29.1       30.3     1349.6    328.5    485.5    742.5 2020  1 10 16 19 54.400  0.00   5
   102961  40.295760 -124.557251    14.595      -49.8      374.1     1168.6    369.8    777.5   1002.1 2020  5 11  5 18  3.180  0.00   5
   102962  40.255554 -124.559163    13.506     -212.5    -4090.4       79.7    272.4   1102.3    572.9 2020  5 21 20 27  9.960  0.00   5
   102963  40.292688 -124.558138    13.884     -125.2       33.0      458.5    295.0   1018.1   1863.3 2020  6 26 12 41 46.880  0.00   5
   102966  40.293022 -124.556966    14.999      -25.6       70.0     1572.9    299.0    690.0    841.5 2020  9 15 23 23  4.260  0.00   5
   102967  40.297213 -124.557910    14.216     -105.9      535.4      790.1    294.0    670.0   1205.2 2020  9 26 13 45 23.380  0.00   5
   102968  40.300627 -124.558976    12.232     -196.5      914.5    -1194.1    311.8    653.7   2246.2 2020 10  7 23 57 11.980  0.00   5
   102969  40.294702 -124.557951    14.287     -109.3      256.6      860.8    289.3    780.0    919.6 2021  3 21  4 39 28.380  0.00   5
   102970  40.293892 -124.557137    14.673      -40.1      166.7     1246.8    253.3    475.0    524.4 2021  5 26  0 52 22.700  0.00   5
   102971  40.273763 -124.558285    14.501     -137.7    -2068.5     1074.8    265.3    910.0    640.1 2021  6  7  3 30 47.660  0.00   5
   102972  40.296720 -124.558805    12.044     -182.0      480.7    -1382.4    267.5    743.2   1613.8 2021  6 26 19 49 41.240  0.00   5
   102974  40.255253 -124.559212    13.459     -216.6    -4123.8       33.0    283.2   1114.4    579.1 2021  8 18  7 53 43.320  0.00   5
   102976  40.290120 -124.557861    14.233     -101.7     -252.1      807.1    325.5   1039.1   1391.0 2021 10 14 12 29 46.820  0.00   5
   102977  40.253768 -124.559212    13.405     -216.6    -4288.7      -20.6    287.7   1160.0    580.2 2021 12  9 17 52 24.880  0.00   5
   102978  40.292106 -124.557511    15.155      -72.0      -31.6     1728.7    290.7    646.3    691.4 2021 12 20 14 26 22.420  0.00   5
   102979  40.300981 -124.556681    15.267       -1.4      953.8     1840.7    286.4    555.1    701.1 2022  1  5 13 58 42.900  0.00   5
   102981  40.288330 -124.558032    14.079     -116.3     -450.9      652.7    301.8    997.0    698.4 2022  2 19 22 27 17.340  0.00   5
   102982  40.292847 -124.557357    15.875      -58.8       50.6     2449.2    339.3    819.0    719.6 2022  4 22 22 11  8.700  0.00   5
   102983  40.298433 -124.557869    14.813     -102.4      671.0     1387.5    323.2    710.5    854.8 2022  5 14  6  2 12.840  0.00   5
   102984  40.291488 -124.557446    14.819      -66.4     -100.3     1393.0    300.7    403.5    637.8 2022  5 27 21 21 41.400  0.00   5
   102986  40.296688 -124.558683    12.308     -171.6      477.1    -1117.6    273.0    744.4   1183.9 2022  6 10  0 40 50.580  0.00   5
   102987  40.293331 -124.557023    15.157      -30.4      104.4     1731.4    304.9    582.3    725.3 2022  6 11  1 51  4.680  0.00   5
   102988  40.296952 -124.557576    14.729      -77.5      506.5     1302.7    349.4    690.2    862.5 2022  7 24 10  6 19.260  0.00   5
   102989  40.297323 -124.556714    14.807       -4.2      547.6     1380.6    268.7    532.2    652.6 2022  8 12  8 51 14.040  0.00   5
   102990  40.277498 -124.557983    14.759     -112.1    -1653.7     1332.8    292.5    910.8    788.4 2022  8 26  5 13 30.220  0.00   5
   105011  40.280648 -124.534513    15.939     1883.7    -1304.0     2512.7    380.6    808.1    559.6 2021  9 14 19 33 56.900  0.00   5
   105019  40.282825 -124.535327    15.924     1814.5    -1062.2     2497.7    250.2    822.2    477.8 2021 12 17 16 25 12.180  0.00   5
   105020  40.297742 -124.531266    16.615     2159.5      594.1     3189.4    395.2    795.6    631.6 2021 12 21  3 42 22.440  0.00   5
   105021  40.297632 -124.531380    16.583     2149.9      582.0     3157.3    400.2    785.9    650.2 2021 12 21  3 24 24.160  0.00   5
   105023  40.286812 -124.533748    16.001     1948.7     -619.5     2575.2    364.0    748.9    634.2 2021 12 21 14 59  6.880  0.00   5
   105029  40.283219 -124.535425    15.921     1806.1    -1018.4     2495.1    244.4    810.7    457.6 2021 12 21 16 17 37.440  0.00   5
   105030  40.286320 -124.527531    17.978     2477.3     -674.1     4552.5    343.0    719.2    619.0 2021 12 21  5  0 54.580  0.00   5
   105031  40.285347 -124.536751    15.137     1693.3     -782.1     1710.8    280.2    885.9    595.4 2021 12 21 12 38 45.420  0.00   5
   105033  40.304085 -124.532560    16.882     2049.4     1298.5     3455.8    308.4   1128.7    469.2 2021 12 21  9 13 54.680  0.00   5
   105038  40.280314 -124.533358    17.170     1982.0    -1341.0     3744.5    465.0    799.9    733.6 2021 12 26  7 58 23.160  0.00   5
   105039  40.305066 -124.532633    17.464     2043.2     1407.4     4038.2    355.4   1322.2    812.6 2021 12 27  5 43 54.680  0.00   5
   105041  40.293274 -124.534285    16.325     1902.9       98.0     2898.7    285.6    696.3    634.4 2022  2 11 20 35 36.260  0.00   5
   105043  40.297522 -124.531380    16.586     2149.9      569.8     3160.3    399.7    785.3    655.5 2022  4 21  0 49 10.600  0.00   5
   105368  40.288391 -124.538802     9.435     1518.9     -444.1    -3991.0    328.2    810.6    755.7 2020  2  1  1 58 46.340  0.00   5
   105369  40.290491 -124.539136    11.098     1490.5     -211.0    -2328.1    328.4    795.8    797.4 2020  4 19 18  7 57.940  0.00   5
   105370  40.278394 -124.534229    15.446     1907.9    -1554.3     2019.6    437.6    520.2    844.1 2020  8 14 11 27 29.760  0.00   5
   105371  40.278992 -124.536369    13.467     1725.9    -1487.9       41.0    281.7    664.9    892.1 2020  9 12 12 44  3.120  0.00   5
   105374  40.282613 -124.539461    13.825     1462.9    -1085.7      399.0    391.5    598.3    692.2 2021  9 13 23  5 20.040  0.00   5
   105376  40.283643 -124.537118     9.959     1662.2     -971.4    -3466.9    269.3    814.7    547.2 2021 10 28 10 57 51.840  0.00   5
   105377  40.289486 -124.539396    11.398     1468.4     -322.6    -2028.2    241.5    748.2    591.1 2021 11 15  6 11 30.560  0.00   5
   105379  40.289807 -124.539437    10.979     1464.9     -286.9    -2447.3    352.0    650.7    858.4 2022  1 31 19  7 30.320  0.00   5
   105380  40.287720 -124.539071    11.444     1496.1     -518.7    -1981.8    237.7    703.5    624.1 2022  5  7 21  0 16.060  0.00   5
   105381  40.296171 -124.534847    11.110     1855.1      419.7    -2315.5    480.1   1092.5   1364.7 2022  6  7  9 50 42.720  0.00   5
   105383  40.287276 -124.537158    10.222     1658.7     -567.9    -3203.5    300.2    672.8    772.9 2022  8 18 13 36  2.300  0.00   5
   106680  40.271916 -124.556925    17.573      -22.1    -2273.6     4147.1    307.5    765.2    641.2 2020  2 22 19  6 52.320  0.00   5
   106684  40.274219 -124.556852    17.666      -15.9    -2017.8     4239.5    371.4    917.3    519.9 2020  7 11  9 46  0.560  0.00   5
   106685  40.275155 -124.557129    17.630      -39.4    -1913.9     4204.4    314.2    844.9    473.6 2020  7 24 16 55 42.900  0.00   5
   106687  40.272896 -124.556982    17.627      -27.0    -2164.7     4201.4    381.4    819.8    767.6 2020 10  2  4 24 47.100  0.00   5
   106695  40.273173 -124.557585    17.621      -78.2    -2134.0     4195.2    313.3    783.1    382.0 2021  7 16  7  9  5.340  0.00   5
   106696  40.276986 -124.557959    17.714     -110.0    -1710.6     4288.3    328.1    725.1    519.8 2021  7 18  4 33 15.200  0.00   5
   106697  40.276322 -124.557576    17.594      -77.5    -1784.3     4168.0    308.1    752.1    424.4 2021  7 27 10 19 27.640  0.00   5
   106700  40.290710 -124.557560    17.120      -76.1     -186.6     3694.0    328.1    785.1    707.3 2021  8 24 13 36 31.660  0.00   5
   106702  40.279919 -124.557511    17.601      -72.0    -1384.8     4175.0    290.2    728.9    770.4 2021 10 21 19  2  0.520  0.00   5
   106706  40.270443 -124.556852    17.505      -15.9    -2437.1     4079.2    272.1    809.4    722.4 2021 12 21  0 21 19.000  0.00   5
   106710  40.280115 -124.557479    17.558      -69.2    -1363.2     4132.2    289.6    698.8    488.0 2022  1  6 21 12 58.500  0.00   5
   106711  40.273572 -124.557186    17.654      -44.3    -2089.7     4228.5    360.6    782.5    696.2 2022  1 23 11 45  1.040  0.00   5
   106713  40.272217 -124.558114    17.680     -123.2    -2240.1     4253.7    401.9    812.2    547.7 2022  3  7 10 52 39.260  0.00   5
   106714  40.272660 -124.557048    17.666      -32.5    -2190.9     4239.6    343.3    752.5    645.9 2022  4  6 12 30 20.240  0.00   5
   106716  40.269792 -124.555729    17.969       79.6    -2509.4     4542.8    338.7    626.5    694.9 2022  6  3  4 32 25.640  0.00   5
   106718  40.283374 -124.558691    17.208     -172.3    -1001.2     3781.6    301.5    910.1    635.8 2022  6 15 20 50 14.340  0.00   5
   106719  40.272847 -124.556494    17.982       14.5    -2170.1     4555.8    382.9    543.9    774.9 2022  8  6  0 50 42.000  0.00   5
   106720  40.278613 -124.557617    17.601      -81.0    -1529.9     4174.5    359.4    667.5    738.4 2022  8 11  6 16 43.060  0.00   5
   106721  40.290210 -124.558154    17.538     -126.6     -242.2     4112.2    459.2    765.9    931.4 2022  8 21 10 39 36.560  0.00   5
   106722  40.277384 -124.557218    17.669      -47.1    -1666.3     4243.3    295.4    742.1    497.4 2022  9 18 22 30 39.860  0.00   5
   106724  40.278467 -124.556828    18.107      -13.8    -1546.1     4681.4    255.9    993.0    836.0 2022 11 23 23 40 19.840  0.00   5
   107850  40.307524 -124.540633    19.334     1363.0     1680.3     5908.0    421.7   1151.5    648.4 2020  3 18 10 33 16.280  0.00   5
   107851  40.297091 -124.542139    19.771     1235.1      521.9     6345.5    398.6    760.5    579.2 2020  7 23  7 57 52.860  0.00   5
   107854  40.305823 -124.544548    18.656     1030.2     1491.5     5230.3    327.2    830.0    568.3 2021  2 23 21 22 50.460  0.00   5
   107855  40.313212 -124.543465    18.045     1122.2     2312.0     4618.7    352.9    882.9    831.7 2021  3  1 21 39  8.000  0.00   5
   107856  40.308476 -124.547021    18.935      819.9     1786.1     5509.4    330.2   1119.3    531.5 2021  5 30 21 13 23.020  0.00   5
   107857  40.298653 -124.545353    17.802      961.8      695.4     4375.7    329.5   1073.9    707.3 2021  8 10 16 52 12.400  0.00   5
   107858  40.306071 -124.545728    18.240      929.9     1519.0     4813.8    340.6    830.9    491.3 2021 10 30 23 24 21.000  0.00   5
   107859  40.303821 -124.543774    18.832     1096.0     1269.2     5406.0    278.6    912.0    555.5 2021 10 31  0  6 14.000  0.00   5
   107860  40.300614 -124.544873    18.650     1002.6      913.1     5224.2    364.6    895.1    639.5 2021 11  1  0  2 32.120  0.00   5
   107863  40.303357 -124.545093    18.255      983.9     1217.7     4829.3    329.1    885.0    609.0 2021 12 11 17 33  8.300  0.00   5
   107867  40.295076 -124.546094    18.553      898.8      298.2     5127.1    337.8    951.1    561.7 2022  8 11  3 22 48.620  0.00   5
   107868  40.297725 -124.545068    18.732      986.0      592.3     5305.8    312.0   1000.5    609.1 2022 10  5 10 28  0.800  0.00   5
   107869  40.311218 -124.542660    18.648     1190.7     2090.6     5222.2    445.0    911.0    874.1 2022 10 29  1 50 33.240  0.00   5
   108328  40.363367 -124.567668    12.126     -935.0     7881.2    -1299.6    783.1   1399.3   1700.6 2020  4  5  1 31 54.900  0.00   5
   108329  40.329325 -124.568205     3.007     -980.9     4101.2   -10418.7    324.9    779.8    450.5 2020 12 28 14 19 23.260  0.00   5
   108330  40.336365 -124.568880     4.395    -1038.3     4882.9    -9030.8    402.5    891.0    853.1 2021  2  8 21 55 39.180  0.00   5
   108331  40.328247 -124.568807     3.116    -1032.1     3981.5   -10309.8    317.8    780.5    444.4 2021  5 31 14 18  8.300  0.00   5
   108334  40.330575 -124.567847     3.013     -950.5     4239.9   -10412.6    302.1    819.3    444.9 2022  1 23  9 42 53.580  0.00   5
   108336  40.329252 -124.568107     2.974     -972.6     4093.1   -10451.7    318.6    776.4    458.0 2022  8 25  9 19 46.880  0.00   5
   108337  40.336674 -124.567635     3.141     -932.5     4917.2   -10284.7    323.4    846.0    493.6 2022  8 30 16 15 52.160  0.00   5
   108338  40.342472 -124.568245     3.987     -984.3     5561.1    -9438.6    372.8   1008.1    624.1 2022  8 31 20 32 49.120  0.00   5
   108522  40.288155 -124.519067     9.258     3197.0     -470.3    -4168.3    332.2    877.6    859.6 2020  8 27  8 48 36.060  0.00   5
   108523  40.296261 -124.519222     8.836     3183.6      429.7    -4589.9    265.0    644.1    627.1 2020 11 19  0  1 55.140  0.00   5
   108524  40.294430 -124.520044     7.970     3113.8      226.4    -5456.2    297.7    629.8   1794.6 2020 12 19 23 43 53.180  0.00   5
   108525  40.297546 -124.519914     7.888     3124.8      572.5    -5538.2    360.4    660.7   1400.0 2020 12 22 13 56 55.800  0.00   5
   108526  40.301477 -124.520182     8.562     3101.9     1008.9    -4864.4    293.9    781.2    677.6 2020 12 22  2 31 25.280  0.00   5
   108527  40.292692 -124.519938     8.209     3122.8       33.4    -5216.9    358.4    751.2   1842.3 2021  3  6  5 49 50.980  0.00   5
   108528  40.288770 -124.519434     8.311     3165.8     -402.1    -5114.6    307.3    742.2   1472.3 2021  3  7  9 29 35.160  0.00   5
   108529  40.295272 -124.519450     8.626     3164.3      319.9    -4800.2    253.0    524.5    551.8 2021  3 22 14 28 21.180  0.00   5
   108530  40.293599 -124.519328     8.532     3174.7      134.2    -4893.7    279.3    757.7    725.5 2021  3 22 16 43  7.420  0.00   5
   108531  40.293433 -124.519735     8.371     3140.1      115.7    -5054.9    349.4    801.2   1426.8 2021  3 22 15 19 46.300  0.00   5
   108532  40.280143 -124.520085     5.412     3110.7    -1360.0    -8014.2    508.5   1495.5   1286.9 2021  3 27 20 11 40.180  0.00   5
   108533  40.297420 -124.520158     6.821     3104.0      558.5    -6604.7    328.8    540.6   2920.1 2021  3 28  8 38 14.200  0.00   5
   108534  40.286214 -124.519482     8.165     3161.7     -685.9    -5261.4    328.2    821.5   2472.7 2021  3 28  5 19 46.660  0.00   5
   108537  40.287565 -124.517855     4.100     3300.1     -535.9    -9325.6    723.5   1730.3   1211.5 2021  5 23 16 14  8.300  0.00   5
   108542  40.296708 -124.519116     8.637     3192.6      479.4    -4788.9    337.4    713.8    677.2 2022  1  7 18 16 14.140  0.00   5
   108546  40.290613 -124.519157     7.594     3189.3     -197.4    -5831.8    457.7   1174.9    778.1 2022  8  3 22 11 41.100  0.00   5
   108547  40.298629 -124.519084     8.506     3195.3      692.6    -4920.1    320.8    759.1    698.4 2022  9 28  8 42 51.820  0.00   5
   108548  40.298376 -124.519124     8.641     3191.9      664.6    -4784.7    340.2    774.5    707.1 2022  9 28  8 39 11.060  0.00   5
   108549  40.298678 -124.518848     8.704     3215.4      698.1    -4722.2    363.7   1048.6    950.5 2022 10  9  8 23  0.040  0.00   5
   108551  40.300252 -124.519084     8.702     3195.3      872.9    -4723.9    363.4   1001.3    888.6 2022 10 27 19 46 36.020  0.00   5
   108552  40.297807 -124.520011     6.778     3116.5      601.4    -6647.6    305.4    698.3   1942.4 2022 11 21 18 13 32.080  0.00   5
   108553  40.298173 -124.519287     8.456     3178.1      642.0    -4969.9    411.5    830.2    892.4 2022 11 22  5 12  0.300  0.00   5
   108554  40.298079 -124.519531     7.956     3157.3      631.7    -5469.9    384.9    669.2   1392.8 2022 11 22  5 12 34.720  0.00   5
   108762  40.295378 -124.552751    10.973      332.8      331.6    -2452.5    355.9    632.9    669.5 2020  6 18 16  6 43.080  0.00   5
   108763  40.289754 -124.554696     9.288      167.5     -292.8    -4138.4    255.0    462.2    615.5 2021 11 11 11 57 34.060  0.00   5
   108764  40.305196 -124.553402     9.822      277.5     1421.9    -3604.0    344.8    712.4    538.9 2022  1  9  2 48 12.520  0.00   5
   108765  40.308724 -124.555363    10.179      110.7     1813.6    -3246.9    328.6    480.5    555.2 2022  5 12  9 11 34.360  0.00   5
   108766  40.291829 -124.554297    11.385      201.4      -62.4    -2041.2    317.4    690.6    420.5 2022  6  7  9 49  1.260  0.00   5
   109011  40.304451 -124.574609    14.784    -1525.6     1339.2     1358.5    515.1   1185.2   1502.2 2021  7 14 15 14  4.960  0.00   5
   109012  40.316451 -124.573031    18.859    -1391.3     2671.6     5433.1    568.4    972.4   1111.5 2022  5 15 19 18 57.920  0.00   5
   109013  40.309664 -124.575106     3.816    -1567.8     1918.0    -9609.5    503.1   1022.7   5250.8 2022  6  2 22  6 51.080  0.00   5
   109014  40.313135 -124.575773    15.422    -1624.5     2303.4     1995.6    444.3    856.3    796.7 2022  7 23 23  7 35.680  0.00   5
   110256  40.312874 -124.564657    11.820     -679.4     2274.5    -1605.8    334.5    846.5    628.5 2022  8  2 21 55 39.100  0.00   5
   110258  40.335722 -124.560807     9.749     -352.1     4811.5    -3676.8    308.4    845.0    916.8 2022  8  2 21 44 11.520  0.00   5
   110264  40.331230 -124.561963    11.546     -450.3     4312.7    -1880.0    243.1    586.6    415.1 2022  8  7 15 10 49.300  0.00   5
   110312  40.329765 -124.624341    10.156    -5752.8     4150.0    -3270.1    347.7    481.0    489.6 2022 12 19 12 20 31.700  1.28   5
   110313  40.298682 -124.557292    14.844      -53.3      698.5     1417.6    261.2    524.1    628.8 2023  2  9  8  8 42.800  2.99   5
   110357  40.280591 -124.534749    16.451     1863.6    -1310.3     3025.4    387.0    986.9    645.5 2023  4 23 16  9  0.470  1.48   5
   110366  40.292249 -124.539022    11.133     1500.2      -15.8    -2292.8    310.1    578.4    636.0 2023  2 15  9 40 37.830  1.30   5
   110413  40.272884 -124.558049    17.452     -117.7    -2166.0     4025.9    331.7    690.6    455.1 2023  3 25 19 24 32.400  1.25   5
   110459  40.304980 -124.545565    18.304      943.8     1397.9     4878.0    340.5    832.5    480.7 2023  2 23  1 16  2.860  1.71   5
   110492  40.329077 -124.567814     2.907     -947.7     4073.7   -10518.9    346.0    782.4    416.3 2023  4 17  9 13 51.230  2.06   5
   110520  40.294360 -124.519303     6.453     3176.8      218.7    -6973.2    455.8    592.5   1067.3 2023  1 16  3 19  0.680  1.26   5
   110550  40.295516 -124.552873    10.807      322.4      347.0    -2619.4    363.2    495.1    724.2 2023  3 30 19 31 15.280  1.92   5
   110583  40.309981 -124.573120    14.751    -1399.0     1953.2     1324.9    418.8    628.6    688.7 2023  2  7 18 35 28.040  1.14   5
   110795  40.343473 -124.560335    13.000     -312.0     5672.2     -426.0    357.2    637.5    795.5 2023  2 25 22 37 46.280  1.26   5
