   107464  40.380660 -124.528288    27.634       16.6      -18.1     -106.1     41.9     68.9     66.1 2020  3 18 22 14 12.440  0.00  25
   107467  40.382430 -124.528564    27.712       -6.9      178.5      -27.9     45.5     71.6     71.6 2020  3 18 22 40  6.880  0.00  25
   107472  40.379712 -124.527523    27.240       81.5     -123.4     -499.8     51.6    101.5    119.2 2020  5 10 13 14  2.440  0.00  25
   107473  40.376042 -124.529590    27.427      -94.0     -530.9     -313.4     60.7    163.4    118.0 2020  5 16 23  7 35.120  0.00  25
   107476  40.381486 -124.528410    27.709        6.2       73.6      -31.1     33.7     73.2     58.3 2020  7  2  4  6 42.660  0.00  25
   107481  40.381063 -124.529093    27.837      -51.8       26.7       96.6     45.8     76.6     64.6 2020  7 20 23 54 26.140  0.00  25
   107482  40.380611 -124.528394    27.770        7.6      -23.5       30.0     30.7     71.0     65.7 2020  8  4  9 35 27.100  0.00  25
   107484  40.379256 -124.529264    27.804      -66.3     -174.0       64.1     51.9    121.3     76.7 2020  8 22  1  0 17.680  0.00  25
   107487  40.380627 -124.528247    27.706       20.0      -21.7      -34.2     43.6     72.9     67.6 2020 10 27 18 56  9.260  0.00  25
   107488  40.380522 -124.528328    27.711       13.1      -33.4      -28.9     39.5     68.7     59.6 2020 10 29 16 48 21.620  0.00  25
   107491  40.380770 -124.528377    27.714        9.0       -5.9      -26.4     38.9     69.3     59.9 2020 11 15  6 10 39.440  0.00  25
   107492  40.380965 -124.528564    27.746       -6.9       15.8        6.0     28.3     63.9     40.1 2020 11 15  4 31  1.960  0.00  25
   107494  40.380432 -124.528451    27.735        2.8      -43.4       -5.3     32.7     62.9     56.2 2020 12 21  0 56 26.380  0.00  25
   107496  40.380237 -124.529053    27.751      -48.4      -65.1       11.3     42.4     91.4     53.3 2020 12 26 18 49 37.200  0.00  25
   107497  40.380725 -124.528784    27.769      -25.6      -10.8       29.5     29.4     56.3     46.6 2021  3 13 10 10  5.340  0.00  25
   107498  40.382320 -124.528101    27.667       32.5      166.3      -73.4     55.2     90.9     93.7 2021  4  8 21 40 58.200  0.00  25
   107506  40.382853 -124.527067    27.685      120.2      225.5      -55.1     73.8    141.9    102.7 2021  6  2  5  7 25.060  0.00  25
   107507  40.380835 -124.528516    27.726       -2.8        1.4      -14.4     35.1     56.0     47.9 2021  6  8 16 30  4.700  0.00  25
   107514  40.380160 -124.528735    27.759      -21.4      -73.6       19.1     39.1     74.6     57.8 2021 10 23  4 40  5.460  0.00  25
   107515  40.379663 -124.529500    27.855      -86.4     -128.8      114.7     61.3    120.8     81.3 2021 10 29 15 30 15.320  0.00  25
   107516  40.379924 -124.529468    27.847      -83.6      -99.9      106.6     50.7    111.1     79.8 2021 10 29 14 41 45.020  0.00  25
   107518  40.380522 -124.528280    27.684       17.3      -33.4      -55.7     47.9     72.2     64.6 2021 10 31 14 53 45.320  0.00  25
   107519  40.380029 -124.528288    27.665       16.6      -88.1      -74.9     39.4     66.1     58.6 2021 10 31 14 28 41.000  0.00  25
   107524  40.380562 -124.528345    27.720       11.7      -28.9      -20.2     32.7     55.0     52.0 2021 11 22  7 24 49.740  0.00  25
   107525  40.380859 -124.528442    27.743        3.5        4.1        3.0     32.7     55.9     51.2 2021 11 22  4  0 43.140  0.00  25
   107526  40.380684 -124.528353    27.748       11.1      -15.4        7.7     37.0     58.9     59.5 2021 11 29 14  6 53.300  0.00  25
   107527  40.380208 -124.529622    27.826      -96.7      -68.2       85.8     51.8    107.8     73.3 2021 12  3  5 48 40.960  0.00  25
   107528  40.380359 -124.529232    27.826      -63.6      -51.5       86.1     44.8     94.0     70.4 2021 12 13 23 35 57.160  0.00  25
   107533  40.381140 -124.528491    27.740       -0.7       35.2       -0.3     26.0     72.3     38.5 2022  2  8 12 54 35.300  0.00  25
   107538  40.380745 -124.528467    27.729        1.4       -8.6      -11.4     36.6     55.6     49.2 2022  3 19 23 26 39.880  0.00  25
   107539  40.380766 -124.528385    27.739        8.3       -6.3       -0.8     36.5     60.2     51.3 2022  3 20 13 12 27.460  0.00  25
   107541  40.379110 -124.529102    27.762      -52.5     -190.2       21.9     33.3     66.0     44.2 2022  4  5  0 55 37.240  0.00  25
   107544  40.381608 -124.527987    27.724       42.2       87.2      -15.8     41.9     79.5     55.9 2022  5 10 16 59 43.560  0.00  25
   107545  40.381649 -124.527979    27.722       42.8       91.7      -17.8     44.0     86.3     58.8 2022  5 10 16 14 58.500  0.00  25
   107546  40.380245 -124.528988    27.789      -42.8      -64.2       49.2     36.9     80.5     57.3 2022  5 13 23 15  7.460  0.00  25
   107547  40.379854 -124.527970    27.653       43.5     -107.5      -86.7     59.7    100.4     70.4 2022  5 22 20 33 55.540  0.00  25
   107548  40.378821 -124.529150    27.725      -56.7     -222.3      -15.0     45.2    115.4     50.6 2022  5 30  1 43 50.600  0.00  25
   107556  40.380383 -124.529085    27.775      -51.1      -48.8       34.5     36.7     77.3     52.9 2022  8 11 16 19 20.340  0.00  25
   107557  40.380359 -124.528841    27.767      -30.4      -51.5       26.6     31.9     69.1     50.9 2022  8 12 23 24 23.280  0.00  25
   107558  40.380990 -124.528573    27.722       -7.6       18.5      -17.5     26.5     70.6     39.5 2022  8 14 12 51 42.480  0.00  25
   107559  40.381295 -124.528361    27.700       10.4       52.4      -39.6     43.5     75.4     55.3 2022  9 21 13 36 27.500  0.00  25
   107560  40.380762 -124.528434    27.742        4.1       -6.8        2.5     36.4     56.3     50.0 2022  9 26 23 50 11.680  0.00  25
   107567  40.380115 -124.529801    27.835     -112.0      -78.6       95.3     56.3    116.4     79.7 2022  9 26 23  9 34.060  0.00  25
   107571  40.380477 -124.529761    27.845     -108.5      -38.4      105.5     56.2    111.8     79.3 2022 11 14 17  2 42.680  0.00  25
   110438  40.381055 -124.528361    27.749       10.4       25.8        9.4     26.2     48.2     41.4 2023  3  4 21 15 32.500  1.55  25
