   108362  40.490609 -124.206950    20.685     -253.9      -80.0     -382.6      5.3      2.7      5.3 2020  7 11 17 19 52.600  0.00  43
   108363  40.490869 -124.206771    20.669     -238.7      -51.1     -398.7      7.6      7.4      5.1 2020  8 12 11 28 24.940  0.00  43
   108364  40.490645 -124.206755    20.674     -237.3      -75.9     -393.2      3.7      4.2      5.0 2020  8 12 11 23 32.820  0.00  43
   108365  40.491162 -124.205127    20.763      -99.4      -18.5     -303.9      9.9      4.0      5.6 2020  8 16 23 21 48.480  0.00  43
   108366  40.490295 -124.207682    20.712     -316.0     -114.8     -355.8      7.8      8.4      6.9 2020 10  4  9 37 29.720  0.00  43
   108367  40.491097 -124.206502    20.705     -215.9      -25.8     -362.1      3.4      2.6      3.9 2020 10  8  4 46 56.680  0.00  43
   108369  40.490833 -124.206681    20.723     -231.1      -55.1     -344.0      4.8      3.5      4.0 2021  2 19  9 54 21.040  0.00  43
   108370  40.490938 -124.207463    20.709     -297.4      -43.4     -358.4      8.3      5.2      3.7 2021  6  1 21 55 42.420  0.00  43
   108373  40.491671 -124.206274    20.639     -196.6       38.0     -427.9      7.3      6.5      6.3 2022  2  7 11 46 35.280  0.00  43
   108374  40.490938 -124.206877    20.702     -247.7      -43.4     -365.2      4.4      3.2      3.5 2022  2 12 15 44 27.500  0.00  43
   108375  40.491402 -124.206095    20.680     -181.5        8.1     -387.7      8.0      5.8      4.9 2022  4 21 17  7 41.100  0.00  43
   108376  40.491125 -124.206258    20.694     -195.3      -22.6     -373.6      4.9      4.0      4.4 2022  4 22 17 55 41.660  0.00  43
   108378  40.491036 -124.206584    20.705     -222.8      -32.5     -362.8      5.4      3.2      3.3 2022  7 27  4 35 27.980  0.00  43
   108379  40.491288 -124.207113    20.702     -267.7       -4.5     -365.5      7.7      4.9      3.4 2022  8  3  6 33 48.060  0.00  43
   108380  40.491659 -124.206421    20.705     -209.0       36.6     -362.6      6.6      5.3      3.8 2022  9  1 10 45  9.880  0.00  43
   108381  40.491093 -124.206649    20.705     -228.4      -26.2     -362.4      4.1      3.3      2.8 2022 11 26 10 34 34.000  0.00  43
   108454  40.484001 -124.236898    19.097    -2793.0     -813.8    -1970.8      7.3      3.6      3.0 2021 12 22  7 38 16.620  0.00  43
   109536  40.490141 -124.200008    22.416      334.6     -131.9     1348.8      6.1      5.8      5.6 2021  3  3 21 43  3.720  0.00  43
   109537  40.490816 -124.199536    22.448      374.6      -56.9     1380.9      7.4      6.0      7.0 2021  9 27  2 58  8.360  0.00  43
   109538  40.489181 -124.201107    22.410      241.5     -238.6     1342.8      6.2      6.6      6.1 2021 12 23 14 37 21.580  0.00  43
   109539  40.490190 -124.199837    22.446      349.1     -126.5     1378.6      5.5      4.9      5.0 2022  9 12  3 59 29.200  0.00  43
   109540  40.490186 -124.199829    22.446      349.8     -127.0     1378.6      5.5      5.0      4.9 2022 10  8  6 41 27.060  0.00  43
   109635  40.498136 -124.175741    21.293     2391.9      755.9      226.0     50.9      9.6     14.6 2021  6  4 21 21 58.240  0.00  43
   109636  40.500411 -124.187858    21.854     1364.6     1008.5      786.5      9.4      6.7      7.6 2021 12 20 21 17 32.980  0.00  43
   109637  40.496159 -124.191479    21.590     1057.6      536.3      522.9      8.9     14.0      9.2 2022  5 25  8  4 48.420  0.00  43
   110460  40.486491 -124.182373    20.364     1829.8     -537.2     -703.8      5.0      4.2      5.9 2023  3 15  6  1 38.120  0.94  43
   110498  40.491077 -124.206291    20.710     -198.0      -28.0     -357.8      3.1      2.2      2.7 2023  1 15 11 51 19.200  1.50  43
   110504  40.483968 -124.237533    19.097    -2846.8     -817.4    -1970.4      7.3      3.6      3.0 2023  2  5 13 48 53.130  1.08  43
   110642  40.489307 -124.199552    22.449      373.3     -224.6     1382.1      5.2      5.0      5.3 2023  2 27 12 40  1.270  1.39  43
   110662  40.500407 -124.189827    21.947     1197.6     1008.1      879.4      7.8      5.7      6.9 2023  5  9 11 38 20.680  1.02  43
