   100528  40.555196 -124.663802     7.340        0.7        0.5        0.4   2045.6   1856.3   2760.6 2020  2 16  4  7 45.440  0.00  51
   100537  40.554887 -124.664152     7.282      -28.9      -33.9      -57.8   2890.4   5867.2   3962.6 2020  8  7  9 28 44.340  0.00  51
   100538  40.554919 -124.664168     7.279      -30.3      -30.3      -61.0   2921.5   5883.4   4010.6 2020  8  7  9 28 26.060  0.00  51
   100540  40.555151 -124.663851     7.332       -3.4       -4.5       -7.7   1918.9   1783.2   2610.2 2020  8 11 22 23 53.320  0.00  51
   100541  40.555176 -124.663810     7.339        0.0       -1.8       -0.8   2125.7   2001.2   2866.2 2020 10 21  2 37 32.940  0.00  51
   100542  40.555261 -124.663794     7.341        1.4        7.7        1.4   2247.3   2797.1   3030.7 2020 11  8  3 54 55.800  0.00  51
   100543  40.555404 -124.663550     7.382       22.1       23.5       42.4   3287.4   5345.8   4487.1 2020 11  8  1 32 40.980  0.00  51
   100544  40.554960 -124.664225     7.270      -35.2      -25.8      -70.0   3046.5   5878.2   4184.2 2020 12  2  8 33 33.620  0.00  51
   100545  40.555086 -124.663949     7.316      -11.7      -11.7      -24.0   1966.5   3197.7   2696.0 2020 12 19 10  1 43.240  0.00  51
   100547  40.555009 -124.663932     7.318      -10.3      -20.3      -21.8   1984.2   3526.8   2708.4 2021  3 27  3  7  8.420  0.00  51
   100551  40.555143 -124.663818     7.337       -0.7       -5.4       -3.2   2103.2   1871.6   2853.1 2021  6 13 21  6 52.180  0.00  51
   100552  40.555216 -124.663761     7.347        4.1        2.7        7.0   2349.1   2549.1   3188.9 2021  8 10 10  7 37.160  0.00  51
   100553  40.555229 -124.663778     7.344        2.8        4.1        3.7   2164.7   2156.0   2919.9 2021  8 19  2 14 36.260  0.00  51
   100560  40.554989 -124.663940     7.317      -11.0      -22.6      -22.9   2009.2   2719.4   2728.1 2022  2 26  9 19 53.720  0.00  51
   100562  40.554793 -124.664201     7.274      -33.1      -44.3      -66.0   3073.1   5891.8   4209.4 2022  4  5  4 37 52.080  0.00  51
   100563  40.555176 -124.663810     7.339        0.0       -1.8       -1.4   2124.4   2108.8   2856.7 2022  5 14 21 27 27.240  0.00  51
   100566  40.555216 -124.663778     7.344        2.8        2.7        4.0   2244.5   2673.0   3029.1 2022  7 25  5  3 56.220  0.00  51
   100569  40.554797 -124.664176     7.277      -31.0      -43.8      -62.9   3037.1   5619.9   4145.0 2022  9  4  5 45 54.000  0.00  51
   100570  40.554960 -124.664128     7.286      -26.9      -25.8      -54.4   2741.4   5249.2   3759.9 2022  9  6  7  2 59.900  0.00  51
   100571  40.555151 -124.663778     7.344        2.8       -4.5        4.0   2134.4   2276.2   2910.8 2022 11  6  5  3 49.800  0.00  51
   100572  40.555212 -124.663761     7.347        4.1        2.3        6.7   2169.3   3240.6   2966.8 2022 11  6  4 45 38.900  0.00  51
   110288  40.555273 -124.663713     7.354        8.3        9.0       14.3   1887.4   2146.6   2570.0 2023  5 29  5 41 15.670  1.33  51
