   108189  40.446566 -124.512980    19.560       12.4      -14.9      -30.4     12.7     24.5     29.6 2020  3 27 13 34 19.020  0.00  39
   108190  40.446651 -124.512948    19.568       15.2       -5.4      -21.9     18.1     28.1     35.7 2020  3 28 10 12 16.960  0.00  39
   108191  40.446513 -124.512907    19.514       18.6      -20.8      -75.8     16.5     20.6     28.2 2020  4 10  1 35 50.980  0.00  39
   108192  40.446794 -124.513102    19.608        2.1       10.4       17.8     10.6     11.7     15.3 2020  6 23  3 29 24.020  0.00  39
   108194  40.446680 -124.513005    19.571       10.4       -2.3      -18.7     11.1     14.8     21.0 2020  7 11 16 58 31.400  0.00  39
   108197  40.446765 -124.513143    19.607       -1.4        7.2       17.3     10.5     11.1     15.6 2020  9 14 16 46 33.180  0.00  39
   108200  40.446773 -124.513143    19.606       -1.4        8.1       15.6      9.1     11.8     15.1 2020 10 26  4 23 33.540  0.00  39
   108202  40.446822 -124.513175    19.613       -4.1       13.6       23.5      8.2     15.5     18.0 2020 12 16 23 23  1.620  0.00  39
   108203  40.446741 -124.513053    19.590        6.2        4.5        0.0     11.9     13.9     16.4 2020 12 17 22 23 47.820  0.00  39
   108205  40.446745 -124.513078    19.599        4.1        5.0        8.8     10.4     11.9     16.7 2020 12 22 19 31 24.840  0.00  39
   108206  40.446643 -124.512931    19.551       16.6       -6.3      -39.5     13.5     26.9     23.2 2020 12 29 12 34  8.260  0.00  39
   108207  40.446794 -124.513094    19.597        2.8       10.4        7.4     11.3     15.2     17.4 2020 12 29 12 51  3.280  0.00  39
   108208  40.446586 -124.513013    19.563        9.7      -12.7      -27.5     12.1     21.7     26.8 2020 12 29 12 51 15.880  0.00  39
   108209  40.446737 -124.513070    19.589        4.8        4.1       -0.5     10.0     14.1     17.0 2020 12 31 14 30  9.560  0.00  39
   108210  40.447058 -124.513037    19.618        7.6       39.8       27.8     15.2     25.2     19.7 2021  1  1 17 23 28.080  0.00  39
   108211  40.446985 -124.513151    19.633       -2.1       31.6       43.1     12.5     18.4     19.9 2021  1  2  0 53 59.600  0.00  39
   108212  40.446875 -124.513021    19.596        9.0       19.4        6.2     16.8     26.8     32.9 2021  1  3 13 46 28.400  0.00  39
   108215  40.446733 -124.513070    19.590        4.8        3.6        0.0     12.4     14.3     15.9 2021  1 29 12 17 19.180  0.00  39
   108219  40.446692 -124.513021    19.574        9.0       -0.9      -16.5     13.9     18.6     27.7 2021  3 17  5  8 35.880  0.00  39
   108220  40.446830 -124.513208    19.618       -6.9       14.5       28.3      8.9     14.4     18.1 2021  4  6 16  5 23.180  0.00  39
   108221  40.446765 -124.513094    19.598        2.8        7.2        8.4      9.2     12.7     18.0 2021  4  7 21 22 43.000  0.00  39
   108223  40.446692 -124.513070    19.589        4.8       -0.9       -1.3     10.1     12.8     16.4 2021  4 12  8 34 11.060  0.00  39
   108226  40.446651 -124.513094    19.584        2.8       -5.4       -6.4     10.2     16.2     18.7 2021  4 27 23 51 32.640  0.00  39
   108229  40.446773 -124.513013    19.606        9.7        8.1       15.7     14.5     14.8     24.2 2021  6 17  6 25 14.280  0.00  39
   108231  40.446851 -124.513127    19.615        0.0       16.7       25.4     12.6     13.5     17.6 2021  9 26 19 36 49.140  0.00  39
   108232  40.446802 -124.513094    19.609        2.8       11.3       19.1     11.8     11.9     21.2 2021 10 18 20 27 11.000  0.00  39
   108233  40.445683 -124.513501    19.548      -31.8     -113.0      -42.1     22.9     26.6     45.3 2021 12 22 21 36 58.160  0.00  39
   108234  40.446667 -124.512980    19.585       12.4       -3.6       -5.4     13.5     17.9     23.8 2022  1 19 11 39 48.020  0.00  39
   108235  40.446602 -124.513029    19.579        8.3      -10.8      -10.9     12.6     17.1     21.9 2022  3 20 20 28  9.780  0.00  39
   108236  40.446818 -124.513070    19.608        4.8       13.1       18.1     12.5     14.1     18.6 2022  3 23 10  7 40.400  0.00  39
   108238  40.446659 -124.513086    19.570        3.5       -4.5      -20.2     11.5     11.6     25.3 2022  9  3 19 35 51.900  0.00  39
   110485  40.446680 -124.513127    19.590        0.0       -2.3        0.4      9.7     12.8     15.3 2023  4  8 11 17 36.020  1.06  39
