   100575  40.368563 -124.459692    17.757     -772.7     -692.2     -801.5    185.5    270.8    219.5 2020  1  3 15 57 51.560  0.00  30
   100576  40.368046 -124.459880    17.757     -788.6     -749.6     -802.3    178.9    234.4    217.6 2020  1 14  1  9 31.340  0.00  30
   100577  40.368424 -124.460173    17.743     -813.5     -707.6     -815.6    217.1    296.4    254.8 2020  2 16  2 38  6.780  0.00  30
   100578  40.367875 -124.459847    17.784     -785.8     -768.6     -774.4    173.3    237.1    196.2 2020  2 28  7 47  9.140  0.00  30
   100580  40.367977 -124.459912    17.778     -791.4     -757.3     -780.5    176.6    244.1    213.3 2020  3 24 20 10 18.920  0.00  30
   100581  40.368030 -124.459880    17.775     -788.6     -751.4     -784.1    181.2    259.0    222.7 2020  5  4 10 41 42.840  0.00  30
   100582  40.367928 -124.459863    17.765     -787.2     -762.7     -793.6    161.8    300.4    182.4 2020  5 13  5 11 45.540  0.00  30
   100583  40.368132 -124.459839    17.773     -785.2     -740.1     -786.2    199.4    244.0    225.1 2020  6  9 10 47  6.140  0.00  30
   100584  40.368132 -124.459896    17.772     -790.0     -740.1     -786.6    158.2    224.5    201.6 2020  6 13  7  8 34.340  0.00  30
   100587  40.368034 -124.459888    17.775     -789.3     -750.9     -783.6    166.3    231.9    204.8 2020  8 20 18 40 55.160  0.00  30
   100588  40.368026 -124.459912    17.780     -791.4     -751.8     -779.3    171.8    253.5    222.9 2020  9 12 21 54 44.740  0.00  30
   100589  40.368018 -124.459912    17.779     -791.4     -752.8     -779.9    150.0    229.2    220.6 2020  9 12 21 37 16.080  0.00  30
   100590  40.368091 -124.459871    17.773     -787.9     -744.6     -785.6    163.6    209.1    185.9 2020 11 29 17 24 14.040  0.00  30
   100591  40.367961 -124.459904    17.779     -790.7     -759.1     -779.8    225.6    295.4    267.0 2021  4 17 10 27 49.580  0.00  30
   100592  40.367952 -124.459888    17.776     -789.3     -760.0     -782.4    157.4    221.5    202.8 2021  4 26 21 46 39.180  0.00  30
   100593  40.367989 -124.460026    17.783     -801.1     -755.9     -776.3    162.7    241.6    218.8 2021  5 11 12 13 44.620  0.00  30
   100594  40.367957 -124.459896    17.782     -790.0     -759.5     -777.1    163.4    229.2    156.0 2021  5 20  1 35 27.000  0.00  30
   100595  40.369307 -124.460221    17.679     -817.6     -609.5     -880.2    186.4    294.4    251.1 2021  6 15 11 27 24.780  0.00  30
   100596  40.368807 -124.459847    17.733     -785.8     -665.1     -825.3    140.0    244.4    172.4 2021  6 15 11 31  8.000  0.00  30
   100597  40.368123 -124.460124    17.746     -809.3     -741.0     -813.0    185.6    275.1    240.7 2021  6 15 11 58 52.480  0.00  30
   100598  40.368079 -124.460067    17.739     -804.5     -746.0     -819.7    144.0    232.8    201.8 2021  6 15 13  9 16.300  0.00  30
   100600  40.369035 -124.459945    17.721     -794.1     -639.8     -838.1    175.1    260.6    203.2 2021  8 12 11 50 12.180  0.00  30
   100602  40.369116 -124.459871    17.724     -787.9     -630.8     -834.5    176.3    276.6    217.3 2021  9 15  3 21  7.320  0.00  30
   100603  40.367830 -124.460091    17.770     -806.6     -773.5     -789.1    161.5    195.0    157.0 2021  9 24  8 15 17.120  0.00  30
   100604  40.368176 -124.459920    17.734     -792.1     -735.1     -824.7    267.0    345.6    287.0 2021 10 10 16 46 24.120  0.00  30
   100605  40.368571 -124.460514    17.733     -842.5     -691.3     -825.3    243.6    381.3    333.2 2021 10 29  1 24 55.020  0.00  30
   100606  40.368567 -124.460514    17.733     -842.5     -691.8     -825.7    245.5    384.8    334.8 2021 11  8 10 41 50.820  0.00  30
   100607  40.368176 -124.460278    17.745     -822.5     -735.1     -814.2    191.2    279.8    234.3 2021 11 15  1 46 35.440  0.00  30
   100610  40.368563 -124.460238    17.720     -819.0     -692.2     -838.9    283.6    490.3    319.8 2021 12 31 10  4 37.000  0.00  30
   100611  40.368005 -124.460018    17.767     -800.4     -754.1     -791.7    135.6    250.7    189.8 2022  3 22 11  4 35.800  0.00  30
   100612  40.368123 -124.460002    17.746     -799.0     -741.0     -812.9    108.6    257.5    168.1 2022  6  5  8 21 59.320  0.00  30
   100613  40.368018 -124.460075    17.764     -805.2     -752.8     -794.8    141.0    243.1    189.1 2022  8 17  5  6 21.800  0.00  30
   100614  40.367908 -124.459823    17.780     -783.8     -765.0     -779.0    167.7    238.3    196.7 2022  8 21  5 51  8.080  0.00  30
   100615  40.367944 -124.459880    17.783     -788.6     -760.9     -775.9    171.6    248.9    204.6 2022 10 25 21 20 54.620  0.00  30
   106864  40.406413 -124.413770    25.131     3126.6     3510.7     6572.1    472.5    645.9    396.7 2021 10  4  7 13 43.640  0.00  30
   106865  40.405526 -124.413745    25.160     3128.7     3412.2     6600.8    440.0    630.0    395.5 2021 12 21 23 35 58.700  0.00  30
   106871  40.406897 -124.413525    25.117     3147.3     3564.5     6558.1    495.2    655.8    392.0 2022 11 22 23  5 32.660  0.00  30
   109433  40.412081 -124.399878    19.850     4305.9     4140.1     1291.6    460.5    320.2    372.8 2021 12 22  1 59 55.300  0.00  30
   109434  40.412838 -124.400391    19.848     4262.3     4224.2     1289.0    409.7    420.5    352.6 2022  4 16 21  8 59.900  0.00  30
   110289  40.368522 -124.460140    17.683     -810.7     -696.7     -876.2    189.6    337.5    223.9 2023  1 26 21 33 28.920  1.26  30
   110418  40.405908 -124.415470    24.847     2982.2     3454.7     6287.8    492.5    769.3    493.3 2023  2 15 12  9 12.570  0.98  30
   110621  40.413110 -124.398063    19.863     4459.9     4254.4     1304.4    426.0    495.6    360.5 2023  2 12 15 30 31.930  3.14  30
