   108433  40.748787 -124.234115    12.474     7403.1     2015.7     3040.2      7.8      5.6      8.3 2020 11 21  6 25 35.720  0.00  46
   108434  40.748787 -124.234155    12.475     7399.7     2015.7     3041.2      7.8      5.5      8.5 2020 11 21  7 26  9.440  0.00  46
   108435  40.748873 -124.237354    12.285     7129.5     2025.2     2850.5     16.0      5.8     11.3 2021  9 18  9  5  3.000  0.00  46
   108436  40.748804 -124.235620    12.360     7275.9     2017.6     2926.2     17.2      5.7     11.3 2022  1 18 23 24  5.960  0.00  46
   108437  40.748804 -124.235661    12.362     7272.5     2017.6     2927.7     17.3      5.6     11.3 2022  1 18 23 25  2.140  0.00  46
   108438  40.748580 -124.233634    12.501     7443.7     1992.7     3066.3     23.6      7.1     18.9 2022  1 19 20 33 45.540  0.00  46
   108439  40.748771 -124.234147    12.389     7400.3     2013.9     2954.4     18.1      6.8     12.6 2022  1 19 21 29 33.980  0.00  46
   108440  40.748702 -124.233008    12.310     7496.6     2006.3     2875.5     20.8      6.8     14.3 2022  1 20  0  6 19.720  0.00  46
   108960  40.735962 -124.292065     4.769     2508.5      591.5    -4665.0      4.3      6.6     10.3 2020  8 22  2 46 34.640  0.00  46
   108961  40.737256 -124.292220     5.570     2495.4      735.2    -3864.2      8.2      3.5      7.1 2022  9 24 17  8 17.940  0.00  46
   110222  40.721045 -124.381055     7.183    -5009.3    -1065.0    -2251.6      6.8      5.7     10.2 2022  6  5  8 26 45.400  0.00  46
   110223  40.720964 -124.380705     7.234    -4979.7    -1074.1    -2199.9      6.7      6.3      5.3 2022  6  5  8 51 54.180  0.00  46
   110224  40.720793 -124.380916     7.245    -4997.6    -1093.0    -2188.8      6.3      6.6      7.7 2022  6  5  8 28 25.100  0.00  46
   110227  40.720618 -124.380648     7.250    -4974.9    -1112.5    -2184.2      6.5      5.9      9.1 2022  6 20  0 19 17.960  0.00  46
   110230  40.735327 -124.370142     9.852    -4086.9      521.0      417.4     12.3      7.0     10.9 2022  5  5 20 40 11.140  0.00  46
   110236  40.704924 -124.372119     8.667    -4254.9    -2855.3     -767.6      5.4      2.9      4.9 2022  8  7  6 28 12.440  0.00  46
   110238  40.704919 -124.372103     8.670    -4253.5    -2855.7     -764.1      4.6      2.4      4.5 2022 11  2  8  1 19.400  0.00  46
   110239  40.704924 -124.372119     8.669    -4254.9    -2855.3     -765.5      4.6      2.4      4.5 2022 11  3 13 46 28.020  0.00  46
   110240  40.704993 -124.372396     8.656    -4278.3    -2847.6     -778.6      5.8      3.0      6.5 2022 11 16  6 47 46.300  0.00  46
   110241  40.705009 -124.372428     8.646    -4281.0    -2845.8     -788.0      5.9      2.9      5.9 2022 11 30  8 33 59.080  0.00  46
   110502  40.748674 -124.235872    12.327     7254.6     2003.1     2892.8      9.6      4.8      9.6 2022 12 23 17 30 27.280  1.15  46
   110573  40.737354 -124.294246     5.787     2324.2      746.0    -3647.6      5.1      3.2      5.8 2023  5 22 19  5 30.020  1.30  46
   110777  40.721094 -124.380282     7.385    -4944.0    -1059.6    -2049.3      6.2      5.3      6.6 2023  3 23  6  3  8.580  1.25  46
   110779  40.734623 -124.373193    10.013    -4344.7      442.8      578.9     12.2      7.0     12.5 2023  1 12 21  3 16.120  1.83  46
   110784  40.705066 -124.371712     8.692    -4220.5    -2839.5     -741.8      5.1      2.4      4.9 2022 12 20  0 57 24.410  1.03  46
