   106452  40.707300 -124.367969    23.847     -204.9      487.1    -1119.9     91.0     66.4     95.1 2021  2 24  1 13  1.120  0.00  71
   106453  40.706909 -124.369295    23.833     -317.0      443.7    -1134.1    115.0     77.4    104.0 2021  6  9  4 11 41.800  0.00  71
   106454  40.707113 -124.368424    23.795     -243.5      466.3    -1172.6     95.1     78.4    105.3 2021  6 15  1 44 36.180  0.00  71
   106455  40.707560 -124.369352    25.908     -321.9      516.0      941.0     78.0     81.3    158.2 2021  9 20  7 30 52.220  0.00  71
   106456  40.706820 -124.369784    25.161     -358.3      433.8      193.8    115.9     95.4    280.9 2021  9 22  9 23  9.220  0.00  71
   106457  40.706661 -124.369295    24.429     -317.0      416.2     -538.4    148.7     55.9    377.2 2021  9 26 15 38 26.700  0.00  71
   106458  40.706311 -124.368050    23.962     -211.8      377.3    -1005.6    122.4     93.4    114.4 2021 12 28  4 59 52.400  0.00  71
   106459  40.707267 -124.369596    25.428     -342.5      483.5      461.1     96.8     90.4    227.6 2022  8  5  4  2 33.760  0.00  71
   106470  40.684420 -124.349992    28.812     1314.5    -2053.7     3845.2    103.1    100.5    133.6 2021  6 27 14 23 24.780  0.00  71
   110401  40.707328 -124.368848    23.932     -279.2      490.3    -1035.2     63.0     51.6     65.3 2023  1 19  3  6 27.480  1.40  71
   110402  40.684151 -124.352059    29.174     1139.8    -2083.5     4207.1    103.0    100.7    130.1 2023  2 17  9 24 34.670  1.19  71
