   104947  40.376265 -124.586434    27.437       44.2      249.9      -73.3     37.6     71.4     61.5 2020  1 27  3 33 37.900  0.00  23
   104948  40.374475 -124.587085    27.545      -11.1       51.1       34.7     29.3     58.3     49.7 2020  3 15 11  8 54.480  0.00  23
   104949  40.374715 -124.587305    27.726      -29.7       77.7      215.7     51.9     72.2     93.1 2020  3 15 10 40 25.300  0.00  23
   104950  40.375358 -124.586296    27.467       56.0      149.1      -42.6     41.7     69.0     55.6 2020  3 24 22 40 56.940  0.00  23
   104951  40.374349 -124.587028    27.514       -6.2       37.1        4.2     32.4     47.7     54.0 2020  3 29 19 50 48.940  0.00  23
   104952  40.375195 -124.586442    27.449       43.5      131.0      -61.3     40.7     67.2     65.5 2020  5 20 21 10 40.540  0.00  23
   104953  40.374093 -124.586987    27.558       -2.8        8.6       48.2     43.1     63.5     70.5 2020  5 28  3 30 49.200  0.00  23
   104954  40.375126 -124.586540    27.493       35.2      123.3      -17.3     38.7     72.4     56.3 2020  6 11  3 50 51.180  0.00  23
   104955  40.372038 -124.588696    28.124     -147.9     -219.6      614.0     97.2    148.5    166.0 2020  6 14  8 41  4.880  0.00  23
   104956  40.374870 -124.586466    27.436       41.5       94.9      -73.6     38.8     59.6     63.3 2020  7 14  7 25 47.800  0.00  23
   104958  40.375500 -124.588550    27.946     -135.5      164.9      435.5     59.5    105.3    113.3 2020  9 10  2  4 47.040  0.00  23
   104959  40.375037 -124.586434    27.465       44.2      113.4      -45.3     40.5     74.2     67.5 2020  9 12 10 40  0.480  0.00  23
   104960  40.373641 -124.586995    27.490       -3.5      -41.6      -19.9     36.0     77.8     67.3 2020  9 19  0 33 31.640  0.00  23
   104961  40.374674 -124.587760    27.713      -68.4       73.2      202.7     43.8     64.0     95.4 2020  9 23  9 31 47.320  0.00  23
   104962  40.374276 -124.587817    27.747      -73.3       28.9      236.5     43.1     73.6     85.7 2020  9 29  9 57 55.960  0.00  23
   104964  40.375517 -124.588574    27.828     -137.5      166.7      318.4     54.4     75.9    108.1 2020 12  8 16 42 53.280  0.00  23
   104965  40.374089 -124.587126    27.525      -14.5        8.1       15.3     30.5     57.5     65.1 2020 12 10 19 49 14.260  0.00  23
   104966  40.375826 -124.586125    27.367       70.5      201.1     -143.1     48.9     77.3     81.1 2020 12 22 14 35 10.320  0.00  23
   104967  40.374500 -124.586491    27.368       39.4       53.8     -142.1     52.2    111.5    101.4 2021  3  6 12 54 27.660  0.00  23
   104969  40.376164 -124.585750    27.347      102.3      238.6     -163.1     49.5    100.4     97.3 2021  5 20  0 50 18.180  0.00  23
   104972  40.374703 -124.587663    27.755      -60.1       76.4      244.6     48.8     68.0    100.2 2021  6 11  8 31 33.560  0.00  23
   104973  40.375639 -124.588680    28.214     -146.5      180.3      703.7     59.1    113.2    116.2 2021  6 20  1 41 22.180  0.00  23
   104974  40.373983 -124.586963    27.505       -0.7       -3.6       -4.8     37.4     61.9     58.5 2021  7 20 15  5 21.760  0.00  23
   104975  40.372917 -124.587052    27.484       -8.3     -122.0      -25.5     30.1     86.5     66.0 2021  8 28 19 21 44.180  0.00  23
   104976  40.373905 -124.587093    27.565      -11.7      -12.2       55.2     38.6     39.7     81.3 2021  9 27  1  3 32.360  0.00  23
   104977  40.373482 -124.586857    27.491        8.3      -59.2      -18.8     33.7     67.9     55.1 2021 10  6 22  3 24.840  0.00  23
   104978  40.375667 -124.589095    28.085     -181.8      183.4      574.9     87.5    181.5    145.5 2021 11  1  3 56 53.200  0.00  23
   104980  40.372457 -124.587378    27.594      -35.9     -173.1       84.3     40.0     87.2     71.7 2022  2  6 21 50 37.360  0.00  23
   104981  40.374508 -124.587126    27.585      -14.5       54.7       75.3     29.9     59.5     65.2 2022  3 11  9 43 29.740  0.00  23
   104982  40.375045 -124.586206    27.419       63.6      114.3      -90.7     46.7     68.5     84.0 2022  4  3  8 24 39.320  0.00  23
   104983  40.375814 -124.586361    27.493       50.5      199.7      -17.3     39.9     75.8     84.3 2022  4 19 22 16 25.080  0.00  23
   104984  40.369124 -124.586336    27.187       52.5     -543.1     -323.5     81.9    178.2    167.4 2022  5  9 21 52  8.060  0.00  23
   104987  40.373954 -124.586930    27.489        2.1       -6.8      -21.1     30.7     59.8     52.2 2022  6 17 10 22 17.000  0.00  23
   104988  40.373983 -124.586914    27.486        3.5       -3.6      -23.8     32.1     53.3     53.1 2022  6 17 10 46 26.820  0.00  23
   104990  40.375309 -124.586361    27.422       50.5      143.7      -88.2     42.0     69.6     69.7 2022  6 24  5  4 53.800  0.00  23
   104991  40.374556 -124.588118    27.666      -98.8       60.1      155.8     94.0     97.5    176.0 2022  7 27  4 54 13.900  0.00  23
   104993  40.372689 -124.588574    27.697     -137.5     -147.3      186.8     52.4    142.4     85.7 2022  8 11  4 39 15.140  0.00  23
   104994  40.375354 -124.586230    27.437       61.5      148.7      -73.2     46.1     71.9     77.2 2022  8 17  8 25 46.520  0.00  23
   104995  40.374040 -124.587028    27.515       -6.2        2.7        4.9     36.6     64.9     57.5 2022  8 30 23 11 16.520  0.00  23
   104996  40.374736 -124.588078    27.875      -95.4       80.0      364.8     39.9     77.2     99.4 2022 10 11 17 23 22.920  0.00  23
   104997  40.374727 -124.586751    27.479       17.3       79.1      -31.1     35.0     59.2     55.2 2022 10 11 14  2 49.700  0.00  23
   104998  40.376591 -124.586239    27.341       60.8      286.0     -169.0     34.3     92.6     80.5 2022 10 11 17 30 39.280  0.00  23
   104999  40.373783 -124.587036    27.516       -6.9      -25.8        6.3     36.4     77.5     72.2 2022 10 24 20  5 38.420  0.00  23
   105000  40.375859 -124.585986    27.361       82.2      204.7     -148.9     52.1     84.0     88.4 2022 11 14  0 17 50.340  0.00  23
   105001  40.373987 -124.587004    27.548       -4.1       -3.2       38.4     38.2     58.4     70.0 2022 11 20 20 20 39.340  0.00  23
   105002  40.372489 -124.587590    27.640      -53.9     -169.4      129.5     42.3     76.9     78.8 2022 11 27  4  0 20.280  0.00  23
   110356  40.373442 -124.587004    27.485       -4.1      -63.7      -25.5     31.1     46.5     52.6 2023  5 27  0 55 22.180  2.59  23
