   108277  40.351225 -124.441479    23.917       -6.9       14.9        7.5    261.5    370.4    271.5 2020  4  4 18 49  5.200  0.00  48
   108278  40.350651 -124.441089    23.891       26.3      -48.8      -19.4    294.8    424.3    390.0 2020  4 26 15 58  8.820  0.00  48
   108285  40.350370 -124.441162    23.878       20.0      -80.0      -31.7    338.6    494.2    421.8 2020 12  3 22 40 43.620  0.00  48
   108286  40.350496 -124.441121    23.885       23.5      -66.0      -24.6    295.6    426.7    378.1 2021  3  7  5  2 46.960  0.00  48
   108287  40.350635 -124.441219    23.894       15.2      -50.6      -15.6    256.9    401.7    335.3 2021  3 20 23 16 13.640  0.00  48
   108291  40.350415 -124.441089    23.891       26.3      -75.0      -19.5    298.1    477.2    426.4 2021 10 30  8 35 33.380  0.00  48
   108292  40.350916 -124.441325    23.906        6.2      -19.4       -4.2    200.5    332.9    259.4 2021 11 23  8 36 50.640  0.00  48
   108294  40.349915 -124.440991    23.880       34.6     -130.6      -30.3    364.9    651.2    522.6 2021 11 24 17  1 30.540  0.00  48
   108296  40.351107 -124.441341    23.910        4.8        1.8       -0.4    236.3    360.8    257.1 2021 11 26 13 39 40.880  0.00  48
   108298  40.349841 -124.440690    23.877       60.1     -138.7      -32.7    416.0    645.0    605.1 2021 11 30 11 29  7.980  0.00  48
   108300  40.352466 -124.441724    23.984      -27.7      152.7       74.1    430.4    688.3    469.7 2021 12 20 20 51 25.720  0.00  48
   108306  40.352450 -124.442188    24.006      -67.1      150.9       95.8    499.1    671.1    484.7 2021 12 21 11 23 53.660  0.00  48
   108307  40.351058 -124.441390    23.908        0.7       -3.6       -1.8    176.0    304.5    215.0 2021 12 24 16 55 56.640  0.00  48
   108309  40.351176 -124.441406    23.915       -0.7        9.5        5.4    205.2    341.6    255.1 2022  1  3 21 39 26.840  0.00  48
   108310  40.351034 -124.441317    23.911        6.9       -6.3        0.7    236.3    335.7    272.7 2022  1  7 23 16 41.000  0.00  48
   108311  40.351192 -124.441447    23.916       -4.1       11.3        6.1    243.7    376.0    272.3 2022  1 17  6  4 37.860  0.00  48
   108313  40.351119 -124.441414    23.911       -1.4        3.2        1.4    205.4    333.1    241.7 2022  2  1  3 38 46.820  0.00  48
   108314  40.351050 -124.441439    23.909       -3.5       -4.5       -1.0    241.2    376.5    246.2 2022  2 12 15 14 50.440  0.00  48
   108315  40.351143 -124.441390    23.912        0.7        5.9        2.5    211.2    344.9    247.5 2022  3 14 17 54 18.940  0.00  48
   108318  40.351282 -124.441357    23.917        3.5       21.2        7.3    159.5    367.1    247.6 2022  3 25 11 39  6.360  0.00  48
   108320  40.350557 -124.441032    23.885       31.1      -59.2      -25.5    314.8    453.3    407.2 2022  5 24  3 56 56.760  0.00  48
   108321  40.351152 -124.441398    23.912        0.0        6.8        2.2    225.4    360.9    254.2 2022  6  2 23 18  2.840  0.00  48
   108324  40.351131 -124.441390    23.914        0.7        4.5        3.7    236.9    370.2    271.0 2022  9  1 16 10 18.720  0.00  48
   108325  40.350195 -124.440975    23.886       36.0      -99.4      -23.7    330.0    544.6    486.1 2022 10 16 16 42 42.900  0.00  48
   110491  40.351229 -124.441471    23.911       -6.2       15.4        1.4    208.6    334.4    284.8 2023  4  1 22 38 24.960  0.87  48
