   103372  40.279256 -124.521012    19.957       45.0      117.5      -13.4    233.2    356.1    222.6 2020  1 13  4 35 54.740  0.00  32
   103373  40.279171 -124.521061    19.975       40.8      108.0        5.3    222.7    340.9    195.2 2020  1 14 13 28 33.620  0.00  32
   103376  40.278312 -124.521452    19.803        7.6       12.7     -167.3    266.8    440.4    152.3 2020  4 23  2 43 50.960  0.00  32
   103380  40.278446 -124.521493    19.920        4.2       27.6      -50.3    166.4    247.2    253.2 2020  6 22 23 31  2.020  0.00  32
   103381  40.278772 -124.521322    20.002       18.7       63.7       32.2    164.0    299.3    401.0 2020  6 28 17 22 53.120  0.00  32
   103383  40.278076 -124.521655    19.967       -9.7      -13.6       -3.3    148.3    256.4    167.9 2020  7 13 10 22  7.320  0.00  32
   103384  40.279000 -124.521265    20.009       23.5       89.0       39.5    184.0    335.5    586.8 2020  8  3  9  6  1.760  0.00  32
   103389  40.278984 -124.521208    19.956       28.4       87.2      -13.6    196.2    298.1    274.1 2020 11  5 12 38 58.240  0.00  32
   103390  40.278813 -124.521297    19.941       20.8       68.2      -29.3    187.9    270.4    166.8 2020 11  5 12 39 36.040  0.00  32
   103391  40.278739 -124.521346    19.964       16.6       60.1       -5.8    173.5    252.6    202.9 2020 11  6  8 25 13.440  0.00  32
   103392  40.277116 -124.522201    19.948      -56.1     -120.2      -21.8    263.0    403.4    191.9 2020 12 29  9  1 15.600  0.00  32
   103397  40.278992 -124.521224    20.015       27.0       88.1       44.6    185.9    354.0    486.2 2021  3  4 17  8 37.200  0.00  32
   103400  40.279045 -124.521134    19.966       34.6       94.0       -3.7    201.4    308.5    181.9 2021  3 27 10 50 25.740  0.00  32
   103401  40.279126 -124.521118    20.002       36.0      103.0       31.9    199.5    362.2    427.0 2021  4  5 11 42 43.140  0.00  32
   103403  40.279045 -124.521200    19.936       29.1       94.0      -34.2    193.9    304.6    241.7 2021  5 29 16 34 35.700  0.00  32
   103404  40.278784 -124.521354    20.017       15.9       65.1       46.5    174.7    352.0    508.5 2021  6 13  0 34 11.440  0.00  32
   103412  40.276758 -124.522485    20.331      -80.3     -159.9      361.5    298.6    482.1    547.8 2021  9 19 22 24 28.280  0.00  32
   103413  40.276725 -124.522510    20.361      -82.4     -163.6      390.9    308.8    504.3    534.5 2021  9 23  7 46 21.640  0.00  32
   103414  40.278198 -124.521549    19.960       -0.7        0.0      -10.4    138.2    240.9    172.9 2021 10 10  2 35 36.640  0.00  32
   103415  40.277437 -124.521908    19.932      -31.1      -84.5      -38.2    171.8    436.4    493.9 2021 10 12 11 35 15.460  0.00  32
   103416  40.277816 -124.521745    19.963      -17.3      -42.5       -6.8    162.4    287.8    274.7 2021 10 13  3 15 11.500  0.00  32
   103417  40.277177 -124.522168    19.945      -53.3     -113.4      -25.2    255.2    391.5    208.9 2021 10 25 12 13 10.580  0.00  32
   103418  40.278044 -124.521696    19.968      -13.2      -17.2       -1.8    145.8    243.6    174.2 2021 11 10 23 37 13.460  0.00  32
   103420  40.278381 -124.521501    19.937        3.5       20.3      -32.8    166.1    279.1    231.1 2021 11 16 10 50 11.560  0.00  32
   103421  40.278906 -124.521265    20.009       23.5       78.6       39.5    176.0    324.4    385.7 2021 11 18 14 19 52.740  0.00  32
   103422  40.278182 -124.521615    19.958       -6.2       -1.8      -11.6    141.5    228.2    211.6 2021 12  7 14 41 31.160  0.00  32
   103423  40.278841 -124.521257    19.900       24.2       71.4      -70.2    191.4    278.9    334.9 2021 12 15 14 48 20.300  0.00  32
   103424  40.278215 -124.521566    19.954       -2.1        1.8      -16.3    138.7    251.8    205.7 2021 12 20 14 25 10.760  0.00  32
   103426  40.277934 -124.521737    19.986      -16.6      -29.4       16.4    141.4    231.3    185.5 2021 12 20 20  7 39.320  0.00  32
   103427  40.277653 -124.521761    19.948      -18.7      -60.5      -21.6    152.8    373.6    385.0 2021 12 20 21 43 57.240  0.00  32
   103429  40.279118 -124.521200    19.937       29.1      102.1      -32.8    215.4    327.3    267.0 2021 12 22 16  0 10.800  0.00  32
   103430  40.278691 -124.521354    20.007       15.9       54.7       37.1    159.2    284.1    298.6 2021 12 24 11  3 50.560  0.00  32
   103431  40.278902 -124.521273    20.006       22.8       78.2       36.5    176.0    337.1    412.3 2021 12 26 21 48 44.840  0.00  32
   103434  40.278015 -124.521655    19.969       -9.7      -20.3       -1.2    143.3    279.9    142.9 2022  4 30 21  3 55.400  0.00  32
   103435  40.276815 -124.522233    19.957      -58.8     -153.6      -13.2    231.3    351.3    464.5 2022  5 31 11 52 23.980  0.00  32
   103436  40.278064 -124.521655    19.977       -9.7      -14.9        6.9    144.1    227.7    197.7 2022  9  1 13  9 26.560  0.00  32
   103439  40.277738 -124.521680    19.945      -11.8      -51.1      -25.0    156.2    350.1    331.9 2022  9 23 17 55 19.120  0.00  32
   103440  40.278007 -124.521615    19.970       -6.2      -21.2       -0.1    156.9    252.4    239.6 2022  9 26 16 59 43.680  0.00  32
   110321  40.278052 -124.521663    19.971      -10.4      -16.3        1.4    137.2    213.1    153.5 2022 12 23 14 21 11.630  0.91  32
