   108362  40.491121 -124.206608    20.713     -224.9      -23.0     -354.3      3.6      2.7      3.0 2020  7 11 17 19 52.600  0.00  43
   108363  40.491549 -124.206437    20.705     -210.4       24.4     -361.9      5.2      5.2      2.6 2020  8 12 11 28 24.940  0.00  43
   108364  40.491130 -124.206608    20.713     -224.9      -22.1     -354.7      3.6      2.6      3.1 2020  8 12 11 23 32.820  0.00  43
   108365  40.491077 -124.206803    20.719     -241.5      -28.0     -348.3      4.4      2.0      2.5 2020  8 16 23 21 48.480  0.00  43
   108366  40.491007 -124.206665    20.716     -229.7      -35.7     -351.7      5.2      4.8      4.9 2020 10  4  9 37 29.720  0.00  43
   108367  40.491121 -124.206535    20.708     -218.7      -23.0     -359.4      3.8      3.3      3.7 2020 10  8  4 46 56.680  0.00  43
   108369  40.491024 -124.206551    20.730     -220.1      -33.9     -337.0      4.4      2.6      4.2 2021  2 19  9 54 21.040  0.00  43
   108370  40.491256 -124.206714    20.706     -233.9       -8.1     -361.4      3.3      2.8      2.2 2021  6  1 21 55 42.420  0.00  43
   108373  40.491187 -124.206551    20.650     -220.1      -15.8     -417.0      5.0      2.6      5.6 2022  2  7 11 46 35.280  0.00  43
   108374  40.491077 -124.206706    20.706     -233.2      -28.0     -361.7      3.6      2.4      3.1 2022  2 12 15 44 27.500  0.00  43
   108375  40.491040 -124.206470    20.695     -213.2      -32.1     -372.5      2.9      1.8      2.8 2022  4 21 17  7 41.100  0.00  43
   108376  40.491064 -124.206405    20.702     -207.7      -29.4     -365.7      4.2      3.4      3.7 2022  4 22 17 55 41.660  0.00  43
   108378  40.491003 -124.206844    20.706     -244.9      -36.1     -361.7      4.9      2.6      2.1 2022  7 27  4 35 27.980  0.00  43
   108379  40.491626 -124.206283    20.682     -197.3       33.0     -385.8      9.9      4.7      6.4 2022  8  3  6 33 48.060  0.00  43
   108380  40.491374 -124.206576    20.705     -222.2        5.0     -362.7      5.4      3.9      4.3 2022  9  1 10 45  9.880  0.00  43
   108381  40.490971 -124.206706    20.696     -233.2      -39.8     -371.1      4.6      3.6      3.6 2022 11 26 10 34 34.000  0.00  43
   108454  40.483809 -124.237484    19.092    -2842.7     -835.0    -1975.8      9.7      6.8      8.0 2021 12 22  7 38 16.620  0.00  43
   109536  40.490430 -124.199813    22.424      351.2      -99.9     1356.7      5.8      4.9      5.5 2021  3  3 21 43  3.720  0.00  43
   109537  40.490385 -124.199528    22.429      375.3     -104.8     1361.7      7.4      5.3      5.7 2021  9 27  2 58  8.360  0.00  43
   109538  40.490129 -124.199658    22.433      364.3     -133.3     1365.9      5.6      5.2      5.4 2021 12 23 14 37 21.580  0.00  43
   109539  40.490137 -124.199292    22.430      395.3     -132.4     1362.3      4.9      4.3      4.7 2022  9 12  3 59 29.200  0.00  43
   109540  40.490141 -124.199284    22.429      396.0     -131.9     1361.9      5.0      4.3      4.7 2022 10  8  6 41 27.060  0.00  43
   109635  40.499882 -124.185319    21.642     1579.8      949.8      575.0     15.3      7.0      9.0 2021  6  4 21 21 58.240  0.00  43
   109636  40.500033 -124.188973    21.839     1270.1      966.5      771.3      6.6      5.8      7.0 2021 12 20 21 17 32.980  0.00  43
   109637  40.499516 -124.190120    21.805     1172.8      909.1      737.6     10.5      5.7      6.3 2022  5 25  8  4 48.420  0.00  43
   110460  40.486308 -124.182324    20.357     1833.9     -557.6     -710.8      5.5      5.4      7.7 2023  3 15  6  1 38.120  0.94  43
   110498  40.491003 -124.206388    20.703     -206.3      -36.1     -364.4      2.7      2.2      2.6 2023  1 15 11 51 19.200  1.50  43
   110504  40.484159 -124.236955    19.102    -2797.8     -796.1    -1965.5      9.7      6.7      7.9 2023  2  5 13 48 53.130  1.08  43
   110642  40.489201 -124.200163    22.452      321.5     -236.3     1384.2      5.3      6.1      5.1 2023  2 27 12 40  1.270  1.39  43
   110662  40.499622 -124.189746    21.842     1204.5      920.9      774.2      7.4      4.7      5.7 2023  5  9 11 38 20.680  1.02  43
