   109139  40.455184 -124.291561    27.488       -6.2       -1.8       -1.9     99.5     68.6     75.1 2021 12 20 23 49  2.700  0.00  54
   109140  40.455750 -124.290120    27.439      116.0       61.0      -50.8    252.7    236.3    159.4 2021 12 20 20 27  8.300  0.00  54
   109141  40.454862 -124.290527    27.413       81.5      -37.5      -77.0    161.5    184.7    171.3 2021 12 20 20 14 54.440  0.00  54
   109143  40.453979 -124.288607    27.331      244.4     -135.6     -159.2    242.1    182.6    208.3 2021 12 21  4 34 24.360  0.00  54
   109146  40.455135 -124.291366    27.486       10.4       -7.2       -3.8     95.1     52.4     93.4 2021 12 23  1 13 24.040  0.00  54
   109148  40.455294 -124.291390    27.476        8.3       10.4      -14.4     99.5    125.1     86.4 2021 12 26 17 36 29.900  0.00  54
   109149  40.455253 -124.291479    27.494        0.7        5.9        3.8    102.2     78.5     80.0 2021 12 27 14 12 20.840  0.00  54
   109151  40.455237 -124.291536    27.493       -4.1        4.1        2.7     94.1     84.3     84.2 2022  1  4  3 37 23.060  0.00  54
   109152  40.455245 -124.291479    27.499        0.7        5.0        9.2    120.3     76.9     80.6 2022  1  5 20 20 38.220  0.00  54
   109153  40.455200 -124.291707    27.488      -18.6        0.0       -1.8    114.4    100.0     81.3 2022  1  5 15 37  2.560  0.00  54
   109154  40.455200 -124.291406    27.462        6.9        0.0      -28.0    132.1    129.3    109.7 2022  1  6  4 31 33.680  0.00  54
   109155  40.455737 -124.294328    27.539     -240.9       59.6       48.5    296.1    177.9    169.8 2022  1 12 15  0 18.900  0.00  54
   109158  40.455229 -124.291805    27.499      -26.9        3.2        9.5    105.2    100.7     93.7 2022  1 27 16 44 23.740  0.00  54
   109160  40.454736 -124.293376    27.480     -160.2      -51.5      -10.3    234.7    227.9    153.4 2022  2  4 23 36 57.940  0.00  54
   109163  40.455249 -124.292480    27.523      -84.2        5.4       32.8    159.3    151.3    132.3 2022  2 28 23  1 31.800  0.00  54
   109165  40.454985 -124.291618    27.480      -11.0      -23.9       -9.7    100.5    104.0     80.7 2022  3 25  7 29 24.500  0.00  54
   109166  40.455164 -124.291667    27.486      -15.2       -4.1       -3.5    109.2     79.2     79.6 2022  4  3 17 21 51.500  0.00  54
   109168  40.455233 -124.291471    27.493        1.4        3.6        3.3     91.3     71.8     78.5 2022  4 16  9 26 42.300  0.00  54
   109169  40.455196 -124.291707    27.486      -18.6       -0.5       -3.9    143.7     80.8     81.7 2022  6 15  2 52 15.320  0.00  54
   109170  40.455286 -124.291504    27.498       -1.4        9.5        7.5     96.6     80.3     77.5 2022  8 16 10 40 30.580  0.00  54
   110610  40.455216 -124.291447    27.494        3.5        1.8        4.2     88.6     66.8     77.7 2023  3 18 18 52 34.560  2.06  54
