   106728  40.457495 -124.270394    25.320       77.3       72.3      360.2     21.1     14.0     19.7 2020  3 18 22 39 56.960  0.00  17
   106731  40.458256 -124.271973    25.126      -56.6      156.8      166.7     42.6     34.5     40.3 2020  4 28 22 46 41.280  0.00  17
   106736  40.455005 -124.277425    25.261     -519.1     -204.2      301.2     57.5     44.3     37.9 2020  9 13 12 45 25.840  0.00  17
   106739  40.460722 -124.270532    25.588       65.6      430.6      628.3     43.3     46.0     45.2 2021  3 17  1 49 22.520  0.00  17
   106742  40.456995 -124.269206    25.369      178.1       16.7      409.2     24.2     24.9     39.2 2021  6  9 13 49 49.100  0.00  17
   106743  40.456694 -124.261922    25.285      795.9      -16.7      325.0     54.1     24.4     29.4 2021  6 10 16 57 49.660  0.00  17
   106745  40.456209 -124.250203    25.872     1789.9      -70.5      912.6    197.4     25.0     48.4 2021  7 18 16 42 41.440  0.00  17
   106753  40.458903 -124.271029    25.450       23.5      228.6      490.8     25.1     26.6     17.2 2021 12 20 20 16 29.340  0.00  17
   106754  40.456653 -124.274268    25.437     -251.3      -21.2      477.2     28.3     30.2     18.2 2021 12 21  2 26  2.820  0.00  17
   106755  40.456909 -124.272144    25.258      -71.1        7.2      298.0     50.0     26.8     33.1 2021 12 21  3 30 46.600  0.00  17
   106756  40.461088 -124.263135    25.922      693.0      471.3      962.0     63.0     41.8     41.3 2021 12 21 19  5 18.040  0.00  17
   106757  40.457813 -124.259676    25.422      986.4      107.5      462.9     52.1     47.2     43.8 2021 12 21  1 43 20.320  0.00  17
   106758  40.455143 -124.272396    25.042      -92.5     -188.9       82.5     71.4     48.3     58.7 2021 12 21 21 41 57.480  0.00  17
   106760  40.457853 -124.268831    25.410      209.8      112.1      450.3     27.8     18.8     28.9 2021 12 21 23 39 48.460  0.00  17
   106761  40.457133 -124.276261    25.054     -420.4       32.1       94.6     57.6     17.1     37.8 2021 12 21  6 12 22.560  0.00  17
   106762  40.457166 -124.275114    25.076     -323.1       35.7      116.3     73.1     26.0     41.9 2021 12 21 13 12 47.980  0.00  17
   106765  40.461060 -124.272225    25.825      -78.0      468.1      865.7     23.5     38.9     35.7 2021 12 21  4 45 19.380  0.00  17
   106768  40.457992 -124.267603    25.527      314.1      127.4      567.4     27.9     16.6     39.9 2021 12 21  1 42  0.360  0.00  17
   106770  40.456083 -124.273112    25.303     -153.2      -84.5      343.8     29.6     26.9     25.3 2021 12 21 20  6 12.260  0.00  17
   106771  40.456620 -124.278833    25.449     -638.5      -24.9      489.4     46.0     34.9     24.6 2021 12 21  9 13 30.740  0.00  17
   106772  40.457560 -124.286076    25.028    -1252.9       79.5       68.0     83.6     50.3     71.5 2021 12 21  7  6 27.260  0.00  17
   106774  40.460571 -124.263444    25.764      666.8      413.9      803.9     50.5     50.6     30.5 2021 12 21  8  1 41.180  0.00  17
   106775  40.459139 -124.270361    25.335       80.1      254.8      375.4     26.9     28.4     19.1 2021 12 22 11 57 26.320  0.00  17
   106776  40.456323 -124.274154    25.422     -241.6      -57.8      462.1     30.1     34.6     21.2 2021 12 22 20 17 58.960  0.00  17
   106778  40.457971 -124.265129    25.751      523.9      125.2      791.4     41.0     41.2     52.5 2021 12 23  3 20 39.960  0.00  17
   106780  40.457865 -124.270264    25.288       88.4      113.4      328.4     23.6     20.6     21.0 2021 12 26 10  1 21.900  0.00  17
   106781  40.458020 -124.269604    25.273      144.3      130.6      313.5     23.9     26.6     18.8 2021 12 26 23 20 59.320  0.00  17
   106783  40.458240 -124.270020    25.347      109.1      155.0      387.7     27.3     27.4     20.6 2021 12 27  1  9 16.580  0.00  17
   106787  40.454496 -124.277490    25.677     -524.6     -260.7      717.0     49.5     54.2     24.1 2022  1  2 22  0  9.380  0.00  17
   106789  40.457487 -124.272257    25.270      -80.8       71.4      310.3     26.4     23.4     17.8 2022  1  2  4 53 31.180  0.00  17
   106790  40.461056 -124.264803    25.876      551.5      467.7      916.8     48.9     44.5     33.3 2022  1  2  8 17  5.880  0.00  17
   106793  40.456441 -124.274577    26.000     -277.5      -44.7     1040.4     47.7     54.6     53.2 2022  1 13 13 37 23.880  0.00  17
   106795  40.456445 -124.271973    25.034      -56.6      -44.3       73.9     63.8     29.5     28.0 2022  1 15 16 20  8.480  0.00  17
   106796  40.458028 -124.264453    25.265      581.2      131.5      305.9     42.9     26.5     20.0 2022  1 18  1  5 22.860  0.00  17
   106798  40.457593 -124.270662    25.251       54.5       83.1      291.7     25.8     25.7     17.7 2022  1 29 10 59 48.560  0.00  17
   106799  40.453682 -124.271493    24.922      -15.9     -351.1      -37.2     38.7     53.3     37.9 2022  1 30 22 25  8.500  0.00  17
   106801  40.454476 -124.273063    25.092     -149.1     -263.0      132.8     47.0     37.1     26.6 2022  2 25  4  3 34.000  0.00  17
   106803  40.457239 -124.271582    25.244      -23.5       43.8      284.3     24.8     25.3     18.5 2022  4 12  0 54 20.500  0.00  17
   106804  40.457397 -124.271476    25.286      -14.5       61.4      326.3     25.9     23.7     17.8 2022  4 15  9 43 42.080  0.00  17
   106807  40.461943 -124.271639    25.970      -28.3      566.2     1010.8     52.5     29.3     28.6 2022  8 27  0 17 55.680  0.00  17
   106808  40.457389 -124.273918    25.302     -221.6       60.5      342.7     42.4     17.6     19.2 2022  9 12 11 16 51.400  0.00  17
   106809  40.451872 -124.275789    24.777     -380.4     -552.1     -182.3     51.3     46.5     26.1 2022 11  3 19 20 57.480  0.00  17
   106810  40.458093 -124.272144    25.344      -71.1      138.7      384.2     35.5     19.9     17.9 2022 11 17 18 30  3.780  0.00  17
   110130  40.457869 -124.272225    25.370      -78.0      113.9      410.5     37.9     33.3     37.5 2021 12 20 21 19 35.360  0.00  17
   110131  40.451713 -124.271086    24.573       18.6     -569.8     -386.3     77.6     43.7     59.3 2021 12 20 23 14 29.400  0.00  17
   110133  40.458073 -124.273381    25.434     -176.0      136.5      474.0     34.3     32.1     37.5 2021 12 23 18 20 46.720  0.00  17
   110134  40.457922 -124.275920    25.527     -391.4      119.7      567.3     33.8     33.0     35.9 2022  3  4 15 40 56.400  0.00  17
   110169  40.450338 -124.287524    21.965    -1375.8     -722.5    -2994.2     53.7     31.9     37.7 2021 12 21 17 40 43.880  0.00  17
   110170  40.449951 -124.281755    21.913     -886.4     -765.4    -3046.8     56.1     22.6     33.3 2021 12 21 17 46 54.000  0.00  17
   110171  40.448792 -124.280957    21.895     -818.7     -894.2    -3064.8    154.2     52.6     58.9 2021 12 21  0 56 54.660  0.00  17
   110172  40.447534 -124.291252    22.009    -1692.0    -1033.8    -2950.7    116.6     34.4     39.0 2021 12 21  9 29 42.380  0.00  17
   110173  40.450810 -124.290405    21.889    -1620.2     -670.1    -3071.0     51.4     38.2     37.0 2021 12 31  7 54 22.740  0.00  17
   110414  40.457711 -124.270304    25.287       84.9       96.2      327.6     15.3     14.0     19.6 2023  4 18  6 30 20.240  1.21  17
   110732  40.458484 -124.270907    25.464       33.8      182.1      504.3     33.2     30.2     35.3 2023  4 20  6 34 58.960  0.73  17
   110744  40.451860 -124.287337    21.871    -1359.9     -553.5    -3089.0     49.7     29.0     35.1 2022 12  6 14 13  7.240  1.22  17
