   103299  40.304024 -124.440755    16.240     -316.2      978.7     4935.3    740.9   1956.6    896.6 2020  1 11  8  9 53.220  0.00   3
   103302  40.318152 -124.438452    16.117     -120.4     2547.4     4812.5    906.2   1828.1   1071.8 2020  6 20  1 12  2.720  0.00   3
   103304  40.265906 -124.444645    15.463     -647.1    -3254.0     4158.4    827.5   2214.8   1412.1 2021  9  3 16 25 22.980  0.00   3
   103305  40.308223 -124.439404    16.348     -201.3     1444.9     5043.6    745.8   2186.6   1166.0 2021 10 26 20 14 25.640  0.00   3
   103306  40.305802 -124.438078    16.264      -88.6     1176.1     4959.7    710.3   1455.0   1005.9 2021 11 29  3 55 54.720  0.00   3
   103308  40.286019 -124.442944    15.921     -502.4    -1020.7     4617.0    767.8   1306.3   1391.3 2022  1 17  0 41 16.960  0.00   3
   103309  40.300305 -124.441040    15.925     -340.4      565.7     4620.6    794.5   1457.1    961.8 2022  4 21 18 50  2.480  0.00   3
   103310  40.298637 -124.442586    15.813     -471.9      380.4     4508.4    858.7   2071.0   1145.5 2022  6 13 23 51 29.320  0.00   3
   104529  40.266223 -124.448714    15.355     -993.1    -3218.8     4050.3    772.3   1507.1   1115.4 2020  3 14  9  6 38.520  0.00   3
   104530  40.263029 -124.449463    15.250    -1056.8    -3573.5     3946.3    831.4   1286.7   1100.8 2020  7  5  7 46  8.620  0.00   3
   104531  40.283049 -124.446631    15.744     -815.9    -1350.5     4440.2    652.0   1273.5    766.3 2021  6 10 16  5 44.680  0.00   3
   104533  40.267163 -124.447567    15.361     -895.5    -3114.4     4056.9    773.6   1176.2   1138.0 2022  4 17 20 31 47.720  0.00   3
   104534  40.270882 -124.447184    15.728     -863.0    -2701.5     4423.3    750.9   1253.2   1117.4 2022  5 15  1 35 15.920  0.00   3
   104535  40.284859 -124.446533    15.857     -807.6    -1149.4     4553.0    591.1   1508.6    865.2 2022  9 24 21 28 45.640  0.00   3
   104693  40.288932 -124.469621     7.477    -2770.6     -697.2    -3827.7    486.8   1301.4    998.0 2020  1 24  1 39  2.400  0.00   3
   104694  40.285653 -124.468660     7.813    -2689.1    -1061.3    -3491.4    489.5   1250.8    977.2 2020  2 21  1 12  7.100  0.00   3
   104696  40.277336 -124.469092     7.968    -2725.9    -1984.9    -3336.6    706.8   1495.3   1249.3 2021  1  1 15 20 43.060  0.00   3
   104698  40.286332 -124.470215     7.896    -2821.2     -985.9    -3408.3    516.3   1304.0    755.9 2021  5 16  2 25 38.800  0.00   3
   104703  40.290063 -124.469149     7.925    -2730.5     -571.6    -3379.1    662.2   1369.9   1058.4 2021  9 20 16 48 26.020  0.00   3
   104712  40.285376 -124.468172     7.826    -2647.5    -1092.1    -3478.4    579.6   1082.4    703.0 2022  8  6  8 20 30.200  0.00   3
   104713  40.285506 -124.467944     8.068    -2628.2    -1077.6    -3236.0    554.7   1479.5    751.2 2022  8  7  0 51 52.880  0.00   3
   104715  40.288916 -124.468465     7.982    -2672.4     -699.0    -3322.5    447.4   1196.9   1187.8 2022  9 22  7  9 12.140  0.00   3
   104895  40.291581 -124.434294    10.802      233.2     -403.0     -502.5    668.5   1042.1    924.0 2021  1  2 20 59 55.420  0.00   3
   104900  40.293319 -124.436361    10.316       57.4     -210.1     -988.0    554.1    984.4    814.8 2022  6 30 13 34 13.920  0.00   3
   105395  40.287695 -124.475456     9.951    -3266.8     -834.5    -1353.6    446.4   1063.7    732.9 2020  2 27  1 53 26.280  0.00   3
   105396  40.289010 -124.475391     9.937    -3261.2     -688.6    -1367.3    425.6   1161.5    692.8 2020  2 27  1  4 58.680  0.00   3
   105401  40.289172 -124.476432     9.902    -3349.8     -670.5    -1402.5    651.0   1129.9    692.4 2021  5 27 20 55 42.820  0.00   3
   105402  40.285746 -124.476506     9.754    -3356.1    -1050.9    -1549.9    523.2    884.4    590.6 2021 11  2 18 31 25.320  0.00   3
   105405  40.290511 -124.476294     9.995    -3338.0     -521.9    -1309.1    543.6   1262.8    768.6 2022  2  5 14  9 41.840  0.00   3
   105567  40.298238 -124.409432     9.113     2347.0      336.2    -2191.0    390.7    686.4    517.0 2020  2  6 20  4 39.780  0.00   3
   105568  40.298210 -124.409408     9.121     2349.1      333.0    -2183.1    356.9    643.2    458.1 2020  2  6 12 55 50.160  0.00   3
   105573  40.298226 -124.409432     9.115     2347.0      334.8    -2189.6    372.2    665.9    450.8 2020  2  6  9 49 16.800  0.00   3
   105578  40.298254 -124.409367     9.088     2352.5      338.0    -2216.7    359.8    651.5    503.3 2020  2  6  8 23 41.280  0.00   3
   105580  40.298104 -124.409408     9.091     2349.1      321.2    -2212.8    368.4    701.3    472.8 2020  2  6  8 22 33.120  0.00   3
   105582  40.298348 -124.409424     9.123     2347.7      348.4    -2181.1    424.5    696.2    589.4 2020  2  6  9 57 11.480  0.00   3
   105583  40.298120 -124.409473     9.115     2343.5      323.1    -2189.2    379.6    713.1    467.5 2020  2  6  8 34 54.000  0.00   3
   105586  40.298405 -124.409440     9.123     2346.3      354.7    -2180.9    352.9    558.7    552.2 2020  2  6 12  3  0.260  0.00   3
   105587  40.297449 -124.409530     9.093     2338.7      248.5    -2211.6    353.7    657.6    472.9 2020  2  6  9 41 35.420  0.00   3
   105589  40.298258 -124.409432     9.110     2347.0      338.4    -2194.1    392.8    703.9    538.9 2020  2  6  8 20 25.240  0.00   3
   105590  40.298287 -124.409416     9.122     2348.4      341.6    -2182.3    436.1    728.1    583.7 2020  2  6 10  7 53.040  0.00   3
   105591  40.299121 -124.409766     9.109     2318.6      434.2    -2195.1    521.1    907.8    651.6 2020  2  6 15 55 41.420  0.00   3
   105592  40.297864 -124.409554     9.110     2336.6      294.6    -2194.0    382.2    773.1    535.7 2020  2  6  9 51 27.520  0.00   3
   105594  40.295935 -124.411678     8.946     2156.1       80.4    -2358.6    545.0    708.7    764.0 2020  2  6  9 27 33.820  0.00   3
   105597  40.298010 -124.409521     9.108     2339.4      310.9    -2195.8    398.8    665.3    466.9 2020  2  6  8 53 42.040  0.00   3
   105604  40.298250 -124.409448     9.110     2345.6      337.5    -2193.9    400.8    617.7    517.5 2020  2  7  7 15 45.340  0.00   3
   105609  40.297982 -124.409521     9.111     2339.4      307.7    -2193.3    389.9    576.6    538.4 2020  4 19 12 52 19.420  0.00   3
   105610  40.299060 -124.409766     9.108     2318.6      427.4    -2196.4    513.0    873.3    642.2 2020  4 30  7 39 39.040  0.00   3
   105616  40.298108 -124.409416     9.115     2348.4      321.7    -2189.1    421.6    694.4    559.5 2020  8  4  3 15 29.880  0.00   3
   105617  40.298149 -124.409408     9.115     2349.1      326.2    -2189.7    494.2    907.9    639.6 2020  8  4  3 11 39.640  0.00   3
   105625  40.298303 -124.409440     9.116     2346.3      343.4    -2188.3    367.7    758.7    486.9 2020 10  5 20  6 31.680  0.00   3
   105626  40.298079 -124.409408     9.112     2349.1      318.5    -2192.6    321.5    611.3    443.7 2020 10 17 13 13 57.540  0.00   3
   105632  40.294779 -124.410897     8.943     2222.5      -47.9    -2361.5    396.6    796.1    770.3 2020 11  6  0 35 33.340  0.00   3
   105636  40.298246 -124.409465     9.095     2344.2      337.1    -2209.4    410.0    655.4    636.2 2020 11 22 18 48 25.880  0.00   3
   105639  40.298446 -124.409424     9.115     2347.7      359.2    -2188.8    363.4    730.4    421.8 2021  1  8  0  5 36.980  0.00   3
   105643  40.297774 -124.409473     9.113     2343.5      284.6    -2191.2    328.0    575.4    443.8 2021  1 14 18  3 40.280  0.00   3
   105647  40.297917 -124.409481     9.116     2342.8      300.5    -2187.8    377.2    637.5    524.9 2021  4  5  1 28  0.080  0.00   3
   105651  40.297876 -124.409546     9.082     2337.3      295.9    -2222.6    326.8    706.8    568.2 2021  4 25 19 33 56.380  0.00   3
   105652  40.298381 -124.409416     9.103     2348.4      352.0    -2201.1    391.2    892.9    567.9 2021  4 25 21 29  3.360  0.00   3
   105653  40.298047 -124.409456     9.091     2344.9      314.9    -2212.9    487.7    977.1    698.1 2021  4 25 19 57 12.780  0.00   3
   105655  40.298319 -124.409465     9.094     2344.2      345.2    -2210.0    433.4    838.7    626.7 2021  6 18  6 16 35.580  0.00   3
   105657  40.298246 -124.409562     9.096     2335.9      337.1    -2208.5    512.4   1016.7    688.9 2021  8 11  0 30 31.640  0.00   3
   105659  40.298291 -124.409408     9.121     2349.1      342.0    -2183.6    383.8    645.5    531.2 2021  8 18  4 22 52.080  0.00   3
   105660  40.297892 -124.409513     9.093     2340.1      297.8    -2211.2    289.9    645.7    530.7 2021  8 29 18  9 38.000  0.00   3
   105663  40.298950 -124.409806     9.084     2315.2      415.2    -2220.6    509.0   1018.4    678.9 2021  9 23 10 13 37.280  0.00   3
   105664  40.298201 -124.409448     9.111     2345.6      332.1    -2193.0    360.9    688.9    507.0 2021 10  8 15 58 36.020  0.00   3
   105669  40.298291 -124.409505     9.088     2340.8      342.0    -2215.8    331.0    620.1    570.7 2022  1  7 21 32 16.160  0.00   3
   105670  40.298043 -124.409465     9.116     2344.2      314.5    -2188.7    365.0    686.4    515.3 2022  1 29 22 57 58.940  0.00   3
   105671  40.297005 -124.409521     9.115     2339.4      199.3    -2189.3    311.0    807.1    454.7 2022  1 29 22 56 14.480  0.00   3
   105672  40.296309 -124.409668     9.098     2327.0      122.0    -2206.4    429.0    983.6    547.5 2022  2 19 21 35 38.840  0.00   3
   105673  40.297807 -124.409432     9.116     2347.0      288.3    -2188.3    431.2    755.3    560.6 2022  2 19 23 16 35.580  0.00   3
   105679  40.298128 -124.409424     9.106     2347.7      324.0    -2198.1    437.6    756.2    574.7 2022  4 25 10 16 52.960  0.00   3
   105680  40.298287 -124.409416     9.116     2348.4      341.6    -2187.9    384.3    784.8    509.6 2022  4 25  7 10 34.500  0.00   3
   105681  40.298250 -124.409432     9.097     2347.0      337.5    -2207.1    326.3    620.9    500.5 2022  4 25  7 16 11.420  0.00   3
   105684  40.297819 -124.409497     9.095     2341.5      289.6    -2209.5    283.7    552.7    480.2 2022  8 10 20 46 20.420  0.00   3
   105685  40.297852 -124.409497     9.105     2341.5      293.2    -2199.2    317.0    616.7    465.1 2022  9  2 17 54  0.080  0.00   3
   105686  40.297506 -124.409660     9.092     2327.6      254.8    -2211.8    384.7    669.4    590.5 2022  9 11  2 28 21.580  0.00   3
   105687  40.297758 -124.409521     9.108     2339.4      282.8    -2196.0    352.1    524.6    532.1 2022  9 11 12 26 35.060  0.00   3
   105688  40.298271 -124.409383     9.121     2351.1      339.8    -2183.2    369.9    638.0    496.5 2022  9 11  3 24  6.220  0.00   3
   105690  40.298263 -124.409424     9.113     2347.7      338.9    -2191.1    383.3    771.7    578.7 2022  9 24 15 21 42.660  0.00   3
   105691  40.297921 -124.409432     9.114     2347.0      300.9    -2190.5    349.9    569.3    425.8 2022  9 24 15 21 16.720  0.00   3
   105692  40.298238 -124.409448     9.118     2345.6      336.2    -2186.5    484.7    949.4    648.4 2022  9 24 21 44  3.460  0.00   3
   105694  40.297705 -124.409497     9.100     2341.5      277.0    -2204.0    284.3    745.0    498.2 2022 11  8 22 47 56.820  0.00   3
   105696  40.297782 -124.409465     9.105     2344.2      285.6    -2199.7    328.5    776.9    629.4 2022 11  8 17 35  8.240  0.00   3
   105697  40.298128 -124.409448     9.121     2345.6      324.0    -2183.0    379.1    684.8    517.8 2022 11  8 18 59 51.840  0.00   3
   105699  40.297949 -124.409448     9.114     2345.6      304.1    -2190.5    398.6    702.7    511.5 2022 11  9 12 22 28.280  0.00   3
   105700  40.297811 -124.409448     9.116     2345.6      288.7    -2188.0    372.0    710.0    517.7 2022 11 11  1 39  8.080  0.00   3
   105703  40.298340 -124.409408     9.121     2349.1      347.5    -2183.1    539.8    926.3    684.3 2022 11 19  3  3  9.960  0.00   3
   105704  40.298136 -124.409416     9.104     2348.4      324.9    -2200.4    386.1    841.4    588.3 2022 11 26 18 35 17.380  0.00   3
   105968  40.290169 -124.481584     8.721    -3787.8     -559.8    -2582.8    437.3   1103.1    895.9 2020  7 20 10 55 41.360  0.00   3
   105969  40.290413 -124.481502     8.700    -3780.9     -532.7    -2603.9    413.2    829.9   1020.3 2020  7 21  9 15 14.060  0.00   3
   105970  40.290381 -124.481600     8.694    -3789.2     -536.3    -2610.5    449.0    732.6   1064.7 2020  7 21 21 15 11.400  0.00   3
   105971  40.290670 -124.481445     8.662    -3776.0     -504.2    -2642.1    405.4   1276.5    914.7 2020  7 21 17 28  7.260  0.00   3
   105972  40.290784 -124.481836     8.583    -3809.2     -491.6    -2721.2    390.9    675.4    823.9 2020  7 23  2 34 15.900  0.00   3
   105974  40.290946 -124.481405     8.725    -3772.6     -473.5    -2579.5    436.9   1156.1   1070.5 2020  9 13  2 27 30.260  0.00   3
   105980  40.291333 -124.481307     8.685    -3764.2     -430.6    -2618.9    401.8   1390.8    940.7 2021  4 30 22 52 27.680  0.00   3
   105981  40.287024 -124.484554     7.715    -4040.5     -909.1    -3589.1    643.1    929.5   1169.7 2021  5 18 18 56 59.020  0.00   3
   105983  40.292696 -124.481429     8.705    -3774.6     -279.2    -2599.0    465.3   1457.2   1032.7 2021  7 16 12 23  3.900  0.00   3
   105985  40.293380 -124.481730     8.704    -3800.2     -203.3    -2600.3    472.7    933.1    954.6 2022  2 19 13 54 44.280  0.00   3
   105992  40.290719 -124.481462     8.753    -3777.4     -498.8    -2551.2    459.3   1332.2   1010.7 2022  4 15  0 12 22.780  0.00   3
   105994  40.290816 -124.481657     8.666    -3794.0     -488.0    -2638.2    592.9    829.4   1084.4 2022  6 13  7  3 31.880  0.00   3
   106894  40.291060 -124.451042    12.860    -1190.9     -460.9     1555.6    618.8   1446.5    804.1 2020  3  9 15 21  5.000  0.00   3
   106901  40.284786 -124.449080    12.958    -1024.1    -1157.6     1653.7    587.4   1293.9    785.3 2021  6  6  1 39 40.840  0.00   3
   106903  40.284631 -124.449080    12.953    -1024.1    -1174.7     1649.0    587.7   1299.0    780.5 2022  1 24  1 49 57.800  0.00   3
   106905  40.290816 -124.450179    13.072    -1117.5     -488.0     1768.0    480.6   1484.2    736.7 2022  9  3 12  2 18.720  0.00   3
   106906  40.289701 -124.449626    12.981    -1070.5     -611.8     1676.9    550.0   1185.1    797.3 2022 11 15 19 56 24.360  0.00   3
   107733  40.302360 -124.441195    13.939     -353.6      793.9     2634.4    569.3    653.3    791.0 2020  7 29 15 46 20.300  0.00   3
   107735  40.302474 -124.440861    14.000     -325.2      806.5     2695.3    513.1    558.1    725.5 2020  9  4  2 42 39.160  0.00   3
   107737  40.302897 -124.441146    13.982     -349.4      853.5     2678.1    544.8    797.4    793.7 2020  9 16  7 22  8.180  0.00   3
   107742  40.301961 -124.441032    13.928     -339.7      749.6     2624.1    505.2    632.4    862.0 2021  1 21 15  1 43.620  0.00   3
   107743  40.302511 -124.441064    13.997     -342.5      810.6     2692.6    535.3    709.8    834.6 2021  2 10  9 13 35.100  0.00   3
   107745  40.302140 -124.441032    13.977     -339.7      769.5     2673.1    551.9    535.3    777.7 2021  5  2 16 32  4.860  0.00   3
   107747  40.302055 -124.440918    13.957     -330.0      760.0     2652.5    510.3    669.6    729.5 2021  6 19  9  7 31.460  0.00   3
   107749  40.302319 -124.440885    13.943     -327.3      789.3     2639.2    508.1    587.6    759.5 2021  8  4 16 55 19.760  0.00   3
   107750  40.302726 -124.441113    14.005     -346.6      834.5     2700.5    538.2    746.0    798.4 2021  8  5 13 56 27.560  0.00   3
   107751  40.302214 -124.441138    13.951     -348.7      777.6     2646.7    552.7    831.6    843.3 2021 10  4 13 30 54.640  0.00   3
   107754  40.301021 -124.440951    13.915     -332.8      645.2     2610.3    532.3   1011.9    848.5 2021 11 29 17 37 32.460  0.00   3
   107755  40.302547 -124.440942    13.944     -332.1      814.6     2639.5    509.5    573.5    766.4 2021 12 26  7 17 50.120  0.00   3
   107756  40.302665 -124.441219    14.025     -355.6      827.7     2721.2    544.2    627.9    774.4 2021 12 28 17 48 55.620  0.00   3
   107758  40.300570 -124.441170    13.932     -351.5      595.1     2627.4    585.0   1091.4    783.3 2022  1 22  0  4 57.400  0.00   3
   107760  40.302409 -124.440316    14.102     -278.8      799.3     2798.2    598.5    993.6    810.4 2022  2  4 23 36 48.780  0.00   3
   107761  40.302441 -124.441195    13.938     -353.6      802.9     2633.8    527.8    798.4    758.9 2022  2 10 11 52 51.360  0.00   3
   107764  40.302075 -124.440894    13.985     -328.0      762.2     2680.4    599.9    930.7    810.2 2022  3 20 23 32 39.400  0.00   3
   107766  40.301603 -124.441243    13.930     -357.7      709.8     2625.8    572.4    838.8    794.9 2022  3 28  2 57 46.540  0.00   3
   107767  40.302824 -124.440999    13.941     -337.0      845.4     2637.0    544.7    661.3    803.7 2022  4  2 10 43 37.000  0.00   3
   107769  40.300484 -124.441081    13.922     -343.9      585.6     2617.7    524.5   1013.1    831.3 2022  4 28 17 13  7.820  0.00   3
   107770  40.301807 -124.440812    14.013     -321.0      732.4     2708.5    575.2    732.5    766.6 2022  5 13  1 16 48.300  0.00   3
   107772  40.302686 -124.441032    14.077     -339.7      830.0     2772.7    592.4    606.7    774.9 2022  5 21 13 41 32.340  0.00   3
   107773  40.303023 -124.441146    13.965     -349.4      867.5     2660.6    534.6    844.5    837.9 2022  5 22 19 28 25.500  0.00   3
   107774  40.302584 -124.440780    14.087     -318.3      818.7     2783.1    553.2    529.8    732.1 2022  6 11 12 56  1.180  0.00   3
   107778  40.301957 -124.440698    14.063     -311.4      749.1     2758.4    567.7    665.1    742.1 2022  7  7 10 44 49.700  0.00   3
   107780  40.302132 -124.441146    13.926     -349.4      768.6     2621.8    540.3    658.3    814.1 2022  7 10 20 40 42.680  0.00   3
   107781  40.303031 -124.440470    14.025     -292.0      868.4     2720.5    519.4    737.5    719.4 2022  7 17 22  5 39.680  0.00   3
   107782  40.302307 -124.440885    13.998     -327.3      788.0     2694.2    515.5    659.5    772.7 2022  7 26 21 59  5.840  0.00   3
   107785  40.302751 -124.441211    13.918     -354.9      837.2     2613.4    517.0    726.1    807.2 2022  8  7  7 26 12.620  0.00   3
   107786  40.302100 -124.440658    13.938     -307.9      764.9     2634.3    533.3    633.7    723.4 2022  8  9  3 28 29.720  0.00   3
   107788  40.299105 -124.439274    14.203     -190.3      432.4     2898.9    588.9    841.6    823.8 2022  8 14 16 35 40.980  0.00   3
   107792  40.305261 -124.441219    13.927     -355.6     1116.0     2623.0    576.5   1396.0    886.8 2022  8 30 14  2  1.080  0.00   3
   107793  40.302026 -124.441081    13.920     -343.9      756.8     2616.2    490.2    616.7    819.9 2022  9  6 17 29 43.260  0.00   3
   107795  40.302710 -124.441121    14.024     -347.3      832.7     2720.1    573.5    758.2    778.4 2022 10  6  1 28  7.480  0.00   3
   107796  40.302616 -124.441024    14.020     -339.0      822.3     2715.9    535.7    673.4    751.6 2022 10 21 12 57 48.880  0.00   3
   107797  40.302795 -124.441064    13.955     -342.5      842.2     2650.7    548.2    622.9    767.2 2022 10 30  5  0 39.040  0.00   3
   107798  40.293807 -124.438770    14.317     -147.4     -155.9     3012.6    629.4   1509.4   1049.8 2022 11  2 11  0 10.360  0.00   3
   107799  40.301969 -124.440470    14.008     -292.0      750.5     2703.3    504.8    732.5    759.6 2022 11  5 13 55 55.220  0.00   3
   107804  40.302417 -124.440967    13.928     -334.2      800.2     2623.9    516.1    674.4    766.2 2022 11 29  6 33  6.480  0.00   3
   108087  40.308927 -124.448690     8.896     -990.8     1523.1    -2407.9    501.9    993.6    862.5 2020 11  2 19 25 14.760  0.00   3
   108098  40.307011 -124.449650     9.044    -1072.4     1310.3    -2260.4    456.0   1048.6    718.8 2022  7 31  9  3 31.640  0.00   3
   108101  40.306885 -124.449829     8.940    -1087.6     1296.3    -2363.9    546.5   1147.5    789.9 2022  9 21 11  5 36.240  0.00   3
   108715  40.303353 -124.444596    11.719     -642.8      904.1      414.9    783.3   1040.9    979.8 2020  6  7 18 13 58.060  0.00   3
   108716  40.300460 -124.445988    11.826     -761.1      582.9      521.8    798.3    831.8    935.4 2020  8 14 12 38 33.660  0.00   3
   108717  40.299288 -124.443416    12.224     -542.5      452.7      919.3    813.5   1142.1    991.8 2021  5 18 12  5 50.720  0.00   3
   108718  40.302771 -124.446224    11.644     -781.2      839.5      340.2    693.1    980.6    800.8 2021  7 18 19 18 32.920  0.00   3
   108719  40.284985 -124.441870    11.731     -411.0    -1135.4      427.0    924.2   1786.4   1273.0 2022  2  3  9 12 34.820  0.00   3
   108720  40.298950 -124.446452    11.602     -800.5      415.2      297.4    741.2   1289.8    959.7 2022 11 14  0 20 45.400  0.00   3
   108721  40.303715 -124.444255    11.904     -613.7      944.3      599.3    833.4    979.3    949.6 2022 11 15  3 39 49.740  0.00   3
   108722  40.317489 -124.443701    11.697     -566.6     2473.7      392.5    895.5   1904.6    966.3 2022 11 15  3 35 34.140  0.00   3
   108734  40.304472 -124.432235     8.792      408.2     1028.4    -2511.8    591.9   1087.2    936.0 2020  6 14  9 19 55.660  0.00   3
   108737  40.304598 -124.430583     8.950      548.7     1042.4    -2353.8    554.9    905.0    813.4 2021  7  3  4  9  4.600  0.00   3
   108740  40.310164 -124.430282     8.945      574.2     1660.5    -2358.8    550.7   1086.2    767.2 2021  8 20 23 51  4.580  0.00   3
   108741  40.309509 -124.430241     8.954      577.7     1587.7    -2350.0    572.9   1094.7    768.4 2021  8 20 17 34 19.920  0.00   3
   108742  40.304626 -124.430591     8.950      548.0     1045.5    -2354.6    552.6    942.9    794.0 2021  8 20 21 38  4.660  0.00   3
   108745  40.309302 -124.430249     8.941      577.0     1564.7    -2363.6    599.8    984.0    846.8 2021  8 22 13  1 31.960  0.00   3
   108746  40.315483 -124.433936     8.180      263.6     2251.0    -3124.6    902.4   1173.4   1681.8 2021  9 20 22 54 47.060  0.00   3
   108747  40.309965 -124.430729     8.866      536.2     1638.3    -2438.4    522.0   1062.9    948.1 2021 11 29 10 57 42.520  0.00   3
   108748  40.304545 -124.430583     8.950      548.7     1036.5    -2354.2    556.6    905.9    816.2 2021 11 29 19 42  7.460  0.00   3
   108906  40.278601 -124.492000     9.223    -4673.9    -1844.3    -2080.9    578.4   1788.6    913.1 2020 11 25  7 46 37.480  0.00   3
   108908  40.282361 -124.491756     9.260    -4653.0    -1426.9    -2043.9    592.7   1462.3    910.0 2022  9  2 10 39  0.760  0.00   3
   108911  40.285974 -124.492065     9.158    -4679.2    -1025.6    -2146.1    495.1   1751.5    863.7 2022  9  3  0 18  5.460  0.00   3
   109091  40.280676 -124.403621    14.129     2841.4    -1613.9     2824.6    624.4   1090.9   1070.9 2021  1  4 22  6 23.820  0.00   3
   109092  40.279854 -124.404842    14.476     2737.6    -1705.2     3171.8    555.2    993.8   1159.2 2021  1 23 22 32 45.160  0.00   3
   109093  40.280534 -124.405013    14.645     2723.1    -1629.7     3341.1    618.0   1089.6   1688.7 2021  5 29 22  7 48.900  0.00   3
   109094  40.280550 -124.404980    14.650     2725.8    -1627.9     3346.1    615.7   1101.5   1715.1 2021 12  5 19 33 15.380  0.00   3
   109634  40.286344 -124.442651    16.475     -477.5     -984.5     5171.3    698.2   1643.4    999.7 2021  8 20 12 43  0.920  0.00   3
   109759  40.276359 -124.473153    16.380    -3071.2    -2093.3     5075.5    711.4   1570.0    982.2 2021  9 15 12 25 18.520  0.00   3
   109760  40.269368 -124.474756    16.129    -3207.7    -2869.5     4825.2    973.5   2088.5   1385.2 2021  9 17 18 39 17.700  0.00   3
   109763  40.266496 -124.473576    16.304    -3107.4    -3188.5     5000.0    776.7   1667.5   1268.7 2021 11  6 13  8 56.220  0.00   3
   109764  40.270162 -124.474129    16.253    -3154.4    -2781.4     4948.8    719.3   1601.3   1056.8 2021 11 19 21 25 30.120  0.00   3
   109765  40.274854 -124.472811    16.515    -3042.2    -2260.5     5211.1    630.1   1987.8    974.7 2022  7 10 23 46 28.140  0.00   3
   109766  40.274825 -124.472827    16.523    -3043.6    -2263.6     5219.3    632.8   1997.6    986.0 2022  8 21  2 28 17.120  0.00   3
   109769  40.270272 -124.474113    16.241    -3153.0    -2769.2     4937.2    721.5   1579.8   1050.0 2022 11  7 22 22 57.180  0.00   3
   110319  40.298649 -124.440731    16.159     -314.1      381.8     4855.2    670.2   1151.0   1008.6 2023  4 23  3 48 36.540  1.34   3
   110343  40.298458 -124.402588    11.081     2928.9      360.6     -222.7    731.0   1070.3    933.3 2023  2 27  0 14 11.430  1.57   3
   110344  40.267582 -124.446761    15.434     -827.0    -3067.9     4129.4    594.9   1112.8   1156.2 2023  3 19  5 41 40.620  0.92   3
   110349  40.285339 -124.468473     8.038    -2673.1    -1096.1    -3266.6    536.0    835.9    560.2 2023  4 14 19 20 25.080  1.57   3
   110353  40.288261 -124.434229    10.699      238.7     -771.7     -605.4    612.4   1021.7    800.3 2023  5  2 13 44  6.040  1.79   3
   110369  40.289392 -124.475391    10.005    -3261.2     -646.1    -1298.8    400.9    742.2    858.6 2023  4  1  7 44 57.710  1.31   3
   110377  40.297359 -124.409521     9.147     2339.4      238.6    -2157.3    299.8    685.4    507.4 2023  5 20 23 47 40.440  1.10   3
   110383  40.290381 -124.481576     8.734    -3787.1     -536.3    -2569.9    417.8    749.1    973.7 2023  3  7 12 11 57.690  1.17   3
   110421  40.290153 -124.449886    12.955    -1092.6     -561.6     1650.4    567.8   1178.6    867.0 2023  2  3 10  4 53.380  1.07   3
   110450  40.298372 -124.438639    14.195     -136.3      351.1     2890.3    616.8    694.0    968.4 2022 12  9  5  6 23.270  2.34   3
   110478  40.304443 -124.449430     9.051    -1053.7     1025.2    -2252.8    483.8   1087.3    843.5 2023  4 16 19 40  2.760  1.19   3
   110545  40.300122 -124.442969    12.212     -504.4      545.4      907.4    803.2   1337.3   1070.5 2023  1 26 19 34 22.320  1.51   3
   110548  40.306034 -124.431160     8.608      499.5     1201.9    -2696.4    638.5    841.7    880.0 2023  2 24 19 10 37.800  1.22   3
   110567  40.286882 -124.491935     9.162    -4668.1     -924.9    -2142.1    550.3   1738.7    957.5 2023  5 16 14 31 27.390  0.62   3
   110599  40.280139 -124.403695    14.268     2835.2    -1673.6     2964.2    646.8   1183.6   1133.5 2023  5 24 13 54 23.240  1.23   3
   110661  40.267261 -124.444702    16.294     -651.9    -3103.6     4990.0    676.1   1132.1   1138.3 2023  3 20  2 26 25.420  1.09   3
   110696  40.269657 -124.473730    16.261    -3120.5    -2837.5     4956.8    774.4   1566.3   1116.2 2023  4 10  6 54  3.150  0.88   3
   110763  40.295256 -124.395776    12.286     3508.1        5.0      981.7    743.7   1262.4    888.9 2023  2  8 10 13  5.860  1.00   3
