   107373  40.473267 -124.492936    16.979        3.5        7.7        9.1     12.0     18.0     27.3 2020  4 14  6 23  7.000  0.00  45
   107379  40.473234 -124.492952    16.981        2.1        4.1       10.8     12.7     12.5     21.2 2020  6 15  1 46 51.580  0.00  45
   107387  40.473238 -124.493018    16.983       -3.5        4.5       13.5      7.9     15.7     24.6 2020  7 27  4 46 34.380  0.00  45
   107392  40.473315 -124.492961    17.000        1.4       13.1       30.3     13.8     17.7     27.3 2020  8 30 19  4 40.040  0.00  45
   107394  40.473238 -124.492944    16.980        2.8        4.5       10.1     11.6     13.0     22.3 2020  9  3 10 23 36.500  0.00  45
   107395  40.473226 -124.492830    16.948       12.4        3.2      -22.1     18.4     29.5     48.6 2020  9 29 12 22 30.880  0.00  45
   107400  40.473169 -124.492904    16.947        6.2       -3.2      -23.1     15.0     21.7     38.6 2020 11 24 20 36 18.500  0.00  45
   107408  40.473185 -124.492928    16.957        4.1       -1.4      -13.5     13.2     18.6     33.0 2021  2 19 15 52  7.820  0.00  45
   107410  40.473291 -124.492969    16.986        0.7       10.4       15.6     10.7     18.7     25.8 2021  3  7 10 35 31.160  0.00  45
   107414  40.473283 -124.493026    16.997       -4.1        9.5       27.2     10.7     16.4     29.0 2021  4 25 18 54 25.160  0.00  45
   107415  40.473181 -124.492912    16.959        5.5       -1.8      -10.9     13.5     17.6     28.2 2021  4 28  6 32 18.440  0.00  45
   107416  40.473267 -124.493026    16.989       -4.1        7.7       19.3     11.5     18.1     30.6 2021  5  3  2  6 28.960  0.00  45
   107417  40.473295 -124.492928    16.987        4.1       10.8       16.7     12.6     18.7     25.7 2021  5 30 11 37 49.540  0.00  45
   107421  40.473234 -124.493009    16.982       -2.8        4.1       12.5      8.0     15.9     25.0 2021  7 18 15  2 20.760  0.00  45
   107422  40.473201 -124.492952    16.967        2.1        0.5       -3.1      9.2     11.6     19.9 2021  7 18 15 31 52.420  0.00  45
   107423  40.473263 -124.493034    16.989       -4.8        7.2       19.0     10.4     15.3     26.1 2021  7 27 13 51 30.020  0.00  45
   107424  40.473189 -124.492936    16.963        3.5       -0.9       -7.1     12.4     15.7     25.1 2021  7 30  0 23  4.580  0.00  45
   107425  40.473226 -124.492993    16.974       -1.4        3.2        4.4      7.8     13.8     23.3 2021  7 31  8 31  9.420  0.00  45
   107427  40.473287 -124.492952    16.987        2.1        9.9       17.5     11.6     17.1     25.5 2021  8 22  9 57 36.520  0.00  45
   107431  40.473222 -124.492985    16.973       -0.7        2.7        3.4      9.1     12.8     23.3 2021  8 28 18 49 43.480  0.00  45
   107433  40.473295 -124.492969    16.987        0.7       10.8       16.9     10.6     18.6     25.5 2021  9 26  9 56 24.080  0.00  45
   107439  40.473258 -124.493026    16.990       -4.1        6.8       19.6     11.6     17.4     31.3 2021 12  4  2 17  7.060  0.00  45
   107440  40.473271 -124.492904    16.981        6.2        8.1       11.0     14.5     20.8     29.0 2021 12 29 22  3  1.540  0.00  45
   107445  40.473283 -124.493034    16.997       -4.8        9.5       27.3     11.1     16.4     29.4 2022  2 13  8 35 50.880  0.00  45
   107453  40.473181 -124.492912    16.959        5.5       -1.8      -10.9     13.4     17.4     28.0 2022  5  5 12 32 31.180  0.00  45
   107460  40.473226 -124.492993    16.975       -1.4        3.2        5.1      9.0     12.9     23.4 2022 10  5 16 12 57.180  0.00  45
   107461  40.473283 -124.493034    16.998       -4.8        9.5       27.7     11.1     16.2     28.9 2022 10 18  5 42 38.700  0.00  45
   110437  40.473161 -124.493026    16.961       -4.1       -4.1       -8.8      9.4     13.8     22.3 2023  2 22  3  3 18.930  1.24  45
